6.000000000000000000e+00 7.611513557724036705e-01 4.334075205228791194e-01 5.277852362111701279e-02 3.820521283643857346e-02
0.000000000000000000e+00 3.641775160457278449e-01 8.395897926992510474e-01 4.715773146866064636e-02 3.387644471380057976e-02
5.000000000000000000e+00 3.024959263763784545e-01 7.629434574914639722e-01 4.620595649162034801e-02 3.431806642315604616e-02
7.000000000000000000e+00 2.270250557370074862e-01 6.765921665033147736e-01 4.675033147617360663e-02 3.538801647913325521e-02
1.000000000000000000e+00 1.460407874489319524e-01 5.808922662131985604e-01 4.922428254454609686e-02 3.576189975149424161e-02
2.000000000000000000e+00 3.067520210848255768e-01 5.928043905446811479e-01 4.998291778904612181e-02 3.665659936726817225e-02
5.000000000000000000e+00 2.227555073407271047e-01 4.947353340144567402e-01 4.970896780491351752e-02 3.761236932584866022e-02
3.000000000000000000e+00 5.130969594815991686e-01 8.622753247489955974e-01 4.485917771481268135e-02 3.215196393227737204e-02
9.000000000000000000e+00 4.205534177315883859e-01 7.691983648388022177e-01 4.598664375502020674e-02 3.448996812883309282e-02
6.000000000000000000e+00 3.688644078260489012e-01 6.799449841356227653e-01 4.615361048350069550e-02 3.411214862466049880e-02
6.000000000000000000e+00 7.607146984151089697e-01 8.827931093154628428e-01 4.488038636681190852e-02 3.117936217647354624e-02
0.000000000000000000e+00 7.018567528857710958e-01 7.895933037229145857e-01 4.534063174011093711e-02 3.300459874242456237e-02
0.000000000000000000e+00 6.224719459569081348e-01 8.690930544956454451e-01 4.304128486492786454e-02 3.128000046144430168e-02
1.000000000000000000e+00 5.604830805199177979e-01 7.846001642952020738e-01 4.687229591260066996e-02 3.383296991468898174e-02
1.500000000000000000e+01 5.148614047659543225e-01 6.901074534269076022e-01 4.819519292476120986e-02 3.481984785452552078e-02
2.000000000000000000e+00 6.398241482758906251e-01 6.964995120154975350e-01 4.907652697729469882e-02 3.514385260736496708e-02
8.000000000000000000e+00 4.415063909121370589e-01 5.994223124646025358e-01 4.778996667222962236e-02 3.633418085709905210e-02
8.000000000000000000e+00 6.074173573961170192e-01 5.988394857827268325e-01 4.846981853077170221e-02 3.485527394082876818e-02
5.000000000000000000e+00 5.297921635864375478e-01 5.243779354794906311e-01 4.779172916408558347e-02 3.634076082669435159e-02
1.000000000000000000e+00 8.755742070475502903e-01 7.950979476620683162e-01 4.808712279913129883e-02 3.485280645223054474e-02
8.000000000000000000e+00 7.879152058520654256e-01 7.070154490484793497e-01 4.788514123244724807e-02 3.651066504160116466e-02
7.000000000000000000e+00 9.628385275667745713e-01 7.157573792787879086e-01 4.774696187094629174e-02 3.344234296969683662e-02
7.000000000000000000e+00 7.408528251928079289e-01 6.212891376724258841e-01 4.967436421480975195e-02 3.606369710694989905e-02
3.000000000000000000e+00 8.789081366421358510e-01 6.244983709682079276e-01 4.894721882480146391e-02 3.571971744641011526e-02
9.000000000000000000e+00 6.620873872769660329e-01 5.150379917624815507e-01 4.953906359000659343e-02 3.677733005939615163e-02
2.000000000000000000e+00 6.241164977327668950e-01 4.308439320562029162e-01 5.104152914741710845e-02 3.768513086463209927e-02
1.400000000000000000e+01 3.570097554165000409e-01 2.338365433250009784e-01 4.133774836162545929e-02 3.319403724206745898e-02
1.400000000000000000e+01 3.566192900332615934e-01 1.786850594188535701e-01 4.524669092419253413e-02 3.713508653127578496e-02
