1.000000000000000000e+01 4.559109392850601572e-01 8.753652709773355189e-01 3.085459563610137845e-02 2.846212954100124648e-02
6.000000000000000000e+00 9.017316454601720377e-01 3.895704858127149728e-01 4.796084404429379333e-02 3.252745502418974421e-02
3.000000000000000000e+00 9.050320685861801273e-01 3.153701877686385102e-01 4.253081676414660617e-02 3.096249303623244131e-02
1.000000000000000000e+00 8.193523756387985912e-01 1.821536774756090105e-01 3.995948463291099095e-02 2.892694140238918910e-02
9.000000000000000000e+00 7.912210515140110090e-01 2.825492240173179126e-01 4.354138397729578891e-02 3.189884842302237455e-02
9.000000000000000000e+00 7.817036777607015985e-01 3.673109578257215402e-01 4.854156589374858388e-02 3.340619608820200037e-02
1.500000000000000000e+01 7.945090742063087852e-01 5.240214933487439275e-01 4.754195466818533777e-02 3.340611432710050011e-02
1.000000000000000000e+00 7.262664350833334392e-01 4.298103701428344081e-01 4.954199473032594447e-02 3.339900111127991345e-02
6.000000000000000000e+00 6.561506218738706320e-01 2.065427006019398548e-01 4.454083168065636755e-02 3.039855946626246475e-02
3.000000000000000000e+00 6.356223170745061157e-01 2.879258612982592558e-01 4.403609314809109332e-02 3.152770753012412719e-02
5.000000000000000000e+00 6.570807089095541675e-01 6.467003467310997733e-01 4.854183843075343674e-02 3.714941008562422375e-02
3.000000000000000000e+00 6.626429983980459681e-01 5.616872247896300685e-01 5.054242356690308302e-02 3.753543149897486941e-02
7.000000000000000000e+00 6.231564472292605572e-01 4.521423112119566934e-01 4.670352182715709066e-02 3.439891212754830896e-02
8.000000000000000000e+00 5.241729557890641988e-01 5.566045459218771363e-01 4.863758068047796534e-02 3.557768917995207669e-02
8.000000000000000000e+00 5.547795291241066629e-01 5.077174984942156577e-01 4.863766244157952112e-02 3.647828771173533546e-02
1.000000000000000000e+00 5.998252901132317128e-01 3.807821349199269623e-01 4.563664846885229220e-02 3.512753980941313303e-02
2.000000000000000000e+00 5.564049943270907850e-01 2.138605780862740113e-01 4.340778633762854000e-02 3.190615241474628605e-02
7.000000000000000000e+00 5.505136981666156615e-01 1.479722635046015755e-01 4.416047903700170973e-02 2.969912049759304562e-02
8.000000000000000000e+00 5.576205366214184167e-01 1.114352849489203406e-01 4.340784084502946616e-02 2.846286539091383294e-02
6.000000000000000000e+00 4.414920147572715114e-01 9.442371589613460237e-02 4.153139631448637958e-02 2.702719495795057048e-02
5.000000000000000000e+00 4.327276743745909759e-01 1.791548029183681889e-01 4.253087127154742131e-02 3.077689533608285455e-02
0.000000000000000000e+00 4.680987668781871891e-01 2.558071981541566453e-01 4.353143637662693077e-02 3.265587446076906319e-02
2.000000000000000000e+00 4.639789885014746762e-01 3.512718825665390732e-01 4.563640318554812447e-02 3.377799106991136169e-02
5.000000000000000000e+00 4.373566745175949677e-01 5.147710423377640510e-01 4.683741925752943347e-02 3.647815144323296455e-02
2.000000000000000000e+00 3.385839768236256764e-01 3.766915452564097988e-01 5.284767782052324225e-02 3.287823740284251395e-02
0.000000000000000000e+00 2.533900402064375723e-01 1.688736850901479958e-01 4.553210327387821610e-02 2.852712961660439084e-02
0.000000000000000000e+00 2.287935210316354995e-01 2.595394834176933951e-01 4.854151138634771323e-02 3.152822535043292573e-02
1.500000000000000000e+01 2.242899832987106379e-01 3.861848948727616415e-01 4.654163484640991277e-02 3.339864681317389339e-02
7.000000000000000000e+00 2.630751468592434916e-01 4.701432849794825453e-01 4.903711992925818830e-02 3.489931732174023082e-02
1.300000000000000000e+01 1.861337125032000439e-01 6.874707652212723730e-01 3.303442836019307438e-02 2.439756716142582604e-02
