1.000000000000000000e+00 3.685815472270144166e-01 3.325656015772789076e-02 3.364777280533109982e-02 4.561136533803736293e-02
3.000000000000000000e+00 6.890234916969961709e-01 2.810815361050733596e-01 3.846736005017392657e-02 4.910513053114357040e-02
6.000000000000000000e+00 5.756510738519582393e-01 2.428111943396416006e-01 3.725830056730983220e-02 4.842634050823754754e-02
2.000000000000000000e+00 3.794580369101807071e-01 1.624099259439142628e-01 3.192589591906647151e-02 4.334339935551351219e-02
3.000000000000000000e+00 2.830706847078341970e-01 1.055748551342118730e-01 3.197783656358266224e-02 4.208854306437034842e-02
5.000000000000000000e+00 7.019516961992890991e-01 4.390864607417803711e-01 4.151060693293073811e-02 4.996758267305895229e-02
1.500000000000000000e+01 5.875742120426784565e-01 3.835208638046064822e-01 3.814764312290042092e-02 5.035698910508895620e-02
2.000000000000000000e+00 4.785412569647596870e-01 3.242239251663091570e-01 3.680344892318920813e-02 4.746235182638508521e-02
6.000000000000000000e+00 3.836216286549678500e-01 2.708940168111383384e-01 3.491132544438474428e-02 4.762200252744377971e-02
1.000000000000000000e+00 3.026438933060314751e-01 2.237893727834442403e-01 3.780982117096692852e-02 4.772439979806142318e-02
0.000000000000000000e+00 1.964929019895545470e-01 1.824097898363517545e-01 3.261744850033937437e-02 4.582292700324397394e-02
2.000000000000000000e+00 6.135269338423815499e-01 5.238907969338828519e-01 4.139366628184837360e-02 5.442299179892223782e-02
0.000000000000000000e+00 4.966792565138693494e-01 4.585097092791672324e-01 3.742608368928129758e-02 5.067795260783086730e-02
5.000000000000000000e+00 3.793008496796905216e-01 4.119015732924956597e-01 3.671506078640685011e-02 5.050358044409791747e-02
9.000000000000000000e+00 2.923934813116793041e-01 3.766672660803250805e-01 3.546388486093227099e-02 4.650973072558967081e-02
7.000000000000000000e+00 2.097233862027476081e-01 3.155608786291088652e-01 3.548525472610461473e-02 4.652320561279554845e-02
7.000000000000000000e+00 1.134733947448702540e-01 2.792617882043560429e-01 3.140040499840396349e-02 4.647892250329943575e-02
6.000000000000000000e+00 5.057347517208499177e-01 6.772592918784956506e-01 4.193426450997300714e-02 5.824748533593948618e-02
9.000000000000000000e+00 4.004795584400677733e-01 5.760819140781281433e-01 3.925863866891776688e-02 5.389545293284747629e-02
8.000000000000000000e+00 3.092931416946019807e-01 5.070038842691430014e-01 3.459974093802403727e-02 5.000874934388410686e-02
0.000000000000000000e+00 2.042607737787943134e-01 4.336529053983878557e-01 3.800149698941585052e-02 4.989997079408303726e-02
8.000000000000000000e+00 9.596599914073977722e-02 4.088849645402835575e-01 3.082321087617161115e-02 4.728602075834459351e-02
7.000000000000000000e+00 8.511368411754974272e-02 5.554280877908632785e-01 3.560504469254312243e-02 5.305045284748965972e-02
8.000000000000000000e+00 1.853317182137028674e-01 5.983152702053147198e-01 3.597002418146641456e-02 5.538950331207981304e-02
3.000000000000000000e+00 3.983845102832304641e-01 7.511813655557983971e-01 3.914068888531352375e-02 5.497581833878451008e-02
1.000000000000000000e+01 7.259634109536057256e-01 8.658168908343655268e-01 2.965781121506960716e-02 4.342487196648325831e-02
5.000000000000000000e+00 5.650946275801167484e-01 1.323725176585361929e-01 3.519130035851125715e-02 4.468029218462402086e-02
1.500000000000000000e+01 6.618103930576471061e-01 1.616017740357945653e-01 3.653326853060012702e-02 4.721737006647835910e-02
1.000000000000000000e+00 4.833710987768482514e-01 6.784521547819379050e-02 3.502544646047889287e-02 4.595337222190034460e-02
