15 0.272328 0.527995 0.039406 0.049906
13 0.767535 0.632927 0.028961 0.039396
12 0.727996 0.609682 0.036648 0.038615
5 0.536801 0.836557 0.045805 0.068948
1 0.267012 0.843188 0.048758 0.066979
6 0.137484 0.833016 0.041859 0.063698
3 0.076906 0.725974 0.044812 0.057135
1 0.202984 0.685260 0.041859 0.057125
9 0.315273 0.660969 0.042844 0.057125
15 0.439629 0.682307 0.045305 0.059094
7 0.598953 0.673443 0.046781 0.061073
8 0.643426 0.548021 0.046789 0.053188
2 0.510699 0.537510 0.040383 0.050562
7 0.381168 0.557542 0.039398 0.055167
2 0.152652 0.574917 0.038414 0.051833
9 0.062773 0.577573 0.038906 0.051875
3 0.138863 0.453786 0.035461 0.044656
2 0.234156 0.441969 0.036938 0.045958
0 0.343246 0.438682 0.039398 0.048594
8 0.460219 0.422266 0.038906 0.049906
5 0.560191 0.407161 0.042852 0.048594
3 0.700750 0.418984 0.044328 0.059094
6 0.611906 0.296255 0.040875 0.048594
7 0.515375 0.304797 0.037922 0.047281
1 0.306801 0.326135 0.035461 0.040062
0 0.201902 0.345505 0.032508 0.043344
8 0.276270 0.232562 0.034477 0.038083
0 0.354574 0.234531 0.032508 0.036771
6 0.460465 0.207604 0.034477 0.039396
5 0.568809 0.196443 0.036445 0.038094
