0.000000000000000000e+00 5.055185250124927254e-01 4.240463919543580040e-01 3.561938166465694611e-02 3.657785558420895144e-02
1.200000000000000000e+01 1.644311885473577761e-01 6.175593107859685960e-01 3.014847013477642279e-02 3.062824783344630930e-02
6.000000000000000000e+00 7.607395134073535736e-01 5.107613301089386493e-01 3.205090340356819834e-02 3.295604339220858936e-02
7.000000000000000000e+00 7.139539305018753890e-01 5.975596843529011881e-01 3.376293966179522155e-02 3.320984915307811924e-02
1.500000000000000000e+01 6.658788845538452517e-01 6.903725634748458795e-01 3.281636199791093667e-02 3.303556046956568348e-02
2.000000000000000000e+00 5.640229443084406880e-01 7.020957257764673942e-01 3.326039400969449389e-02 3.349296865398976308e-02
3.000000000000000000e+00 6.119125737357189454e-01 6.065062093538147181e-01 3.205818914866609415e-02 3.338282867926845032e-02
2.000000000000000000e+00 7.080319288946474998e-01 4.246951505573970387e-01 3.375849991087609414e-02 3.365852013537345977e-02
6.000000000000000000e+00 7.551453134096453024e-01 3.304559160728980372e-01 3.618840974077552897e-02 3.652124875999168685e-02
5.000000000000000000e+00 7.106353589896310385e-01 2.372493078862808469e-01 3.597114654516231358e-02 3.673683281903930564e-02
1.500000000000000000e+01 6.591462584246565726e-01 3.324437576269970718e-01 3.435815088435922871e-02 3.458398052245070797e-02
3.000000000000000000e+00 6.101503341401770530e-01 4.259661288677572544e-01 3.487845554013602190e-02 3.609722408728532894e-02
9.000000000000000000e+00 5.555881575208256873e-01 5.238133440125474216e-01 3.449168493123067059e-02 3.620867321932885741e-02
8.000000000000000000e+00 5.087382978368181208e-01 6.094199097341761462e-01 3.503689203607240898e-02 3.560959144468167636e-02
1.000000000000000000e+00 4.615299140361304175e-01 7.051812388254059538e-01 3.599121080412326368e-02 3.541173792936824771e-02
5.000000000000000000e+00 4.052584048530218919e-01 6.192439970401368843e-01 3.513576187384553906e-02 3.590136276789701597e-02
9.000000000000000000e+00 4.566979139694300471e-01 5.226216124100970806e-01 3.438433403080465300e-02 3.592156932656687118e-02
5.000000000000000000e+00 5.556000537764931302e-01 3.343555257566954708e-01 3.455919191315304229e-02 3.417222208465520161e-02
0.000000000000000000e+00 6.082763038932901267e-01 2.386665418374920300e-01 3.503874193228861955e-02 3.484592582667181415e-02
3.000000000000000000e+00 6.558997759449626264e-01 1.356457788645982210e-01 3.532806570051016948e-02 3.494169353078999118e-02
7.000000000000000000e+00 5.501724298180730166e-01 1.386742724201634192e-01 3.913799810773233023e-02 3.875842786409945673e-02
1.000000000000000000e+00 5.022081215035417712e-01 2.357601556621701788e-01 3.743956570168011089e-02 3.667390788774493871e-02
2.000000000000000000e+00 4.517457560284988127e-01 3.318431817054059429e-01 3.977160179176886246e-02 3.747001783939374331e-02
7.000000000000000000e+00 4.016802786716668905e-01 4.341082336140196785e-01 3.465723641261425625e-02 3.447107993337583665e-02
0.000000000000000000e+00 3.435302425708688934e-01 5.270900224904788711e-01 3.742855170420800182e-02 3.742852324426615418e-02
6.000000000000000000e+00 2.871236909639740542e-01 4.360184364469197882e-01 4.244393340582230945e-02 4.013580366683577871e-02
8.000000000000000000e+00 3.877292009769897074e-01 2.421215503106700917e-01 3.828089850083077339e-02 3.847377152633119080e-02
1.200000000000000000e+01 9.464194697321409722e-02 5.630653811070258641e-01 3.534320638954165095e-02 3.407150235066580546e-02
8.000000000000000000e+00 4.384669875386905114e-01 1.371593354887924443e-01 3.914300705748702258e-02 3.952209348210936057e-02
1.000000000000000000e+00 8.078813009442562532e-01 4.237691067415130242e-01 3.315480762565914397e-02 3.403991181528059906e-02
