6.000000000000000000e+00 2.411331651909687235e-01 1.236033693108359588e-01 4.662998603189763558e-02 3.279418462032675230e-02
9.000000000000000000e+00 3.613670526388642057e-01 1.505275197197832870e-01 4.390155194842970676e-02 3.183411463340435343e-02
3.000000000000000000e+00 5.012582220228087859e-01 1.620592173756117971e-01 4.317229804567668250e-02 3.237904840824523678e-02
3.000000000000000000e+00 6.441596470254635776e-01 1.554460505250071511e-01 4.444523065351602131e-02 3.242714968628157557e-02
8.000000000000000000e+00 7.154902814577125403e-01 2.445586008032636371e-01 4.616636910208660183e-02 3.344900996786581704e-02
7.000000000000000000e+00 5.811127064748444759e-01 2.387010735079270474e-01 4.429368827756663407e-02 3.596300224931153755e-02
3.000000000000000000e+00 4.456059919340435993e-01 2.286228925662548983e-01 4.750366051943438750e-02 3.406014137534396635e-02
5.000000000000000000e+00 3.017829516979936288e-01 2.174321506624779798e-01 4.732821344281046283e-02 3.418532728644690932e-02
7.000000000000000000e+00 1.292926734775546871e-01 2.160994417091179065e-01 4.787127920685377291e-02 3.481706518803528994e-02
8.000000000000000000e+00 5.912757562612159373e-02 2.953869119149327149e-01 5.208933515067405706e-02 3.515526270539370834e-02
1.000000000000000000e+00 2.585804590090350352e-01 2.785968660209084957e-01 5.045097293056874377e-02 3.666225122862920571e-02
6.000000000000000000e+00 3.499219110145992406e-01 3.152929165699054348e-01 4.911665865542952369e-02 3.605316295796084924e-02
6.000000000000000000e+00 4.951535773303274990e-01 3.067253872038920859e-01 4.921038025966173457e-02 3.651540806734243638e-02
5.000000000000000000e+00 6.372371200741873132e-01 3.330594942960052318e-01 4.575079507497448184e-02 3.627852094808114991e-02
2.000000000000000000e+00 7.870770084952348755e-01 3.472555591024802935e-01 4.674054892097623259e-02 3.623158717679331176e-02
7.000000000000000000e+00 2.918012651890812270e-01 3.976790372491229575e-01 5.214890718251391499e-02 3.720779794451301026e-02
1.000000000000000000e+00 5.889201743537799683e-01 4.225801173705150959e-01 4.592866472810130940e-02 3.523045013999415165e-02
1.500000000000000000e+01 7.273696334355619353e-01 4.277133818544483490e-01 4.786993657409310821e-02 3.588022602084606216e-02
0.000000000000000000e+00 2.264706376569832758e-01 4.581099308346471277e-01 5.336664590882003734e-02 3.719743632212041407e-02
1.000000000000000000e+00 3.493869594224576214e-01 4.754744192365792932e-01 5.369935614446064154e-02 3.863945309480459889e-02
2.000000000000000000e+00 5.118308128847823824e-01 4.943279165578209344e-01 4.930404348855632612e-02 3.697806180408602650e-02
0.000000000000000000e+00 6.547840459993998774e-01 5.048533547409913558e-01 4.959854706585387074e-02 3.838032497198518023e-02
2.000000000000000000e+00 8.760714362782164866e-01 4.436185160084819001e-01 4.857458527212243915e-02 3.917455062528968357e-02
0.000000000000000000e+00 2.732080780912417017e-01 5.869359090717765071e-01 5.598218208971245113e-02 4.003234702104740972e-02
5.000000000000000000e+00 4.393859391994777708e-01 6.104961952555756355e-01 5.237131721809440421e-02 4.037069047674946010e-02
9.000000000000000000e+00 5.695201525297528544e-01 5.874680878353906177e-01 5.137490858362636637e-02 3.918654675713006963e-02
1.500000000000000000e+01 8.051250866922212701e-01 5.330930371602622397e-01 4.981727945517666623e-02 3.673571659077567997e-02
8.000000000000000000e+00 7.526049999267050428e-01 6.120266798521236673e-01 5.215982337061197960e-02 3.911994049713074517e-02
1.100000000000000000e+01 4.631412136041028749e-01 7.373690076717134279e-01 4.231415139789440616e-02 3.254786988407154524e-02
1.100000000000000000e+01 5.322291697294124768e-01 7.593378070313574479e-01 4.102110848631301820e-02 3.191379696898632989e-02
