8.000000000000000000e+00 5.355694262055875621e-01 5.047227441123931513e-01 5.049676041766182344e-02 3.633256153670350042e-02
1.100000000000000000e+01 5.679010969426409039e-01 1.010123648904298344e-01 3.917097776914757468e-02 3.091812028761158071e-02
1.100000000000000000e+01 5.325366190394149601e-01 2.600459943124562301e-01 4.328661904478647848e-02 3.246491014323799051e-02
1.500000000000000000e+01 8.201102991657859276e-01 4.945626979872910778e-01 5.669415236668884361e-02 4.020015878981719748e-02
2.000000000000000000e+00 8.308332831355272896e-01 7.454481009294635641e-01 5.875700805724104470e-02 4.252085790660031783e-02
5.000000000000000000e+00 8.007831139004348842e-01 8.485360683507108259e-01 5.978784035864548319e-02 4.329381971159784737e-02
6.000000000000000000e+00 6.866561452750294947e-01 8.844487714579293280e-01 5.049676041766171242e-02 3.865323358331074211e-02
5.000000000000000000e+00 6.827136989853250792e-01 7.777548129642612995e-01 5.565330410017066409e-02 3.865323358331085313e-02
9.000000000000000000e+00 6.658848473315528427e-01 6.725638718516560033e-01 5.566234553894877646e-02 3.709913478016912958e-02
2.000000000000000000e+00 6.645717272350053495e-01 5.581514752906937549e-01 5.566234553894877646e-02 3.864597877614750487e-02
2.000000000000000000e+00 6.606701569110340344e-01 4.460494099691134640e-01 5.462144313207895063e-02 4.173972090845634586e-02
7.000000000000000000e+00 5.488374127703011807e-01 9.179543133062775251e-01 4.740215203972164559e-02 3.555862520537067528e-02
1.000000000000000000e+00 5.489429323162801078e-01 8.232570988430198966e-01 5.255956196786204515e-02 3.633250739635163207e-02
5.000000000000000000e+00 5.609230552586375040e-01 7.255162220730206890e-01 4.638030703674322908e-02 3.555862520537067528e-02
9.000000000000000000e+00 5.349058820519103641e-01 6.059851530057487334e-01 5.049676041766193446e-02 3.633250739635152105e-02
8.000000000000000000e+00 5.482478514075834752e-01 3.791530496782301585e-01 5.359954398874855475e-02 3.865328772366272148e-02
0.000000000000000000e+00 4.239778367275928161e-01 3.110558293105978311e-01 4.947494248485945212e-02 3.942624952866030652e-02
6.000000000000000000e+00 4.107500358391248385e-01 4.424213837734428667e-01 4.534936645463488736e-02 3.941899472149706929e-02
7.000000000000000000e+00 4.384234977633266750e-01 5.445648456844929264e-01 4.638030703674334010e-02 3.478566340037325677e-02
8.000000000000000000e+00 4.356566550761797885e-01 6.520016368772904025e-01 4.431842587252649013e-02 3.323881940439488147e-02
1.000000000000000000e+00 4.307975314171879067e-01 7.640704870929404535e-01 4.431842587252643462e-02 3.323881940439488147e-02
0.000000000000000000e+00 4.265865895870033508e-01 8.572056982616695908e-01 4.741214093465911938e-02 3.246493721341392469e-02
6.000000000000000000e+00 3.222069281134985475e-01 7.823692222323734846e-01 4.293687237109578003e-02 3.382017850378982171e-02
3.000000000000000000e+00 3.242865131728078776e-01 6.830594934133223939e-01 4.437473183856960324e-02 3.489199505163154136e-02
1.500000000000000000e+01 3.126656656060868844e-01 5.021089697353380288e-01 4.724135519438710240e-02 3.413985021196430658e-02
3.000000000000000000e+00 3.111970544186972720e-01 3.983934750295580196e-01 4.552012512473102568e-02 4.122923152978275052e-02
7.000000000000000000e+00 2.179452113967485505e-01 7.343145977409513137e-01 3.865055363588851267e-02 3.220977373460509607e-02
0.000000000000000000e+00 2.421674018393558947e-01 6.426056600043755784e-01 3.778947840806884395e-02 3.672313003577554191e-02
3.000000000000000000e+00 2.110410171528248058e-01 5.432871063079542928e-01 4.294599502040175043e-02 3.285550571248607721e-02
1.000000000000000000e+00 2.106231754514506227e-01 4.756427429143291752e-01 4.122381749458631228e-02 3.285550571248602170e-02
