5 0.779066 0.829057 0.032430 0.046510
5 0.678105 0.842745 0.034883 0.046510
3 0.564625 0.860526 0.037766 0.050344
1 0.457078 0.873917 0.037719 0.047583
5 0.830527 0.700104 0.035461 0.047271
8 0.722914 0.708313 0.036937 0.049250
7 0.609887 0.733589 0.037430 0.048594
1 0.502766 0.734906 0.037922 0.052542
3 0.374504 0.739885 0.038648 0.049250
8 0.880437 0.580516 0.036937 0.049802
1 0.765523 0.583526 0.035297 0.048156
15 0.673793 0.590365 0.036523 0.049792
7 0.573039 0.599391 0.038578 0.050344
6 0.441500 0.621557 0.039813 0.054177
2 0.323504 0.638521 0.041039 0.051979
8 0.948793 0.415120 0.034273 0.051219
2 0.810480 0.452948 0.037789 0.052792
15 0.718305 0.473042 0.036641 0.053583
0 0.614602 0.474021 0.041703 0.052792
6 0.499398 0.482505 0.041375 0.051240
6 0.371742 0.489589 0.041375 0.054365
0 0.888883 0.314182 0.036937 0.053844
0 0.763297 0.314182 0.036937 0.052531
9 0.551695 0.331823 0.037906 0.051688
2 0.448492 0.339927 0.039891 0.054500
3 0.849504 0.159187 0.038414 0.053583
9 0.713281 0.169031 0.037828 0.054375
7 0.483637 0.216057 0.039336 0.057010
10 0.027559 0.361854 0.028070 0.044000
11 0.268633 0.385432 0.030531 0.041365
