1.400000000000000000e+01 6.162197064860777118e-01 3.690085771913640539e-02 3.714705645774041276e-02 3.438127003228390322e-02
3.000000000000000000e+00 7.179247316730159589e-01 8.224215809671019395e-01 3.448168562383691071e-02 3.361654169704375583e-02
6.000000000000000000e+00 5.048750822382122028e-01 8.210549545388814430e-01 3.483998794216036643e-02 3.426244942664558035e-02
1.000000000000000000e+00 3.939705272903633038e-01 8.235808803248922949e-01 3.669656667180792864e-02 3.496552096470029181e-02
6.000000000000000000e+00 3.425026511708145760e-01 7.363727539455434679e-01 3.580974272107023681e-02 3.580971565487289787e-02
2.000000000000000000e+00 4.499309184840252773e-01 7.318190557326955670e-01 3.570318310275644169e-02 3.541449504359051037e-02
1.500000000000000000e+01 5.583558037768510118e-01 7.332817400947224673e-01 3.620861726897262045e-02 3.519856092245554624e-02
0.000000000000000000e+00 6.626136314836039709e-01 7.352116952849363507e-01 3.579585776191474000e-02 3.507378575343678140e-02
7.000000000000000000e+00 7.709602954665675245e-01 7.316016600369126266e-01 3.610143512812347133e-02 3.552384248021445146e-02
8.000000000000000000e+00 8.254831467953864799e-01 6.384489035714240313e-01 3.453170395623317290e-02 3.309567979843253127e-02
1.000000000000000000e+00 7.196288465139254464e-01 6.424734846955196810e-01 3.493504442667094700e-02 3.392552940409765405e-02
5.000000000000000000e+00 6.125075234098813493e-01 6.418877721884552745e-01 3.449478566327413009e-02 3.435068522946593816e-02
3.000000000000000000e+00 5.059177262861389579e-01 6.420204506870519356e-01 3.651267892813908622e-02 3.636863262672507258e-02
7.000000000000000000e+00 2.891272442054192426e-01 6.468726619886435714e-01 3.564009179712013253e-02 3.448601621538649464e-02
1.500000000000000000e+01 2.315484974166257537e-01 5.517557657258975734e-01 3.657623035912735410e-02 3.656903075067641229e-02
3.000000000000000000e+00 3.438239146525545742e-01 5.477813111989870976e-01 3.744594847324461684e-02 3.569306034500951963e-02
9.000000000000000000e+00 4.512850538622453778e-01 5.413820231325482402e-01 3.679874156617801706e-02 3.535554486612357827e-02
0.000000000000000000e+00 5.651085493123171322e-01 5.521156108174605226e-01 3.516202155625702819e-02 3.545070961542284849e-02
2.000000000000000000e+00 6.684565468007259703e-01 5.531045284639766191e-01 3.384573825479897380e-02 3.398983868860716573e-02
8.000000000000000000e+00 7.719699458201267905e-01 5.440485848791278833e-01 3.635385448306260869e-02 3.577637009994216744e-02
7.000000000000000000e+00 6.124419149479070068e-01 4.574554024998023216e-01 3.564011886331730494e-02 3.448601621538643913e-02
9.000000000000000000e+00 5.077918439115617355e-01 4.558653175476296004e-01 3.483219287737132630e-02 3.554701114500397052e-02
8.000000000000000000e+00 4.017756607047424655e-01 4.535650832468385296e-01 3.756225192254486478e-02 3.684015284786973377e-02
2.000000000000000000e+00 2.827962847537717761e-01 4.520655617904438817e-01 3.691087682111182655e-02 3.647806126194053089e-02
1.000000000000000000e+00 3.418182011764225869e-01 3.582651788918321811e-01 3.692562789857717354e-02 3.851330395920055105e-02
5.000000000000000000e+00 4.533976923503533207e-01 3.589437013890408590e-01 3.597400747178064462e-02 3.640685009714911269e-02
0.000000000000000000e+00 5.653400464968330041e-01 3.587076976826939489e-01 3.787768138452851652e-02 3.932076981979432118e-02
6.000000000000000000e+00 6.724956895389067046e-01 3.612678622081427759e-01 3.676520654786685771e-02 3.662107904786143786e-02
1.100000000000000000e+01 6.540848562213101847e-01 1.605132899730988827e-01 3.593855075346941153e-02 3.317222300406924562e-02
5.000000000000000000e+00 6.080230875956276204e-01 8.238558187558884249e-01 3.635618217602043512e-02 3.505029229428091586e-02
