3.000000000000000000e+00 1.660082398054638642e-01 6.790129736425463136e-01 5.514143915297983756e-02 4.186856331280008892e-02
8.000000000000000000e+00 2.537651080128685011e-01 7.714499968441722588e-01 4.772676265011824293e-02 3.682081748540921851e-02
7.000000000000000000e+00 3.121579738435908968e-01 8.696573874208031185e-01 4.559228303983270392e-02 3.393992912152765662e-02
2.000000000000000000e+00 4.449276711229316339e-01 8.765652749822619993e-01 4.883273442515140284e-02 3.631675385278665402e-02
2.000000000000000000e+00 3.978029202954492249e-01 7.740965086529698613e-01 5.037990999333685771e-02 3.809223327714406082e-02
1.000000000000000000e+00 3.396883321895067809e-01 6.793656937691117115e-01 5.120452325975166641e-02 3.748040145602360429e-02
5.000000000000000000e+00 2.419173168698203202e-01 5.825491586037935265e-01 5.193046257457581416e-02 3.987108971455488593e-02
9.000000000000000000e+00 1.798432402044497225e-01 4.946566174158170126e-01 5.115508260373097249e-02 3.898127639786969079e-02
6.000000000000000000e+00 6.180679598195353286e-01 8.996499141348835993e-01 4.811508952835341635e-02 3.531484740106116682e-02
3.000000000000000000e+00 5.403380062035886278e-01 7.703973167049577020e-01 4.926066714946175651e-02 3.771732558235840749e-02
0.000000000000000000e+00 4.431266863631435071e-01 6.845837121494124933e-01 5.195244278234534274e-02 3.719187420039671288e-02
7.000000000000000000e+00 3.890417931406369156e-01 5.668608001197683599e-01 5.058116812215890379e-02 3.749177665788805403e-02
6.000000000000000000e+00 3.179824622962167391e-01 4.985620589549277781e-01 5.393356452791020494e-02 4.133449166067548752e-02
0.000000000000000000e+00 2.461922006746958269e-01 3.742906150248110353e-01 5.278158835575305630e-02 4.225055088582951868e-02
3.000000000000000000e+00 4.070325487655966357e-01 3.734217303021812318e-01 5.859443500022054607e-02 4.357922778486678084e-02
8.000000000000000000e+00 4.788211218805907832e-01 4.821412144904218544e-01 5.277542678807645160e-02 4.031398201423408434e-02
1.500000000000000000e+01 5.389509425262308806e-01 6.018657621387850654e-01 5.311520169793659818e-02 3.946555191891543135e-02
8.000000000000000000e+00 6.284104473939697844e-01 6.899375812478143466e-01 5.292608896693851150e-02 4.080338230070301719e-02
2.000000000000000000e+00 7.125403739589550867e-01 8.023753789799098479e-01 5.325869512979031217e-02 3.994449531408705845e-02
6.000000000000000000e+00 7.669065516327761012e-01 9.000790910218978702e-01 4.955819977323128178e-02 3.569425777991797055e-02
5.000000000000000000e+00 8.696552545704534509e-01 8.063898180587618647e-01 5.335313300360333688e-02 3.786200393107319595e-02
0.000000000000000000e+00 7.841846538232143393e-01 6.938823472152459981e-01 5.400140101819617122e-02 3.917317368349071405e-02
7.000000000000000000e+00 6.967693675238826323e-01 5.810587109303231301e-01 5.351996929761648758e-02 3.747589877195212082e-02
5.000000000000000000e+00 6.448244193406824643e-01 4.961564851783314412e-01 5.316431650182040780e-02 4.120619478756265552e-02
9.000000000000000000e+00 5.447882280809543953e-01 3.921491931739383707e-01 5.580999886881543581e-02 4.274652746087642674e-02
1.500000000000000000e+01 9.689388458859873321e-01 7.117171825927732787e-01 5.305951060547464682e-02 3.846672625102831589e-02
1.000000000000000000e+00 8.802431384267781489e-01 6.083391999331988487e-01 5.617643440804553912e-02 3.902926553073582383e-02
1.000000000000000000e+00 7.213652200179616614e-01 3.750301364491531730e-01 5.887093534970921915e-02 4.326931277990109237e-02
1.100000000000000000e+01 6.953918128043337088e-01 2.373268600819682939e-01 4.162263381832242981e-02 2.944577645154433654e-02
1.100000000000000000e+01 3.060912883845992027e-01 1.427358061418520230e-01 3.796811323596577248e-02 3.157193202088215411e-02
