1.400000000000000000e+01 7.511930376006170640e-01 8.204104249694352813e-01 3.331852553048653132e-02 4.111887970917493806e-02
1.200000000000000000e+01 6.356916571055273302e-01 7.803601347258494192e-01 3.529127946415255845e-02 4.048257630772078564e-02
5.000000000000000000e+00 4.368334064014127160e-01 7.677952620205292789e-01 3.986247894776118184e-02 5.556457599178343809e-02
1.500000000000000000e+01 2.450085777059026193e-01 6.518312019244092426e-01 3.798136700674537014e-02 5.312023201790228022e-02
9.000000000000000000e+00 1.560544521975102961e-01 5.589090185051814874e-01 3.800726206948915054e-02 5.150199245102105028e-02
0.000000000000000000e+00 5.447041347715418924e-01 7.257366049229110327e-01 3.784099154412046140e-02 5.252060848260642345e-02
6.000000000000000000e+00 4.429506680108692418e-01 6.010331918417239905e-01 3.813662203771728265e-02 5.209383016567004088e-02
5.000000000000000000e+00 3.545746396855028459e-01 5.463904570145236006e-01 3.699940200494550302e-02 5.056665586398367829e-02
6.000000000000000000e+00 2.632501066630014708e-01 4.917800189248210385e-01 3.615778362939747748e-02 4.862020070228023627e-02
1.000000000000000000e+00 1.562642800639419127e-01 4.006133073704678527e-01 3.559080286807286830e-02 4.786445704482938934e-02
3.000000000000000000e+00 6.613790402927159917e-01 6.194686309874877228e-01 3.976783797234328954e-02 5.219787179860968518e-02
8.000000000000000000e+00 5.470782333413649612e-01 5.581497568102533613e-01 4.003290191080810523e-02 5.337739479022929334e-02
9.000000000000000000e+00 4.463237882969832704e-01 4.732413744009278389e-01 3.672655224583376565e-02 4.938419156234202800e-02
3.000000000000000000e+00 3.487961045287418793e-01 4.162947864079622473e-01 3.514421396304617806e-02 4.769034302606839359e-02
5.000000000000000000e+00 2.518067814218549749e-01 3.389021575963114818e-01 3.646509285396459799e-02 4.821081071812155505e-02
2.000000000000000000e+00 1.705854608889467994e-01 2.651461702632965656e-01 3.329635035982941860e-02 4.481616407973768035e-02
8.000000000000000000e+00 6.261348794616630187e-01 4.709266787590027370e-01 3.864691049018409430e-02 5.067052447868680698e-02
7.000000000000000000e+00 5.594235170680721403e-01 3.995608230190688115e-01 3.620452738965118655e-02 4.970984071998818532e-02
0.000000000000000000e+00 4.574803358109721385e-01 3.535481080695931921e-01 3.671718042468480325e-02 4.952975757206468099e-02
1.500000000000000000e+01 3.329129727364950053e-01 2.693968822999839863e-01 3.352343679536151644e-02 4.641427585842824999e-02
6.000000000000000000e+00 2.509874391442687980e-01 2.039904811195447920e-01 3.343378451243211869e-02 4.540436841141815005e-02
7.000000000000000000e+00 7.274497738289378290e-01 3.742518739698743602e-01 3.919924237414351698e-02 5.143468835698528085e-02
0.000000000000000000e+00 6.359222615785367072e-01 3.129754613515378092e-01 3.920085721101862486e-02 5.144215697753162786e-02
3.000000000000000000e+00 5.319376381478420068e-01 2.582837623633807422e-01 3.691073015868995277e-02 4.838850044710554799e-02
2.000000000000000000e+00 4.276753060292245445e-01 1.994821160921932957e-01 3.413698829870331908e-02 4.675569851197744486e-02
8.000000000000000000e+00 3.353306719019402138e-01 1.229487535162231138e-01 3.447025025875960491e-02 4.645750158120447171e-02
1.000000000000000000e+00 6.999812832414855635e-01 2.212065021519671604e-01 3.912138416767552140e-02 5.078578346063244986e-02
2.000000000000000000e+00 6.092554798267243443e-01 1.683344503762752853e-01 3.595976425761349127e-02 4.863542630710060433e-02
1.000000000000000000e+00 5.301333751402474981e-01 1.282287654606058536e-01 3.626508377245984960e-02 4.697670047285591732e-02
7.000000000000000000e+00 4.051827910898968543e-01 8.620381808275109914e-02 3.385035475340947286e-02 4.541757547014496632e-02
