3.000000000000000000e+00 4.735386239651953044e-01 1.459880596149465137e-01 3.274085321904718349e-02 4.252611315457743846e-02
1.000000000000000000e+01 7.584640341849814282e-01 6.952341097832956951e-01 2.908254246971764267e-02 4.072673198228671243e-02
2.000000000000000000e+00 7.176594976622550082e-01 7.197586653151218927e-01 3.150225791835559175e-02 3.876877582694615576e-02
9.000000000000000000e+00 4.504588371276755376e-01 7.950236160270771624e-01 3.784652422768658431e-02 5.564268592632382049e-02
6.000000000000000000e+00 2.967130338957065794e-01 7.344080624009617919e-01 3.864092528677148808e-02 5.511942015694271113e-02
2.000000000000000000e+00 1.935209611756950054e-01 6.872681284802499846e-01 3.871616705737421227e-02 5.567044446702862359e-02
5.000000000000000000e+00 8.595639998171196450e-02 5.971687429412022574e-01 3.410424677224246914e-02 5.139862389586125069e-02
2.000000000000000000e+00 1.114624099755452263e-01 4.765662917684968525e-01 3.475173489079338984e-02 4.963382571878433014e-02
7.000000000000000000e+00 2.102372033397741924e-01 5.213290263042120731e-01 3.628519269855426388e-02 5.377304454727055427e-02
1.500000000000000000e+01 3.266300602965639399e-01 5.844004765059314099e-01 3.829549846696644888e-02 4.993254677819236598e-02
7.000000000000000000e+00 4.234888520633429132e-01 6.038798020840341341e-01 3.622184333180100690e-02 4.991613353316992630e-02
3.000000000000000000e+00 5.268323153723111218e-01 6.791700637475238667e-01 4.249740437337157228e-02 5.449779009809363473e-02
0.000000000000000000e+00 1.025293286010954125e-01 3.340430160254377334e-01 3.267753264746067754e-02 4.788725488223244398e-02
8.000000000000000000e+00 2.985846045509292779e-01 4.190903471562525962e-01 3.662526361735207736e-02 4.937769271093456203e-02
9.000000000000000000e+00 5.146695681001174361e-01 5.052486822040846981e-01 3.752623558841589047e-02 4.895682255435973573e-02
5.000000000000000000e+00 6.514766001197032086e-01 1.954057344148523723e-01 3.529913100987425167e-02 4.443848656102247774e-02
1.000000000000000000e+00 6.421794182598394851e-01 5.682881697707604651e-01 4.155061929207848337e-02 5.054801467136604831e-02
6.000000000000000000e+00 7.350277631836413805e-01 5.000498300359846882e-01 3.917248406416407036e-02 4.833910863818285941e-02
5.000000000000000000e+00 5.905529958001671798e-01 4.430364365841221730e-01 3.545485527142044901e-02 5.053594949651635249e-02
3.000000000000000000e+00 5.137167216362327204e-01 3.751321207831359583e-01 3.661956217434431116e-02 5.076991022600257919e-02
8.000000000000000000e+00 3.894191594911476928e-01 3.468784471870502983e-01 3.652407740154722804e-02 4.545748992041415137e-02
7.000000000000000000e+00 3.112102629230886208e-01 2.905802104954977594e-01 3.330135113897930710e-02 4.700102603652206446e-02
0.000000000000000000e+00 2.164182586442155998e-01 2.483969181981384722e-01 3.465797782799870386e-02 4.425963978061153714e-02
3.000000000000000000e+00 3.232639197062168179e-01 1.768819476487212827e-01 3.266670566477919424e-02 4.324112593905393709e-02
2.000000000000000000e+00 3.858204259417329363e-01 2.098046567431001708e-01 3.408691208188546762e-02 4.357068662200400122e-02
8.000000000000000000e+00 4.932750615868157773e-01 2.535824094088869329e-01 3.503726776384996633e-02 4.451608953529509471e-02
0.000000000000000000e+00 5.595280753602968060e-01 1.772085280319173062e-01 3.353427524246410663e-02 4.359118878069861980e-02
1.000000000000000000e+00 6.034322100127561539e-01 2.926447087676505299e-01 3.578484788187097365e-02 4.614961054735933210e-02
1.500000000000000000e+01 7.013338763321260716e-01 3.378422359230429661e-01 3.719892092846888154e-02 4.865594185744887001e-02
1.000000000000000000e+00 3.950969616670684248e-01 9.518499175448200122e-02 3.099062539632352342e-02 4.169252187360568407e-02
