8.000000000000000000e+00 7.563189991154809499e-01 3.296636191097815916e-01 4.653242444651350951e-02 3.605002387043398926e-02
2.000000000000000000e+00 1.788249904633411047e-01 1.617867051216026475e-01 4.517824773406051153e-02 3.224582247710455762e-02
2.000000000000000000e+00 3.275500821723480449e-01 1.500280551215341651e-01 4.806895767566266020e-02 3.490473457831311244e-02
7.000000000000000000e+00 4.513548206405050278e-01 1.594077722562012578e-01 4.501573146735449171e-02 3.392616131384501577e-02
9.000000000000000000e+00 6.135416957509078895e-01 1.672491604018662148e-01 4.598471769131640130e-02 3.481911738273599233e-02
6.000000000000000000e+00 1.091631791088299441e-01 2.403640152068188818e-01 4.733176929209427508e-02 3.386168774234485368e-02
3.000000000000000000e+00 2.655876056699605914e-01 2.475011468875119303e-01 4.890314605516735136e-02 3.684183811017910370e-02
2.000000000000000000e+00 3.900577021275617451e-01 2.450285448710630420e-01 4.707213717397756847e-02 3.529994656533924635e-02
6.000000000000000000e+00 5.303275744236961575e-01 2.417508486811167367e-01 4.479395512549577685e-02 3.408925685792307814e-02
5.000000000000000000e+00 6.682627561637134450e-01 2.305177191128989778e-01 4.697649847986529181e-02 3.441333358367137940e-02
8.000000000000000000e+00 3.768308849337803634e-02 3.204637096713738309e-01 4.882801378002286224e-02 3.530796955694109895e-02
9.000000000000000000e+00 1.727273140989101230e-01 3.171841163480343395e-01 4.922316783931182660e-02 3.692105429079589607e-02
5.000000000000000000e+00 3.237711372724365599e-01 3.299896364147260064e-01 4.860322519583010203e-02 3.546842938897665221e-02
1.500000000000000000e+01 4.582553899244199980e-01 3.256470401499538814e-01 4.707167375207998994e-02 3.596211852923758556e-02
1.000000000000000000e+00 9.976506991760281107e-02 4.168100635030680401e-01 5.038067988398127472e-02 3.684418418353563318e-02
7.000000000000000000e+00 2.560292538757124037e-01 4.282100973640844965e-01 5.005333024108130080e-02 3.801055917199602785e-02
1.500000000000000000e+01 4.019824019863052489e-01 4.171681582924852694e-01 5.021190742165793086e-02 3.742551799017557190e-02
1.000000000000000000e+00 5.420469928637481338e-01 4.223589614491637390e-01 4.976334398867321429e-02 3.638087814143436960e-02
0.000000000000000000e+00 6.754296337374572357e-01 4.183232808179953022e-01 4.804178956691729230e-02 3.532676710766147199e-02
3.000000000000000000e+00 8.209225604579545310e-01 4.104390406287389270e-01 4.648700910055114655e-02 3.463148944195504342e-02
5.000000000000000000e+00 3.364437855919327758e-01 5.148599127844472045e-01 4.958399971431159958e-02 3.695430481194694750e-02
1.000000000000000000e+00 4.691409965152589789e-01 5.202544622747815595e-01 5.099842127344950127e-02 3.730691094826477094e-02
0.000000000000000000e+00 6.015187649318125551e-01 5.064455469082329575e-01 4.959135653693569346e-02 3.695607160793135115e-02
6.000000000000000000e+00 7.659883259722641835e-01 5.008954324796561774e-01 4.974550224561680167e-02 3.825446390946379838e-02
3.000000000000000000e+00 2.365771921346485618e-01 6.004198757571864720e-01 5.052054640544326181e-02 3.812803662303143604e-02
7.000000000000000000e+00 3.919064803421365983e-01 5.955631563428571695e-01 5.181517340405789041e-02 3.720826001181842813e-02
8.000000000000000000e+00 5.589240653128673131e-01 6.018169189951654285e-01 4.974677665583493447e-02 3.731044454023380030e-02
0.000000000000000000e+00 6.722961196853939336e-01 5.983046444334398917e-01 5.162630001692725124e-02 3.777803723488748489e-02
1.200000000000000000e+01 4.490614035971406404e-01 7.257961792535623236e-01 3.675048606861947009e-02 2.870168765992087145e-02
1.600000000000000000e+01 5.155849653070728733e-01 7.899902494217907467e-01 4.354364284583706057e-02 3.275315359947550409e-02
