1.600000000000000000e+01 3.034656827461372774e-01 7.054926058416177703e-01 4.238720053729028159e-02 3.363354520905703637e-02
1.000000000000000000e+01 3.423320575173828262e-01 8.737854075897106831e-01 3.538783609982781853e-02 3.082689518725501010e-02
5.000000000000000000e+00 8.904396923165607269e-01 4.813532477069786264e-01 4.534423616505123267e-02 3.507609631845926002e-02
1.000000000000000000e+00 8.455561927535576450e-01 3.729912497965228169e-01 4.591743603216613678e-02 3.354619344924458790e-02
7.000000000000000000e+00 7.614324234110524392e-01 2.242964474013821596e-01 4.181184663586456907e-02 3.402642973031635987e-02
8.000000000000000000e+00 6.500351502450087970e-01 1.627626452407482383e-01 4.212854636465912517e-02 3.124429602007752771e-02
8.000000000000000000e+00 7.002728421980775053e-01 2.740315691386833175e-01 4.521267001675466357e-02 3.284227771053477296e-02
9.000000000000000000e+00 8.006161781324538929e-01 5.337212370795503258e-01 4.810672848348274133e-02 3.811847138450552563e-02
3.000000000000000000e+00 6.808509068074726223e-01 4.092203921787629373e-01 4.814278021563123122e-02 3.695826882515285128e-02
3.000000000000000000e+00 7.905792852061443998e-01 6.193982068728943746e-01 5.007937043122800969e-02 3.933533071474260012e-02
1.500000000000000000e+01 7.614593488399369337e-01 6.703086094097235881e-01 4.936332407824184365e-02 3.596194292875787291e-02
7.000000000000000000e+00 7.114298329659801690e-01 6.545303080834333764e-01 4.773595115646545040e-02 4.112743057617840314e-02
1.000000000000000000e+00 6.474814008568234858e-01 5.188707293475049998e-01 5.038229567745655668e-02 4.033797700128627373e-02
2.000000000000000000e+00 5.749950286186333859e-01 4.082029935914462948e-01 4.824560701141311636e-02 4.026933132890925249e-02
7.000000000000000000e+00 5.972977581594207663e-01 3.280391470749778327e-01 4.575072511353617255e-02 3.482101330797499061e-02
3.000000000000000000e+00 5.570436751260272601e-01 2.095080807249464216e-01 4.506982353088351267e-02 3.533492054643072589e-02
0.000000000000000000e+00 5.230321252379891428e-01 1.198076866072333851e-01 4.493100168806662964e-02 3.318389054668671734e-02
2.000000000000000000e+00 5.758930625283216198e-01 6.223535702898088662e-01 5.181535203035747550e-02 4.038791658622764569e-02
6.000000000000000000e+00 5.167473900256768227e-01 5.100873426772719599e-01 5.095855654069730845e-02 3.823252183274883365e-02
6.000000000000000000e+00 4.780767489511429380e-01 4.404693647206993079e-01 5.089087451524881844e-02 3.714124837134019641e-02
1.500000000000000000e+01 4.439863358990300268e-01 3.148791878236387731e-01 4.859872692559358276e-02 3.474726597538829731e-02
3.000000000000000000e+00 4.127750589575318596e-01 2.185838350390294504e-01 4.863364495547312094e-02 3.606856762714027997e-02
2.000000000000000000e+00 3.622935643315537413e-01 1.115599742590174803e-01 4.678157224401680025e-02 3.423449243920138885e-02
5.000000000000000000e+00 2.775075428087178109e-01 1.580529909330630756e-01 4.936193529296262206e-02 3.548859388896910549e-02
1.000000000000000000e+00 4.151726975433007727e-01 6.109314915888994779e-01 5.399333580154247469e-02 4.100890200397333540e-02
5.000000000000000000e+00 3.376988430851728396e-01 3.845366611330014450e-01 5.367502054701478453e-02 3.983611534943670707e-02
8.000000000000000000e+00 2.800800266268952954e-01 2.650127408497733317e-01 5.106747698617408737e-02 3.617422867859421132e-02
9.000000000000000000e+00 1.805672409746556517e-01 3.443395749811726803e-01 5.383047947062660765e-02 3.854352470764255134e-02
0.000000000000000000e+00 2.148550599343266310e-01 4.526347553141600311e-01 5.900421480205286784e-02 3.873869155321985058e-02
0.000000000000000000e+00 2.624863845426584352e-01 5.735857800133776774e-01 5.833734278497673675e-02 4.190968514166371062e-02
