0.000000000000000000e+00 6.038754033821968070e-01 2.234668259304296301e-01 4.444589653835695486e-02 3.561926636742729357e-02
1.100000000000000000e+01 4.380438576166406639e-01 8.067353134846946272e-01 3.703254054831778275e-02 2.437170582174064126e-02
1.200000000000000000e+01 2.058614952197931058e-01 8.246953455920029707e-01 3.121051469174412896e-02 2.643160134018940344e-02
1.500000000000000000e+01 2.437270239954524298e-01 6.249855710903551298e-01 5.185363815151297628e-02 4.002364823253146131e-02
8.000000000000000000e+00 1.582008424323738116e-01 4.162497177532864523e-01 4.866201700719255396e-02 3.649613247124589011e-02
0.000000000000000000e+00 2.224131622688546583e-01 2.326863933405960982e-01 5.006583248417187382e-02 3.558262080402838090e-02
1.000000000000000000e+00 2.726225900474920083e-01 3.370782779104846139e-01 4.780608727431190363e-02 3.650871641943193024e-02
9.000000000000000000e+00 2.988195629823275357e-01 4.614422711030231050e-01 4.958883170534955642e-02 3.555452126258440426e-02
7.000000000000000000e+00 3.386179723708437894e-01 5.389449964452728281e-01 4.897750073677020755e-02 3.412418269481298783e-02
5.000000000000000000e+00 3.908120823776181085e-01 6.458857666344952619e-01 4.980829023030780567e-02 3.768120850602052485e-02
5.000000000000000000e+00 5.314125769454738357e-01 6.611173222047861397e-01 4.682932398181649525e-02 3.610553225095791685e-02
7.000000000000000000e+00 4.950973076152441754e-01 5.593900126064561551e-01 4.592524336148118280e-02 3.640422816394461858e-02
6.000000000000000000e+00 4.392610434620612958e-01 4.755178873185701982e-01 4.614542096919299619e-02 3.394839461861465235e-02
0.000000000000000000e+00 3.990770121184734620e-01 3.472118409858757082e-01 4.806205307752409173e-02 3.441624092084449860e-02
2.000000000000000000e+00 3.747540379817959066e-01 2.728314974158942974e-01 4.705594567728066391e-02 3.465016407195942172e-02
6.000000000000000000e+00 3.320393608294865406e-01 1.463989520548362733e-01 4.445435958922483444e-02 3.410131033184640725e-02
9.000000000000000000e+00 6.708252989182293957e-01 6.807036429301909219e-01 4.729385144056874601e-02 3.612456028689636778e-02
6.000000000000000000e+00 6.290297754670495234e-01 6.063772858807789934e-01 4.661448418069791266e-02 3.398285527672395556e-02
1.000000000000000000e+00 5.944275133692838997e-01 4.936208094661048151e-01 4.453047173297841610e-02 3.431349505818281909e-02
2.000000000000000000e+00 5.508680522667729340e-01 3.924683927006725748e-01 4.559311010045741241e-02 3.510373934723537426e-02
3.000000000000000000e+00 4.999524575671829840e-01 3.034026507401875739e-01 4.651475293419521373e-02 3.442500819903121512e-02
1.000000000000000000e+00 4.744470071564550473e-01 1.990574097496743966e-01 4.615775600411814450e-02 3.488688058300135064e-02
3.000000000000000000e+00 7.737708729861103585e-01 6.434830069277783782e-01 4.679121259588170378e-02 3.566097316712946164e-02
8.000000000000000000e+00 7.073004120474503109e-01 5.288625435594371815e-01 4.620233913483429156e-02 3.607062908038494164e-02
8.000000000000000000e+00 6.782019816878406271e-01 3.932052312667643212e-01 4.552877985104941683e-02 3.395907023180105844e-02
7.000000000000000000e+00 6.325885713281116374e-01 3.197718090550085712e-01 4.837535190181230238e-02 3.514268044403962010e-02
3.000000000000000000e+00 8.543462251054929624e-01 5.444312936270553349e-01 4.556694655104209790e-02 3.485394106148587134e-02
2.000000000000000000e+00 8.094403921751947006e-01 4.503935092816465646e-01 4.609951030108572212e-02 3.430049625456216278e-02
5.000000000000000000e+00 7.777937261364320509e-01 3.457762475825981174e-01 4.379014838123518327e-02 3.284261128592635970e-02
1.500000000000000000e+01 7.489890134245924536e-01 2.401616181044640141e-01 4.532218184456693333e-02 3.455859164900579317e-02
