1.000000000000000000e+01 1.533782874323214584e-01 2.330063612809244178e-01 2.927253681718924860e-02 3.429850148213214878e-02
6.000000000000000000e+00 4.711632693346308187e-01 9.529035632709925707e-01 3.526169025866432438e-02 5.008378971096971721e-02
9.000000000000000000e+00 6.114036044168069672e-01 9.105063778485371628e-01 3.403865360220625913e-02 4.606027329054540598e-02
9.000000000000000000e+00 5.329849595919526895e-01 8.506383817431331096e-01 3.609971776668163823e-02 5.080771577109988169e-02
1.500000000000000000e+01 3.777722910018795899e-01 7.692273026758829069e-01 3.594409856282637650e-02 4.993213698728704575e-02
1.000000000000000000e+00 4.914548554209694498e-01 7.598689572804266934e-01 3.625412096931612815e-02 5.168700046339513854e-02
6.000000000000000000e+00 7.300422423830522645e-01 8.259067409134182025e-01 3.290858313432099003e-02 4.655779150432237667e-02
3.000000000000000000e+00 6.585819908298995440e-01 7.574568451444635420e-01 3.379342668934015581e-02 4.639502105519222042e-02
5.000000000000000000e+00 3.058809380635347797e-01 5.635063007105174382e-01 3.932139719161292790e-02 5.176575101864833162e-02
3.000000000000000000e+00 3.858724080864988082e-01 6.197161308575349636e-01 3.994928810770803640e-02 5.359704885720850687e-02
7.000000000000000000e+00 5.046447627584198514e-01 6.472208914237472799e-01 3.666883529043701850e-02 4.945262717254239604e-02
8.000000000000000000e+00 4.373591302535834169e-01 4.894172427086098676e-01 3.797551545944166662e-02 5.143722802215600076e-02
8.000000000000000000e+00 4.741362620336987410e-01 5.481332658479490805e-01 3.875193223893741434e-02 5.166928158846317842e-02
1.000000000000000000e+00 5.812112784857048631e-01 6.674408782001073348e-01 3.714316262378813960e-02 4.872146300990742862e-02
2.000000000000000000e+00 7.565579307181750091e-01 7.254796031356531838e-01 3.402493015985696978e-02 4.594614289024823162e-02
7.000000000000000000e+00 8.219871636449644914e-01 7.592200758670673011e-01 3.225506933535882137e-02 4.605540928566231873e-02
8.000000000000000000e+00 8.547790106620865025e-01 7.879194707755086124e-01 3.108805559228833282e-02 4.509656337063305820e-02
6.000000000000000000e+00 9.102351227190635941e-01 6.862699622467158811e-01 2.957204949884206791e-02 4.309855755518021692e-02
5.000000000000000000e+00 8.315926468123480131e-01 6.271454061257949464e-01 3.291970085976869687e-02 4.489297002337533371e-02
0.000000000000000000e+00 7.458788053300345888e-01 6.153535238109612004e-01 3.468985120836709513e-02 4.624661100143168113e-02
2.000000000000000000e+00 6.553376127155128295e-01 5.542807600198212947e-01 3.597325363971615175e-02 4.836517465220602219e-02
5.000000000000000000e+00 5.068544541197308462e-01 4.308419717105809177e-01 3.849101311984071128e-02 5.011722974454235757e-02
2.000000000000000000e+00 6.730526948817969757e-01 4.183263225738720337e-01 3.636463231836106758e-02 5.449625280759723411e-02
0.000000000000000000e+00 9.018362891440672158e-01 4.606028198751607738e-01 3.149697943140539191e-02 4.699818661313059920e-02
0.000000000000000000e+00 8.228061404671889179e-01 3.826826631698192482e-01 3.451237293494691105e-02 5.035930084471623713e-02
1.500000000000000000e+01 7.023686892664257053e-01 3.025884989485156940e-01 3.578222563840660619e-02 4.905421305826257461e-02
7.000000000000000000e+00 6.084708121390511870e-01 2.897138399275637211e-01 3.745277969653781902e-02 5.161218743590451075e-02
1.300000000000000000e+01 4.250852337405383041e-01 8.562107807308580454e-02 2.599393695415946892e-02 3.499596503950437587e-02
