0.000000000000000000e+00 6.644764327735263043e-01 5.155274266975031772e-01 5.016173620278130407e-02 3.670854212174545772e-02
1.600000000000000000e+01 3.696307787556059599e-01 3.002134830762406281e-01 3.491243936986632157e-02 2.732663543066821132e-02
1.600000000000000000e+01 5.810382684594912472e-01 1.024222178380296278e-01 3.332049728428498891e-02 2.576595633446031319e-02
1.000000000000000000e+00 7.727603538792237048e-01 4.381615372662894803e-01 5.212519958987060775e-02 3.862609065523203711e-02
0.000000000000000000e+00 8.710669233463796957e-01 6.253346305715206110e-01 5.092295166065563539e-02 3.682348542872382335e-02
6.000000000000000000e+00 8.411675795694998348e-01 7.886876685688650745e-01 4.808662333865676430e-02 3.423709065119717732e-02
2.000000000000000000e+00 7.819969913117779114e-01 7.078111101225266211e-01 5.044886730954145637e-02 3.784173320249928363e-02
7.000000000000000000e+00 7.268204274157814559e-01 5.942618314823417958e-01 4.774457613612193008e-02 3.579808209334789382e-02
8.000000000000000000e+00 5.796688870557518136e-01 4.076696306431455419e-01 5.196800439534687843e-02 3.806338524159819103e-02
2.000000000000000000e+00 4.540791266390731273e-01 4.125029853435498994e-01 4.834876676998672851e-02 3.808916797942835109e-02
9.000000000000000000e+00 5.267123929364599944e-01 5.062900935853489326e-01 4.760299823874203362e-02 3.524417915628619280e-02
5.000000000000000000e+00 5.866537090057709625e-01 5.902864910870175841e-01 4.631244159295033747e-02 3.605267243187759707e-02
3.000000000000000000e+00 6.590329244712567203e-01 6.885924358622876884e-01 4.892348330487850117e-02 3.643225793772886245e-02
3.000000000000000000e+00 7.142778069434860821e-01 7.741774106318801696e-01 4.475377854782813802e-02 3.329988245205528496e-02
8.000000000000000000e+00 7.598103207170752160e-01 8.723594676481714050e-01 4.388392349200476161e-02 3.317886259673386018e-02
2.000000000000000000e+00 2.923012492316516830e-01 3.903830290027369143e-01 4.306830304989855973e-02 3.534492492040658407e-02
0.000000000000000000e+00 3.712834295344479285e-01 4.965580754873935021e-01 4.641540217375655919e-02 3.667472357465784150e-02
1.000000000000000000e+00 4.365009358634469594e-01 5.876222369844577020e-01 4.781917002629787472e-02 3.514357536759449285e-02
6.000000000000000000e+00 4.992749456837850541e-01 6.752174702423994201e-01 4.829041486884050327e-02 3.697897691810458909e-02
7.000000000000000000e+00 5.568572406244400863e-01 7.623416290283129282e-01 4.392163216583544472e-02 3.408432509004521993e-02
6.000000000000000000e+00 6.084278557951917632e-01 8.462138406226025200e-01 4.567457438742628106e-02 3.616000585588408089e-02
9.000000000000000000e+00 4.921496958373575148e-01 8.386258502618043620e-01 3.931770975801629486e-02 3.107461637466446547e-02
5.000000000000000000e+00 4.290892931824879519e-01 7.589452360356518934e-01 4.139901275082691345e-02 3.136566600325352283e-02
5.000000000000000000e+00 3.591970329043513432e-01 6.640918781276746730e-01 4.306006847504090240e-02 3.388572986054749769e-02
1.500000000000000000e+01 2.884672879681072777e-01 5.754053365404103726e-01 4.515943074236689059e-02 3.608930209245120313e-02
1.500000000000000000e+01 2.329754392378632910e-01 4.893897219008490618e-01 4.431845348871643608e-02 3.482407386311803243e-02
8.000000000000000000e+00 1.915087751953180040e-01 5.703966421857098457e-01 4.409734095624601169e-02 3.403048800752761505e-02
7.000000000000000000e+00 2.217267686241026214e-01 6.552531126361729186e-01 4.211831706218438498e-02 3.222836549747665202e-02
1.000000000000000000e+00 3.045183768363847188e-01 7.499586173328269822e-01 4.026985377224495677e-02 3.273334370184988185e-02
0.000000000000000000e+00 3.496510026178356600e-01 8.211912108420154066e-01 4.254236927226695553e-02 3.381519646762887188e-02
