0.000000000000000000e+00 4.264660572790175408e-01 3.411730785688882883e-01 4.530761201521327219e-02 3.817320175977612084e-02
1.300000000000000000e+01 4.836417420178816262e-01 8.374761150612469729e-01 3.925414035692764703e-02 3.212218157594115553e-02
1.000000000000000000e+01 4.073764796087248619e-01 8.205428920329227438e-01 3.625660670695762811e-02 3.275978044740257555e-02
5.000000000000000000e+00 2.222698059429461526e-01 6.179719278488525758e-01 5.854506220354704915e-02 4.157727607939376568e-02
0.000000000000000000e+00 1.533455241858111828e-01 5.111773226533813386e-01 5.599202666829355968e-02 3.772091819323225570e-02
6.000000000000000000e+00 1.692291120599717091e-01 4.273619364944087340e-01 5.102765620890228893e-02 3.547210794340249773e-02
6.000000000000000000e+00 1.561831058626824142e-01 3.295168698102792781e-01 5.199625800978907586e-02 3.564276828017404197e-02
2.000000000000000000e+00 1.976457014284793146e-01 2.675502496946023934e-01 5.035032189991342499e-02 3.722087128381595944e-02
0.000000000000000000e+00 2.845004579387646615e-01 4.931684411267230339e-01 5.138023750135140011e-02 3.946566758097336258e-02
1.000000000000000000e+00 4.039650643353944748e-01 6.184184464095450195e-01 5.141784473578436820e-02 3.623279238372079103e-02
7.000000000000000000e+00 3.712896846512288018e-01 5.365650345200115856e-01 5.089770112372699051e-02 3.662518993153640601e-02
2.000000000000000000e+00 4.785224707003316036e-01 6.040345412958787463e-01 4.861995808752134218e-02 3.833459498433777757e-02
8.000000000000000000e+00 4.985972717070734639e-01 4.702363119511046574e-01 4.712391212978395139e-02 3.646584409223052603e-02
9.000000000000000000e+00 2.748287177481272270e-01 3.292053709193418776e-01 4.791595389164937657e-02 3.649776713865110489e-02
1.500000000000000000e+01 4.603386589610725110e-01 4.176410725272752811e-01 4.515004416836626566e-02 3.666737684351506488e-02
2.000000000000000000e+00 3.352343547723986572e-01 2.234526154262067577e-01 4.439463982686531196e-02 3.563274686813314163e-02
3.000000000000000000e+00 3.875626259346012237e-01 2.077674084076081562e-01 4.740981870502553042e-02 3.478065745186142976e-02
3.000000000000000000e+00 5.885714216989602621e-01 5.404553358985696443e-01 4.304579009329834172e-02 3.557089428198834113e-02
8.000000000000000000e+00 6.105099090132295458e-01 5.742948696148177934e-01 4.544435579886785259e-02 3.487796213006488788e-02
6.000000000000000000e+00 7.369559105567153878e-01 6.803131655877565631e-01 5.038906058409298172e-02 4.291955262871893773e-02
5.000000000000000000e+00 6.500130221929576457e-01 5.187019753142598777e-01 4.322434363901606069e-02 3.707658450185113974e-02
7.000000000000000000e+00 6.322451394623147536e-01 3.974164217773145658e-01 4.596369123253496447e-02 3.820315823878006611e-02
1.000000000000000000e+00 5.321789695775063223e-01 2.460074869291893618e-01 4.283754946137363628e-02 3.504371951793455731e-02
5.000000000000000000e+00 5.026116419381968514e-01 1.934217166621675088e-01 4.099654602733654452e-02 3.113617700038137648e-02
1.000000000000000000e+00 6.337381951600076224e-01 2.938861972666814704e-01 4.048020085371406562e-02 3.151992703941997043e-02
8.000000000000000000e+00 6.665799248961961077e-01 3.523386152874096733e-01 4.214472506656885553e-02 3.160871890524452610e-02
7.000000000000000000e+00 8.430883751969370232e-01 6.049505037442710620e-01 4.135879852119073163e-02 3.490323117440452538e-02
3.000000000000000000e+00 8.578809491833458978e-01 4.928171798589782715e-01 4.340144246363086822e-02 3.876756308735129775e-02
1.500000000000000000e+01 7.549883100745340414e-01 2.988425802296476586e-01 4.207258167558636242e-02 3.187485204920115223e-02
9.000000000000000000e+00 8.894155311909116568e-01 4.271071717264769974e-01 4.043014767206898341e-02 3.388667745568774148e-02
