5.000000000000000000e+00 4.751386906125694143e-01 5.478592206037035117e-01 5.367775500951182943e-02 4.169602383401271872e-02
3.000000000000000000e+00 5.582467340819272650e-01 1.151196079604136502e-01 4.522754307383392014e-02 4.170454783451843506e-02
2.000000000000000000e+00 6.673856257286407967e-01 1.711408891022282441e-01 4.611472793454962638e-02 3.371311080821356998e-02
2.000000000000000000e+00 7.680348424743723701e-01 2.639613566898927344e-01 4.140867604592113338e-02 3.451456775811936883e-02
8.000000000000000000e+00 8.808707682124776728e-01 3.199623897429639818e-01 4.258866175902498163e-02 3.453462929466311060e-02
3.000000000000000000e+00 4.352255748506630439e-01 1.325943686537225941e-01 4.975593986774728972e-02 3.644420631031146385e-02
8.000000000000000000e+00 5.373117601395595022e-01 2.301904577503045279e-01 4.511716157233558455e-02 3.902473983714688233e-02
6.000000000000000000e+00 6.657987553179965934e-01 2.963803835896809957e-01 4.966960924983077064e-02 3.378681327723265237e-02
3.000000000000000000e+00 7.587221279690052889e-01 3.592134173982497458e-01 4.381221458582484907e-02 3.544468832508612666e-02
7.000000000000000000e+00 8.841542591278195307e-01 4.310330581170808140e-01 4.259819027137490277e-02 3.454137387418793059e-02
1.500000000000000000e+01 2.727041829257592087e-01 1.651416573658342213e-01 5.570124366828202445e-02 3.745339630957866817e-02
0.000000000000000000e+00 4.187304858585737533e-01 2.412834685969833248e-01 4.863346963280312796e-02 3.819010529604710547e-02
9.000000000000000000e+00 7.479045973204884179e-01 4.787323891355408367e-01 4.853221483891712040e-02 3.553400377819643241e-02
9.000000000000000000e+00 8.537390755051643687e-01 5.214433430365013056e-01 4.974652615675101419e-02 3.644403410828112033e-02
1.000000000000000000e+00 2.628811190029087252e-01 2.697570599765013455e-01 5.553277268185599636e-02 3.804123664075037548e-02
0.000000000000000000e+00 3.913820481956404862e-01 3.420991903559602587e-01 5.053825369193820638e-02 3.645915918661946087e-02
7.000000000000000000e+00 4.952075887931167708e-01 4.268398525753768213e-01 4.865195265073474218e-02 3.790419252487581270e-02
5.000000000000000000e+00 6.196670080827739735e-01 5.156031685755371186e-01 4.665153906404062578e-02 3.786711168765893865e-02
8.000000000000000000e+00 7.639004439260563828e-01 6.005979579413435188e-01 4.561063519083796702e-02 3.636516557834945651e-02
5.000000000000000000e+00 8.653316013915794969e-01 6.677575247136677827e-01 4.772028226549418495e-02 4.011360197582092280e-02
1.500000000000000000e+01 2.371195517506196893e-01 4.054607552463908027e-01 5.574934543544546317e-02 4.469747652386757419e-02
6.000000000000000000e+00 3.946008772485601890e-01 4.405586717327217849e-01 5.352923075827592525e-02 3.726061613652514870e-02
0.000000000000000000e+00 6.023114542450221931e-01 6.000576453705673829e-01 5.361837400935587361e-02 4.022134304618618650e-02
1.000000000000000000e+00 7.423014876547335827e-01 7.049059512273754269e-01 4.669791881090001873e-02 3.935378921693810650e-02
6.000000000000000000e+00 2.033842699309897639e-01 5.128599184801255761e-01 5.870751801498846900e-02 4.471733715804249165e-02
2.000000000000000000e+00 3.129277789485098715e-01 6.378556753436901428e-01 6.060024793199431103e-02 4.257930544870569545e-02
1.000000000000000000e+00 4.753545458576988736e-01 6.785396678449336916e-01 5.066622850087748597e-02 4.016503298223939034e-02
7.000000000000000000e+00 5.946603171311625191e-01 7.555383707296141615e-01 5.578725858247590708e-02 4.543292269544618733e-02
1.600000000000000000e+01 1.926974980242372459e-01 7.040825385185913721e-01 4.353158267691953354e-02 3.337103147478737153e-02
1.200000000000000000e+01 2.537446819760132977e-01 7.396393877661566751e-01 3.974821796761149328e-02 3.700954557617530671e-02
