1.500000000000000000e+01 6.172702120818707172e-01 5.128940585706219801e-01 3.738872990630714988e-02 4.746520035329931941e-02
1.600000000000000000e+01 2.258917297213927089e-01 3.748798975554758495e-01 2.184337234894506707e-02 3.033096195892437397e-02
1.400000000000000000e+01 1.869519521023136344e-01 2.054567099098366656e-01 2.586588063074871102e-02 3.509197503353314596e-02
8.000000000000000000e+00 3.301969633717375396e-01 5.450996504559209033e-01 3.584333922524157723e-02 4.476632710967276552e-02
0.000000000000000000e+00 3.945519631591446474e-01 4.335138169995166879e-01 3.647974149456656434e-02 4.863993127885479772e-02
3.000000000000000000e+00 4.767689577734898210e-01 3.400702773922805733e-01 3.862403246403545154e-02 5.391101544643922550e-02
1.000000000000000000e+00 5.653065677109666565e-01 1.993449632354136469e-01 3.659205427039480263e-02 5.122798189159033511e-02
5.000000000000000000e+00 5.799250275220640960e-01 3.646763646573040196e-01 3.699323440184243417e-02 4.931543605514504547e-02
7.000000000000000000e+00 4.947360492114209474e-01 4.546135794294825505e-01 3.750007684745393366e-02 5.000015765382503918e-02
9.000000000000000000e+00 4.265923973138950887e-01 5.734677327938518809e-01 3.686254317178772055e-02 4.612638791298317997e-02
2.000000000000000000e+00 3.643392883534359861e-01 6.659332957978065792e-01 3.485578706097430812e-02 4.405370668633357134e-02
7.000000000000000000e+00 4.005387584210491347e-01 7.860236899593091575e-01 3.248361429720802995e-02 4.451896305008429255e-02
6.000000000000000000e+00 4.609302486280582034e-01 6.922962777415211377e-01 3.234889415676728275e-02 4.129682817125956973e-02
0.000000000000000000e+00 5.282270980696983642e-01 6.052315243005239598e-01 3.492182255791709267e-02 4.533810124116233187e-02
6.000000000000000000e+00 6.853476767084324406e-01 4.125644074341947576e-01 3.608529461061316113e-02 5.052582007808875675e-02
3.000000000000000000e+00 7.641881822641996003e-01 2.927134712855300469e-01 3.861671971573221729e-02 5.390168824294278016e-02
2.000000000000000000e+00 4.933659299297837864e-01 8.015238188582969325e-01 3.502293165143921527e-02 4.090834186705538666e-02
5.000000000000000000e+00 6.305971853520491166e-01 6.340940864001421984e-01 3.398612191841188235e-02 4.386694185419459657e-02
8.000000000000000000e+00 7.134937274507087146e-01 5.315578203620081599e-01 3.824727415239315143e-02 4.954814702285026407e-02
7.000000000000000000e+00 7.908293797867596009e-01 4.339362178986823082e-01 3.827840162441631389e-02 5.030348493439135149e-02
3.000000000000000000e+00 8.738659955095234855e-01 3.306115686052589764e-01 3.550474518115964706e-02 5.241537904911280910e-02
8.000000000000000000e+00 8.847019431595493089e-01 4.577598548928890621e-01 3.368246349452630461e-02 4.998542177611198234e-02
1.000000000000000000e+00 8.009369225152218608e-01 5.704301827203135389e-01 3.475735470928398296e-02 4.851387605527146540e-02
0.000000000000000000e+00 7.190343898755575669e-01 6.603694533405999323e-01 3.404920472075667615e-02 4.539919718359086698e-02
5.000000000000000000e+00 6.540093491766303391e-01 7.414670317613669681e-01 3.411526781297613553e-02 4.693553661392613208e-02
0.000000000000000000e+00 5.917765641373992080e-01 8.297006383340004287e-01 3.331682607936037321e-02 4.152691758768634056e-02
2.000000000000000000e+00 6.621114327722801285e-01 8.552820944486649868e-01 3.202332508324834404e-02 4.118931697356242871e-02
9.000000000000000000e+00 7.375572225892643718e-01 7.760103851004915843e-01 3.117741947385255230e-02 4.007032850677194613e-02
1.500000000000000000e+01 8.128888783421635011e-01 6.988484174354635536e-01 3.378158572813194649e-02 4.504266620970831525e-02
6.000000000000000000e+00 8.950923650686049005e-01 5.952158186526408379e-01 3.218177716157899493e-02 4.492560704630199631e-02
