3.000000000000000000e+00 8.536623203524138503e-01 3.566111539097986949e-01 4.968924712180367020e-02 3.773680643372911980e-02
1.000000000000000000e+01 2.784264942376235563e-01 7.700025197292902357e-01 4.255287681544356326e-02 3.092733123036395249e-02
1.000000000000000000e+01 1.977220587647081640e-01 6.854540475115604714e-01 4.703926297921859345e-02 3.298011982942261611e-02
2.000000000000000000e+00 1.952930104360176555e-01 4.634914195962651084e-01 6.152375969742440720e-02 4.536056780692210300e-02
8.000000000000000000e+00 3.798446167903581361e-01 2.281321174880342750e-01 5.917594772633705258e-02 3.732288011295548102e-02
3.000000000000000000e+00 2.725618249519682901e-01 5.593339253630892349e-01 6.074418853107912963e-02 4.279677543975402010e-02
1.000000000000000000e+00 3.654602303435052213e-01 4.617972759766311719e-01 5.567731443465817609e-02 4.136593239450447879e-02
2.000000000000000000e+00 4.019550411846263827e-01 3.363567907352604247e-01 5.105837761406062381e-02 3.711486087991977545e-02
6.000000000000000000e+00 5.164299856282638101e-01 2.445931624836883700e-01 5.121673435381496331e-02 3.762597296317266027e-02
1.500000000000000000e+01 5.806922635586677650e-01 1.462172873656184535e-01 4.778923703261062084e-02 3.505088874229767004e-02
5.000000000000000000e+00 7.026938648493767925e-01 1.461989414881930682e-01 4.553503642426770526e-02 3.415108776669975588e-02
7.000000000000000000e+00 6.601595911598243660e-01 2.640405507605832480e-01 4.725703057516661421e-02 3.544304371923370778e-02
7.000000000000000000e+00 5.812172399802849609e-01 3.372851462905557818e-01 5.154468552945878912e-02 3.865864954102338213e-02
7.000000000000000000e+00 5.300375764843228144e-01 4.551786926742401596e-01 5.343359331644614851e-02 4.047214290936923531e-02
0.000000000000000000e+00 4.343620249717661808e-01 5.620982090608219739e-01 5.377516512138136306e-02 4.151481155920511146e-02
5.000000000000000000e+00 3.748074075038552166e-01 6.693775618934065808e-01 5.721195046613841706e-02 4.409634053111677332e-02
9.000000000000000000e+00 7.707804932472692716e-01 2.536785554816622934e-01 4.423828752663527819e-02 3.449701925615963893e-02
6.000000000000000000e+00 7.229121590811392606e-01 3.638172250109823480e-01 4.710522690159235637e-02 3.664748103584325456e-02
8.000000000000000000e+00 6.602912482167131447e-01 4.358813208710523579e-01 4.711827887638053713e-02 3.500742729097988670e-02
5.000000000000000000e+00 6.123965663919337388e-01 5.378804864715431844e-01 5.226595606983075459e-02 3.920352887025324584e-02
2.000000000000000000e+00 5.140361261818084948e-01 6.512319862471014353e-01 5.340651453057848608e-02 4.104190764281168136e-02
1.000000000000000000e+00 4.619760501209297376e-01 7.588580558539361753e-01 5.821901051255828907e-02 4.449006607763328347e-02
3.000000000000000000e+00 6.135554842694996847e-01 7.312119694223052635e-01 5.196039905009974813e-02 3.991830050201716773e-02
1.500000000000000000e+01 6.900548144668408046e-01 6.202583773716896509e-01 5.012960233758423367e-02 3.664913284178128450e-02
0.000000000000000000e+00 7.726298660068899871e-01 5.386616282074687678e-01 4.804101558360840407e-02 3.745331862448020299e-02
6.000000000000000000e+00 7.960539906187438230e-01 4.448006802934785231e-01 4.777022772493133562e-02 4.102441474714102476e-02
1.000000000000000000e+00 9.038143980822682666e-01 4.529670057597097177e-01 4.627277086644743243e-02 3.895670573706916384e-02
9.000000000000000000e+00 8.598683989702891051e-01 5.255096243842409809e-01 4.216816850462123956e-02 3.587094269351520648e-02
0.000000000000000000e+00 7.983187790323609256e-01 6.329139458136050500e-01 4.868738620227053282e-02 3.935641569526238115e-02
8.000000000000000000e+00 7.300442780181182201e-01 7.154651951008765831e-01 4.787697229882192929e-02 3.922340469908014438e-02
