8.000000000000000000e+00 5.550798055027595934e-01 5.123226861617470318e-01 4.069929942060035444e-02 3.951887537475240464e-02
1.000000000000000000e+00 3.492174061331341228e-01 1.605142863639070772e-01 3.820461203388436644e-02 3.963507693321965952e-02
6.000000000000000000e+00 4.451690496205395475e-01 2.115315430950296394e-01 3.998157693753690012e-02 4.033940066515373513e-02
7.000000000000000000e+00 5.465972103076706112e-01 2.643260611623519107e-01 4.055724894402501501e-02 4.163095727291321602e-02
1.500000000000000000e+01 6.569928112639442652e-01 3.183290309728512568e-01 4.171303944520809992e-02 4.231343392612524346e-02
2.000000000000000000e+00 6.661298405932885025e-01 4.448831107855969469e-01 4.220529533293937430e-02 4.136858482546595939e-02
3.000000000000000000e+00 5.538960614123840109e-01 3.896948999003592151e-01 4.094065480045749883e-02 3.986650182274870113e-02
2.000000000000000000e+00 3.527172518222190245e-01 2.844071281633427928e-01 3.843348760350817628e-02 3.890528964548889412e-02
6.000000000000000000e+00 2.527616494561129579e-01 2.315461054540762786e-01 3.735755603051671425e-02 3.765828684956004646e-02
5.000000000000000000e+00 1.658884750483702597e-01 2.923828237028731625e-01 3.622127079093351298e-02 3.651473901257273891e-02
1.500000000000000000e+01 2.586105155782638665e-01 3.465991953040372664e-01 3.666339993494852068e-02 3.666334064843917995e-02
3.000000000000000000e+00 3.547601760071389387e-01 3.987988918223280832e-01 4.010281784930502802e-02 4.010284749255971226e-02
9.000000000000000000e+00 4.614506220921991142e-01 4.608855030843880263e-01 3.965037285265060607e-02 3.995166689353352174e-02
1.000000000000000000e+00 6.648272270515218629e-01 5.695590532663612482e-01 4.272577159915558198e-02 4.094474556960758793e-02
3.000000000000000000e+00 7.670056263163488319e-02 3.584948555600446229e-01 3.564687344439796540e-02 3.712690186561018457e-02
0.000000000000000000e+00 1.723255374521247552e-01 4.058001987578795933e-01 3.796767349897903210e-02 3.707256577972484202e-02
5.000000000000000000e+00 2.653823244358425870e-01 4.611813575880314708e-01 3.550378545390783791e-02 3.669153138366920697e-02
0.000000000000000000e+00 3.561735367485060477e-01 5.152928365324005444e-01 4.008989339025104126e-02 4.008989339025104126e-02
9.000000000000000000e+00 4.597334624549260784e-01 5.706927002562751650e-01 3.794793109134148024e-02 3.824145859949013015e-02
5.000000000000000000e+00 5.623288855828132426e-01 6.301386903886767588e-01 4.184554479376645375e-02 4.066449823956952425e-02
0.000000000000000000e+00 4.631451342828729612e-01 6.883125698884093868e-01 3.995495729480641467e-02 3.966089620807300431e-02
7.000000000000000000e+00 3.695277488876874683e-01 6.263683055354716256e-01 3.865643452218980869e-02 3.925004069777815463e-02
2.000000000000000000e+00 2.696635218542281498e-01 5.714181299855634055e-01 3.756612597066344428e-02 3.579257004130265152e-02
1.000000000000000000e+00 1.770263054976901618e-01 5.182324988155837531e-01 3.753725344057490254e-02 3.694367690824129635e-02
7.000000000000000000e+00 8.767376926591707864e-02 4.685461649344769830e-01 3.824145859949011628e-02 3.794793109134153575e-02
8.000000000000000000e+00 9.605178305838554809e-02 5.791104063668016666e-01 3.409780588296375259e-02 3.350440721015846002e-02
8.000000000000000000e+00 1.910841151090651724e-01 6.321544613522813716e-01 3.712562720565759644e-02 3.716890635753578032e-02
6.000000000000000000e+00 3.696669387901830861e-01 7.422402310103153322e-01 3.606902303473769056e-02 3.674115419205559174e-02
1.100000000000000000e+01 5.856896971066596347e-01 8.579921605900886483e-01 3.711039057273612940e-02 3.853350394490318021e-02
1.100000000000000000e+01 5.030153118692057834e-01 9.383506665532435065e-01 3.664380574358450104e-02 3.983549497832106212e-02
