10 0.854707 0.717703 0.031523 0.043990
7 0.278340 0.165646 0.036445 0.049250
9 0.378605 0.170734 0.037617 0.049781
1 0.509426 0.161615 0.039898 0.049021
8 0.647883 0.131557 0.039906 0.052448
9 0.681371 0.272734 0.040758 0.052823
8 0.565855 0.286828 0.038992 0.050615
1 0.435937 0.283125 0.040875 0.050562
6 0.321434 0.297245 0.038414 0.051219
7 0.231055 0.321865 0.039891 0.050562
8 0.156961 0.402177 0.036531 0.051979
3 0.267977 0.428167 0.040219 0.054729
5 0.387000 0.409562 0.040219 0.051437
2 0.525309 0.394792 0.039398 0.051437
5 0.627375 0.400531 0.040219 0.053625
6 0.733508 0.414104 0.043094 0.054729
5 0.112762 0.558568 0.037758 0.052531
2 0.172887 0.552583 0.039008 0.052000
1 0.329250 0.553094 0.039813 0.051437
15 0.452090 0.559646 0.038414 0.054500
15 0.568484 0.546250 0.040781 0.054375
2 0.682254 0.560036 0.041367 0.056740
3 0.114543 0.680286 0.036055 0.054365
3 0.264652 0.698802 0.041961 0.055167
0 0.493074 0.703135 0.041367 0.054375
6 0.641059 0.696359 0.045508 0.057531
0 0.185105 0.830401 0.039008 0.056740
7 0.329129 0.839703 0.044914 0.059885
0 0.584324 0.834651 0.047867 0.061469
16 0.777219 0.799161 0.028734 0.042865
