5.000000000000000000e+00 1.719426688251261548e-01 7.138339474885446734e-01 4.251665163525064628e-02 3.396518364180778349e-02
8.000000000000000000e+00 5.218750312954552051e-01 8.839618935690672918e-01 4.432033076844538177e-02 2.841232087610556789e-02
8.000000000000000000e+00 3.557409127968200191e-01 8.214858831896587610e-01 4.238097945178032067e-02 3.277075199943935147e-02
0.000000000000000000e+00 2.688003014576831329e-01 7.728673345852186127e-01 4.279156704569242464e-02 3.007950373886814077e-02
2.000000000000000000e+00 1.651561753472409744e-01 6.196817099427354147e-01 4.343276164106910087e-02 3.222707436120331170e-02
1.000000000000000000e+00 2.773911333383325406e-01 6.794642744963417247e-01 4.482541366730546928e-02 3.237057537081045044e-02
0.000000000000000000e+00 3.859015616318556829e-01 7.422834621561907875e-01 4.486071205883401802e-02 3.305033723599737350e-02
5.000000000000000000e+00 4.946289582876263191e-01 8.065844405819726504e-01 4.807717840969732981e-02 3.266136819004883396e-02
8.000000000000000000e+00 6.455412841069756436e-01 8.735732885117825086e-01 4.666650634856395197e-02 3.165361971408309216e-02
1.500000000000000000e+01 7.304916567595590715e-01 8.364183938758029679e-01 4.899202481550779531e-02 3.261109888538171742e-02
6.000000000000000000e+00 6.376379055698230269e-01 7.801959948752430485e-01 4.928303739126915772e-02 3.323311972411469029e-02
1.000000000000000000e+00 5.142812347602686573e-01 7.130013174919520580e-01 4.717474824744399831e-02 3.572889455735750452e-02
7.000000000000000000e+00 3.966401701565808180e-01 6.405343240143057670e-01 5.040525154622255144e-02 3.483289227340580219e-02
6.000000000000000000e+00 2.884008115343444922e-01 5.992317447606789749e-01 4.572116872516857056e-02 3.329767320278564924e-02
6.000000000000000000e+00 1.592019684963808523e-01 5.345178163583612641e-01 4.771139367693935651e-02 3.230915342259432776e-02
3.000000000000000000e+00 7.695409350336571697e-01 7.391330875796602307e-01 5.365575268860633962e-02 3.472609060316234064e-02
7.000000000000000000e+00 6.352984875027908318e-01 6.815224591528920017e-01 4.816469644503573733e-02 3.281173659100367068e-02
3.000000000000000000e+00 5.069605406442080353e-01 6.220125849749307267e-01 4.984929501225682236e-02 3.449314868863939676e-02
5.000000000000000000e+00 3.948083209840766994e-01 5.372021697580189326e-01 4.539499510570560448e-02 3.404671331189079719e-02
9.000000000000000000e+00 3.000808157998313130e-01 4.862350007821404363e-01 4.429703657699313180e-02 3.570505097459730770e-02
1.500000000000000000e+01 1.821988705772222550e-01 4.248804079402890288e-01 4.320278643960850928e-02 3.653529111900066795e-02
2.000000000000000000e+00 6.519444947389483325e-01 5.763244071977977612e-01 5.225689254059140421e-02 3.401699124213708458e-02
1.000000000000000000e+00 5.374574169596399997e-01 5.170948736694431780e-01 4.671183113146037957e-02 3.607564288129894159e-02
0.000000000000000000e+00 3.986739755738458735e-01 4.535243247222132679e-01 4.624083796325167972e-02 3.572356546167138047e-02
7.000000000000000000e+00 2.771164788887620078e-01 3.861992767815725647e-01 4.579050190821759569e-02 3.640689837035926413e-02
9.000000000000000000e+00 7.913756135375518141e-01 5.252176104210325436e-01 5.109251260276137518e-02 3.682987473826293545e-02
2.000000000000000000e+00 5.375752613951710890e-01 3.802741327308971631e-01 5.156372552749344251e-02 3.908350535257637537e-02
3.000000000000000000e+00 3.850511725612372205e-01 3.500595199346491215e-01 5.433686056249747987e-02 3.827081826045825030e-02
1.000000000000000000e+01 7.456891114039078117e-01 1.101035677888931863e-01 3.043649821070060213e-02 2.937806838658703346e-02
1.300000000000000000e+01 5.504319244942180722e-01 2.646410521530058735e-01 3.432135402667868540e-02 2.822978561407663012e-02
