3.000000000000000000e+00 8.035109009287990656e-01 4.131435509264940742e-01 3.974093289841462706e-02 5.009970004881703076e-02
1.000000000000000000e+01 2.016575103384510848e-01 5.345906479406772327e-01 3.085171690217616836e-02 4.593692280667105443e-02
1.300000000000000000e+01 1.007380259169425585e-01 2.431814929594722507e-01 3.373494986497339865e-02 4.209332191198528195e-02
7.000000000000000000e+00 3.078727728050164036e-01 6.673914293224718630e-01 4.490688852623969662e-02 5.123366607416091068e-02
2.000000000000000000e+00 3.340981360027281966e-01 5.294817256030812658e-01 4.197343560803407092e-02 5.212547482441498570e-02
5.000000000000000000e+00 3.879482929814515035e-01 3.342697610679749021e-01 4.724241453612892938e-02 6.010051162107094003e-02
8.000000000000000000e+00 4.070471066788591274e-01 2.290487344851366569e-01 4.278379661828440872e-02 5.704478773172677597e-02
7.000000000000000000e+00 3.938149007344643460e-01 7.693692517528133434e-01 4.188290342160255753e-02 4.528295621945344074e-02
1.500000000000000000e+01 4.196289088423695857e-01 6.062614511988713151e-01 3.759092831791699396e-02 5.396002200270888505e-02
1.000000000000000000e+00 4.652713962236487699e-01 4.833709208140040126e-01 3.826627174313496083e-02 5.005916070663318784e-02
6.000000000000000000e+00 5.599383258634405003e-01 1.661838683994441013e-01 4.216704787252545383e-02 6.391135173082668208e-02
3.000000000000000000e+00 6.668925512691130653e-01 1.560022763432779014e-01 4.427242510994666702e-02 5.807675245702406674e-02
1.500000000000000000e+01 7.807487700149537968e-01 1.465367515823315647e-01 3.772923901477953645e-02 6.183865011165030900e-02
7.000000000000000000e+00 8.338251876580885513e-01 2.673775895474903574e-01 4.201749517320862992e-02 5.506020524289959028e-02
5.000000000000000000e+00 4.664745175974239211e-01 8.562725708921075096e-01 4.047776667039026943e-02 5.012172983140417148e-02
2.000000000000000000e+00 4.887680614089678355e-01 7.206221973881932197e-01 4.130286151719075871e-02 5.602321334203108627e-02
3.000000000000000000e+00 5.709602008252784300e-01 8.307836014384974987e-01 4.052196818004039081e-02 5.306554469631652449e-02
1.000000000000000000e+00 5.267995995730783143e-01 5.697591802297397034e-01 4.271909832638187687e-02 5.214778849595325116e-02
0.000000000000000000e+00 5.962076943372807136e-01 7.441148029615148873e-01 3.675601091341673676e-02 4.708207405667930168e-02
0.000000000000000000e+00 6.729362063663342219e-01 7.917297933567619683e-01 3.459260677443820597e-02 4.996184357427602141e-02
6.000000000000000000e+00 5.873975130249636800e-01 4.910382219879199095e-01 3.972622745075971018e-02 4.911977216821367120e-02
0.000000000000000000e+00 6.391706816613524911e-01 5.676463367129108706e-01 4.506788195027655597e-02 6.200662720387839499e-02
8.000000000000000000e+00 6.893391112251743280e-01 6.683224147479457367e-01 4.203225739865379396e-02 5.604263134627052168e-02
1.000000000000000000e+00 7.619039091785443363e-01 7.657525065187653635e-01 4.047779505928539301e-02 5.012178660919441864e-02
2.000000000000000000e+00 8.018676381255994690e-01 6.500028336373258053e-01 3.600438652710069576e-02 4.607994606011811545e-02
8.000000000000000000e+00 7.428342650708382733e-01 5.550571960200203492e-01 3.680001370080110412e-02 5.002009758699377251e-02
5.000000000000000000e+00 6.942666569120612419e-01 4.374001868332845211e-01 4.196770105122649142e-02 5.114583083276252884e-02
9.000000000000000000e+00 6.204367078491517251e-01 3.139207997920809845e-01 4.205440073682142899e-02 5.702531294969725995e-02
6.000000000000000000e+00 7.272660505053378799e-01 3.239838114334699370e-01 3.982394202764816260e-02 5.696580982559551476e-02
9.000000000000000000e+00 8.767078060201699552e-01 3.957144868714018715e-01 3.831138169742764887e-02 5.300754618365438597e-02
