8.000000000000000000e+00 1.070201911688500318e-01 4.482845831451330865e-01 3.306169278470719175e-02 4.670616316342640628e-02
8.000000000000000000e+00 1.965931851945562081e-01 3.103422367061229314e-01 3.364759790136942486e-02 4.711728733832382110e-02
5.000000000000000000e+00 2.602294821755751775e-01 2.092945492523820006e-01 3.392300520666069463e-02 4.635606960556218348e-02
5.000000000000000000e+00 3.292475826508183268e-01 9.890553962080467221e-02 3.346369454733827409e-02 4.524501016067375425e-02
5.000000000000000000e+00 4.289096568316006497e-01 1.140123802566740813e-01 3.666275103540106439e-02 4.857908394684987141e-02
8.000000000000000000e+00 3.652029130012552360e-01 2.321215390800686340e-01 3.464622221593260942e-02 4.753409203374286962e-02
1.000000000000000000e+00 3.079340737735468680e-01 3.383897228332204410e-01 3.325768473413415194e-02 4.748433850917382903e-02
2.000000000000000000e+00 2.467356994964082506e-01 4.537363577800684888e-01 3.571385226254714107e-02 4.912374232829569420e-02
0.000000000000000000e+00 1.507294740056370763e-01 5.634894429332473198e-01 3.438248376314148591e-02 5.122671020141644771e-02
3.000000000000000000e+00 1.673811923605191820e-01 7.191101009099856167e-01 3.776267330212398909e-02 5.034989527518196617e-02
0.000000000000000000e+00 2.700202510546853563e-01 5.981561206196299718e-01 3.857400833663082729e-02 5.323263351705376234e-02
1.500000000000000000e+01 3.213037804527481556e-01 4.697457855559675766e-01 3.747895508749798932e-02 5.041422786966126557e-02
1.500000000000000000e+01 4.126132368464893174e-01 3.442977160214800714e-01 3.643555819739457968e-02 5.019576568388511850e-02
7.000000000000000000e+00 4.786958793721621808e-01 2.376061795837364765e-01 3.721443311463484838e-02 4.800336459112305998e-02
3.000000000000000000e+00 5.395379898708698718e-01 1.277100600431367861e-01 3.727395265724342543e-02 5.077856470311925552e-02
1.000000000000000000e+00 6.471714573493990708e-01 1.446347651859451189e-01 3.762860742124085611e-02 4.801979052977430051e-02
1.000000000000000000e+00 5.822144253556651439e-01 2.681404185049128808e-01 3.724910387781876775e-02 4.966540654375242725e-02
6.000000000000000000e+00 5.143066707623877853e-01 3.832432667779448465e-01 3.885366903659848159e-02 5.000422300915235985e-02
0.000000000000000000e+00 4.352828790540120840e-01 4.855628591542021644e-01 3.785188265888767001e-02 5.181709257563266169e-02
9.000000000000000000e+00 2.978129952183892759e-01 7.462161736792023436e-01 3.798093960788218038e-02 5.376330046864341572e-02
3.000000000000000000e+00 7.061590178120845662e-01 2.986486753408461592e-01 3.852971146970585181e-02 5.092150115053123427e-02
7.000000000000000000e+00 6.155948708953584703e-01 3.921603827939682541e-01 3.893451151830806811e-02 5.084284133187905175e-02
6.000000000000000000e+00 5.464097407304908671e-01 5.097281572305032427e-01 3.891352437352380012e-02 5.084200184608772544e-02
9.000000000000000000e+00 4.756393535800453876e-01 6.392734071269590146e-01 3.821938155549309268e-02 5.580839978787843769e-02
7.000000000000000000e+00 5.233299817310205215e-01 7.654837717343070391e-01 3.814948037193111041e-02 5.302735125820234874e-02
2.000000000000000000e+00 5.745318431530122005e-01 6.607088932897176026e-01 4.065081223592026394e-02 5.313099977057755829e-02
6.000000000000000000e+00 6.595522497663572903e-01 5.496741651788423777e-01 4.310955418742679068e-02 5.435816010041361057e-02
2.000000000000000000e+00 7.410055693206998306e-01 4.109623320720255935e-01 4.371157743128351036e-02 5.516913135774420551e-02
1.300000000000000000e+01 7.093481124020897255e-01 7.717718840889025156e-01 2.239311558784307099e-02 3.525012031138996527e-02
1.200000000000000000e+01 7.735069053396623762e-01 7.131150530451600966e-01 2.831826226910649780e-02 4.046399866447902838e-02
