8.000000000000000000e+00 2.878974015412528731e-01 2.532830880948855334e-01 3.850762544151969946e-02 4.020988985554704853e-02
1.400000000000000000e+01 1.606544109570725298e-01 8.424916939607471900e-01 3.776849411138200052e-02 3.692861640311850824e-02
1.400000000000000000e+01 7.692598043781151418e-02 6.150016183442736928e-01 3.628444669602376438e-02 3.335432505956392735e-02
3.000000000000000000e+00 7.488491382637636473e-01 6.249126793200465713e-01 4.457818179032202455e-02 4.120967881322890047e-02
6.000000000000000000e+00 7.617678995963892419e-01 5.114173453333182850e-01 4.250993138640102309e-02 4.418736717341437137e-02
7.000000000000000000e+00 7.807387461539143647e-01 4.070165197775398869e-01 4.189903833973307457e-02 4.063317928564258441e-02
6.000000000000000000e+00 7.902126285599124778e-01 2.821775817660987506e-01 4.009740214284718274e-02 3.967136352221733997e-02
8.000000000000000000e+00 6.358498183879864873e-01 6.665759745714536777e-01 3.989018190631576921e-02 4.452233885759182552e-02
1.500000000000000000e+01 6.490472216362356273e-01 5.496049048580893270e-01 4.107880588883028317e-02 4.191954271913556074e-02
3.000000000000000000e+00 6.792594510141757302e-01 3.297092962685254092e-01 4.324631352600416534e-02 4.114381279000850489e-02
1.000000000000000000e+00 7.094386041934986897e-01 2.171169997788485739e-01 4.189903833973307457e-02 4.063320792304392359e-02
1.000000000000000000e+00 4.881432280608971608e-01 7.193902730044570148e-01 3.979138287148525910e-02 4.230717858448795887e-02
2.000000000000000000e+00 5.244567417193422010e-01 5.958608374468401525e-01 3.766517036713035171e-02 4.353389031086440930e-02
9.000000000000000000e+00 5.460221368437201406e-01 4.849399342524813861e-01 4.187922125796417205e-02 4.020118408552142419e-02
2.000000000000000000e+00 5.677282561585784704e-01 3.580146469994341385e-01 3.742610534024182201e-02 3.911599839686430435e-02
5.000000000000000000e+00 5.850344964849173435e-01 2.471248297042951680e-01 3.819513411744135389e-02 3.651832835325871662e-02
1.500000000000000000e+01 6.232466412187904758e-01 1.475831840993924449e-01 3.637688822774343134e-02 4.393263748796005785e-02
5.000000000000000000e+00 4.092200819030767378e-01 6.271359439777466349e-01 3.751273347947736703e-02 4.086849281294746561e-02
7.000000000000000000e+00 4.377762962702508309e-01 5.078247976463710067e-01 3.746972010257426655e-02 3.999803035998877876e-02
0.000000000000000000e+00 4.615647126344170070e-01 3.964415722438082157e-01 4.047083385710509296e-02 3.838081902811985024e-02
0.000000000000000000e+00 4.843989451026312620e-01 2.817885426680777905e-01 3.605145279823229743e-02 3.772814401280921714e-02
3.000000000000000000e+00 5.133029893472114136e-01 1.816590571246343433e-01 3.815635907594550069e-02 3.562784835672128114e-02
5.000000000000000000e+00 5.309670253666436412e-01 7.462109918612096215e-02 3.948874281348857540e-02 3.569417257836401264e-02
6.000000000000000000e+00 3.226808188428881286e-01 5.570563567024066076e-01 3.880413709561675306e-02 4.005765342970390996e-02
9.000000000000000000e+00 3.499828295783414811e-01 4.282728314286061710e-01 3.531025957519368097e-02 4.034090596695266706e-02
8.000000000000000000e+00 3.796259765156579924e-01 3.214570854062572813e-01 3.521741711985437728e-02 3.857423603717641258e-02
7.000000000000000000e+00 4.048978389097530606e-01 2.042706767530645118e-01 3.688769355651771997e-02 3.687543674871851529e-02
1.000000000000000000e+00 4.210861896350359679e-01 1.226229395886330176e-01 3.426256024496937558e-02 3.721716685962640769e-02
2.000000000000000000e+00 3.109850893305590724e-01 1.432163813094901594e-01 3.699342284248707813e-02 3.908358085847939145e-02
0.000000000000000000e+00 2.475020129181364770e-01 4.779521219368323415e-01 3.777047009207862294e-02 4.068796263452101325e-02
