0.000000000000000000e+00 3.347905712925013932e-01 2.359109285564893188e-01 3.563695750258000228e-02 4.619915044205505361e-02
1.400000000000000000e+01 8.012209074845910717e-01 5.290890783623809490e-01 2.931457205724441462e-02 3.592168561263464621e-02
1.100000000000000000e+01 7.985127447176914028e-01 4.004731016619989536e-01 2.796994803436836374e-02 3.571102150683647114e-02
6.000000000000000000e+00 6.951912763119703076e-01 3.075069254479345648e-01 4.126783641176257067e-02 5.118474636439801495e-02
5.000000000000000000e+00 6.739248061815601432e-01 4.588913438376576726e-01 4.136923722454144414e-02 5.240692834623650320e-02
2.000000000000000000e+00 6.510845529066791038e-01 6.389740109669981294e-01 3.976607470550730383e-02 5.522214395797397923e-02
9.000000000000000000e+00 5.834761205934788642e-01 2.425423150713402198e-01 3.693871561895034628e-02 4.870218921378866028e-02
9.000000000000000000e+00 5.715764386220930637e-01 3.863195879660692444e-01 3.946371897071454526e-02 4.548895302760863624e-02
7.000000000000000000e+00 5.407263325680236044e-01 5.363804515415317997e-01 3.715181401578360187e-02 5.117372210384751874e-02
3.000000000000000000e+00 5.232798246790633101e-01 6.772635062873042511e-01 3.802261867784340055e-02 5.068921424676153809e-02
8.000000000000000000e+00 5.252606100924861465e-01 1.502258567306567760e-01 3.754538571350662934e-02 4.457044185732900177e-02
3.000000000000000000e+00 5.137629219061981001e-01 2.780125376281835647e-01 3.606701558547509290e-02 4.919464349218510835e-02
1.000000000000000000e+00 4.778673839369249610e-01 4.339176862935860690e-01 3.669531449578145033e-02 4.563593384149583487e-02
7.000000000000000000e+00 4.302923694037079638e-01 5.679260373424092068e-01 3.496559682327066154e-02 5.210350935788810034e-02
1.500000000000000000e+01 3.970879541640877086e-01 7.150619463470505588e-01 3.838616745279826992e-02 4.952814136401495482e-02
6.000000000000000000e+00 3.815898024551035439e-01 8.604978248376685679e-01 3.639178358600619889e-02 5.291706621008440692e-02
1.000000000000000000e+00 4.109084036837167275e-01 2.054738825186032680e-01 3.382688024554908468e-02 4.509468182096737499e-02
6.000000000000000000e+00 3.920981332078790627e-01 3.319836238761766922e-01 3.604896825538617122e-02 4.898277623104774214e-02
2.000000000000000000e+00 3.645564385233968085e-01 4.632641979280345268e-01 3.634637146703817434e-02 4.800584207592195618e-02
8.000000000000000000e+00 3.342401137346097117e-01 5.967153061824597149e-01 3.471299016273865501e-02 5.417170540572635584e-02
5.000000000000000000e+00 2.881689594344026828e-01 7.587148843269421183e-01 3.805538367557087520e-02 5.534626482041526963e-02
0.000000000000000000e+00 2.498150953034457555e-01 9.021367647207023666e-01 3.656159637098277404e-02 5.073096093899831516e-02
0.000000000000000000e+00 1.857655964837885698e-01 8.105213542178156816e-01 3.607485008535865623e-02 5.139118543633025560e-02
8.000000000000000000e+00 2.431865907653377734e-01 6.327979907677019344e-01 3.507883332694508582e-02 4.993010716875623256e-02
3.000000000000000000e+00 2.575808614407255059e-01 5.074282251039027303e-01 3.301863966113083304e-02 4.876405378251219558e-02
1.000000000000000000e+00 2.783269528967256545e-01 3.971407391070533865e-01 3.237912062777692501e-02 4.646350885241240514e-02
2.000000000000000000e+00 2.378471552518242604e-01 2.835701639634548021e-01 3.502102590994696230e-02 4.537773110961845768e-02
5.000000000000000000e+00 1.877140785753699248e-01 4.148881477522565753e-01 3.782208346118057229e-02 4.581430861563101642e-02
1.500000000000000000e+01 1.526901706886800714e-01 5.429824446916408087e-01 3.692878259231210936e-02 4.857921554597299796e-02
7.000000000000000000e+00 1.228102555237651217e-01 6.930463021652730760e-01 3.428665346728826391e-02 4.967201635830553741e-02
