5.000000000000000000e+00 8.143858107367150101e-01 6.686101300427151894e-01 2.975744607052466240e-02 4.198212779068000167e-02
5.000000000000000000e+00 7.309875015981507351e-01 7.213684723249511599e-01 3.172916368178646529e-02 4.230504554833602882e-02
3.000000000000000000e+00 6.377955566318989078e-01 7.827220059126943630e-01 3.435072888258250412e-02 4.579354408441060897e-02
1.000000000000000000e+00 5.486849212766395922e-01 8.379021500515215770e-01 3.410637187557186145e-02 4.356472841962200082e-02
5.000000000000000000e+00 8.290133996125643723e-01 5.371807592912675178e-01 3.225414901546397317e-02 4.299826691324359906e-02
8.000000000000000000e+00 7.386617050008199570e-01 5.879465645500623339e-01 3.359754327322106437e-02 4.479719424686123830e-02
7.000000000000000000e+00 6.475711923428066896e-01 6.555394970511181363e-01 3.394746120604696937e-02 4.433743222790165195e-02
1.000000000000000000e+00 5.560657553061261194e-01 7.001987355836818416e-01 3.464816454720653915e-02 4.759409793460467331e-02
3.000000000000000000e+00 4.472788236215371471e-01 7.565874357560735675e-01 3.498328117918642066e-02 4.503499097034657783e-02
8.000000000000000000e+00 8.444524033912144123e-01 4.144078453030422549e-01 3.364070017971776405e-02 4.524345617823566368e-02
1.000000000000000000e+00 7.466551122816289521e-01 4.636848186135306693e-01 3.219125704117242748e-02 4.369268105697399207e-02
1.500000000000000000e+01 6.696025220232617592e-01 5.068221526940657196e-01 3.330650524046463445e-02 4.518061842116322113e-02
7.000000000000000000e+00 5.853159450736571401e-01 5.555008932077145634e-01 3.500795001393008921e-02 4.590631590038185550e-02
6.000000000000000000e+00 4.776491411380899832e-01 6.279511463784146486e-01 3.629891622070419155e-02 4.916921658729478395e-02
2.000000000000000000e+00 3.804000674406163851e-01 6.904396361246353253e-01 3.712388542830907801e-02 4.756547124285814832e-02
8.000000000000000000e+00 8.652294177050859902e-01 2.448799532820325753e-01 3.162013285394116302e-02 4.605183491676007046e-02
2.000000000000000000e+00 7.553370782464927657e-01 3.335057918173590097e-01 3.456065795539042806e-02 4.777911419518243719e-02
1.500000000000000000e+01 6.809329991468724419e-01 3.881839793863711696e-01 3.370619458053170092e-02 4.827609633513435528e-02
0.000000000000000000e+00 5.922796318184886388e-01 4.311645579318452159e-01 3.772244352846376714e-02 4.831266584949622800e-02
6.000000000000000000e+00 4.954850339611009957e-01 4.852508019014469820e-01 3.734368203501442496e-02 4.702313639903127340e-02
6.000000000000000000e+00 3.876986132856363731e-01 5.431972983249889753e-01 3.757369858754222580e-02 4.953339364877495932e-02
0.000000000000000000e+00 7.908118385178806165e-01 1.827180138471554138e-01 3.396448541288110690e-02 4.852603771572444602e-02
0.000000000000000000e+00 6.831802215575851767e-01 2.337520859066355705e-01 3.385686423273548407e-02 4.745578980838233152e-02
9.000000000000000000e+00 5.058622639364396267e-01 3.348592162606710554e-01 3.456851945217687128e-02 4.689998198557998599e-02
2.000000000000000000e+00 4.192660741111083889e-01 3.837429791887887465e-01 3.638699209332213469e-02 4.944125148471567588e-02
3.000000000000000000e+00 7.216336216355315747e-01 6.588416248639050732e-02 3.512576403128853109e-02 4.850277852868035977e-02
9.000000000000000000e+00 6.071358818163855586e-01 1.296774167216760976e-01 3.472081562095730156e-02 4.907070389997765514e-02
7.000000000000000000e+00 4.210721581176626316e-01 2.633002399566780616e-01 3.614323147572284789e-02 5.140781846015202161e-02
1.000000000000000000e+01 6.352376163056244751e-02 5.735886792312074878e-01 2.607436193468045532e-02 3.939677969232102672e-02
1.100000000000000000e+01 2.755221565986534227e-01 4.958312244601058572e-01 2.782202688752838382e-02 3.755911415557289246e-02
