1.200000000000000000e+01 3.729101870721562850e-01 7.959414515803452106e-02 3.410092287596627747e-02 3.934356035194200990e-02
2.000000000000000000e+00 8.465964685183111627e-01 3.573676273522135016e-01 3.759868427597212737e-02 3.729801593433362816e-02
8.000000000000000000e+00 7.442206520403489289e-01 3.246135296925766189e-01 3.490974000732294247e-02 3.768909524045671589e-02
0.000000000000000000e+00 5.316989084577472546e-01 2.605650344487842607e-01 4.118086431982903584e-02 4.118089355066154034e-02
1.000000000000000000e+00 8.484735264182056147e-01 4.687703048632698710e-01 3.761242276718057553e-02 3.731175442554207633e-02
7.000000000000000000e+00 7.723850559418156125e-01 4.434027946943517318e-01 3.438048655664194264e-02 3.622676439006305982e-02
8.000000000000000000e+00 6.678354009230240695e-01 4.103100432264266129e-01 3.665938070896734846e-02 3.511371275551999904e-02
9.000000000000000000e+00 5.680106176466438450e-01 3.707549247252907021e-01 3.556784296704007531e-02 3.464435328034126682e-02
6.000000000000000000e+00 4.458443438133354864e-01 3.316052670997980956e-01 3.941114203635459612e-02 3.786550331373966793e-02
5.000000000000000000e+00 8.768046629874446385e-01 5.708174498621942927e-01 3.477475202349189498e-02 3.662102985691317869e-02
3.000000000000000000e+00 7.801597265783406510e-01 5.485373294378026454e-01 3.368099273830549301e-02 3.615912424398570746e-02
0.000000000000000000e+00 6.906293701494441439e-01 5.139808001932821835e-01 3.612819802335065500e-02 3.643895100215277516e-02
0.000000000000000000e+00 5.834933126219166155e-01 4.806179266035330855e-01 3.741008694559577741e-02 3.555296447336969701e-02
7.000000000000000000e+00 4.801771110361522932e-01 4.475400828601108216e-01 3.738237611651995529e-02 3.830592426488360625e-02
5.000000000000000000e+00 3.714653362595129460e-01 4.096938865111439121e-01 3.930301718746093131e-02 3.992598468668306921e-02
1.500000000000000000e+01 7.927753738234044611e-01 6.528531377977270234e-01 3.560747997571811485e-02 3.498445401483118999e-02
5.000000000000000000e+00 7.075209327827269856e-01 6.071123220916524454e-01 3.573206178322962945e-02 3.882199461017110664e-02
2.000000000000000000e+00 6.071015651453446349e-01 5.831136918020780602e-01 3.402930733668807495e-02 3.618701045805572392e-02
9.000000000000000000e+00 4.921920500608349958e-01 5.506117539177810549e-01 3.621135974141015401e-02 3.713408942646767574e-02
2.000000000000000000e+00 3.901892336191820632e-01 5.239932810472527347e-01 3.687603963840779819e-02 3.687603963840790922e-02
1.000000000000000000e+00 2.775192826020597137e-01 4.783518501711968574e-01 4.101705473529271284e-02 3.978287053145640462e-02
1.000000000000000000e+00 7.195799080563576311e-01 7.238856388935819286e-01 3.377143293362239174e-02 3.408297514489821989e-02
3.000000000000000000e+00 6.202782105250309597e-01 6.869961238414570293e-01 3.686230114719935003e-02 3.686230114719935003e-02
1.500000000000000000e+01 4.203403987343844461e-01 6.424292183628956820e-01 3.596310228219035121e-02 3.503958336465917700e-02
8.000000000000000000e+00 3.129615206824557516e-01 6.199825114248933566e-01 4.048639820465832484e-02 4.109855029590792075e-02
3.000000000000000000e+00 3.423215240890457034e-01 7.244585339769742394e-01 3.671147005223002191e-02 3.546647044042117169e-02
6.000000000000000000e+00 4.457522228451579194e-01 7.451278601534240265e-01 3.826070416722515688e-02 3.980637212067250630e-02
7.000000000000000000e+00 5.364800203216162355e-01 7.707679770649167317e-01 3.438188963659516428e-02 3.623822287634759221e-02
6.000000000000000000e+00 6.495364614041814200e-01 7.899899970388051251e-01 3.435628342744923014e-02 3.312209922361286640e-02
1.200000000000000000e+01 3.273096939768181945e-01 1.572248489650698300e-01 3.259965655687124819e-02 3.567874474500784543e-02
