7.000000000000000000e+00 5.888117183029966117e-01 7.146421984323514387e-01 3.681890724454461861e-02 4.548123904522871630e-02
1.300000000000000000e+01 3.081107221028999699e-01 6.008006333053261816e-01 2.707750819622167793e-02 3.067559864082125554e-02
1.300000000000000000e+01 1.094019633918426049e-01 2.598852215345935912e-01 3.115678357640025431e-02 4.903351780487522071e-02
5.000000000000000000e+00 4.067727048909992593e-01 2.745341051496639206e-01 3.797015813228599157e-02 5.229077875305013223e-02
6.000000000000000000e+00 5.272867729052088670e-01 1.877745025423813163e-01 4.212126316659248193e-02 5.616167438917954446e-02
0.000000000000000000e+00 6.490255291475917065e-01 1.205216363333148910e-01 3.779761946822268737e-02 5.545072305688501790e-02
5.000000000000000000e+00 7.437726777903937991e-01 5.276911892029825107e-02 3.798717895792536048e-02 5.136386647707159858e-02
1.000000000000000000e+00 3.994688385182707524e-01 3.902107040731310761e-01 3.866459011907269483e-02 5.230641313362005551e-02
3.000000000000000000e+00 5.051270443678458344e-01 3.699454494772070889e-01 4.017274736627785003e-02 5.501245892079520416e-02
1.000000000000000000e+00 6.211271569737857323e-01 3.049360873810956774e-01 3.588379429347454685e-02 4.855991406893123141e-02
1.500000000000000000e+01 7.272186416569670353e-01 2.252929598209367501e-01 3.588379429347454685e-02 4.855991406893117590e-02
3.000000000000000000e+00 7.983219755615122981e-01 2.151073673714401502e-01 3.218806271739083069e-02 4.797170737352626779e-02
9.000000000000000000e+00 8.920804708745002642e-01 2.572241467156805017e-01 2.832631171895338973e-02 3.993008998029987100e-02
8.000000000000000000e+00 8.118394905011130369e-01 2.971430861377625243e-01 3.262517639906137301e-02 4.638655817672199255e-02
2.000000000000000000e+00 6.966154626468987754e-01 3.940994170033439437e-01 3.306966478854789226e-02 4.481565691541833374e-02
7.000000000000000000e+00 6.083287940415709194e-01 4.249373919608581129e-01 3.752239537252910484e-02 4.641888889578738020e-02
7.000000000000000000e+00 5.130550912607056979e-01 5.143006351625827310e-01 3.502980312838077648e-02 4.600729170316036898e-02
2.000000000000000000e+00 4.230234045425380618e-01 5.661927814593463726e-01 3.676572085177542970e-02 5.116064902849359886e-02
1.500000000000000000e+01 4.016726519537600071e-01 7.120639710810434675e-01 3.667433347251947140e-02 4.538347991841973350e-02
2.000000000000000000e+00 5.036101849654178730e-01 6.549568296510202003e-01 3.375032082113432752e-02 4.600319136561459299e-02
6.000000000000000000e+00 5.929592539787200689e-01 6.011124654506183607e-01 3.570066554898743139e-02 4.409432199451890355e-02
8.000000000000000000e+00 6.691242923398614817e-01 5.069715325397079475e-01 3.217673516618557716e-02 4.290224472430781422e-02
5.000000000000000000e+00 7.773780708535278361e-01 4.589007090931344623e-01 3.223649979832654555e-02 4.351363750108627748e-02
8.000000000000000000e+00 8.641687947277940651e-01 4.128706590416539313e-01 3.002214053066043498e-02 4.254203449574267548e-02
0.000000000000000000e+00 8.261919698596423833e-01 5.579948792580831096e-01 3.120085483030865525e-02 4.159382406359146689e-02
3.000000000000000000e+00 7.508300076808331891e-01 5.916710990150821914e-01 3.396123746467216709e-02 4.376906788100154433e-02
0.000000000000000000e+00 5.007113348171009504e-01 7.946256245099723170e-01 3.416165252428005061e-02 4.338658603483191989e-02
1.000000000000000000e+00 5.524360309981943828e-01 8.556140451647298306e-01 3.263025019803877935e-02 3.849414587202903970e-02
9.000000000000000000e+00 6.455648442590200542e-01 7.840794678459354072e-01 3.195260304624147896e-02 4.060844510404759689e-02
6.000000000000000000e+00 8.022818986703965649e-01 6.803655299649729038e-01 2.973281599362265215e-02 3.964383332171372842e-02
