3.000000000000000000e+00 8.295930516572476154e-01 2.867590497642796832e-01 3.207963189881601895e-02 4.382161631047104544e-02
9.000000000000000000e+00 5.307265281258133349e-01 8.615174206549733871e-01 3.619633257789045544e-02 4.362876489531564150e-02
2.000000000000000000e+00 6.212064111919013421e-01 7.874061634085780526e-01 3.196832797895809986e-02 4.262460277195723179e-02
6.000000000000000000e+00 7.053888806297616831e-01 7.531979681424847417e-01 3.272401430501181707e-02 4.246255573700008501e-02
5.000000000000000000e+00 7.968881211759577532e-01 6.556738651672577856e-01 3.269472670271011960e-02 4.418103751649471445e-02
3.000000000000000000e+00 7.980754273359312867e-01 5.665142407382582901e-01 3.579044281265963967e-02 4.596940139036997941e-02
0.000000000000000000e+00 7.124610919855447477e-01 5.872782682811497068e-01 3.183865725765644417e-02 4.210354819767569978e-02
9.000000000000000000e+00 6.307850566557683392e-01 6.682645833345008946e-01 3.416208521802532871e-02 4.765600325624819167e-02
2.000000000000000000e+00 5.260033369101879686e-01 7.281798198430529112e-01 3.780202123740972198e-02 4.934701756691728392e-02
5.000000000000000000e+00 4.262736458282975205e-01 7.811663597626556932e-01 3.981630228459481780e-02 4.782731642526660831e-02
3.000000000000000000e+00 3.369391644855564416e-01 7.262271751340451109e-01 3.798306936274897794e-02 5.064389024661242189e-02
8.000000000000000000e+00 4.098009966226521805e-01 6.758295820401217791e-01 3.910981471796304287e-02 4.723886175679958832e-02
6.000000000000000000e+00 5.644944441350843167e-01 5.779188110122857047e-01 3.517634080884357584e-02 4.830512904059414137e-02
1.000000000000000000e+00 6.255520626000792284e-01 5.306337013185185025e-01 3.434277483222503147e-02 4.895116611358651948e-02
7.000000000000000000e+00 7.241140829013170688e-01 4.708881508899681601e-01 3.340231738053978106e-02 4.207850757348557957e-02
1.000000000000000000e+00 8.257659728231561136e-01 4.285958879441286173e-01 3.277856315374305662e-02 4.440673406756479036e-02
1.000000000000000000e+00 3.239655150548865770e-01 5.916044497766863586e-01 4.022230236094553879e-02 5.211284827316420287e-02
2.000000000000000000e+00 4.412976066756505444e-01 5.234766193449544858e-01 3.819632833506386715e-02 5.042677038510517962e-02
7.000000000000000000e+00 5.564944335286106103e-01 4.559463442490714336e-01 3.467370819156545547e-02 4.694069080003387961e-02
1.500000000000000000e+01 6.471904988116876645e-01 3.896525878614736094e-01 3.466482814642324328e-02 5.113438864071467860e-02
0.000000000000000000e+00 7.530671115766456314e-01 3.373179866597713072e-01 3.440614857053880815e-02 4.938998374807174185e-02
5.000000000000000000e+00 7.706857278501265673e-01 1.912476421138909755e-01 3.326255319177828795e-02 4.639658120171846756e-02
6.000000000000000000e+00 6.882071515461698485e-01 2.450043742717985529e-01 3.768470536152357386e-02 4.940426903808328718e-02
7.000000000000000000e+00 5.748546163048136037e-01 3.050198146437808067e-01 3.609628039224987983e-02 4.812788664888750789e-02
1.500000000000000000e+01 4.566013854672157368e-01 3.851608293751469514e-01 3.820258849111146660e-02 5.042828716300212788e-02
7.000000000000000000e+00 3.598035709046212283e-01 4.198503258457310094e-01 4.185725104498660976e-02 5.429951802278565332e-02
0.000000000000000000e+00 6.080395380460466015e-01 1.366719188360658310e-01 3.652721078167098234e-02 5.122906315926595289e-02
8.000000000000000000e+00 3.637082122448080934e-01 2.912472093503234438e-01 4.035020810433059824e-02 5.632706398212417032e-02
1.600000000000000000e+01 2.413543447849541002e-01 4.835053575148484661e-01 2.652276439545261932e-02 3.255763755860335840e-02
1.400000000000000000e+01 1.475902514829925127e-01 6.583410225768614454e-01 2.653401612967021261e-02 3.508401040158748430e-02
