0.000000000000000000e+00 5.416242568698703685e-01 5.012542267534650930e-01 4.929486861523268981e-02 3.968421591716181362e-02
1.000000000000000000e+01 7.265419802236048330e-01 1.396429570933909736e-01 3.631227902157729837e-02 3.130773007561414578e-02
1.300000000000000000e+01 8.425492427741028134e-01 3.641345376465858763e-01 4.456026438461280215e-02 3.069910987394558477e-02
2.000000000000000000e+00 8.207670645782922936e-01 5.176769129655255375e-01 6.825659601649447517e-02 4.223363846908717578e-02
2.000000000000000000e+00 7.560279788116859301e-01 7.670020602423405220e-01 5.500693159056202486e-02 4.295107995110036825e-02
6.000000000000000000e+00 7.380410745482359758e-01 8.944517808536951442e-01 5.952658743643257644e-02 3.897148924304305595e-02
0.000000000000000000e+00 6.074054616037374288e-01 9.076437547730941136e-01 5.297118882295415165e-02 4.040783643312351181e-02
2.000000000000000000e+00 6.213629914732889947e-01 8.066451899764228717e-01 5.939949261493215893e-02 4.047577652203615539e-02
1.000000000000000000e+00 6.317325818197476739e-01 6.875886766681543749e-01 5.292351362263092440e-02 3.765977697469202745e-02
1.500000000000000000e+01 6.558104321922990643e-01 5.767290179491102453e-01 5.208843621942738089e-02 4.177999195298998103e-02
6.000000000000000000e+00 6.839882619390802443e-01 4.300966035826617739e-01 6.124061045542228410e-02 4.118402266442927617e-02
8.000000000000000000e+00 4.877252612077032090e-01 9.304658848816051986e-01 4.557646655071506681e-02 3.621523011870841913e-02
3.000000000000000000e+00 4.886190394334177789e-01 8.456573847037713865e-01 4.925597877123449875e-02 3.762123854494670017e-02
5.000000000000000000e+00 4.886610187943903894e-01 7.207966500323252923e-01 5.195850079938191257e-02 3.489455678690578377e-02
0.000000000000000000e+00 5.190377207334722076e-01 6.024177805419179688e-01 5.196977533999874721e-02 3.559117697442892858e-02
7.000000000000000000e+00 5.629488351392375467e-01 3.687579339083930652e-01 5.297124739199621235e-02 4.040789500216562802e-02
6.000000000000000000e+00 4.252278323186999831e-01 2.912457160851777416e-01 4.746763163773598526e-02 3.966755302466562494e-02
5.000000000000000000e+00 4.344128345028290816e-01 4.260479453316302623e-01 4.560431613026499909e-02 3.825477987405706548e-02
7.000000000000000000e+00 4.000787541649313273e-01 5.367002403568854607e-01 4.654926905657219560e-02 3.966693804972276638e-02
7.000000000000000000e+00 4.015086734026340198e-01 6.459045036681481111e-01 4.560241263639464027e-02 3.758797132899638349e-02
3.000000000000000000e+00 3.657336335625852586e-01 7.385660581576914963e-01 4.740601700537733221e-02 3.691431020600233204e-02
1.000000000000000000e+00 3.715900838691145180e-01 8.646406655125502549e-01 4.555268751959556939e-02 3.551720427417315307e-02
7.000000000000000000e+00 2.557145430944479103e-01 7.788501674892391868e-01 4.186354069163988889e-02 3.411102014080824585e-02
3.000000000000000000e+00 2.832715849210503123e-01 6.879312762803047043e-01 4.097255913768865776e-02 3.548317566067471507e-02
8.000000000000000000e+00 3.007831428382804484e-01 4.618112567209852193e-01 4.195394200822316622e-02 3.617446606536084408e-02
1.000000000000000000e+00 3.004666943034572935e-01 3.695377221357919462e-01 4.292396248457741592e-02 4.101068758413878301e-02
5.000000000000000000e+00 2.009026464142988355e-01 4.240656468149988090e-01 3.815822880804622952e-02 3.332695637333121796e-02
9.000000000000000000e+00 1.939315540240468538e-01 5.280073938340776873e-01 4.006435828534066212e-02 3.286584230435785070e-02
1.500000000000000000e+01 1.788500988775891809e-01 6.302222326448905232e-01 3.874734551867356491e-02 3.047288694857919200e-02
9.000000000000000000e+00 1.723492719691490649e-01 7.146679854600688220e-01 3.620354559479618817e-02 3.092720700866125050e-02
