7.000000000000000000e+00 7.198167375542885438e-01 3.348645274746308576e-01 3.808759072774470233e-02 3.808759072774470233e-02
1.500000000000000000e+01 4.353253369180309917e-01 2.288475089471872781e-01 3.943774436106950443e-02 3.730704521827132858e-02
1.500000000000000000e+01 7.767723186694082127e-01 4.419706220987568712e-01 3.965965883790689706e-02 4.024650442530752770e-02
1.400000000000000000e+01 3.140786620176321819e-01 9.701803187224607994e-01 3.895632458721709490e-02 3.726825377874165568e-02
1.100000000000000000e+01 2.860644534606996414e-01 8.327910450699345102e-01 3.787145065826552637e-02 3.649482622685340516e-02
1.000000000000000000e+00 2.587255932890925036e-01 3.159388787721997272e-01 3.751409488408771753e-02 3.636813229907515099e-02
2.000000000000000000e+00 3.046121500498364387e-01 4.145754042830578356e-01 3.688880089125778916e-02 3.715599586935874887e-02
7.000000000000000000e+00 3.554516904289248824e-01 5.198180805010117478e-01 3.785295540301447659e-02 3.733748949468906897e-02
0.000000000000000000e+00 3.977268985244871713e-01 6.282635374773850589e-01 3.962078163985210955e-02 4.077554876677702556e-02
6.000000000000000000e+00 2.839589244450244077e-01 6.169835757373876017e-01 3.958642105745369122e-02 3.830724689675368833e-02
8.000000000000000000e+00 1.966403231146171549e-01 4.162595873717277462e-01 3.680278509056175706e-02 3.591495566616242918e-02
8.000000000000000000e+00 1.493897341325663430e-01 3.140668845135156095e-01 3.691429975939367059e-02 3.537687809338030398e-02
7.000000000000000000e+00 2.131914183080694247e-01 2.220410549115846011e-01 3.601526455437861762e-02 3.511837331249154093e-02
3.000000000000000000e+00 2.752285350706895062e-01 1.288109326344715477e-01 3.440157497335794012e-02 3.457969543003354407e-02
0.000000000000000000e+00 3.264698398468808271e-01 2.231852880330072175e-01 3.582359425073389225e-02 3.529071936180905311e-02
5.000000000000000000e+00 3.716161290187830479e-01 3.235102559726162896e-01 3.636541661244629964e-02 3.796492745064705687e-02
0.000000000000000000e+00 4.135441580184817667e-01 4.208811428766559004e-01 3.826588270147057713e-02 3.791027068397018196e-02
9.000000000000000000e+00 4.666181939419394853e-01 5.281675876791107616e-01 3.866517439443245552e-02 3.884329485110815661e-02
5.000000000000000000e+00 5.174435698712955833e-01 6.362997115908680668e-01 3.929627138079544446e-02 4.089566787429599337e-02
1.000000000000000000e+00 6.392270788458623842e-01 6.450246410057702828e-01 3.997021904354380872e-02 4.210057515224152613e-02
8.000000000000000000e+00 5.805358881131754689e-01 5.366004521436270602e-01 3.823080746469620372e-02 3.983020395819680814e-02
9.000000000000000000e+00 5.343740464867942075e-01 4.392259633815321918e-01 3.773335084664619643e-02 3.737710993329496079e-02
3.000000000000000000e+00 4.842186876211184154e-01 3.280215403073267755e-01 3.795495087555805780e-02 3.742176153870779842e-02
5.000000000000000000e+00 3.899600919384081932e-01 1.309046555598551986e-01 3.787039296978905734e-02 3.699165394905250259e-02
6.000000000000000000e+00 4.995362464823224213e-01 1.377839471694603524e-01 3.604482265937014596e-02 3.640100640037140234e-02
2.000000000000000000e+00 5.500773471939910397e-01 2.374474167255510582e-01 3.804997132139165128e-02 3.680664422419216431e-02
3.000000000000000000e+00 6.527454524362095167e-01 4.396986500789099028e-01 4.093031431844484924e-02 4.057410199126854078e-02
2.000000000000000000e+00 7.116994358760412309e-01 5.474063979291075022e-01 4.008605022480682400e-02 4.061958259575759733e-02
1.000000000000000000e+00 6.200344924409055825e-01 1.400785165606766303e-01 3.826591128764555982e-02 3.791027068397018196e-02
6.000000000000000000e+00 6.681761839643978185e-01 2.373127758411116006e-01 3.924298675052051433e-02 3.853324919662179382e-02
