1.400000000000000000e+01 7.293105042345833233e-01 6.618952360081425956e-01 3.531955163834898936e-02 4.253993639896402890e-02
1.400000000000000000e+01 7.648624931514382830e-01 7.183495507812052150e-01 3.214748995608840421e-02 4.327042090569888089e-02
3.000000000000000000e+00 5.469267864442197702e-01 7.885477232549644722e-01 4.137937863887064527e-02 5.806274645332620832e-02
2.000000000000000000e+00 3.043350275522900272e-01 8.291682163231993696e-01 4.257573774007888945e-02 6.024408530892166880e-02
6.000000000000000000e+00 1.798485214429079715e-01 8.464873793830534066e-01 3.822474618093563148e-02 5.345000223181106680e-02
9.000000000000000000e+00 5.740381448901756833e-01 6.311455412704680690e-01 4.091387548688285580e-02 5.405185334852324885e-02
5.000000000000000000e+00 4.685004771738392471e-01 6.382961519887830892e-01 3.822451760094447426e-02 5.344063045217384289e-02
1.000000000000000000e+00 3.544244753266342363e-01 6.507023024362408314e-01 3.833792184905643330e-02 4.986958239535155268e-02
5.000000000000000000e+00 2.473140772674027876e-01 6.754156281949859064e-01 3.805936855733474400e-02 5.155798850002046851e-02
5.000000000000000000e+00 1.249785945922892161e-01 7.139334996420794166e-01 3.516477441183786523e-02 5.018267983823665457e-02
1.000000000000000000e+00 6.121527155153745348e-01 4.894290897290296538e-01 4.009727346848024343e-02 5.147015663841919553e-02
1.500000000000000000e+01 5.255985874919908429e-01 5.146919932177596024e-01 3.853772933382504373e-02 5.039111621767144999e-02
7.000000000000000000e+00 4.118795275872243478e-01 5.240318430876144129e-01 3.934415954262121540e-02 5.245916511515053005e-02
1.500000000000000000e+01 2.720598613848920211e-01 5.447677627102609499e-01 3.546755718262201151e-02 4.977529314899997726e-02
7.000000000000000000e+00 1.754552854441494003e-01 5.688488933584681106e-01 3.579405512748856655e-02 4.772515920832764991e-02
7.000000000000000000e+00 8.150098021085749878e-02 5.930752865910545735e-01 3.764106717352047604e-02 4.674077947641719355e-02
8.000000000000000000e+00 6.702119475513366176e-01 3.551117439287910793e-01 3.991080934069524133e-02 4.866182286708448101e-02
8.000000000000000000e+00 5.517763395365717916e-01 3.679356528825841188e-01 3.930192938925525237e-02 5.033439980736603703e-02
1.000000000000000000e+00 4.561496002254927795e-01 3.994040745436983064e-01 3.638396293966267292e-02 4.767987179757998684e-02
0.000000000000000000e+00 3.439462971008257486e-01 4.166084047304956517e-01 3.572539541264529994e-02 4.722791201006809603e-02
6.000000000000000000e+00 2.250067559230599645e-01 4.357515218297738913e-01 3.760260859000857936e-02 4.517937812933381370e-02
3.000000000000000000e+00 1.243920869074834762e-01 4.738717926685021009e-01 3.316664241915337485e-02 4.628087653421258940e-02
0.000000000000000000e+00 6.116920411156997472e-01 2.247004587349117899e-01 3.773552785486544714e-02 4.745166324891031406e-02
9.000000000000000000e+00 4.997479762735017594e-01 2.653769539009797063e-01 3.894583033553405960e-02 4.819694831007226288e-02
6.000000000000000000e+00 2.803454717630394222e-01 2.928356253572467205e-01 3.517660342638018189e-02 4.309610008994407826e-02
3.000000000000000000e+00 1.751674175177881376e-01 3.511376093438157708e-01 3.411153495759181031e-02 4.341365484265663488e-02
0.000000000000000000e+00 2.244757931761049430e-01 2.146214097461594528e-01 3.279368559108455927e-02 4.312947276865267132e-02
2.000000000000000000e+00 3.223709460331600773e-01 1.862272175310913935e-01 3.478850317389731162e-02 4.408965159399960698e-02
2.000000000000000000e+00 4.445187788217845881e-01 1.608680104348378936e-01 3.662960071265802808e-02 4.387152913743963545e-02
8.000000000000000000e+00 5.301307858391225425e-01 1.244949336172539445e-01 3.453466509371927451e-02 4.230512760304978859e-02
