1.500000000000000000e+01 6.192673672197703816e-01 4.853769351771722862e-01 3.815616028809010185e-02 4.817303854963411736e-02
1.600000000000000000e+01 2.086723754907357509e-01 4.389611288738737294e-01 2.218054542651745620e-02 3.093985424171424858e-02
1.400000000000000000e+01 1.472469391116532633e-01 2.782620419239519305e-01 2.630205429680107510e-02 3.575230724696387696e-02
8.000000000000000000e+00 3.357319291636929881e-01 5.851029759361398019e-01 3.660886000910007487e-02 4.538828004835626651e-02
0.000000000000000000e+00 3.855025179641637934e-01 4.581196258258544152e-01 3.713135859841837361e-02 4.950880582807831720e-02
3.000000000000000000e+00 4.555771289272464442e-01 3.451277891174997503e-01 3.920781439424331216e-02 5.500813016453892645e-02
1.000000000000000000e+00 5.257401759084170401e-01 1.832510720280361716e-01 3.713835258555631125e-02 5.227870561772585134e-02
5.000000000000000000e+00 5.622427216953598261e-01 3.455617674238248838e-01 3.765439086547006653e-02 5.019590186570321855e-02
7.000000000000000000e+00 4.887253556739961646e-01 4.557366985695384676e-01 3.816997973255553678e-02 5.089327822177219796e-02
9.000000000000000000e+00 4.361171181000353947e-01 5.908965533218262234e-01 3.764646996437398530e-02 4.677264008884307600e-02
2.000000000000000000e+00 3.859270586010978832e-01 6.982179938918579021e-01 3.557933948473279706e-02 4.469843135715878546e-02
7.000000000000000000e+00 4.380862484948397917e-01 8.101047104116614328e-01 3.301122605492085027e-02 4.538120179631299766e-02
6.000000000000000000e+00 4.862432907566224816e-01 7.019555637653998037e-01 3.300322088891960437e-02 4.192684626940579307e-02
0.000000000000000000e+00 5.422033756002215821e-01 5.988635192327075307e-01 3.559658570201285066e-02 4.607683667767270563e-02
6.000000000000000000e+00 6.742571276349590415e-01 3.688034327141883617e-01 3.662366254412696698e-02 5.156251009947859787e-02
3.000000000000000000e+00 7.374572952723730257e-01 2.301313605333700218e-01 3.920020246446676015e-02 5.499869249514796610e-02
2.000000000000000000e+00 5.331938561929568943e-01 8.038363845496467874e-01 3.587965960713845881e-02 4.128744416816709784e-02
5.000000000000000000e+00 6.486435176142675285e-01 6.037492546172460450e-01 3.465354905876105729e-02 4.456591074946048003e-02
8.000000000000000000e+00 7.181978770521727506e-01 4.814823095643457895e-01 3.899077608655265870e-02 5.034889884538390481e-02
7.000000000000000000e+00 7.828268123351542762e-01 3.654486783053177978e-01 3.899268609107220396e-02 5.116067885451641706e-02
3.000000000000000000e+00 8.524174618589320795e-01 2.423584510837148431e-01 3.591111850510841919e-02 5.362466894970838172e-02
8.000000000000000000e+00 8.800822762921673981e-01 3.672791648426405597e-01 3.405543676110800444e-02 5.115073559569377482e-02
1.000000000000000000e+00 8.109964859042033680e-01 4.999095275800347071e-01 3.528272701815937662e-02 4.950119389830159866e-02
0.000000000000000000e+00 7.407740462089636990e-01 6.093144179330294286e-01 3.465736906780025883e-02 4.621014375782017680e-02
5.000000000000000000e+00 6.863028801091486386e-01 7.058907348418151928e-01 3.466113290023586924e-02 4.785437676618009561e-02
0.000000000000000000e+00 6.355739746292693448e-01 8.089648590379854287e-01 3.403156170461296703e-02 4.209863432296268027e-02
2.000000000000000000e+00 7.094651678587415855e-01 8.180870968002083021e-01 3.265821227841569918e-02 4.183673899736317647e-02
9.000000000000000000e+00 7.746243821906285687e-01 7.208932024006505790e-01 3.179685641667862050e-02 4.069826395047337897e-02
1.500000000000000000e+01 8.399479692644082895e-01 6.258411533634125057e-01 3.438496871734297855e-02 4.584729907569928820e-02
6.000000000000000000e+00 9.086626850978360981e-01 5.026379409479844185e-01 3.266787465422027470e-02 4.584022082365624140e-02
