1.500000000000000000e+01 1.993328625127712694e-01 5.710483160782081624e-01 3.354368114212114005e-02 4.996321753669175081e-02
1.100000000000000000e+01 8.097436906767152553e-01 4.271940975194961632e-01 2.911246189863880840e-02 4.318889103762146853e-02
1.000000000000000000e+01 7.180524004662960369e-01 6.534844218496089763e-01 3.115324311411982183e-02 3.354511452150810147e-02
1.000000000000000000e+00 5.570108807090814462e-01 7.901580824899028244e-01 4.065637293445834022e-02 5.639025668712671635e-02
7.000000000000000000e+00 3.218342623636334388e-01 8.558561783690417091e-01 3.959347823999542770e-02 5.860468157692555469e-02
1.000000000000000000e+00 2.112832097364226724e-01 8.460225229631043176e-01 4.108694255074563095e-02 5.041938321346206564e-02
6.000000000000000000e+00 1.567456836649875895e-01 7.336896919998612265e-01 3.918244938759696261e-02 5.018594714185586891e-02
2.000000000000000000e+00 2.618633508360392881e-01 6.915364029430675075e-01 3.853011550328369617e-02 5.556492268658785871e-02
3.000000000000000000e+00 3.684434891451761063e-01 6.829654670192049082e-01 3.683115139265452642e-02 5.225135908068201385e-02
3.000000000000000000e+00 4.736779767362728211e-01 6.577467363465432371e-01 3.691396561805770915e-02 5.550454523648840066e-02
0.000000000000000000e+00 6.084252632382849413e-01 6.504881908884129205e-01 4.331473589727685702e-02 5.252446173287705911e-02
7.000000000000000000e+00 6.612903134651108017e-01 4.820536659107700350e-01 4.092614078563028279e-02 5.457808485756060479e-02
1.000000000000000000e+00 5.227034716274243653e-01 5.212983502911416878e-01 4.169630430608783911e-02 5.245121312093442567e-02
7.000000000000000000e+00 4.109171531212970629e-01 5.322210229995549824e-01 3.599598850489021951e-02 5.113747703373672238e-02
5.000000000000000000e+00 3.172995326515571368e-01 5.490646641768508474e-01 3.596904682294166378e-02 5.004372080349128726e-02
1.500000000000000000e+01 5.465017233275134556e-01 1.257553192534621445e-01 3.422740310974692335e-02 4.512658594779679622e-02
8.000000000000000000e+00 1.008402748686927225e-01 6.088212562334396338e-01 3.349611634858329356e-02 4.779501181896528283e-02
8.000000000000000000e+00 1.482529400493209359e-01 4.768925201539097047e-01 3.385302781596030708e-02 4.563622545149659260e-02
7.000000000000000000e+00 2.626801723181773629e-01 4.345455347376998567e-01 3.349485848503955254e-02 4.718828280127279617e-02
6.000000000000000000e+00 3.560405011879407833e-01 4.306710371228859024e-01 3.706180846340834112e-02 4.942496895053183348e-02
9.000000000000000000e+00 4.715044762906064335e-01 3.850814403804294628e-01 3.625572270035293254e-02 4.834156815504192517e-02
5.000000000000000000e+00 5.675033348328940574e-01 3.593165775349790869e-01 3.940623208782101372e-02 4.951375071460761834e-02
0.000000000000000000e+00 6.906519786086133816e-01 3.533789496873021019e-01 3.941383777436457958e-02 4.951407249365380459e-02
5.000000000000000000e+00 6.119856021198888385e-01 2.387368421472697566e-01 3.825297598669252785e-02 5.050518120820168821e-02
2.000000000000000000e+00 5.008842780712513543e-01 2.637822070456990464e-01 3.738961355343589643e-02 4.683517417716762110e-02
0.000000000000000000e+00 2.960879456922931308e-01 3.267592661796363540e-01 3.349585307481839358e-02 4.718834130655391590e-02
9.000000000000000000e+00 1.904849187091999518e-01 3.370426809340632546e-01 3.534766223233254401e-02 4.258444372589198501e-02
6.000000000000000000e+00 2.312437051382313924e-01 2.211501546473083613e-01 3.299879220655599354e-02 4.248018731496414069e-02
3.000000000000000000e+00 3.145912208049957970e-01 2.048946816872745935e-01 3.304720532666977073e-02 4.456329710132431177e-02
2.000000000000000000e+00 4.181725392942476915e-01 1.901746652035036789e-01 3.462175795703065218e-02 4.515338136654262202e-02
