6.000000000000000000e+00 7.225180045513626137e-01 7.775449909227312162e-01 3.234406312502891012e-02 3.881178843585331162e-02
1.400000000000000000e+01 2.515189579198949810e-01 4.508476090535118441e-01 2.888083154305406963e-02 3.478301756528717759e-02
1.200000000000000000e+01 3.143166525513473308e-01 2.804271354146109507e-01 2.652212088938193935e-02 4.226050437350664657e-02
1.000000000000000000e+00 4.796271980548520442e-01 1.865888906730523988e-01 4.722229954311674138e-02 5.864091969888296507e-02
0.000000000000000000e+00 7.338293611631354629e-01 1.951430359836764383e-01 3.816603254353045926e-02 5.693981666211059278e-02
5.000000000000000000e+00 8.473733405995638179e-01 1.825666165047200307e-01 3.880722171629136241e-02 6.381892729346094750e-02
1.000000000000000000e+00 8.881820358952344785e-01 3.353538306441743444e-01 3.557931210602238714e-02 5.174267233794033194e-02
5.000000000000000000e+00 7.623100610874409266e-01 3.660097841368983307e-01 4.010422443755323751e-02 5.520136438320771832e-02
9.000000000000000000e+00 6.585151580641208646e-01 3.518846758865448177e-01 3.687631482728415122e-02 5.692067993251825886e-02
0.000000000000000000e+00 5.385029640254863637e-01 3.631520370482534954e-01 3.751750400004516539e-02 5.605602051262870145e-02
6.000000000000000000e+00 4.531433642160820341e-01 3.486523082881320401e-01 4.010422443755312649e-02 5.520136438320777383e-02
8.000000000000000000e+00 3.532806649725941384e-01 4.867711920122143043e-01 4.010425162040776037e-02 5.261643801409898735e-02
3.000000000000000000e+00 4.716990738841587705e-01 4.720492434162728568e-01 3.878533951839119309e-02 5.175270281126354011e-02
3.000000000000000000e+00 5.858742256114524150e-01 4.569008366069660654e-01 4.076645313972393492e-02 5.006073321361481643e-02
9.000000000000000000e+00 6.351663907959572697e-01 7.915040934804421502e-01 3.234406312502879910e-02 4.139579058790787691e-02
0.000000000000000000e+00 6.935483394396895207e-01 4.735846805460843800e-01 3.627062646254508582e-02 5.351031900261316032e-02
1.000000000000000000e+00 5.526787139338376065e-01 7.968516677216066491e-01 3.299253730280515828e-02 3.881178843585331162e-02
3.000000000000000000e+00 4.455969688716175381e-01 8.120414196526605233e-01 3.234406312502891012e-02 3.708246959607408577e-02
1.500000000000000000e+01 8.210810779281261240e-01 4.570104922421585059e-01 3.686902982226880621e-02 4.743845760237547227e-02
8.000000000000000000e+00 9.190979118430180339e-01 4.482628457815301948e-01 3.493083792824613898e-02 4.485448263317542983e-02
0.000000000000000000e+00 8.642320926161848327e-01 5.636624355999054758e-01 3.557191836958895070e-02 4.312510942768721378e-02
6.000000000000000000e+00 7.578058077253563285e-01 5.728206654868508441e-01 3.493078356253698225e-02 4.312510942768710276e-02
1.500000000000000000e+01 6.562334836201995092e-01 5.811248644500297544e-01 3.622784064950768101e-02 4.657374381677681363e-02
8.000000000000000000e+00 5.433411859383823206e-01 5.898259602722675243e-01 3.687631482728415122e-02 4.226042282494302249e-02
5.000000000000000000e+00 4.291860136091715794e-01 5.817111170737764292e-01 3.751753118289957722e-02 4.571003579679588924e-02
2.000000000000000000e+00 3.256277509260020464e-01 6.150209326547089184e-01 3.880722171629141792e-02 4.571003579679600026e-02
7.000000000000000000e+00 7.837983794255505288e-01 6.897658452312063204e-01 3.428230938476051204e-02 4.054116164134158318e-02
7.000000000000000000e+00 6.916626104549185028e-01 6.748079902321868495e-01 3.619951611508276379e-02 4.399979932090003487e-02
2.000000000000000000e+00 4.904247851244945555e-01 7.035123506836027385e-01 3.622050127878340131e-02 4.398985039614033976e-02
2.000000000000000000e+00 3.924040232871224831e-01 7.139847900387301660e-01 3.557928492316786429e-02 4.312516379339614847e-02
