1.000000000000000000e+00 5.389203784729417190e-01 3.832530215838203524e-01 5.024340927557069403e-02 3.675760815440898277e-02
7.000000000000000000e+00 6.810560643701173422e-01 4.433206518120204054e-01 4.745711017873233128e-02 3.559330551931499942e-02
5.000000000000000000e+00 7.944812011259234641e-01 4.928735599335142825e-01 5.158386167218054208e-02 3.601671516419380215e-02
3.000000000000000000e+00 2.940028731636386006e-01 3.683656476454422180e-01 4.399174784018394790e-02 3.483686642598621264e-02
2.000000000000000000e+00 4.094064584279614727e-01 4.083422153595809290e-01 4.677216542652884446e-02 3.558780822809992639e-02
1.500000000000000000e+01 5.425243553050318468e-01 4.911651436894423073e-01 4.774007289966408774e-02 3.610869134839483907e-02
0.000000000000000000e+00 6.634531763481272826e-01 5.396564539445112274e-01 5.121767114446540425e-02 3.530833303600344752e-02
3.000000000000000000e+00 1.910733066612731179e-01 4.192144239495784186e-01 4.474653183508248144e-02 3.541097869401438336e-02
7.000000000000000000e+00 2.990136836615274740e-01 4.688957943090638070e-01 4.771453709531020548e-02 3.430711670695735238e-02
1.500000000000000000e+01 5.150086394537305434e-01 5.711030876785556654e-01 4.472531110877908667e-02 3.391533126422985323e-02
5.000000000000000000e+00 6.445238747108563704e-01 6.573812408690793418e-01 4.900054857569335898e-02 3.705375255212539631e-02
7.000000000000000000e+00 7.705650879180034885e-01 6.933147282264897626e-01 4.982425559808423277e-02 3.674637712934591960e-02
9.000000000000000000e+00 1.728431067788508690e-01 5.321479521385765743e-01 4.421323547655997555e-02 3.316752232700215242e-02
2.000000000000000000e+00 2.946413864938048910e-01 5.829690498769981577e-01 4.773132452224665423e-02 3.548749744108892212e-02
3.000000000000000000e+00 4.135272988555871443e-01 6.272950684894549322e-01 4.822658317220018809e-02 3.506272825107104030e-02
1.000000000000000000e+00 5.203032549994310862e-01 6.807116265646294684e-01 4.725037065158388394e-02 3.616661979345714428e-02
1.000000000000000000e+00 6.497625863515388289e-01 7.653667488568898225e-01 4.814905954393555731e-02 3.533782925445871914e-02
6.000000000000000000e+00 7.654151604859776858e-01 8.214903090808917119e-01 4.978955764170511777e-02 3.488291362874496038e-02
0.000000000000000000e+00 1.793717164256948549e-01 6.243645689418719780e-01 4.246246644586837427e-02 3.292392730444937410e-02
9.000000000000000000e+00 2.804110275216179504e-01 6.670972597618244349e-01 4.642817095097778735e-02 3.437332064417142341e-02
0.000000000000000000e+00 4.146856165365356839e-01 7.364726611217260466e-01 4.372787786185938774e-02 3.353158487102114726e-02
2.000000000000000000e+00 5.048175482008162573e-01 8.230177580448023722e-01 4.821047551783336216e-02 3.468684357540652297e-02
6.000000000000000000e+00 1.579399502947261280e-01 7.258299644399587303e-01 4.423995349407849886e-02 3.427933469759070206e-02
5.000000000000000000e+00 2.702056906000710468e-01 7.722774941315058150e-01 4.521510202284662050e-02 3.316858631885022390e-02
6.000000000000000000e+00 3.952300231537420050e-01 8.456378996264278802e-01 4.605902489035113012e-02 3.428601420197030514e-02
8.000000000000000000e+00 6.346513307951264782e-01 8.799975361532197393e-01 4.632271753670103021e-02 3.634265133365666145e-02
8.000000000000000000e+00 4.979862328731926580e-01 8.982626113239957633e-01 4.620724486585497948e-02 3.318342309406518975e-02
1.300000000000000000e+01 6.800040128749960111e-01 1.915045928013606735e-01 3.212971650051354988e-02 2.641185386424427239e-02
8.000000000000000000e+00 4.302468963116934941e-01 3.150982553163029776e-01 4.781292678592874434e-02 3.688339563511577879e-02
1.200000000000000000e+01 9.779123908542532995e-01 2.057386314120221993e-01 3.259503560207510642e-02 2.233602620285835005e-02
