5.000000000000000000e+00 6.856699529089949063e-01 1.956566863360763020e-01 4.395744618024055583e-02 3.465638763400791245e-02
8.000000000000000000e+00 2.622448214989123727e-01 1.480103228519569769e-01 4.486071923793960581e-02 2.972622079361755820e-02
8.000000000000000000e+00 4.529167755280602559e-01 1.535284054672955145e-01 4.365603552149555089e-02 3.354229351575691020e-02
0.000000000000000000e+00 5.617106383332256536e-01 1.713028207437675421e-01 4.365561246920024452e-02 3.110508924183003066e-02
2.000000000000000000e+00 7.453002738847118724e-01 2.815160945087901156e-01 4.454345821985938869e-02 3.312474090017530903e-02
1.000000000000000000e+00 6.065412362477312636e-01 2.613572436813735300e-01 4.584741820829574266e-02 3.337154960932453562e-02
0.000000000000000000e+00 4.695455369850427552e-01 2.371738258588903248e-01 4.597495437362236759e-02 3.399727215774023259e-02
5.000000000000000000e+00 3.315083675814841646e-01 2.116742641418625226e-01 4.889818932801653917e-02 3.391508719848290720e-02
8.000000000000000000e+00 1.525126710077301384e-01 1.970913412803118603e-01 4.745690656448611766e-02 3.287488621449899395e-02
1.500000000000000000e+01 9.412323292320226575e-02 2.588701756435595192e-01 4.974175560508829752e-02 3.394977748670752193e-02
6.000000000000000000e+00 2.127485772426006561e-01 2.818707392480424567e-01 5.009190188826601053e-02 3.454013286322588083e-02
1.000000000000000000e+00 3.660999012986038692e-01 3.054183517757357302e-01 4.848373909593473030e-02 3.664617180029638988e-02
7.000000000000000000e+00 5.170917498890925668e-01 3.357144381130300892e-01 5.134402386877012781e-02 3.609476543844314378e-02
6.000000000000000000e+00 6.416566356222721534e-01 3.398689808749935093e-01 4.680278310530439079e-02 3.429515738069016662e-02
6.000000000000000000e+00 7.990655388541282322e-01 3.592375559128184737e-01 4.851236563459160323e-02 3.356248721199167617e-02
3.000000000000000000e+00 1.126764169668305338e-01 3.622503510381534508e-01 5.435161545087141555e-02 3.628567483762401569e-02
7.000000000000000000e+00 2.707803246113491547e-01 3.733726779196647749e-01 4.899929882662246161e-02 3.405968647305818164e-02
3.000000000000000000e+00 4.244392499913538508e-01 3.881502612440823619e-01 5.078359239128121816e-02 3.573706062092057989e-02
5.000000000000000000e+00 5.772855624205686098e-01 4.317331510236994685e-01 4.660671246811942670e-02 3.495545740338501517e-02
9.000000000000000000e+00 6.946883561149128639e-01 4.492243186866431981e-01 4.584730539435033503e-02 3.640209882932410324e-02
1.500000000000000000e+01 8.396162859167661807e-01 4.690550924589599324e-01 4.498061225846217148e-02 3.709212532664407647e-02
2.000000000000000000e+00 3.147558351246043107e-01 4.770181917139474370e-01 5.295937855012355922e-02 3.551732725867834395e-02
1.000000000000000000e+00 4.553073312355452318e-01 4.959430977078199687e-01 4.811071978531783477e-02 3.692941941382460458e-02
0.000000000000000000e+00 6.210295646160255423e-01 5.111915241352992245e-01 4.762734023256853799e-02 3.656776610821138584e-02
7.000000000000000000e+00 7.727726694727248269e-01 5.354337885320755719e-01 4.731540967341063553e-02 3.716395960640661578e-02
9.000000000000000000e+00 2.133303164540356622e-01 5.691841391667211703e-01 5.224808662408716997e-02 3.797638923453527937e-02
2.000000000000000000e+00 5.326314901271994584e-01 6.238899057958335881e-01 5.299897624497518223e-02 4.008369732849215161e-02
3.000000000000000000e+00 6.923214067255125670e-01 6.035806316739080746e-01 5.544404929159674200e-02 3.956633257467712106e-02
1.000000000000000000e+01 4.909767880996573353e-01 9.427165558109655841e-01 3.230114269144757078e-02 2.953311152250059912e-02
1.300000000000000000e+01 5.860552954872374487e-01 7.360844462742633931e-01 3.561000391486213168e-02 2.872874809147130115e-02
