5.000000000000000000e+00 1.540558562492034267e-01 3.645694314522583968e-01 3.623364571500353737e-02 5.297182456715660015e-02
1.200000000000000000e+01 7.420058659758714814e-01 2.435433081672880862e-01 2.692431792434168969e-02 3.366134967988834714e-02
1.600000000000000000e+01 7.418140377246702499e-01 1.396477718483333241e-01 2.384422215759085528e-02 3.118708937315199659e-02
1.000000000000000000e+00 5.993922281551591347e-01 1.331408897941701031e-01 3.751765739643031505e-02 5.068075876698202586e-02
1.000000000000000000e+00 4.823081164989607705e-01 9.564517035980121817e-02 3.852432844800968148e-02 4.671515904065449976e-02
6.000000000000000000e+00 3.823477702665117883e-01 7.094517614823460383e-02 3.506199058070885721e-02 4.767371096255490492e-02
3.000000000000000000e+00 2.902264663660371058e-01 1.791035870494680771e-01 3.716199426401894934e-02 4.954964981911641475e-02
2.000000000000000000e+00 3.994296487687430952e-01 2.332985598183499876e-01 3.716102186274561348e-02 4.862359967311075115e-02
1.500000000000000000e+01 5.082694772289666485e-01 2.654860880349204644e-01 3.785304743562700747e-02 4.675367202442104464e-02
6.000000000000000000e+00 6.017326506866335079e-01 2.841912283961633978e-01 3.646993922443231284e-02 5.141925333404834264e-02
2.000000000000000000e+00 2.158918403574026645e-01 2.846072835409920176e-01 3.856879370623747527e-02 5.219531795031318033e-02
5.000000000000000000e+00 4.350758609811630206e-01 3.361134341888333266e-01 3.389248651589776840e-02 4.985141834761874780e-02
9.000000000000000000e+00 5.427550990549147025e-01 3.905640600924956685e-01 3.700776552872153680e-02 4.934302928187800363e-02
8.000000000000000000e+00 6.489990139157622018e-01 4.630737246446574584e-01 3.602970664794324929e-02 5.128512089173387078e-02
8.000000000000000000e+00 6.561092120266409644e-01 6.113711215749781935e-01 3.855924649373532187e-02 5.064230471662611865e-02
9.000000000000000000e+00 5.516610865840647637e-01 5.470618348279634446e-01 3.447616301356160040e-02 4.829952484873145657e-02
2.000000000000000000e+00 4.566282217375374763e-01 4.806271440977099019e-01 3.797898813388095318e-02 4.908817174813934203e-02
7.000000000000000000e+00 3.470905480301449963e-01 4.106587029399733635e-01 3.564640374600402950e-02 5.219959062257484295e-02
5.000000000000000000e+00 2.556928285438783144e-01 4.064110921110160035e-01 3.739870030732134198e-02 4.752319503211943630e-02
0.000000000000000000e+00 1.632606803696832753e-01 4.947668015470720881e-01 3.857097424242625361e-02 5.422127180332075858e-02
0.000000000000000000e+00 2.690495261679465289e-01 5.347338788177098401e-01 4.206198321393889161e-02 5.143118734967622174e-02
7.000000000000000000e+00 3.722069362536505333e-01 5.801751037901343722e-01 3.925713594096214010e-02 5.422256833835203960e-02
3.000000000000000000e+00 4.681327748695364166e-01 6.214810597473811038e-01 3.576595016921801928e-02 4.953606566799440003e-02
1.500000000000000000e+01 1.824222305285996548e-01 6.387373516780086025e-01 3.681310847381608076e-02 4.830400378792987226e-02
8.000000000000000000e+00 2.828880044229113988e-01 6.880809113605811378e-01 3.506263884822446997e-02 4.830064458353100498e-02
3.000000000000000000e+00 4.001617195940642135e-01 7.444355726242642968e-01 3.914648846273482974e-02 5.142435107405729511e-02
6.000000000000000000e+00 4.974722281565231441e-01 8.032025846469459385e-01 3.973208029624003546e-02 5.064460311963581152e-02
1.000000000000000000e+00 2.108924896773675117e-01 7.940734162922048478e-01 3.564516614438340003e-02 5.141763266525933851e-02
0.000000000000000000e+00 3.250553311081320063e-01 8.564943586997464386e-01 3.857636664948765892e-02 5.764518508697091814e-02
7.000000000000000000e+00 4.149228151238727458e-01 8.817111105213458755e-01 3.739684390489034227e-02 5.297406403675597453e-02
