1.400000000000000000e+01 6.715447892415919995e-01 8.451642885348065182e-01 2.557985541021956521e-02 3.410706789662731886e-02
6.000000000000000000e+00 1.862468362271580968e-01 4.093372174003796493e-01 3.184942781468511064e-02 4.276396494917916735e-02
2.000000000000000000e+00 2.535566901539271778e-01 3.243031850835135232e-01 3.163066779909085025e-02 4.128119217500331173e-02
8.000000000000000000e+00 3.329273437358052368e-01 2.299816263726712773e-01 3.003940604161986494e-02 4.176968960799895547e-02
8.000000000000000000e+00 3.972314075075521478e-01 1.593886171637274862e-01 3.059888842660235531e-02 4.080684313106858196e-02
7.000000000000000000e+00 1.946350623916365818e-01 5.438356244183145671e-01 3.367038488845583433e-02 4.489386451843602188e-02
6.000000000000000000e+00 2.669829038560112555e-01 4.388854394351268118e-01 3.165251139975933103e-02 4.414178583732503158e-02
5.000000000000000000e+00 3.322742227758929690e-01 3.411469097623659463e-01 3.079785689795677683e-02 4.195704776008590819e-02
3.000000000000000000e+00 4.188547091180802040e-01 2.707732005838659473e-01 3.303484141189977352e-02 4.125303040059391524e-02
1.000000000000000000e+00 4.831690601727131051e-01 1.866379014809052272e-01 3.380584761349125777e-02 4.657738781297027231e-02
1.500000000000000000e+01 2.779389411317011449e-01 5.729103209317727430e-01 3.339524732255788608e-02 4.632765794574833507e-02
2.000000000000000000e+00 3.587738719791543351e-01 4.808853778746464136e-01 3.330015070753405970e-02 4.517059512814058930e-02
0.000000000000000000e+00 4.369031799257648840e-01 3.927688057922513742e-01 3.301261980083664005e-02 4.338325397876069411e-02
2.000000000000000000e+00 5.003445159737069936e-01 3.138130591197325625e-01 3.293607269589837738e-02 4.329628458722406537e-02
3.000000000000000000e+00 5.924473291721532586e-01 2.334290811728529091e-01 3.273413414287074108e-02 4.338611605746384159e-02
0.000000000000000000e+00 2.900910572978863122e-01 7.362338431000274852e-01 3.312599591852116721e-02 4.862169502855728798e-02
1.000000000000000000e+00 3.878379977019305036e-01 5.979828863922287407e-01 3.296358645248814723e-02 4.673655718990532559e-02
3.000000000000000000e+00 4.631362642988665623e-01 5.360834682448705202e-01 3.412051426638362805e-02 4.586065310376907789e-02
1.500000000000000000e+01 5.191547317283115026e-01 4.556250762517087272e-01 3.305360692792524979e-02 4.406394269674762665e-02
1.000000000000000000e+00 6.071213956884430329e-01 3.644058353502639402e-01 3.467597354073626015e-02 4.512029274489542940e-02
5.000000000000000000e+00 6.712301495894419379e-01 2.560660176569212187e-01 3.379947543826522516e-02 4.444778525188067264e-02
7.000000000000000000e+00 4.614610167319033174e-01 6.604865541556054209e-01 3.555476670631829705e-02 4.662839221551995372e-02
8.000000000000000000e+00 5.526874938323333986e-01 5.857408307528337854e-01 3.722295357912219771e-02 4.517672429668395662e-02
9.000000000000000000e+00 6.277211531529396371e-01 4.708010460696368527e-01 3.577452574938433383e-02 4.732533538048144806e-02
7.000000000000000000e+00 6.700465720427161154e-01 3.959954620207812304e-01 3.552714494675845991e-02 4.810959894663180414e-02
5.000000000000000000e+00 5.032847753267237767e-01 8.226656228529918291e-01 3.904053556008257875e-02 5.353415611436107557e-02
0.000000000000000000e+00 5.597266143982962960e-01 7.011160564100480386e-01 3.618056291483795484e-02 4.861494484293660268e-02
9.000000000000000000e+00 6.540031628714200185e-01 6.302541468067197616e-01 3.734721099602722472e-02 4.704204359035379923e-02
1.600000000000000000e+01 7.556307984891506013e-01 7.513492367521958926e-01 2.386838634721588637e-02 2.845332842670567075e-02
3.000000000000000000e+00 7.054782963655410466e-01 5.027499986211129146e-01 3.670038120911356394e-02 4.862093900776770505e-02
