6.000000000000000000e+00 7.602295508837447757e-01 5.965938341169494397e-01 4.204857597108957457e-02 4.072134054919585022e-02
1.100000000000000000e+01 9.368996145441039758e-01 4.622371850852877717e-01 4.111915361690343662e-02 3.648377785050715971e-02
0.000000000000000000e+00 7.009843833642454003e-01 4.990710678474774564e-01 4.040443959137429708e-02 4.073558523283221655e-02
5.000000000000000000e+00 6.347319272405395063e-01 3.935251132790756334e-01 4.152711674258680041e-02 4.285452517683241425e-02
1.000000000000000000e+00 5.676287982181354996e-01 2.854579938839935660e-01 4.527306484346826920e-02 4.394559873843872921e-02
2.000000000000000000e+00 4.380962381756603463e-01 2.858231508702878676e-01 4.483540126404916837e-02 4.383899429430165862e-02
8.000000000000000000e+00 5.119843926009159940e-01 4.035988151368455346e-01 4.117244142127607365e-02 4.050790097778578236e-02
9.000000000000000000e+00 5.747613189296956193e-01 5.052291685756722384e-01 3.890603728270802808e-02 3.874014727266728020e-02
7.000000000000000000e+00 6.361388060150724444e-01 6.007934782751890301e-01 3.901174782969385468e-02 3.918602893879974403e-02
8.000000000000000000e+00 6.483835822055359355e-01 7.940700748579432311e-01 3.761369268510572628e-02 3.761369268510572628e-02
2.000000000000000000e+00 5.798492950085548658e-01 7.092145521067825253e-01 3.769016414462744713e-02 3.701737677903194079e-02
0.000000000000000000e+00 5.186255293978047076e-01 6.170052258460339001e-01 3.885453727263804558e-02 3.852275725255649430e-02
9.000000000000000000e+00 4.586130376801149655e-01 5.050793542966582894e-01 3.949459646834013737e-02 3.949456763294811878e-02
3.000000000000000000e+00 3.832438254344670003e-01 4.059929168087813567e-01 4.281744286275063205e-02 4.397901895773947967e-02
1.500000000000000000e+01 3.054838708400484659e-01 2.981616276669790122e-01 4.388922554712471058e-02 4.388925438251667366e-02
7.000000000000000000e+00 2.494689881067150006e-01 4.164515567317414457e-01 4.305449862018934093e-02 4.180999193787615642e-02
3.000000000000000000e+00 3.951241943588277294e-01 6.182112084446665934e-01 4.015077464815702823e-02 3.975281740348957094e-02
5.000000000000000000e+00 4.631127285095659185e-01 7.131337720780506206e-01 3.897218567190208205e-02 3.827431151528715159e-02
1.000000000000000000e+00 5.267054080773603264e-01 8.086604660087342022e-01 3.758872123565415446e-02 3.675849262986707888e-02
8.000000000000000000e+00 5.931751388796089319e-01 8.962400970753057194e-01 3.658317344665007464e-02 3.685705199964273149e-02
7.000000000000000000e+00 4.758312990255951780e-01 9.069097111436617009e-01 3.712677825619081773e-02 3.698588853099360474e-02
0.000000000000000000e+00 4.060572341505849225e-01 8.143541006606676014e-01 3.834299741897512215e-02 3.778635901226101712e-02
1.500000000000000000e+01 3.425945877829084107e-01 7.223860689599783669e-01 4.001542131821939074e-02 3.835551197909292664e-02
2.000000000000000000e+00 2.749355124031975794e-01 6.221475854741609357e-01 3.985503886804619977e-02 3.984728214760446807e-02
6.000000000000000000e+00 1.966437322568607149e-01 5.245848533514094747e-01 4.237346433248864730e-02 4.181795050606174069e-02
1.000000000000000000e+00 1.448300219575416325e-01 6.288538614215245515e-01 4.141388015829511327e-02 3.989566793534105038e-02
6.000000000000000000e+00 2.218173610593421607e-01 7.293918869591937693e-01 3.998367355165327597e-02 3.902927974801551070e-02
5.000000000000000000e+00 2.865371584287136342e-01 8.233525019162423186e-01 3.804305167163568591e-02 3.720497983923110041e-02
3.000000000000000000e+00 3.589777185059656039e-01 9.170775317208429422e-01 3.770671565962196992e-02 3.577387933543807463e-02
