1.600000000000000000e+01 8.616844341061203894e-01 4.409284435733675789e-01 3.116498484658780654e-02 4.068545301447346052e-02
9.000000000000000000e+00 1.476331958166113290e-01 4.038441900932273065e-01 3.246857476114251018e-02 4.314465076779561148e-02
6.000000000000000000e+00 2.394305894805654755e-01 3.188353121791435152e-01 3.526877343711004587e-02 4.552615721143205008e-02
2.000000000000000000e+00 3.105330829095381828e-01 2.271931571551134010e-01 3.415005313270419451e-02 4.553321220434272676e-02
7.000000000000000000e+00 3.829832815556744041e-01 1.734718049950922103e-01 3.278858348039248582e-02 4.290673912931419753e-02
3.000000000000000000e+00 4.248798176899045709e-01 1.767843257378766686e-01 3.451095201494663867e-02 4.228051492185178062e-02
2.000000000000000000e+00 4.988521958472685869e-01 2.194375602545824422e-01 3.645283161463552801e-02 4.561199775782673327e-02
3.000000000000000000e+00 3.334642431218646230e-01 3.791767529317514041e-01 3.533111653772874616e-02 4.544944496198710659e-02
6.000000000000000000e+00 2.569276486024226758e-01 4.324385514923385632e-01 3.371175089967043403e-02 4.805990752249184039e-02
9.000000000000000000e+00 1.620708500637851601e-01 5.238006088998703458e-01 3.250474239826822709e-02 4.386443282002017163e-02
1.000000000000000000e+00 1.660790794952297089e-01 6.606688823654029985e-01 3.377720395634775663e-02 4.528562514701239827e-02
8.000000000000000000e+00 2.474651609579068823e-01 6.046949141628397140e-01 3.403700047079694091e-02 4.538249451905940202e-02
7.000000000000000000e+00 3.311562237880568693e-01 4.916014916740811813e-01 3.498435643719716159e-02 4.694642806996246476e-02
2.000000000000000000e+00 4.100681912266864737e-01 4.316583268681975505e-01 3.727650923592834564e-02 4.970783868286599017e-02
0.000000000000000000e+00 6.153343042063574853e-01 2.480807306862796713e-01 4.096693283366448224e-02 5.204070886925302175e-02
1.500000000000000000e+01 5.477838989222928445e-01 3.647064153500730321e-01 3.880326729357563842e-02 4.958153991182034925e-02
7.000000000000000000e+00 6.156638155691197545e-01 4.100122264155767748e-01 4.016611914858003729e-02 5.011351517317408355e-02
0.000000000000000000e+00 5.181494155989785355e-01 5.303099772975936599e-01 3.974742691624888469e-02 5.048391669892882128e-02
1.500000000000000000e+01 4.282061892555054650e-01 6.123863538217177993e-01 3.891548487468937667e-02 5.152984099485247160e-02
6.000000000000000000e+00 3.403223729344351800e-01 6.553818130863698910e-01 3.776889014931406052e-02 4.927437415925672859e-02
8.000000000000000000e+00 2.280422039549951929e-01 7.592132537087228350e-01 3.546236820175668880e-02 5.122690823803521809e-02
3.000000000000000000e+00 1.413931265768494372e-01 8.077905657725161781e-01 3.457724015241746274e-02 4.718079781404371786e-02
5.000000000000000000e+00 2.249635058343928962e-01 8.990221634029795794e-01 3.727705635782754823e-02 5.185874764393660907e-02
1.000000000000000000e+00 3.376155305320039379e-01 7.898871822528387154e-01 3.814001157230462180e-02 5.042045055862232061e-02
5.000000000000000000e+00 4.207162632308675820e-01 7.491883391497797806e-01 3.928873719349790239e-02 5.489821136518890921e-02
8.000000000000000000e+00 4.103069667418507982e-01 9.200158641846447605e-01 3.782593480627738369e-02 5.580816147121780979e-02
5.000000000000000000e+00 5.469382212414745092e-01 7.972352885220275187e-01 3.808590409606327221e-02 5.401757547460095399e-02
1.000000000000000000e+00 6.521289718244318578e-01 7.043749089976616418e-01 4.522889724483269980e-02 6.032220509846775158e-02
1.300000000000000000e+01 8.706623013294521041e-01 6.584790701577105665e-01 3.160613787267507746e-02 3.865738731771661829e-02
