2.000000000000000000e+00 8.213758939159210293e-01 7.165308148767757235e-01 3.591498639683943228e-02 4.271691313067493834e-02
6.000000000000000000e+00 9.031136295563997329e-01 6.173174677018011813e-01 3.569265264121701531e-02 4.758138547160017939e-02
7.000000000000000000e+00 8.819476938112713604e-01 4.841537560433043508e-01 3.872447658152089467e-02 5.245762842311713081e-02
1.500000000000000000e+01 8.349024061493508508e-01 6.016180591398614386e-01 3.679587987031796015e-02 4.947841554530663100e-02
0.000000000000000000e+00 8.013021281596411916e-01 4.571496271684233337e-01 3.852877531855058990e-02 4.971144985601244626e-02
0.000000000000000000e+00 8.694320867955841470e-01 3.504635176271746477e-01 3.789839372908043735e-02 5.053152850810055385e-02
3.000000000000000000e+00 7.024212710101200852e-01 9.014410733493318784e-01 3.356157764882461425e-02 4.578660514646848423e-02
1.000000000000000000e+00 7.295174246587183831e-01 8.064198766946382158e-01 3.523508501634409207e-02 4.525211242005144907e-02
6.000000000000000000e+00 7.326856509525717653e-01 6.578407373166098582e-01 3.939659033581643932e-02 5.149000100593426055e-02
6.000000000000000000e+00 7.101877041659059309e-01 5.338059367136602784e-01 3.615236037710656269e-02 4.993039510252506030e-02
7.000000000000000000e+00 7.568374576986733882e-01 3.140141128133285831e-01 3.982794160073499512e-02 5.607331626204237196e-02
8.000000000000000000e+00 6.017920026074953244e-01 8.828578949161731693e-01 3.625300504241901756e-02 4.667843696514384355e-02
0.000000000000000000e+00 6.226348410366323582e-01 7.795553306160676321e-01 3.621935774143447695e-02 4.621617298553981623e-02
8.000000000000000000e+00 6.316343050994341901e-01 6.476960166222403004e-01 3.631934848393625348e-02 4.759214547421175556e-02
5.000000000000000000e+00 6.645417518712561922e-01 4.311700318571342061e-01 3.707237032416821343e-02 5.079948824164798316e-02
2.000000000000000000e+00 5.020236533088604514e-01 8.229273257841971390e-01 3.656569904096795831e-02 4.846584579677348792e-02
2.000000000000000000e+00 5.491286262891352798e-01 7.355028098683964455e-01 3.552976641383598366e-02 4.737302188511460788e-02
8.000000000000000000e+00 5.367035875827236291e-01 6.233876548105152793e-01 3.678226638635084811e-02 4.698322444243674401e-02
5.000000000000000000e+00 5.583205220008540248e-01 4.927244993943123430e-01 3.739273305386026092e-02 4.743987063062193865e-02
1.000000000000000000e+00 5.874766513980682614e-01 3.778070324407848957e-01 3.698486356259700347e-02 4.965331017339247310e-02
1.000000000000000000e+00 4.209880970100856046e-01 6.987346622700028043e-01 3.497312948314901249e-02 4.787303504515172392e-02
5.000000000000000000e+00 3.575485929380235461e-01 7.965372601522842100e-01 4.005140485939379102e-02 4.794258865319389606e-02
9.000000000000000000e+00 3.554410443049326185e-01 6.526029642220937399e-01 3.673551090538912378e-02 4.622336613645705583e-02
7.000000000000000000e+00 4.672521549796238016e-01 4.603767808246458371e-01 3.709481176607920538e-02 5.243732709222276300e-02
3.000000000000000000e+00 5.331211011883210116e-01 2.326332704086465086e-01 3.828034409803038329e-02 5.104025073102505528e-02
9.000000000000000000e+00 4.570427553745277094e-01 3.268443310103505417e-01 3.929270578021482052e-02 5.239051216373269426e-02
3.000000000000000000e+00 3.540956427076585866e-01 5.521967132216661911e-01 3.734999028105484564e-02 4.773208495569170040e-02
1.500000000000000000e+01 2.937875371857044948e-01 6.047361414436432936e-01 3.631937820770042569e-02 4.759214547421186658e-02
1.300000000000000000e+01 3.849639055038671098e-01 1.867979182890200929e-01 2.590803534916874540e-02 3.620345552762990748e-02
1.600000000000000000e+01 3.597970173511640946e-01 1.629693128920841616e-01 2.436772016867377877e-02 3.786117957640133813e-02
