6.000000000000000000e+00 1.847891416929201558e-01 3.592040353249868478e-01 4.268768118844576409e-02 3.490035834704541262e-02
2.000000000000000000e+00 1.689512901947663459e-01 4.417019506511197235e-01 4.727977761849891380e-02 3.340249624516972160e-02
8.000000000000000000e+00 5.076956971977755195e-01 8.599749343617271169e-01 4.942779472273522989e-02 3.665799879743758538e-02
6.000000000000000000e+00 1.261235112993721319e-01 5.404168071263919515e-01 4.302182965789209945e-02 3.267203214917069332e-02
2.000000000000000000e+00 1.005903016284035306e-01 6.347794898501772920e-01 4.597766523897550694e-02 3.241964058262991610e-02
0.000000000000000000e+00 1.810437182129054356e-01 7.147014274715377535e-01 4.227679882783733079e-02 3.622796989794851985e-02
5.000000000000000000e+00 5.349682280998369066e-01 7.489557083198730147e-01 5.263141251840675050e-02 3.864977068932684556e-02
0.000000000000000000e+00 2.226885039749141038e-01 6.190366914624848560e-01 4.621614010827440611e-02 3.466859067578043074e-02
3.000000000000000000e+00 2.816912227771347088e-01 4.282356993740384921e-01 4.469523124663499214e-02 3.681660778001677459e-02
9.000000000000000000e+00 3.047877399042621116e-01 3.140145101756754986e-01 4.404507624427428381e-02 3.632801647302547066e-02
5.000000000000000000e+00 4.368250494552169960e-01 2.788308982869953101e-01 5.083004231871934842e-02 3.853474372040355256e-02
8.000000000000000000e+00 3.927671645309970816e-01 4.042298398385919533e-01 4.859678175048498527e-02 3.974360536426746471e-02
1.000000000000000000e+00 3.777401157696084200e-01 4.986050357710438141e-01 4.697895830932630190e-02 3.605715795154573744e-02
3.000000000000000000e+00 3.378509760268584294e-01 5.923674538179313220e-01 4.561509243248723644e-02 3.463088854057705390e-02
1.500000000000000000e+01 3.166424169577359282e-01 6.886932772666686242e-01 4.797723757263105959e-02 3.433896291690308189e-02
7.000000000000000000e+00 2.711353488248592902e-01 7.916540855686193812e-01 4.567829373907009161e-02 3.508154133534180374e-02
1.000000000000000000e+00 3.704053515127225804e-01 8.851045598126791036e-01 4.567832328619803040e-02 3.508154133534180374e-02
2.000000000000000000e+00 4.027614805439266865e-01 7.767227695016338807e-01 4.757622395274202498e-02 3.609483053962103671e-02
8.000000000000000000e+00 4.337620316676682464e-01 6.805061522376232297e-01 4.923056764398792140e-02 3.486661552698100408e-02
0.000000000000000000e+00 4.682903178066049055e-01 5.743794578223322400e-01 4.937756460530151603e-02 3.621000524418394040e-02
7.000000000000000000e+00 5.181615115042049746e-01 4.723699931710135802e-01 5.057980769251541053e-02 3.629725791287924386e-02
8.000000000000000000e+00 5.631851443039093130e-01 3.558364309694579952e-01 5.164902960991335501e-02 4.037431835646854150e-02
1.500000000000000000e+01 6.495375415591440049e-01 4.362876167458032972e-01 5.223778568049319837e-02 4.041875723683346910e-02
6.000000000000000000e+00 5.862907028521748831e-01 5.447735015884480614e-01 5.057906901431785673e-02 3.628995977228732794e-02
7.000000000000000000e+00 5.781177013502666329e-01 6.546366962511271925e-01 5.062900366047262679e-02 3.673777604277361775e-02
5.000000000000000000e+00 6.299326380833509820e-01 8.429921612044897206e-01 4.983282675201905487e-02 3.490012197002212435e-02
1.000000000000000000e+00 6.780010580926884023e-01 7.439001947358012679e-01 5.238918516386426028e-02 3.641234397605830342e-02
3.000000000000000000e+00 7.649976713775753501e-01 5.177739713746393191e-01 5.819602311623395252e-02 4.035709238090151585e-02
1.600000000000000000e+01 8.538356025790736492e-01 4.019166542893821692e-01 4.161819334689664807e-02 3.574008772202685869e-02
1.600000000000000000e+01 7.863444666845884612e-01 1.215734604323238932e-01 4.136775189079733295e-02 2.855815598421529433e-02
