1.600000000000000000e+01 2.822636537158181858e-01 5.970089470449618796e-02 3.313757699762387432e-02 3.440764852573311577e-02
5.000000000000000000e+00 7.781541740755513192e-01 6.367291918247782734e-01 3.381231435320919410e-02 3.384396722618387976e-02
6.000000000000000000e+00 7.043559072360074946e-01 7.027008793203937120e-01 3.140837621100678323e-02 3.225839677070185818e-02
1.000000000000000000e+00 6.285116398794751147e-01 7.754373928120990023e-01 3.214674451329124771e-02 3.276907034804366070e-02
7.000000000000000000e+00 8.322454922813552480e-01 4.615139953217471946e-01 3.344315730212943372e-02 3.473417717853438669e-02
0.000000000000000000e+00 7.557217721583662229e-01 5.403580634442243236e-01 3.360201786837746507e-02 3.382694838694755290e-02
1.500000000000000000e+01 6.806036509759405551e-01 6.109441327781494069e-01 3.218566020301005803e-02 3.325080105865829694e-02
2.000000000000000000e+00 6.049956690641566937e-01 6.805966591598211490e-01 3.303183255383335126e-02 3.237698664410715299e-02
6.000000000000000000e+00 5.361160906644918400e-01 7.528179462636884756e-01 3.333394405034173502e-02 3.309752310528102370e-02
7.000000000000000000e+00 4.412995709180382864e-01 7.308247279590271983e-01 3.370123119711060378e-02 3.243107836881375938e-02
3.000000000000000000e+00 5.813021928396050475e-01 5.867566224146179010e-01 3.397144592008194408e-02 3.524146324806631814e-02
5.000000000000000000e+00 6.547588904916719077e-01 5.141312462791363114e-01 3.318418910508658115e-02 3.426006158547606484e-02
1.000000000000000000e+00 7.320674555240958004e-01 4.394475661983007209e-01 3.274527649318748068e-02 3.468070875526468866e-02
2.000000000000000000e+00 6.307507012415594083e-01 4.149577952879172082e-01 3.488222481985359114e-02 3.531195051057239853e-02
0.000000000000000000e+00 5.587403339239609412e-01 4.875986184590115347e-01 3.381605416183131041e-02 3.361201779143191404e-02
9.000000000000000000e+00 4.750371161988697910e-01 5.583715562737558979e-01 3.591389709834097443e-02 3.331307700223351542e-02
3.000000000000000000e+00 4.098256532059277868e-01 6.334687562079482914e-01 3.473420427859696957e-02 3.344315730212943372e-02
1.500000000000000000e+01 3.408095175914346853e-01 7.085385850790375528e-01 3.469252438250525206e-02 3.274625209543680082e-02
2.000000000000000000e+00 3.051562146938852638e-01 6.119677563380807594e-01 3.385762565767302945e-02 3.383594560769032089e-02
8.000000000000000000e+00 3.818018173478706090e-01 5.345956958592702479e-01 3.502257604342884356e-02 3.416271816105398429e-02
9.000000000000000000e+00 4.524288213261691838e-01 4.635260665605130947e-01 3.329860556886998779e-02 3.309462339859564617e-02
7.000000000000000000e+00 5.245836861769020976e-01 3.904016156744305466e-01 3.387296429303576772e-02 3.431347580862087465e-02
0.000000000000000000e+00 4.222934976501443449e-01 3.586860738052632946e-01 3.598877457096860688e-02 3.749499604351408388e-02
6.000000000000000000e+00 4.972458613004213102e-01 2.821472318474112506e-01 3.546371086045108090e-02 3.675532693823058139e-02
5.000000000000000000e+00 3.484147436250400465e-01 4.378783777305869096e-01 3.576801746202018517e-02 3.445531753563252364e-02
1.000000000000000000e+00 2.763706773797497407e-01 5.139289714127980302e-01 3.693605725489851332e-02 3.478634479880526875e-02
3.000000000000000000e+00 8.568652215413536943e-01 5.612613172360073621e-01 3.264430166039333781e-02 3.304148017607566601e-02
1.400000000000000000e+01 2.008475999637104326e-01 1.816644277875205660e-01 3.522799451701461027e-02 3.571094473044084117e-02
