2.000000000000000000e+00 8.139741898593504388e-01 7.350902397005429911e-01 3.579675016159800105e-02 4.289642398198922901e-02
6.000000000000000000e+00 8.988945452090029153e-01 6.407378860552377375e-01 3.569532794845819978e-02 4.758568535703744384e-02
7.000000000000000000e+00 8.821196619124458405e-01 5.064602561102941047e-01 3.874602013325978422e-02 5.243272783036995177e-02
1.500000000000000000e+01 8.312609105205190918e-01 6.210716968302847363e-01 3.680823757916040773e-02 4.946782242960157117e-02
0.000000000000000000e+00 8.024342027984499026e-01 4.747739591952978011e-01 3.849038383988256928e-02 4.976840315037256435e-02
0.000000000000000000e+00 8.740045175043396064e-01 3.721614915834212667e-01 3.790158806090426769e-02 5.053578763291016740e-02
3.000000000000000000e+00 6.890574556503202830e-01 9.128891162887300403e-01 3.358757698441339201e-02 4.575366488803533915e-02
1.000000000000000000e+00 7.192484288748124399e-01 8.195360924744767850e-01 3.519552926975544338e-02 4.531183025259843955e-02
6.000000000000000000e+00 7.272916086938180369e-01 6.712773272177834372e-01 3.937221015143221869e-02 5.152498118767823154e-02
6.000000000000000000e+00 7.088862117227708870e-01 5.460425338995513744e-01 3.619696958648521701e-02 4.987737555171212200e-02
7.000000000000000000e+00 7.627091551118565516e-01 3.291738113897264562e-01 3.990458759496517960e-02 5.598309979327265040e-02
8.000000000000000000e+00 5.891300608734153510e-01 8.884498110394712933e-01 3.621480467672089087e-02 4.673554605580654275e-02
0.000000000000000000e+00 6.133452384887133624e-01 7.864579153923427768e-01 3.617223826135851361e-02 4.628842034359970103e-02
8.000000000000000000e+00 6.266654648066320998e-01 6.552440566983736003e-01 3.630023475894939011e-02 4.762076103450074704e-02
5.000000000000000000e+00 6.666513804130715926e-01 4.408361456263825140e-01 3.710721314181009145e-02 5.075667522547822053e-02
2.000000000000000000e+00 4.914201771783801020e-01 8.227509566648971706e-01 3.656113240394598396e-02 4.847845052393151555e-02
2.000000000000000000e+00 5.413522915945403469e-01 7.381554377587361548e-01 3.553279082611093820e-02 4.737695535097996569e-02
8.000000000000000000e+00 5.326193396606724306e-01 6.254173057416431147e-01 3.673535151039741820e-02 4.705479417102398365e-02
5.000000000000000000e+00 5.585062002837544171e-01 4.961349724576155085e-01 3.733817756036128532e-02 4.752418402087488225e-02
1.000000000000000000e+00 5.914084639258645471e-01 3.830239235662710184e-01 3.699544657633346834e-02 4.964540047804755218e-02
1.000000000000000000e+00 4.145357189858870361e-01 6.939419815382981138e-01 3.500460462878329793e-02 4.783406871371875813e-02
5.000000000000000000e+00 3.479432225524824451e-01 7.879528229307415366e-01 3.992729760986518661e-02 4.813108241644248331e-02
9.000000000000000000e+00 3.505629297817404177e-01 6.440267361449856232e-01 3.667215584066274570e-02 4.631761044128535065e-02
7.000000000000000000e+00 4.685828345966591146e-01 4.585016092912795882e-01 3.717106276485360183e-02 5.234598984152410983e-02
3.000000000000000000e+00 5.418685282814101889e-01 2.348101770498473018e-01 3.828361569375116069e-02 5.104447413158028080e-02
9.000000000000000000e+00 4.627665887321977811e-01 3.244950578553421061e-01 3.929602459097569778e-02 5.239494716422088416e-02
3.000000000000000000e+00 3.525150695834794456e-01 5.436335482614271797e-01 3.730298298229639542e-02 4.780398686152131926e-02
1.500000000000000000e+01 2.905370906344605375e-01 5.926051984806741668e-01 3.630023475894939011e-02 4.762076103450085807e-02
1.300000000000000000e+01 3.953511663727467540e-01 1.803695153104512561e-01 2.595145337488535819e-02 3.615336279085909488e-02
1.600000000000000000e+01 3.709895180788887470e-01 1.550937889168676753e-01 2.451017000779509569e-02 3.770076494485130603e-02
