3.000000000000000000e+00 2.332394515986610795e-01 2.577365321001376941e-01 4.055246120693828393e-02 5.297726634772839671e-02
1.000000000000000000e+01 8.384361542894120944e-01 5.336616663512658842e-01 3.276579084446906709e-02 4.598487497180736572e-02
1.000000000000000000e+01 7.878076661534558767e-01 6.658278403953384883e-01 3.449110556008549988e-02 5.134377981360915832e-02
2.000000000000000000e+00 5.776562930282636010e-01 8.136576180927532764e-01 4.828846374704109934e-02 6.620748116373309511e-02
8.000000000000000000e+00 2.858125348141937749e-01 7.924849322591193124e-01 3.725435699383622401e-02 6.620185784706289489e-02
3.000000000000000000e+00 6.402904463099186039e-01 6.773536974954812440e-01 4.484090684965880147e-02 6.621548134621202397e-02
1.000000000000000000e+00 5.132913756313325360e-01 6.529694311614246960e-01 4.414778959083326404e-02 5.977405905927357654e-02
2.000000000000000000e+00 3.805612177086644676e-01 7.005090082616349800e-01 3.932321577735159446e-02 5.517383818922250160e-02
6.000000000000000000e+00 2.510943226246796223e-01 6.518245064957191026e-01 4.000670962826780030e-02 5.517424399558013004e-02
1.500000000000000000e+01 1.338577065053398185e-01 6.552182940507157438e-01 3.724844381548220174e-02 5.150650816301727275e-02
5.000000000000000000e+00 8.884862190661321768e-02 5.392284020205090345e-01 3.655631208638221441e-02 4.874215525486724765e-02
7.000000000000000000e+00 2.165808832218405477e-01 5.024132289572138532e-01 3.793938711167768596e-02 5.058524077270049046e-02
7.000000000000000000e+00 3.153357879303870792e-01 5.294537732705340005e-01 4.138146562323197220e-02 5.517493966362185809e-02
7.000000000000000000e+00 4.463056593252617832e-01 5.008247289564543570e-01 4.345574482023856211e-02 5.701935854520145952e-02
0.000000000000000000e+00 5.832503046819730308e-01 5.216980746290021953e-01 4.483047182903421302e-02 5.702005421324313206e-02
5.000000000000000000e+00 7.072164076298288471e-01 5.079909069050289050e-01 4.759557837756267507e-02 6.069750041222060633e-02
9.000000000000000000e+00 1.659338294450230511e-01 4.040257239331611627e-01 3.736079420420784780e-02 4.674651553273501126e-02
6.000000000000000000e+00 2.883090265401420660e-01 3.773323759449587200e-01 3.966293367102158296e-02 4.981704933771397004e-02
8.000000000000000000e+00 3.799224785017608630e-01 3.896280766916868643e-01 3.736189567860709326e-02 5.058489293867968195e-02
5.000000000000000000e+00 4.945681514654148847e-01 3.682960683834319848e-01 4.196597170905574936e-02 5.594527607506999400e-02
2.000000000000000000e+00 6.386186110750036171e-01 3.875054050865333055e-01 4.426066173059017839e-02 5.671642409923349781e-02
1.000000000000000000e+00 7.601506005313121150e-01 3.664449392038672260e-01 4.790028097980314481e-02 6.194306505461755208e-02
3.000000000000000000e+00 6.779647549115611627e-01 2.404447173953255523e-01 4.304492385547864508e-02 5.518647615864574751e-02
1.500000000000000000e+01 5.442562268468247311e-01 2.404492972099330772e-01 3.890482942263895350e-02 5.407990019373576374e-02
0.000000000000000000e+00 4.362202263845975647e-01 2.154304656772227100e-01 4.055964977670195593e-02 5.076933192822080665e-02
6.000000000000000000e+00 3.383368053221376681e-01 2.546941148785084597e-01 4.552712540040493305e-02 4.856470193191098073e-02
1.000000000000000000e+00 3.063617571516717986e-01 1.468791919226825060e-01 4.303501058588526940e-02 4.745916946906347800e-02
9.000000000000000000e+00 3.915433087826722947e-01 1.411046544121661861e-01 3.972226835774017584e-02 4.305164864654797974e-02
0.000000000000000000e+00 5.163639384680998035e-01 1.292123976503395388e-01 4.304370643640587080e-02 5.077057833346210192e-02
8.000000000000000000e+00 6.200337523839523080e-01 1.400081656338600378e-01 4.304341657472177118e-02 4.966611835884542081e-02
