3.000000000000000000e+00 8.521461809986093927e-01 7.191164432157535202e-01 3.299639085159911112e-02 4.436236570209828312e-02
1.500000000000000000e+01 8.664330110611135893e-01 5.904706843905599412e-01 3.501131520023426091e-02 4.853515170999322947e-02
7.000000000000000000e+00 7.680660181330360992e-01 8.135401433082325440e-01 3.347705807051692961e-02 4.315164533098747590e-02
8.000000000000000000e+00 7.537935488558449304e-01 6.725448355349588070e-01 3.413960994388454129e-02 4.520987554972999423e-02
9.000000000000000000e+00 6.934652029019281461e-01 8.531019275822377956e-01 3.327041922192830459e-02 4.398770007749408517e-02
5.000000000000000000e+00 5.933677632829125193e-01 8.926156563100597907e-01 3.256405857157473882e-02 4.209118235951303522e-02
2.000000000000000000e+00 6.829217601907535684e-01 7.329658001723626803e-01 3.413262512612547095e-02 4.684432290538542709e-02
2.000000000000000000e+00 5.947895648467066421e-01 8.002845517396983688e-01 3.107238089091768352e-02 4.276301007086502626e-02
9.000000000000000000e+00 5.191092320612769040e-01 8.717302409711575883e-01 3.610804334551453998e-02 4.707549243394415495e-02
0.000000000000000000e+00 8.474018692623846993e-01 4.312857377229159517e-01 3.637726616122560763e-02 5.170083875409403618e-02
6.000000000000000000e+00 7.663565817739177444e-01 5.365151464637923917e-01 3.603428366997729615e-02 4.964512306974500078e-02
5.000000000000000000e+00 6.742867093877508156e-01 6.245850651726982949e-01 3.436692385304040975e-02 4.528989362197932689e-02
8.000000000000000000e+00 5.966609930992965438e-01 6.790545180509175438e-01 3.447381950402739204e-02 4.596524168148208300e-02
8.000000000000000000e+00 5.239531472987479788e-01 6.931603575156450869e-01 3.477729586602962275e-02 4.478972479187781630e-02
1.000000000000000000e+00 4.293220539973623406e-01 8.289204326213057694e-01 3.313698126345632211e-02 4.364941138377986807e-02
0.000000000000000000e+00 7.708822687142791175e-01 3.740855982810040725e-01 3.833307101234695313e-02 5.288118913758765860e-02
5.000000000000000000e+00 6.860322671745566758e-01 4.597158458733370257e-01 3.659301321217212077e-02 5.071329728002565984e-02
2.000000000000000000e+00 5.892822036791945939e-01 5.412470811029479467e-01 3.497499414788629579e-02 4.707688939749610224e-02
7.000000000000000000e+00 4.894213677769545523e-01 6.196548175877234499e-01 3.413259718685440758e-02 4.684437878392744281e-02
3.000000000000000000e+00 4.285491559730345568e-01 7.124093697499194189e-01 3.385879233069322147e-02 4.514505644092448033e-02
3.000000000000000000e+00 3.212611398332567703e-01 7.732303968092999469e-01 3.316950257494327703e-02 4.333621215545691019e-02
6.000000000000000000e+00 6.596299354374477453e-01 3.246396123655741484e-01 3.867337133357573453e-02 5.103197260547204239e-02
6.000000000000000000e+00 5.790819669734367237e-01 3.971995197259827748e-01 3.665056811050804164e-02 5.047385772723994579e-02
7.000000000000000000e+00 4.806397615277280266e-01 5.007887116517346637e-01 3.394934350812367496e-02 4.570923414097138870e-02
1.000000000000000000e+00 3.786496318708635345e-01 5.688494045310893421e-01 3.470772708114783223e-02 4.538667525685102788e-02
1.000000000000000000e+00 3.182066231486114782e-01 6.556216837966888367e-01 3.514743532872577347e-02 4.286655300932762369e-02
1.500000000000000000e+01 3.780555870900781379e-01 4.391941020558858266e-01 3.763486862913612008e-02 5.106346016393042975e-02
0.000000000000000000e+00 5.726667471328534820e-01 2.534580470328618440e-01 3.967968799778087696e-02 5.253960360989118339e-02
1.100000000000000000e+01 2.616100697485440607e-01 1.828102894125794853e-01 2.891966005752871771e-02 3.412530503711377894e-02
1.200000000000000000e+01 2.815468909572033662e-01 2.827648336298770326e-01 2.611489251668175360e-02 3.704141057304249918e-02
