3.000000000000000000e+00 1.430589984160359762e-01 5.475803673212931155e-01 4.531279417210262728e-02 3.531799039014538177e-02
8.000000000000000000e+00 8.827939564013551621e-01 7.231295820984817713e-01 4.718604972967355149e-02 3.242120514302471168e-02
1.000000000000000000e+00 8.331355178079689061e-01 6.368236485625824450e-01 4.567420622416540343e-02 3.350985980786080898e-02
7.000000000000000000e+00 7.358720944879664216e-01 4.305288451314509546e-01 5.012570274392325054e-02 3.685434152436423139e-02
5.000000000000000000e+00 7.839041651249936127e-01 7.905014650866745152e-01 4.553841255466817284e-02 3.266842207407338883e-02
9.000000000000000000e+00 7.479726332483331852e-01 7.104338894341715172e-01 4.597488436543673007e-02 3.188203731138794517e-02
8.000000000000000000e+00 6.802124978263541788e-01 6.122150528125924751e-01 4.740390141691441794e-02 3.409623158281516186e-02
1.500000000000000000e+01 6.410011975461802347e-01 5.201007289397820976e-01 4.525584755443767815e-02 3.434026499210529604e-02
7.000000000000000000e+00 5.903291366025102960e-01 4.262594680116087442e-01 4.790607453018391748e-02 3.614886212499246465e-02
5.000000000000000000e+00 7.004502279783695329e-01 8.542517627445983530e-01 4.236092850972739132e-02 2.983223351697894543e-02
6.000000000000000000e+00 6.435847626740670568e-01 7.760182523990513115e-01 4.378643270960913547e-02 3.262077902430660092e-02
1.000000000000000000e+00 5.922718807557088017e-01 6.938217240146233866e-01 4.468122187700640513e-02 3.222267413956025894e-02
3.000000000000000000e+00 5.483114521154992538e-01 5.944465828908374050e-01 4.418656846168422803e-02 3.316790566033989140e-02
1.000000000000000000e+00 5.148256196636700199e-01 5.022221530758239627e-01 4.381785626489892449e-02 3.375993093083107244e-02
1.500000000000000000e+01 4.425905504151930736e-01 4.069932471569582821e-01 4.740239198849427460e-02 3.788253671993974114e-02
1.600000000000000000e+01 4.518975351102930693e-01 1.793607244737485118e-01 4.094393199730356203e-02 3.133021772517580184e-02
1.200000000000000000e+01 4.531683503412744507e-01 2.131824047490357144e-01 3.721731789315324557e-02 3.100379696830471432e-02
2.000000000000000000e+00 5.607014992468288828e-01 8.417188687964269889e-01 4.240149096799650241e-02 2.870422393660954086e-02
5.000000000000000000e+00 5.274151995100518908e-01 7.642825836540370066e-01 4.303402380845078312e-02 2.979952008649378037e-02
2.000000000000000000e+00 4.680604946320384152e-01 6.726550367246117990e-01 4.366024449369421134e-02 3.366952989054761147e-02
0.000000000000000000e+00 4.131312692166518863e-01 5.802825457036692169e-01 4.418909332376858012e-02 3.407202583978841126e-02
2.000000000000000000e+00 3.639581255823837735e-01 4.792183267337098984e-01 4.719362431592677432e-02 3.539554756678214842e-02
3.000000000000000000e+00 3.007101657026480246e-01 3.822927958265707193e-01 4.995955584110689518e-02 3.808633700079760986e-02
8.000000000000000000e+00 4.350534528750446550e-01 8.327557730616408360e-01 3.976880080607592127e-02 2.982712890450400778e-02
0.000000000000000000e+00 3.909189596938517086e-01 7.430097972681733998e-01 4.430853027802311717e-02 3.199900429186408601e-02
0.000000000000000000e+00 2.918656835975237396e-01 5.722702252085872798e-01 4.702127503451175583e-02 3.433603859252931656e-02
6.000000000000000000e+00 2.211623548655461402e-01 4.720514233746135879e-01 4.818649888647333346e-02 3.580287368696721817e-02
9.000000000000000000e+00 2.942488515195357812e-01 8.136780798166529660e-01 4.335841369799320333e-02 3.190816414513086841e-02
7.000000000000000000e+00 2.557180152931906592e-01 7.232946861234808011e-01 4.247594695533388198e-02 3.216575496604845430e-02
6.000000000000000000e+00 2.083459490938625591e-01 6.386193743876695805e-01 4.431003970644309398e-02 3.478524449033193466e-02
