0.000000000000000000e+00 2.183840234578895978e-01 3.419418587201095150e-01 3.801785203067156726e-02 4.707647977708251386e-02
1.100000000000000000e+01 8.176203965593279444e-01 6.191065567152190807e-01 2.569471215504215422e-02 3.964665195098038275e-02
1.200000000000000000e+01 8.137024819663669639e-01 8.672936319727919674e-01 2.828614385850125590e-02 3.292796625893346096e-02
1.500000000000000000e+01 6.066620841141489029e-01 7.923555110992831496e-01 4.263487843412283596e-02 5.505205484871811272e-02
8.000000000000000000e+00 3.779401165055743528e-01 8.460623169302978752e-01 3.881497126932387243e-02 5.175398135229292151e-02
0.000000000000000000e+00 1.905358392637394316e-01 7.461459205547303908e-01 3.771909409314427863e-02 5.340493001011847873e-02
1.000000000000000000e+00 3.056556232259352579e-01 7.114379664460905861e-01 3.886776938863678588e-02 5.078773164787486749e-02
9.000000000000000000e+00 4.394882078184066954e-01 7.055701099458242531e-01 3.770985809901367114e-02 5.287106601817970208e-02
7.000000000000000000e+00 5.252039690783751880e-01 6.771406316943358039e-01 3.612544389572069914e-02 5.229402228298141164e-02
5.000000000000000000e+00 6.432093540984862301e-01 6.407844350153226731e-01 4.009486239225656945e-02 5.294613053098573552e-02
5.000000000000000000e+00 6.731352692970754559e-01 4.950643465060431403e-01 3.845885604340648634e-02 4.972115080976541313e-02
7.000000000000000000e+00 5.621963610346136786e-01 5.155752834203515267e-01 3.883517868323360656e-02 4.867795409692254882e-02
6.000000000000000000e+00 4.681784705411087266e-01 5.598153570445612015e-01 3.606302740035460808e-02 4.913042956733526534e-02
0.000000000000000000e+00 3.288076279586558126e-01 5.797545741565934829e-01 3.649973696995867378e-02 5.124682526694812612e-02
2.000000000000000000e+00 2.479116731770931725e-01 5.923983559813208455e-01 3.681064288702706744e-02 5.009732637962238666e-02
6.000000000000000000e+00 1.102687850888788151e-01 6.153364768563343024e-01 3.631386994158067316e-02 4.721399019924854557e-02
9.000000000000000000e+00 7.075401416110631558e-01 3.513604696326550481e-01 3.845915018334677971e-02 5.024292565015098244e-02
6.000000000000000000e+00 6.249798842183779124e-01 3.824539586179115380e-01 3.607979337696098909e-02 4.965479283919699283e-02
1.000000000000000000e+00 5.025696800548619114e-01 3.992254650551313455e-01 3.654885834001575518e-02 4.728196593948946758e-02
2.000000000000000000e+00 3.915238666310392746e-01 4.274824449385358216e-01 3.738889259598154879e-02 4.841266928461973595e-02
3.000000000000000000e+00 2.925094650898958371e-01 4.656198060270171357e-01 3.658309622908556547e-02 4.950716400307914045e-02
1.000000000000000000e+00 1.798725016581434466e-01 4.742637405783676208e-01 3.711963689448252723e-02 4.906845428188005842e-02
3.000000000000000000e+00 6.783993741555492951e-01 2.361947704257530423e-01 3.796093595219218741e-02 4.971600336080725380e-02
8.000000000000000000e+00 5.508825329506858992e-01 2.862730512442304698e-01 3.844803169359733985e-02 4.901797986809675045e-02
8.000000000000000000e+00 4.048453468785911391e-01 2.932252252210162391e-01 3.610550120775735117e-02 4.843652403379122839e-02
7.000000000000000000e+00 3.228513971132775939e-01 3.285044138010304593e-01 3.730306256135462739e-02 5.154049458350551394e-02
3.000000000000000000e+00 5.817992585387217197e-01 1.338097751858634277e-01 3.710940082455449485e-02 4.840408039835823739e-02
2.000000000000000000e+00 4.781294747458906813e-01 1.647336483744524793e-01 3.646296947740090832e-02 4.905054115950582827e-02
5.000000000000000000e+00 3.646004584097018997e-01 1.798112764295362598e-01 3.492932382783159317e-02 4.657250040309485195e-02
1.500000000000000000e+01 2.502987658639132529e-01 1.917149286290757426e-01 3.678846473551622420e-02 4.815364965304880229e-02
