1.000000000000000000e+00 8.186604402292305682e-01 2.373724497697736746e-01 4.129994309425599752e-02 3.098212191503679769e-02
1.100000000000000000e+01 4.015396596990264966e-01 7.572760286856712320e-01 3.147920035989343335e-02 2.961165720374525634e-02
1.200000000000000000e+01 2.673742302434948814e-01 7.241112880817854869e-01 4.078098208992750329e-02 2.837134928971873915e-02
1.500000000000000000e+01 2.331477550741665183e-01 5.020579603011974257e-01 5.049364497471561797e-02 3.976005516553043906e-02
2.000000000000000000e+00 2.002666685359226206e-01 3.532680386820564733e-01 4.842310497879645514e-02 3.290556556892215712e-02
0.000000000000000000e+00 1.898672043048667546e-01 2.085275707794015387e-01 4.892368241158892572e-02 3.253078508334755758e-02
5.000000000000000000e+00 2.829271483091652106e-01 1.407201698300385995e-01 4.459038024124245547e-02 3.029062748177571707e-02
1.500000000000000000e+01 3.156716215843100581e-01 2.491743833438360423e-01 4.672520719804668099e-02 3.347181844987584531e-02
8.000000000000000000e+00 2.945114087329477326e-01 2.869664105290443690e-01 4.716807909964293444e-02 3.474114574797360078e-02
8.000000000000000000e+00 2.833532333995929520e-01 3.847722873524113685e-01 4.867800347294948260e-02 3.519629187709083507e-02
3.000000000000000000e+00 3.620846551880630981e-01 4.120374704838510871e-01 4.944833621374961075e-02 3.632860325077963415e-02
2.000000000000000000e+00 4.448817343395318757e-01 2.520535089050128796e-01 4.460706985830154014e-02 3.155851075310628362e-02
0.000000000000000000e+00 4.471354991164098736e-01 1.736554767964155754e-01 4.503078063548715537e-02 3.124185234491080876e-02
6.000000000000000000e+00 5.073634396076758257e-01 1.899954727594361514e-01 4.545415817572645567e-02 3.251120741275409509e-02
8.000000000000000000e+00 5.439196853473777793e-01 2.346307705640616192e-01 4.588095139466508154e-02 3.283169804583174756e-02
2.000000000000000000e+00 4.974818117062547174e-01 3.085067773117399215e-01 4.715086185741884650e-02 3.346587572433401547e-02
9.000000000000000000e+00 5.132262438219223899e-01 4.118186587740048643e-01 4.893859476493456206e-02 3.518979375663855436e-02
5.000000000000000000e+00 5.057776899442194551e-01 5.174026469300655462e-01 4.895045244627282965e-02 3.709568693135351092e-02
1.000000000000000000e+00 5.823073041496845681e-01 6.416203426049591485e-01 5.048417549149242234e-02 3.823810649241254911e-02
3.000000000000000000e+00 5.723504341227697578e-01 4.972667211423085765e-01 4.604440411681198775e-02 3.584643715926871810e-02
7.000000000000000000e+00 6.216487581712055732e-01 4.977791284866936450e-01 4.640046779390394338e-02 3.716561115057970266e-02
3.000000000000000000e+00 6.608102642417394978e-01 5.329487475232099758e-01 4.533622006649162817e-02 3.531445214429007606e-02
6.000000000000000000e+00 7.583170609058267342e-01 6.071665859534001175e-01 4.927796882496782160e-02 3.695869877669000214e-02
7.000000000000000000e+00 7.236259284695395477e-01 4.437990058464739707e-01 4.603679520653858326e-02 3.610705622099941170e-02
6.000000000000000000e+00 6.734448597504276712e-01 3.552214181216152289e-01 4.954316989470963772e-02 3.443140200641320314e-02
1.000000000000000000e+00 6.558394520234279712e-01 2.332701918821761811e-01 4.334007521882776715e-02 3.288773739229658433e-02
7.000000000000000000e+00 6.692921720049609391e-01 1.873027654999533664e-01 4.333374371684850512e-02 3.187308643038760936e-02
0.000000000000000000e+00 7.787134669065868264e-01 5.056757472084055793e-01 4.955172297633070322e-02 3.580775390375551259e-02
9.000000000000000000e+00 8.746155888256439415e-01 5.360164435413588002e-01 4.674170242688713284e-02 3.610949995860535111e-02
5.000000000000000000e+00 8.356214232416301346e-01 4.258835489107132277e-01 4.456877537922576682e-02 3.613066050469365686e-02
