5.000000000000000000e+00 7.259108046255251523e-01 2.017893162938686480e-01 4.489963354297576981e-02 3.561965877757997112e-02
8.000000000000000000e+00 2.993480427815659040e-01 1.246876104742102448e-01 4.628591140495802447e-02 3.019515731876840081e-02
8.000000000000000000e+00 4.933374036205450119e-01 1.431372826473502613e-01 4.466864503757655980e-02 3.442419499375637404e-02
0.000000000000000000e+00 6.022763747955712788e-01 1.685952824939373207e-01 4.487206059075454778e-02 3.176866535317007800e-02
2.000000000000000000e+00 7.765248602601524386e-01 2.934477055796814726e-01 4.567132937557782935e-02 3.392730380446440375e-02
1.000000000000000000e+00 6.372806711771987764e-01 2.635413416975933010e-01 4.706922602874774597e-02 3.413268472530597841e-02
0.000000000000000000e+00 5.003175513899924542e-01 2.296450357875284010e-01 4.715523976649393934e-02 3.480833766458463208e-02
5.000000000000000000e+00 3.624485271709823042e-01 1.943350813805195254e-01 5.033673647680658725e-02 3.457177098331690179e-02
8.000000000000000000e+00 1.814621399527197310e-01 1.674163364692272671e-01 4.885638108916423583e-02 3.350856488226433560e-02
1.500000000000000000e+01 1.144724530793166939e-01 2.265589172138295082e-01 5.124756877900223107e-02 3.456561475813552109e-02
6.000000000000000000e+00 2.328233965803189753e-01 2.580128925211054858e-01 5.158225933111956762e-02 3.519424338581697564e-02
1.000000000000000000e+00 3.865592530329688969e-01 2.923595566507811716e-01 4.966076561040588810e-02 3.757230935625416324e-02
7.000000000000000000e+00 5.370799847565334018e-01 3.334368391127967568e-01 5.281480497836010812e-02 3.682847550052947838e-02
6.000000000000000000e+00 6.637464566469726268e-01 3.460509734120184033e-01 4.803081106060813621e-02 3.509265121909055374e-02
6.000000000000000000e+00 8.221239334716290426e-01 3.764041838641419835e-01 4.994658209312508035e-02 3.420624150036116751e-02
3.000000000000000000e+00 1.210588625593432416e-01 3.333423714038507013e-01 5.605670784186131406e-02 3.687902591293479304e-02
7.000000000000000000e+00 2.811312377740916579e-01 3.553240260368932812e-01 5.043465803039665074e-02 3.472457831915837234e-02
3.000000000000000000e+00 4.362291084688186826e-01 3.807383976115958912e-01 5.223536834719860744e-02 3.646606748386288510e-02
5.000000000000000000e+00 5.870552669980395599e-01 4.355042779842526190e-01 4.776190252028877925e-02 3.582186042720109098e-02
9.000000000000000000e+00 7.048165423950436548e-01 4.612517793779279951e-01 4.680540432238100568e-02 3.742854849215826452e-02
1.500000000000000000e+01 8.503974814598211918e-01 4.912378851627183796e-01 4.579433826934398155e-02 3.821608287593120101e-02
2.000000000000000000e+00 3.136385200879383550e-01 4.640871979646609136e-01 5.460831858121745208e-02 3.611059605895006186e-02
1.000000000000000000e+00 4.548599701990592159e-01 4.928543567122948277e-01 4.922971423784300304e-02 3.789824246128237206e-02
0.000000000000000000e+00 6.222164459631638334e-01 5.195602638666101392e-01 4.873429707429866031e-02 3.752765504683941433e-02
7.000000000000000000e+00 7.742276055836463389e-01 5.545079403180478428e-01 4.834289988459461451e-02 3.818946370507636523e-02
9.000000000000000000e+00 1.990839154488195928e-01 5.513578316854208516e-01 5.364505720634984987e-02 3.883901771788167423e-02
2.000000000000000000e+00 5.185074626531882558e-01 6.286673028793361429e-01 5.428345486741781301e-02 4.109826565207064242e-02
3.000000000000000000e+00 6.839549739154342500e-01 6.186683503786666316e-01 5.698439028152535446e-02 4.041506916925974302e-02
1.000000000000000000e+01 4.378848584692005552e-01 9.513437358841495550e-01 3.259640306664923770e-02 3.057245010523979012e-02
1.300000000000000000e+01 5.596385037012953090e-01 7.467928649532735719e-01 3.631294222089942458e-02 2.956531478752988384e-02
