1.500000000000000000e+01 5.055001383822408378e-01 8.644864794175806111e-01 2.926567290632209328e-02 3.827008593674796622e-02
1.100000000000000000e+01 1.930080381287198055e-01 1.777195746683024602e-01 2.415169952076323678e-02 3.220186157499144164e-02
1.200000000000000000e+01 3.179719658922455783e-01 2.588630202696964866e-01 3.147125455374022440e-02 3.793224844081111158e-02
6.000000000000000000e+00 5.554182826276956586e-01 2.441331151702455238e-01 3.868312405723928205e-02 5.269779593382167837e-02
0.000000000000000000e+00 7.775236443776678552e-01 4.192758523437303264e-01 3.499429488766381269e-02 4.665921611603157659e-02
5.000000000000000000e+00 8.610261200589457431e-01 4.904713887032888797e-01 3.407843014886269284e-02 4.879365085793035961e-02
0.000000000000000000e+00 8.714209311421944326e-01 6.036356159745996930e-01 3.303687254364429116e-02 4.508452551685793175e-02
8.000000000000000000e+00 7.820635063577980883e-01 5.373069002328805244e-01 3.369495384337783950e-02 4.571271408574539841e-02
1.000000000000000000e+00 3.346579145197176586e-01 7.694970876533329118e-01 3.007845736108005763e-02 4.160053325200996355e-02
3.000000000000000000e+00 6.890271247263749510e-01 4.624875320899126674e-01 3.284152189298583657e-02 4.431214037085401403e-02
3.000000000000000000e+00 5.708240143887799434e-01 3.939465888076628675e-01 3.578639710244535532e-02 4.901268956744198046e-02
1.500000000000000000e+01 5.000649698098462714e-01 3.406521240386780613e-01 3.705551450004562763e-02 4.785255378635788759e-02
1.000000000000000000e+00 8.407717266867216210e-01 7.332176535261667460e-01 3.223958598070864046e-02 4.391821264010087322e-02
7.000000000000000000e+00 7.690643600403836988e-01 6.778749851678254057e-01 3.087974249041114394e-02 4.086237031908723782e-02
2.000000000000000000e+00 6.560146848022229138e-01 6.338421101892945941e-01 3.269481587075229179e-02 4.452582927429149517e-02
8.000000000000000000e+00 5.536762037663118807e-01 5.462155407040548694e-01 3.292215505257434227e-02 4.420175236201928648e-02
7.000000000000000000e+00 4.775516897637044900e-01 4.819317331814559346e-01 3.384921577728272624e-02 4.419951868010174589e-02
2.000000000000000000e+00 3.627618384302376819e-01 4.020024591601246144e-01 3.706842021779105378e-02 4.725012150032126268e-02
7.000000000000000000e+00 3.084395214870587765e-01 4.980220746620836469e-01 3.699247503259722736e-02 4.619416905607909296e-02
3.000000000000000000e+00 4.123969117512135685e-01 5.480617201733206656e-01 3.575868290087669266e-02 4.857292999290085955e-02
6.000000000000000000e+00 5.153274150123732245e-01 6.350778050870928837e-01 3.867281051357107646e-02 4.754874546926257661e-02
0.000000000000000000e+00 6.568611675199826916e-01 7.306701806637765362e-01 3.199448764882661944e-02 4.400165858432625310e-02
9.000000000000000000e+00 7.291612320114082557e-01 7.823978416610988251e-01 3.409001220324958670e-02 4.143198678436121885e-02
6.000000000000000000e+00 6.775415323067637274e-01 8.429930544128418912e-01 3.007672005292216788e-02 4.159347371409793936e-02
1.000000000000000000e+00 5.730153942314142324e-01 8.078641595074107506e-01 3.216441293247396249e-02 4.101707347411176485e-02
5.000000000000000000e+00 5.100923677939916967e-01 7.333800504744627524e-01 3.502327759995094159e-02 4.520244186104405149e-02
8.000000000000000000e+00 4.092539420472588452e-01 7.966380326823853109e-01 3.228773423537406595e-02 4.156413250965118600e-02
5.000000000000000000e+00 3.967194567213174761e-01 6.835881092573447004e-01 3.555122624575202117e-02 4.740143276798969296e-02
2.000000000000000000e+00 3.145619195293938297e-01 6.276596095575879275e-01 3.482136378514005814e-02 4.271538871570534912e-02
9.000000000000000000e+00 5.809804281858989006e-01 9.249964537643003970e-01 2.761123158979894576e-02 3.756551096154714386e-02
