1.400000000000000000e+01 2.827968659426892684e-01 2.501300638526685605e-01 2.945026912992393386e-02 3.730375508129574191e-02
2.000000000000000000e+00 9.127848256681674322e-01 4.682400179433006682e-01 3.753406224849120676e-02 4.750760998895775522e-02
1.000000000000000000e+00 8.631117912321828456e-01 3.716170656732245003e-01 4.071164280530992219e-02 5.003238407186044734e-02
1.000000000000000000e+01 2.260657801952923318e-01 3.371218683808491212e-01 3.179027195368877567e-02 4.065389276338510216e-02
8.000000000000000000e+00 8.233559116207256334e-01 2.308017023209155694e-01 3.881778793043366704e-02 5.514187678118362412e-02
3.000000000000000000e+00 8.447591166587465894e-01 6.243539160268410937e-01 3.817064096062616763e-02 4.948485592437301683e-02
6.000000000000000000e+00 8.140953747728814083e-01 5.035814410375081263e-01 4.029717075441663354e-02 5.089901007600239335e-02
5.000000000000000000e+00 7.606639964834632783e-01 3.879546391587639365e-01 3.976356036703321273e-02 5.537455170009797367e-02
1.500000000000000000e+01 7.104067048733273548e-01 2.462331054611052450e-01 3.711554769466329784e-02 5.301208411002439336e-02
1.000000000000000000e+00 6.877215066546217281e-01 4.836796360269541850e-01 3.552453403963995449e-02 4.948110217164797264e-02
8.000000000000000000e+00 7.907398429425356312e-01 7.324174114773742694e-01 3.658216830744753789e-02 4.807148139830985656e-02
0.000000000000000000e+00 7.245634057756251689e-01 6.337319453349810061e-01 3.622764080007223608e-02 4.889753799799956280e-02
0.000000000000000000e+00 7.305679663847381988e-01 8.308756600798149483e-01 3.571020042442762943e-02 4.566035939791479592e-02
7.000000000000000000e+00 6.888500868489336737e-01 7.395785899261535512e-01 3.499421540464608960e-02 4.835087610114108259e-02
1.000000000000000000e+00 6.321958808448489009e-01 3.625862873671773512e-01 3.945026638959214793e-02 5.089776845010096640e-02
5.000000000000000000e+00 6.183065626366621714e-01 6.229959237909834524e-01 3.753209874706564531e-02 4.496695464452582502e-02
7.000000000000000000e+00 6.353976875442549632e-01 8.533492043948669448e-01 3.689985128807493631e-02 4.835359035311170839e-02
2.000000000000000000e+00 5.928190436335639690e-01 4.793397781263604163e-01 3.764274782739329694e-02 5.018969518606314351e-02
5.000000000000000000e+00 5.549350161310095952e-01 3.495808624256678265e-01 3.764159282655477057e-02 4.877851516159303902e-02
0.000000000000000000e+00 5.005838240488370561e-01 2.011969951413747071e-01 3.977031712193834778e-02 5.419468946855687808e-02
9.000000000000000000e+00 4.475868271372654417e-01 3.440301593960405357e-01 3.935512319552125771e-02 5.537391644963685078e-02
3.000000000000000000e+00 4.816762581975678748e-01 4.929163221074835399e-01 3.712022544805915203e-02 5.031957503035167090e-02
3.000000000000000000e+00 5.118904881946022556e-01 6.295850880744994216e-01 3.571253930112550101e-02 4.860451428527401418e-02
6.000000000000000000e+00 5.454284929795873982e-01 7.338441262631221207e-01 3.608361219551226018e-02 4.908892163693778787e-02
7.000000000000000000e+00 5.279870851927006559e-01 8.608315885768309528e-01 3.644657120900851588e-02 4.909914339435839103e-02
8.000000000000000000e+00 3.995724316553981303e-01 8.153769637032726170e-01 3.924124011284596536e-02 4.459677687578889049e-02
2.000000000000000000e+00 4.234260864723646267e-01 6.002025886187740689e-01 3.681856810406591851e-02 5.072272807302746767e-02
6.000000000000000000e+00 3.458746091100501907e-01 4.889251300850098181e-01 3.976171236569159273e-02 5.301586673777053393e-02
9.000000000000000000e+00 3.338038974721116992e-01 7.162340306037735527e-01 3.719027624891380057e-02 5.203376952480032180e-02
1.500000000000000000e+01 2.876143022524890736e-01 6.095034061208607357e-01 4.087412254826466862e-02 5.351101559723225876e-02
