3.000000000000000000e+00 6.631167015459236147e-01 1.212987183481543940e-01 4.548003181409077111e-02 3.375506921763515855e-02
1.500000000000000000e+01 5.299685239323621566e-01 1.190179584416495434e-01 4.994366763746094229e-02 3.566762680882970549e-02
7.000000000000000000e+00 7.732910117916607096e-01 1.977602775348875352e-01 4.399154280238992687e-02 3.442803952933415346e-02
8.000000000000000000e+00 6.324227888660192143e-01 2.256766712068176139e-01 4.625818234967604692e-02 3.499325447564802238e-02
9.000000000000000000e+00 8.261105974550353448e-01 2.698074862452701783e-01 4.499825145233959933e-02 3.410920839909342694e-02
5.000000000000000000e+00 8.831931868063365165e-01 3.677694883658948477e-01 4.292749433506581891e-02 3.347781231625918119e-02
2.000000000000000000e+00 7.058091713001946044e-01 2.919501980816577302e-01 4.814604719516502040e-02 3.482163560109141631e-02
2.000000000000000000e+00 7.891241262339122597e-01 3.751078404824791379e-01 4.396613473960120366e-02 3.168700169259347499e-02
9.000000000000000000e+00 8.745272634090459629e-01 4.452191293457360421e-01 4.806965133069907026e-02 3.708209480878027486e-02
0.000000000000000000e+00 3.714203093878368778e-01 1.535005766644176317e-01 5.335341249608577252e-02 3.692684238908311434e-02
6.000000000000000000e+00 4.920623552312670679e-01 2.258500354550567191e-01 5.104863224193323390e-02 3.674137497579943457e-02
5.000000000000000000e+00 5.971309896526046934e-01 3.110352584340212445e-01 4.631105858845241396e-02 3.524750677963428558e-02
8.000000000000000000e+00 6.656115558553743483e-01 3.847383260471882727e-01 4.707261376771165740e-02 3.530427434334226788e-02
8.000000000000000000e+00 6.922421813769294996e-01 4.572835385107647532e-01 4.565594259114547082e-02 3.576880125705117486e-02
1.000000000000000000e+00 8.462075739657128892e-01 5.405348445304358762e-01 4.463109349997052000e-02 3.398786200913106459e-02
0.000000000000000000e+00 3.262331713065568239e-01 2.367024971926775800e-01 5.438481389174104619e-02 3.907791530843768291e-02
5.000000000000000000e+00 4.276015992145411060e-01 3.147828046319283701e-01 5.218332542437575938e-02 3.728043792955826330e-02
2.000000000000000000e+00 5.268170657660717904e-01 4.053461104868456566e-01 4.826982566320958679e-02 3.577383708931552997e-02
7.000000000000000000e+00 6.233843569445786104e-01 4.993677598430077413e-01 4.814610442053157691e-02 3.482166421377480559e-02
3.000000000000000000e+00 7.279376769393133273e-01 5.524036716986272522e-01 4.623260261078743216e-02 3.467445195809060188e-02
3.000000000000000000e+00 8.078891251106521398e-01 6.556459299309317368e-01 4.426370664613477057e-02 3.405544516713421288e-02
6.000000000000000000e+00 2.947997352135498517e-01 3.544627451037717369e-01 5.219148003912216227e-02 3.965783717397824981e-02
6.000000000000000000e+00 3.821583490048588994e-01 4.294146275868051532e-01 5.189820003508666124e-02 3.737194129081738980e-02
7.000000000000000000e+00 5.040756335312019942e-01 5.195992016589502382e-01 4.686920620198609111e-02 3.472349409730202119e-02
1.000000000000000000e+00 5.904882404802258566e-01 6.167689614974541934e-01 4.636341979892899534e-02 3.563085951076283564e-02
1.000000000000000000e+00 6.888895760468957130e-01 6.699377935734391887e-01 4.334735685011126272e-02 3.636826558529970832e-02
1.500000000000000000e+01 4.588306262979061634e-01 6.297063865496175250e-01 5.240896504504155562e-02 3.845464522766650628e-02
0.000000000000000000e+00 2.371705577727765690e-01 4.496076139563648377e-01 5.375699439432193860e-02 4.067255737525776738e-02
1.100000000000000000e+01 2.179815332355678481e-01 7.724295411222461549e-01 3.432231566446478088e-02 3.002511981997013635e-02
1.200000000000000000e+01 3.161855128190342867e-01 7.426609912336110675e-01 3.821653047707290751e-02 2.651749097170574831e-02
