2.000000000000000000e+00 2.613071833210772188e-01 3.074548175018662066e-01 5.027200027578690444e-02 4.191573199665116212e-02
1.100000000000000000e+01 6.651779117971678978e-01 2.063780352397176776e-01 5.201512368778626882e-02 3.830211805938982250e-02
1.200000000000000000e+01 6.149760283566708674e-01 2.468524914884114296e-01 4.453599459018464657e-02 3.059584700840978222e-02
6.000000000000000000e+00 6.364681663434257342e-01 9.119665670113565881e-01 5.480096943065160264e-02 3.618654322559100578e-02
2.000000000000000000e+00 7.803814067221954698e-01 8.554634346768632547e-01 5.508964067762422978e-02 4.060732706135916636e-02
8.000000000000000000e+00 8.877584935438584957e-01 7.981896073632310795e-01 5.919489875458727735e-02 4.299755567716323501e-02
1.000000000000000000e+00 7.170936147702688945e-01 7.478668195985830325e-01 5.805668059922719504e-02 4.073664186449099667e-02
6.000000000000000000e+00 8.942797723721658265e-01 6.657899585833273459e-01 6.138280370761839411e-02 4.603666012392537699e-02
3.000000000000000000e+00 6.244834993902946829e-01 8.238135333238034708e-01 5.300637978938205208e-02 3.905885459446623020e-02
8.000000000000000000e+00 4.886266125612617195e-01 8.699685893834120387e-01 4.979275052616149999e-02 3.523394581685290738e-02
6.000000000000000000e+00 4.448018051226223513e-01 7.718410227295182668e-01 5.003588714482920530e-02 3.821615411107348592e-02
1.500000000000000000e+01 5.731003420441480589e-01 7.149690392484382429e-01 5.290704760605458024e-02 3.757689868765068386e-02
7.000000000000000000e+00 6.903589153752199836e-01 6.323828573323952984e-01 5.597347873189018053e-02 3.917341417131647852e-02
5.000000000000000000e+00 6.782357853786624702e-01 5.752321476268564826e-01 5.815288467458301636e-02 4.220874128015061899e-02
5.000000000000000000e+00 5.405115951532444285e-01 6.012953956947362233e-01 5.716328115833058110e-02 4.217704705409774935e-02
5.000000000000000000e+00 4.267791225123578336e-01 6.552563796036307009e-01 5.113438423103949804e-02 4.046178150931800666e-02
5.000000000000000000e+00 3.284701698617847887e-01 7.369872600730362766e-01 4.993304321764663323e-02 3.744953157438823954e-02
9.000000000000000000e+00 1.556146121526231774e-01 7.074493922994675721e-01 4.905127089506008953e-02 3.889855381614337748e-02
7.000000000000000000e+00 2.906120955821125396e-01 6.270216934152501587e-01 4.999572341889080285e-02 3.819201456087684132e-02
3.000000000000000000e+00 3.733654689671519478e-01 5.415666528532817603e-01 5.031299029439706416e-02 4.267671803689676580e-02
1.500000000000000000e+01 1.241565730069025125e-01 5.747688335216152300e-01 4.791190183204993569e-02 3.663693175260962498e-02
7.000000000000000000e+00 2.231341587364248369e-01 5.109383295918262791e-01 4.807538973924971315e-02 3.886258057446895231e-02
0.000000000000000000e+00 4.677413865419203232e-01 4.609046704861655686e-01 5.498965926434024043e-02 3.913162737048708761e-02
8.000000000000000000e+00 7.576117022230771658e-01 3.790814075450111842e-01 5.925645755863406805e-02 4.373245447734291913e-02
2.000000000000000000e+00 6.129556247323884044e-01 3.807208312267037487e-01 6.095041655666333380e-02 3.939949374840262530e-02
3.000000000000000000e+00 3.538500591348862634e-01 4.636632928365413964e-01 5.191334213689602350e-02 3.752805888865862194e-02
9.000000000000000000e+00 2.219104340447629609e-01 3.898694699123859131e-01 5.107946527881943033e-02 3.971693768662426516e-02
0.000000000000000000e+00 2.880333541953353227e-01 4.473523197615228986e-01 4.988122286294582874e-02 3.671507543099689075e-02
1.000000000000000000e+00 7.129150401961906192e-02 4.697862543313777173e-01 4.876997726122826726e-02 3.445357140927329809e-02
1.000000000000000000e+00 4.447892189146042119e-01 3.455753725018613220e-01 6.013929225751285523e-02 4.229137054732734491e-02
