1.600000000000000000e+01 6.530572949454895859e-01 2.412176452602335652e-01 3.655208340789040111e-02 3.016355935189901638e-02
2.000000000000000000e+00 5.602613379816943212e-02 6.220632612126448802e-01 4.457355820866003293e-02 3.396248131433921014e-02
1.000000000000000000e+01 8.869666288214002048e-01 3.700982091504999016e-01 4.643117945644159583e-02 2.979532393989936523e-02
9.000000000000000000e+00 4.726665854606898476e-01 3.147771015882100953e-01 4.791504576484567623e-02 3.758769545661122535e-02
5.000000000000000000e+00 5.733002101327470124e-01 4.006606044029694669e-01 5.323735728354517249e-02 3.992791786760280237e-02
9.000000000000000000e+00 6.484564685909657289e-01 5.011610740518617213e-01 5.109354997115667096e-02 3.793219404102771142e-02
3.000000000000000000e+00 7.246872903740113614e-01 5.815454688803087802e-01 5.431266417164593019e-02 3.798275634363845743e-02
1.000000000000000000e+00 5.723957798046568346e-01 5.993177464663312914e-01 4.537074383381456411e-02 3.402820086829816404e-02
5.000000000000000000e+00 5.109677155791096936e-01 5.090749180687652586e-01 4.698830853854496503e-02 3.661611564518979511e-02
1.500000000000000000e+01 4.274627429832305592e-01 4.216076969775218730e-01 4.738774500945197587e-02 3.553626158168449178e-02
5.000000000000000000e+00 3.487396400997241908e-01 3.422390667781057827e-01 4.964091332024733738e-02 3.539286826421278453e-02
3.000000000000000000e+00 2.043378792373469477e-01 3.599922262084181979e-01 4.900745460824118549e-02 3.813086842803936616e-02
0.000000000000000000e+00 2.821370761547101202e-01 4.395364660340679297e-01 4.570563329284804688e-02 3.504282155383109387e-02
1.000000000000000000e+00 3.596340574992008543e-01 5.153517503414726253e-01 4.704990989591123496e-02 3.528728227934929684e-02
7.000000000000000000e+00 4.403528127128136238e-01 6.102617395171515691e-01 4.939896927042475294e-02 3.704912685776240444e-02
6.000000000000000000e+00 5.249207519063090466e-01 6.884261117976572253e-01 5.122190043162994089e-02 3.795621685448535843e-02
7.000000000000000000e+00 5.985092643991343220e-01 7.764329167376038399e-01 5.324187586036221997e-02 3.947131282038429667e-02
8.000000000000000000e+00 1.621238617855007003e-01 4.462092600493071659e-01 5.016955820925114717e-02 3.743892560469896935e-02
2.000000000000000000e+00 3.066682867013696967e-01 6.075392683863101162e-01 4.632273361283306690e-02 3.527429852064711824e-02
6.000000000000000000e+00 3.913236088788170641e-01 7.007475272143948164e-01 4.663803303946367773e-02 3.434192737261898554e-02
0.000000000000000000e+00 4.721674114160527846e-01 7.878299114136240178e-01 4.704785079761480970e-02 3.560547016331228054e-02
8.000000000000000000e+00 1.064591135964178259e-01 5.413847013136923181e-01 4.424118542532207154e-02 3.350456073209795438e-02
8.000000000000000000e+00 1.860168376560500103e-01 6.215432816956382167e-01 4.494911485904673487e-02 3.403100352986809796e-02
2.000000000000000000e+00 2.471863420524664234e-01 7.159762178340722816e-01 4.621034116415659310e-02 3.465777017241122859e-02
1.000000000000000000e+00 3.448474295450237870e-01 7.864379609652826231e-01 4.578948435124990946e-02 3.497881791511914251e-02
7.000000000000000000e+00 4.120554398856371980e-01 8.699303072848028062e-01 4.747437013083649626e-02 3.528613833585136916e-02
0.000000000000000000e+00 5.396596059201517193e-01 8.738360163727793006e-01 4.828139367007355798e-02 3.421712313698943575e-02
6.000000000000000000e+00 2.866736414832349311e-01 8.725429026426633206e-01 4.739186320604477087e-02 3.448217484547133616e-02
1.500000000000000000e+01 2.055813315203569580e-01 7.975817437480250405e-01 4.808180412826359995e-02 3.527018032405448977e-02
3.000000000000000000e+00 1.325887563928041801e-01 7.034077106217712094e-01 4.422843045531960060e-02 3.290650707135434061e-02
