5.000000000000000000e+00 1.852736567705488557e-01 2.829699085312856188e-01 3.579434287242430623e-02 5.183068131079882068e-02
1.200000000000000000e+01 7.694908914495274255e-01 3.130090594398334258e-01 2.637634270817135196e-02 3.319892404760305116e-02
1.600000000000000000e+01 7.838973395309047909e-01 2.127287839551118553e-01 2.341037315831029364e-02 3.068007103373868172e-02
1.000000000000000000e+00 6.474109048357790108e-01 1.708917653486615729e-01 3.689510671739226755e-02 4.977380045358967275e-02
1.000000000000000000e+00 5.397210338081808167e-01 1.054847842555410031e-01 3.768995481843107065e-02 4.615696359394483306e-02
6.000000000000000000e+00 4.467540674361420994e-01 5.669779663855493285e-02 3.449266616950652509e-02 4.680522465449031555e-02
3.000000000000000000e+00 3.426906474320458029e-01 1.380420786989938198e-01 3.652090724341894301e-02 4.869481326892405315e-02
2.000000000000000000e+00 4.404321610545547383e-01 2.175918278463855882e-01 3.648543329545289593e-02 4.783205789606462255e-02
1.500000000000000000e+01 5.409139430428859807e-01 2.758193886418608409e-01 3.706248583514248907e-02 4.614364276450449998e-02
6.000000000000000000e+00 6.284547274590617238e-01 3.172006611315030256e-01 3.595141282652047909e-02 5.039321902256443941e-02
2.000000000000000000e+00 2.561595963666086218e-01 2.212661759392227645e-01 3.793259662251882713e-02 5.125655356192124201e-02
5.000000000000000000e+00 4.603818116825958429e-01 3.256817146945789054e-01 3.349444375290389075e-02 4.876483449846036322e-02
9.000000000000000000e+00 5.566172317869277908e-01 4.050975895060954235e-01 3.636933937104813719e-02 4.849184436990844338e-02
8.000000000000000000e+00 6.489316223080154877e-01 5.015774323514947675e-01 3.553672961437859268e-02 5.023884219268104356e-02
8.000000000000000000e+00 6.349636901401483069e-01 6.464213699166375671e-01 3.786532643384521446e-02 4.980768169368787746e-02
9.000000000000000000e+00 5.432300588243337280e-01 5.583011294198082508e-01 3.397361715453195430e-02 4.735027824519821849e-02
2.000000000000000000e+00 4.608782442458465578e-01 4.704812301893706028e-01 3.726591806735590762e-02 4.832220650281848773e-02
7.000000000000000000e+00 3.650293164243954003e-01 3.756306261386589407e-01 3.521792741588186670e-02 5.107148090767549276e-02
5.000000000000000000e+00 2.774506545192895191e-01 3.487127772345762766e-01 3.666613324264328400e-02 4.682674068986891758e-02
0.000000000000000000e+00 1.758685285817008226e-01 4.108749780259850493e-01 3.801617034809445794e-02 5.314689509280162705e-02
0.000000000000000000e+00 2.723142729995654543e-01 4.758459915381839100e-01 4.116559088600851846e-02 5.078997703161169941e-02
7.000000000000000000e+00 3.654526147381863543e-01 5.454411717198019982e-01 3.865368787011308482e-02 5.319366278746706644e-02
3.000000000000000000e+00 4.521951050126636895e-01 6.092413132825219568e-01 3.522160512314048697e-02 4.858957871634550507e-02
1.500000000000000000e+01 1.741347067967441431e-01 5.545536036400238178e-01 3.614893756046053119e-02 4.751030194843119947e-02
8.000000000000000000e+00 2.641282468502678116e-01 6.272414605219727157e-01 3.451849699529069282e-02 4.739024073351916222e-02
3.000000000000000000e+00 3.693523889109759928e-01 7.108897827423883431e-01 3.844237897353486311e-02 5.057623563574442649e-02
6.000000000000000000e+00 4.549784488867304466e-01 7.918810338643340607e-01 3.895969048901709586e-02 4.989357208525302401e-02
1.000000000000000000e+00 1.797851420204025219e-01 7.115211321412096002e-01 3.518450950898166507e-02 5.033900903840715646e-02
0.000000000000000000e+00 2.811561617696871629e-01 8.002451826699086279e-01 3.816188863884156790e-02 5.635116269801987432e-02
7.000000000000000000e+00 3.643135535085773591e-01 8.470107344193267274e-01 3.687498068160754983e-02 5.190536483063934448e-02
