2.000000000000000000e+00 7.029152164780747558e-01 1.593960227896894233e-01 4.311749543596776757e-02 3.274874453797932405e-02
1.000000000000000000e+01 5.367653836837951165e-01 9.594568898449987726e-01 2.969779006588979531e-02 2.719735864769234901e-02
1.100000000000000000e+01 2.881554823168643864e-01 9.164751402246180678e-01 3.638667917365778770e-02 2.694502695738043574e-02
1.000000000000000000e+00 1.238648881976075894e-01 3.749572141864622177e-01 5.304645472841421072e-02 3.936921373346918829e-02
5.000000000000000000e+00 8.039283036834557472e-02 2.860886923997343900e-01 5.115254779619778785e-02 3.670660287756832840e-02
0.000000000000000000e+00 1.670866397315410312e-01 2.003418808543621088e-01 4.931688944962867027e-02 3.549896481483094668e-02
6.000000000000000000e+00 2.375616182901111317e-01 2.827764915426262959e-01 4.878688645585815831e-02 3.658469479704856697e-02
9.000000000000000000e+00 3.080663864172292210e-01 4.029047820927006418e-01 5.025480994979003579e-02 3.619732691858912332e-02
7.000000000000000000e+00 3.756024429356984440e-01 5.075799002774068480e-01 5.293776345895256918e-02 3.771643229158450072e-02
1.000000000000000000e+00 4.357026239791405020e-01 6.153373148127742054e-01 5.108167375569194757e-02 3.980010542820933139e-02
7.000000000000000000e+00 5.915210648033327745e-01 6.155536329105384397e-01 5.152522047310048592e-02 4.162538547347782725e-02
2.000000000000000000e+00 5.080214659515472908e-01 5.053293464212931241e-01 4.986963008926853513e-02 3.859583809580896530e-02
1.000000000000000000e+00 4.576615867890172495e-01 4.021656607628943392e-01 5.243046854324145967e-02 3.753311186975050173e-02
9.000000000000000000e+00 3.768493914017951862e-01 3.089288794341488731e-01 4.840800453886101584e-02 3.631157693632569572e-02
3.000000000000000000e+00 3.282243591377305147e-01 2.088806208574863765e-01 5.004440541402038756e-02 3.932308794991096201e-02
8.000000000000000000e+00 2.658310022400983130e-01 1.048870406926634968e-01 4.744814472369940361e-02 3.618319350542185953e-02
6.000000000000000000e+00 7.411553833877154718e-01 6.286313274226560388e-01 5.202190054503130767e-02 4.050529769607125186e-02
5.000000000000000000e+00 6.609547981497900793e-01 5.377938999537145159e-01 5.253111736839033430e-02 3.940389677456779260e-02
3.000000000000000000e+00 5.989962211139092663e-01 4.208091998243759235e-01 4.970112314023100719e-02 3.787272773510319546e-02
2.000000000000000000e+00 5.355555280353097025e-01 3.226300555712672269e-01 5.257925376302685638e-02 3.824616917506529212e-02
0.000000000000000000e+00 4.701961354158311623e-01 2.286975732416612339e-01 4.808266992572535203e-02 3.486831299591156008e-02
1.500000000000000000e+01 4.135052115657343874e-01 1.339018586998862448e-01 4.650771095969036262e-02 3.189920222182797416e-02
6.000000000000000000e+00 5.609188545659813396e-01 1.498024659496745570e-01 4.624015184724261651e-02 3.509592599708558081e-02
3.000000000000000000e+00 6.153205794323293176e-01 2.336209831998315722e-01 4.623855518550401555e-02 3.508915496860171013e-02
0.000000000000000000e+00 6.715676608869176611e-01 3.230833153142521619e-01 4.769317316494781078e-02 3.577007206447563314e-02
1.500000000000000000e+01 7.393405999149874619e-01 4.372097987408118391e-01 4.775236792051407164e-02 3.871372495417224613e-02
8.000000000000000000e+00 8.291569917699326275e-01 5.368633122704264959e-01 4.774237400074321513e-02 3.870580078109941979e-02
7.000000000000000000e+00 8.700652691481293166e-01 4.317732098727458112e-01 4.606593831088012791e-02 3.703377069492230778e-02
5.000000000000000000e+00 8.196564109083785965e-01 3.398608742400369698e-01 4.859363124987303717e-02 3.396155696746200325e-02
8.000000000000000000e+00 7.388653565052873962e-01 2.504144348234770834e-01 4.359755839869339233e-02 3.476716151799308374e-02
