1.300000000000000000e+01 3.639490817438585379e-01 2.354758003480836026e-01 3.967017133585598598e-02 3.157092711836989585e-02
6.000000000000000000e+00 7.276133422259229988e-01 3.736209260666633059e-01 4.911546632893559750e-02 3.620257725383457803e-02
9.000000000000000000e+00 9.119557342930455501e-01 5.598338225760276510e-01 5.153263128840712692e-02 3.733591570939243098e-02
8.000000000000000000e+00 9.798053387385101676e-01 6.495010834814116674e-01 4.038932252297977588e-02 3.638124658465413663e-02
2.000000000000000000e+00 5.967886709839467230e-01 3.878202202330233717e-01 4.900386845037940642e-02 3.675276043137232218e-02
5.000000000000000000e+00 6.694616604001503157e-01 4.747325212366854119e-01 4.971843304852763268e-02 3.624186196158879492e-02
8.000000000000000000e+00 7.365993386774101204e-01 5.647675478782201441e-01 4.775848121574621796e-02 3.477181354315550532e-02
5.000000000000000000e+00 8.092071729685578196e-01 6.586964950428860766e-01 4.920542098255942243e-02 3.611684979258011907e-02
1.000000000000000000e+00 9.028507564669969732e-01 7.579361485252607000e-01 4.805224290414711330e-02 3.551185402065071273e-02
7.000000000000000000e+00 4.441246189933043542e-01 3.875889223572029918e-01 4.659586240770857701e-02 3.415988517573986805e-02
1.500000000000000000e+01 4.982181256911062950e-01 4.715379756004542400e-01 4.689224495537869242e-02 3.490916911388319832e-02
6.000000000000000000e+00 5.851438550758623069e-01 5.483779058042970167e-01 4.805466649443901339e-02 3.551765936483819441e-02
2.000000000000000000e+00 6.841978220880839956e-01 6.616026897969493614e-01 4.570282574771811213e-02 3.532433576713767120e-02
8.000000000000000000e+00 7.476562930333029433e-01 7.400120356211923323e-01 4.639163265369461442e-02 3.478956775110753075e-02
6.000000000000000000e+00 8.190870796997916647e-01 8.450530315489674926e-01 4.775848121574610694e-02 3.477186990572034286e-02
3.000000000000000000e+00 2.895802272928402754e-01 3.878515437284816847e-01 4.847135493694648689e-02 3.766760940398949931e-02
1.000000000000000000e+00 3.743428741608169075e-01 4.764897651047058647e-01 4.805235562927706594e-02 3.551185402065071273e-02
2.000000000000000000e+00 4.380025171909024406e-01 5.643246790243039435e-01 4.766274939921716358e-02 3.679415873531133307e-02
1.500000000000000000e+01 5.456015422185438446e-01 6.536134653062013466e-01 4.946592875765343233e-02 3.788691614412165176e-02
0.000000000000000000e+00 6.055413827791997772e-01 7.541672119898555904e-01 4.705079285051916305e-02 3.528409289577960628e-02
0.000000000000000000e+00 6.846879791339741672e-01 8.361722640061997058e-01 4.784849223193510248e-02 3.615027279358196122e-02
3.000000000000000000e+00 2.387972181179661146e-01 4.848630300222271927e-01 4.603981752341843037e-02 3.505686721527517813e-02
7.000000000000000000e+00 3.340479519740243708e-01 5.700127327142006095e-01 4.619898540677308540e-02 3.544021720062817682e-02
9.000000000000000000e+00 4.449940961011550344e-01 7.457223525242353546e-01 4.819954646758461969e-02 3.588581963894321714e-02
3.000000000000000000e+00 5.583317320394329819e-01 8.413110363195976937e-01 4.775628307571400111e-02 3.476606456153286118e-02
1.000000000000000000e+00 1.600585599174941531e-01 5.757833857429983659e-01 4.790550296635898153e-02 3.514211559472768531e-02
7.000000000000000000e+00 2.468855702697799748e-01 6.677637663129982748e-01 4.865726685735913271e-02 3.701639632881958963e-02
5.000000000000000000e+00 3.315425514191591150e-01 7.516896545420643783e-01 4.719789914497940497e-02 3.566245479413643338e-02
0.000000000000000000e+00 4.044386238673449707e-01 8.287261773723735292e-01 4.603987388598335118e-02 3.505689539655765241e-02
1.100000000000000000e+01 3.164908439114800243e-01 1.207314956956330038e-01 4.364057585959368879e-02 3.485266564254360655e-02
