2.000000000000000000e+00 3.412564171075598840e-01 9.038191016890248508e-02 3.039372187717648277e-02 3.991605516117148478e-02
1.000000000000000000e+01 8.487970716659291037e-01 8.276220059528809347e-01 2.561971473602220328e-02 2.684834631809673855e-02
1.100000000000000000e+01 7.098354631068306553e-01 9.745861095894787773e-01 2.494417018273009656e-02 3.377032092866227853e-02
1.000000000000000000e+00 2.462811374962513289e-01 6.760773934121556694e-01 3.645419081005513151e-02 4.922205960878489606e-02
5.000000000000000000e+00 1.630466237895384363e-01 6.390499709268286921e-01 3.386857746970228789e-02 4.761470867271044849e-02
0.000000000000000000e+00 1.385273137939576904e-01 5.101313593923487710e-01 3.276555529560143398e-02 4.589350622436816352e-02
6.000000000000000000e+00 2.288121522874398683e-01 5.226358951795551100e-01 3.391253939210897572e-02 4.522486840701533950e-02
9.000000000000000000e+00 3.464169684960103357e-01 5.641818852070150658e-01 3.341254104393853730e-02 4.676364532197918589e-02
7.000000000000000000e+00 4.515392298785777525e-01 5.959636691541961850e-01 3.477242801654029103e-02 4.930762639292063376e-02
1.000000000000000000e+00 5.556694976080354120e-01 6.355088983738697017e-01 3.702755952373848469e-02 4.716390711426565741e-02
7.000000000000000000e+00 6.234056110555125096e-01 5.227936400950238260e-01 3.884830667418870398e-02 4.737913964335521699e-02
2.000000000000000000e+00 5.073397910233642394e-01 4.982979692254255744e-01 3.588397397983600356e-02 4.607826141074206072e-02
1.000000000000000000e+00 4.107618745973365404e-01 4.552383625353517704e-01 3.462187761767498984e-02 4.881469922678316475e-02
9.000000000000000000e+00 3.081681089452120159e-01 4.418937675818569444e-01 3.366044353032793257e-02 4.487224116656363115e-02
3.000000000000000000e+00 2.145995971470767705e-01 3.999794594158294081e-01 3.661126423730751145e-02 4.616278670295037578e-02
8.000000000000000000e+00 1.122014675311985010e-01 3.649975544834820340e-01 3.359387027002495862e-02 4.390647666541330763e-02
6.000000000000000000e+00 6.977769873490313746e-01 4.244750206546985538e-01 3.768134237728570923e-02 4.803555363440303871e-02
5.000000000000000000e+00 5.971867369767642764e-01 4.125372894412651092e-01 3.652693079887525673e-02 4.869429727844609701e-02
3.000000000000000000e+00 4.855657989328894253e-01 3.672238531089023206e-01 3.516000005192260192e-02 4.599499687191932473e-02
2.000000000000000000e+00 3.869257147868856994e-01 3.374838181583849073e-01 3.534132927800914814e-02 4.888099841026305459e-02
0.000000000000000000e+00 2.905299498174133688e-01 3.124081185083046330e-01 3.221002898309432982e-02 4.471409883970156596e-02
1.500000000000000000e+01 1.972683629494972890e-01 2.803869421600877487e-01 2.928017515307293483e-02 4.345868995202134544e-02
6.000000000000000000e+00 2.727216986132706689e-01 1.858536525373650772e-01 3.257000148240202231e-02 4.280995011201724210e-02
3.000000000000000000e+00 3.570380483556676587e-01 2.110693917401492703e-01 3.256323178487430248e-02 4.280921010459518006e-02
0.000000000000000000e+00 4.462433804664610593e-01 2.392998663650329760e-01 3.315789626770365706e-02 4.421026341600930998e-02
1.500000000000000000e+01 5.583154078494447781e-01 2.781973150135828021e-01 3.614114026284231951e-02 4.389162170160759713e-02
8.000000000000000000e+00 6.694629055892962199e-01 2.899663930539927437e-01 3.613384981935086060e-02 4.388235790499078748e-02
7.000000000000000000e+00 6.110729762516819985e-01 1.793025997951853967e-01 3.454869910593816318e-02 4.238351398313577878e-02
5.000000000000000000e+00 5.226248498835888157e-01 1.449536204701560027e-01 3.124251039027692300e-02 4.533740435053279505e-02
8.000000000000000000e+00 4.227861455676272806e-01 1.345161994895805180e-01 3.241144804030549054e-02 4.014907527607286530e-02
