1.500000000000000000e+01 3.898911111456915268e-01 4.534073524931531152e-01 3.643330585375709196e-02 4.697782355409196864e-02
1.600000000000000000e+01 7.417639853123647597e-01 6.998030272834971921e-01 2.158828099227383390e-02 2.959235710285967880e-02
1.400000000000000000e+01 7.511933008457368777e-01 8.733144943161996743e-01 2.546520964111853580e-02 3.435789305605718713e-02
8.000000000000000000e+00 6.699109819489073026e-01 5.064369033442779333e-01 3.484456810530689452e-02 4.443551263800121776e-02
0.000000000000000000e+00 5.899899660956484659e-01 5.944270966298408343e-01 3.581434210124034845e-02 4.775267286847584280e-02
3.000000000000000000e+00 4.959558208269656543e-01 6.598378866785430397e-01 3.820629415942983220e-02 5.255835870048597425e-02
1.000000000000000000e+00 3.881045363594354258e-01 7.686511020988782139e-01 3.621459467180454528e-02 4.992092887446897276e-02
5.000000000000000000e+00 4.012784376550130871e-01 6.061594222159087941e-01 3.631743471227177888e-02 4.841728611208517830e-02
7.000000000000000000e+00 4.975806582471550277e-01 5.449722260314932010e-01 3.681608428678145861e-02 4.908813044349935595e-02
9.000000000000000000e+00 5.823215830676308213e-01 4.511329106234583941e-01 3.584538917352042553e-02 4.577004909569698521e-02
2.000000000000000000e+00 6.570896789480293876e-01 3.808268560826288951e-01 3.394328189185547018e-02 4.363552223890881931e-02
7.000000000000000000e+00 6.421775208883697683e-01 2.553271668043421982e-01 3.203413077180228274e-02 4.351886543852645506e-02
6.000000000000000000e+00 5.689837228877255848e-01 3.273845904853299738e-01 3.154783500615798708e-02 4.083426898699499263e-02
0.000000000000000000e+00 4.902761301094152313e-01 3.910488743515304622e-01 3.414183685934346624e-02 4.470434343925416831e-02
6.000000000000000000e+00 3.082571015256467817e-01 5.295381195472708136e-01 3.571388612915066263e-02 4.923567176604526363e-02
3.000000000000000000e+00 2.131154887663851416e-01 6.212069845227377041e-01 3.819906067923883874e-02 5.254925589395353924e-02
2.000000000000000000e+00 5.558887667654675013e-01 2.133800255353898168e-01 3.374307433151502167e-02 4.111854204932943735e-02
5.000000000000000000e+00 3.970502246582449102e-01 3.335265195512605585e-01 3.319796251532958209e-02 4.329576540342444657e-02
8.000000000000000000e+00 3.008717995257749744e-01 4.074405635729374531e-01 3.738040410841769745e-02 4.887315791422980338e-02
7.000000000000000000e+00 2.108226380959798973e-01 4.782755697391887217e-01 3.749451429030589700e-02 4.950092646473186475e-02
3.000000000000000000e+00 1.143806108576760211e-01 5.529031274979003818e-01 3.547745698448337426e-02 5.069873118263878986e-02
8.000000000000000000e+00 1.249010440490606333e-01 4.280574721597976140e-01 3.368967661819549653e-02 4.831425642981523882e-02
1.000000000000000000e+00 2.235755210435912965e-01 3.446988193479404439e-01 3.438138154791303691e-02 4.729669269958675093e-02
0.000000000000000000e+00 3.167329928956519325e-01 2.825497734857781440e-01 3.342813348050577282e-02 4.457102525191514175e-02
5.000000000000000000e+00 3.922860703810389649e-01 2.239324404622253240e-01 3.366469808360361693e-02 4.585457515635499304e-02
0.000000000000000000e+00 4.663393927609987832e-01 1.576704160901565843e-01 3.237889956921685686e-02 4.123487374947856776e-02
2.000000000000000000e+00 4.032321004153421873e-01 1.126451851747924671e-01 3.126461851958167726e-02 4.067675792396113765e-02
9.000000000000000000e+00 3.180063427802720111e-01 1.664713535100893482e-01 3.043528782443383207e-02 3.957678128459118927e-02
1.500000000000000000e+01 2.332365246765617517e-01 2.183118367120771008e-01 3.316550667537176977e-02 4.422100066739567681e-02
6.000000000000000000e+00 1.375411849449322266e-01 2.934774624485860794e-01 3.183449213687014612e-02 4.379747633846436949e-02
