6.000000000000000000e+00 4.355627432036407454e-01 7.537232934972273313e-01 3.688354052276610062e-02 5.153628343586691418e-02
0.000000000000000000e+00 2.985080892671939656e-01 1.277367817266983341e-01 3.266025439056724489e-02 4.610052452757811003e-02
5.000000000000000000e+00 3.849135772191424332e-01 1.406007122209782800e-01 3.327527722666268062e-02 4.494259619522904259e-02
7.000000000000000000e+00 4.849100171866794207e-01 1.504858513979044632e-01 3.441754400063634645e-02 4.533356460604065497e-02
1.000000000000000000e+00 5.945544478160693647e-01 1.634888673709813389e-01 3.454683030766270146e-02 4.803964796840332063e-02
2.000000000000000000e+00 5.141397912170190265e-01 2.779495410025392133e-01 3.546952146266391104e-02 4.871047045510412676e-02
5.000000000000000000e+00 6.269451465325207584e-01 2.904981720907268139e-01 3.657838261758894483e-02 4.820573465849781192e-02
3.000000000000000000e+00 2.150179048399497861e-01 2.246210931749746953e-01 3.098560874154321354e-02 4.386739740621115047e-02
9.000000000000000000e+00 3.277646648168299759e-01 2.266494218854538945e-01 3.349448198906151974e-02 4.465926177303414235e-02
6.000000000000000000e+00 4.194562710496385627e-01 2.571481957919218853e-01 3.304962526536969758e-02 4.492562237513178514e-02
6.000000000000000000e+00 8.945040489589420329e-02 3.992725161437027936e-01 2.987669053176066070e-02 4.407924209199642895e-02
0.000000000000000000e+00 1.873607909009069594e-01 4.273564859989057441e-01 3.189409323703437660e-02 4.423642822432566346e-02
0.000000000000000000e+00 1.612837684483464373e-01 3.035353639234281142e-01 3.021904820400805880e-02 4.200332963038744261e-02
1.000000000000000000e+00 2.538721771945792738e-01 3.223455659269222062e-01 3.264607625848600647e-02 4.578871973150577812e-02
1.500000000000000000e+01 3.469119611819699300e-01 3.616484891532653068e-01 3.360374204111615803e-02 4.707456505430213101e-02
2.000000000000000000e+00 2.865966040360856670e-01 4.529104437818977646e-01 3.386394071860698851e-02 4.799731326416067922e-02
8.000000000000000000e+00 4.493102680118405967e-01 3.765791605408159159e-01 3.536197305633342891e-02 4.630897444934389817e-02
8.000000000000000000e+00 3.762197006750419570e-01 5.048928534120353806e-01 3.361018924001024644e-02 4.737584322917115509e-02
5.000000000000000000e+00 4.680085426486934597e-01 5.037487180914795859e-01 3.536921902323209022e-02 4.630951647048986430e-02
1.000000000000000000e+00 1.061188388685448541e-01 5.568891416362524716e-01 3.365463497397919168e-02 4.694650542671119364e-02
8.000000000000000000e+00 2.128517315938235899e-01 5.587459634451775736e-01 3.554919857112046055e-02 4.637977952746386023e-02
7.000000000000000000e+00 1.285806230686762919e-01 6.866568775500891952e-01 3.209446989646823345e-02 4.684083983067710566e-02
7.000000000000000000e+00 2.997745502021648689e-01 5.900307678592922045e-01 3.483413004245183853e-02 4.848390561609172700e-02
3.000000000000000000e+00 2.361086893425113076e-01 6.938902067978207633e-01 3.453322272415620953e-02 4.773688636723993906e-02
9.000000000000000000e+00 4.165664853099376730e-01 6.130580227518065417e-01 3.565728899859704759e-02 4.818796207039599544e-02
2.000000000000000000e+00 4.982786977412800300e-01 6.501414834951466659e-01 3.650509565316906180e-02 4.969141461958204165e-02
1.400000000000000000e+01 7.684912301675599355e-01 5.995446368149481842e-01 3.256354640715597437e-02 3.967252459303227674e-02
1.400000000000000000e+01 8.111652111200757798e-01 6.427028993976675597e-01 3.653656140706373900e-02 4.324033599518961601e-02
