7.000000000000000000e+00 4.613229872068949078e-01 2.734715538510899546e-01 3.524446540459508226e-02 4.259365780730184348e-02
1.300000000000000000e+01 6.945811340001614154e-01 4.752778644842916567e-01 2.616643278633823400e-02 2.826055479775474444e-02
1.300000000000000000e+01 8.085149192214863278e-01 8.552251681170730535e-01 2.868672621182088989e-02 4.739694847861664062e-02
5.000000000000000000e+00 5.405700425071340298e-01 7.379295658718135753e-01 3.581438999441077797e-02 4.977628439493342327e-02
6.000000000000000000e+00 4.137536719050414202e-01 7.748153112145477195e-01 3.991901562971622575e-02 5.322535417295504168e-02
0.000000000000000000e+00 2.896576805858488424e-01 7.935074455185449072e-01 3.527874027691507708e-02 5.320114370033757201e-02
5.000000000000000000e+00 1.900455920544083799e-01 8.220903127167697999e-01 3.592772631772650493e-02 4.877498845120542548e-02
1.000000000000000000e+00 5.699683497345822136e-01 6.351323184878818751e-01 3.656580925886032674e-02 4.967345977797366086e-02
3.000000000000000000e+00 4.697569960925268573e-01 6.166527107576009747e-01 3.792413978203196256e-02 5.232805702615195287e-02
1.000000000000000000e+00 3.513285058774301972e-01 6.353077186093625262e-01 3.393433217333174934e-02 4.611748370977974965e-02
1.500000000000000000e+01 2.390466101489307493e-01 6.707540590979887973e-01 3.393436012999762053e-02 4.611753962311138100e-02
3.000000000000000000e+00 1.722875458694597683e-01 6.551742285753036077e-01 2.995813946089567747e-02 4.610708383008721434e-02
9.000000000000000000e+00 9.518039162095026651e-02 5.840411482284924016e-01 2.661885550962812819e-02 3.812640625938490402e-02
8.000000000000000000e+00 1.761080339314995413e-01 5.757361453773792714e-01 3.061604367811010530e-02 4.433765053573723858e-02
2.000000000000000000e+00 3.001117123400882658e-01 5.277146729405615133e-01 3.126656733554272760e-02 4.256972690134264159e-02
7.000000000000000000e+00 3.865812324767811115e-01 5.304925870417602773e-01 3.591139962487588377e-02 4.348295934767454352e-02
7.000000000000000000e+00 4.909223308183989776e-01 4.824121539966856886e-01 3.326904739633546049e-02 4.350621929365350304e-02
2.000000000000000000e+00 5.831211502690272219e-01 4.666253602767865272e-01 3.462131132301982106e-02 4.876716058477015281e-02
1.500000000000000000e+01 6.312498085626759847e-01 3.412394483957329472e-01 3.509841978224659265e-02 4.251529527295216937e-02
2.000000000000000000e+00 5.271824618929640272e-01 3.576136396215979785e-01 3.188306773064808475e-02 4.373135432366359598e-02
6.000000000000000000e+00 4.352214697986372949e-01 3.754169756052074813e-01 3.417450788956383212e-02 4.129386854239935900e-02
8.000000000000000000e+00 3.473437444469141822e-01 4.345285778141240174e-01 3.049434831170833027e-02 4.065914040116630490e-02
5.000000000000000000e+00 2.393009179597450076e-01 4.404650919352660621e-01 3.049655688830965605e-02 4.131097802189348522e-02
8.000000000000000000e+00 1.512064026427649699e-01 4.520460149545200146e-01 2.818870616654575723e-02 4.064625237821400949e-02
0.000000000000000000e+00 2.143301218797220575e-01 3.331524376465079262e-01 2.957032459236216826e-02 3.941811604785966372e-02
3.000000000000000000e+00 2.895867824812783375e-01 3.288272898310560244e-01 3.233512701728208372e-02 4.127348813300191210e-02
0.000000000000000000e+00 5.572867308462057245e-01 2.314259724992498435e-01 3.258874988978321952e-02 4.081743104315282977e-02
1.000000000000000000e+00 5.221719564144426950e-01 1.577999263678145914e-01 3.139986471826816672e-02 3.575176706292906847e-02
9.000000000000000000e+00 4.232900400814133546e-01 1.903930374974688311e-01 3.047880440550115866e-02 3.820776015697949224e-02
6.000000000000000000e+00 2.601685002160874505e-01 2.300638538478568806e-01 2.817827833018737849e-02 3.757101913580598862e-02
