9.000000000000000000e+00 6.249769791879296044e-01 5.529773286797028398e-01 3.499130965755847811e-02 4.742643321705253268e-02
1.100000000000000000e+01 6.253174256454743229e-01 7.892700971435537838e-01 2.665798069385127977e-02 3.940688292461269615e-02
1.000000000000000000e+01 7.816587821978990824e-01 5.440878020821180439e-01 2.443783789154962971e-02 3.194131975879266339e-02
2.000000000000000000e+00 1.479362640714707022e-01 4.289812762573601002e-01 3.593573471355421267e-02 4.696024290434042125e-02
1.500000000000000000e+01 1.760822278880543601e-01 5.310396878561218781e-01 3.495336261629883312e-02 4.734855534596849047e-02
1.000000000000000000e+00 2.196339819601452192e-01 3.304670304587571938e-01 3.482469975795768335e-02 4.270895567028265560e-02
6.000000000000000000e+00 2.422818049199819690e-01 4.249536753538941669e-01 3.016639579009014471e-02 4.208375053418905720e-02
5.000000000000000000e+00 2.811653219114633173e-01 2.287705610836307524e-01 3.286806075672565886e-02 4.338347212212825821e-02
7.000000000000000000e+00 3.506476014107182126e-01 1.382022670217160631e-01 3.031571838934110641e-02 3.908088978375384714e-02
7.000000000000000000e+00 2.969655601832308367e-01 3.434090119965401700e-01 3.321865287578712467e-02 4.339211577230311923e-02
1.000000000000000000e+00 3.913537808257205874e-01 2.583091586425746988e-01 3.076275097248526436e-02 4.294366619732711832e-02
1.500000000000000000e+01 7.022779078776901773e-01 4.446200341399584310e-01 3.797844179865883518e-02 4.677577890765699520e-02
8.000000000000000000e+00 4.361422995386570189e-01 1.734911874737393167e-01 3.173744297401137615e-02 4.232537598137339763e-02
0.000000000000000000e+00 1.916980305029750697e-01 6.902176069975840544e-01 3.443975975688962077e-02 4.900150465777652897e-02
5.000000000000000000e+00 2.590637918125988648e-01 5.902951122066327772e-01 3.871864999183374789e-02 5.081712463189269613e-02
0.000000000000000000e+00 3.409218654233439061e-01 4.746337773999923515e-01 3.251157395164328001e-02 4.489942666362323198e-02
2.000000000000000000e+00 3.918174772328084088e-01 3.619265021450946973e-01 3.499128131772188954e-02 4.742643321705253268e-02
3.000000000000000000e+00 5.314917365903510937e-01 1.862743242271606148e-01 3.254274777194610113e-02 4.570161407952774701e-02
9.000000000000000000e+00 4.999612027636410883e-01 3.837807671692836653e-01 3.496200626647366638e-02 4.662452919951448616e-02
3.000000000000000000e+00 4.218486494923753272e-01 5.258640968500821744e-01 3.494556916122304457e-02 4.582330533805567541e-02
1.000000000000000000e+00 3.585712213561348949e-01 6.166790750200212834e-01 3.807289847417683060e-02 4.998399011437848483e-02
2.000000000000000000e+00 2.986160297593331014e-01 7.109032788579625617e-01 3.623982116069096593e-02 4.909054842449633860e-02
5.000000000000000000e+00 6.272618218372781884e-01 2.083665021799342987e-01 3.172423661013756835e-02 5.007399743554405425e-02
0.000000000000000000e+00 5.707909848154086863e-01 3.090818889203723607e-01 3.413385956020786871e-02 4.440081557779623767e-02
3.000000000000000000e+00 4.775164063934863590e-01 6.473054830384361580e-01 3.621590233856769592e-02 4.825140586161469347e-02
7.000000000000000000e+00 5.115171679109190572e-01 7.494736831643376007e-01 3.631222944330375624e-02 5.150736969307301294e-02
6.000000000000000000e+00 5.843117224970340029e-01 6.479947362053339877e-01 3.746464056039322532e-02 4.995309969244188242e-02
