3.000000000000000000e+00 6.587714070614780759e-01 1.260349957678582600e-01 4.699545725976939092e-02 3.432945752218394264e-02
9.000000000000000000e+00 8.109515403159246461e-01 6.762600861466134816e-01 4.650821706422669788e-02 3.893271333515402333e-02
2.000000000000000000e+00 8.424457751479893508e-01 5.649791170771460980e-01 4.566195777723169869e-02 3.424632061275778572e-02
6.000000000000000000e+00 8.987269220426759020e-01 4.806764739609309389e-01 4.543387784092378645e-02 3.509798645782868931e-02
5.000000000000000000e+00 9.130444923242356792e-01 3.556437323897264635e-01 4.735932157266686815e-02 3.500586816230943921e-02
3.000000000000000000e+00 8.449815395175882538e-01 3.053672772948921033e-01 4.916150759789728042e-02 3.840157070627525648e-02
0.000000000000000000e+00 7.768520535481733269e-01 3.833396976814353874e-01 4.508915806154034644e-02 3.412066983955602817e-02
9.000000000000000000e+00 7.593601246193857346e-01 4.915903204935109239e-01 5.115058917715420428e-02 3.652227475439140392e-02
2.000000000000000000e+00 7.027685290238283589e-01 6.061182378997795883e-01 5.281580906446703416e-02 4.053518169594905185e-02
5.000000000000000000e+00 6.457686348894400297e-01 7.128879512756634007e-01 5.097415221088086312e-02 4.283122578015896575e-02
3.000000000000000000e+00 5.151955155441624301e-01 7.518433248842821826e-01 5.425274220723980134e-02 4.068969698958757597e-02
8.000000000000000000e+00 5.477652565888416758e-01 6.673693116034873363e-01 5.036241345943115455e-02 4.206349453341073907e-02
6.000000000000000000e+00 6.239715494426756326e-01 4.930530308052510913e-01 5.181397089863815086e-02 3.763351447516183335e-02
1.000000000000000000e+00 6.473416478491342829e-01 4.194677220847828347e-01 5.258483381290557368e-02 3.667489922990530005e-02
7.000000000000000000e+00 6.979441952104191715e-01 3.098632439512943870e-01 4.495951884385651631e-02 3.586902663629526478e-02
1.000000000000000000e+00 7.651397647463331619e-01 2.075208073546216114e-01 4.760695965895345161e-02 3.509187084295606329e-02
1.000000000000000000e+00 3.978953337825248404e-01 6.873964731092763181e-01 5.575523355968436956e-02 4.314273806622503926e-02
2.000000000000000000e+00 4.604606885751734713e-01 5.585772205229296850e-01 5.399892941801431867e-02 4.093733507587415943e-02
7.000000000000000000e+00 5.213886687318006752e-01 4.317467540755081101e-01 5.032181995781387362e-02 3.712201862836167487e-02
1.500000000000000000e+01 5.591657967523502304e-01 3.246253189843723019e-01 5.500029487931212824e-02 3.695243587779073469e-02
0.000000000000000000e+00 6.227210982374645765e-01 2.134434553742760032e-01 5.306941504546025534e-02 3.672976249955853256e-02
5.000000000000000000e+00 5.266376389344007425e-01 1.189052228676812373e-01 4.979853604176665005e-02 3.556073464984797761e-02
6.000000000000000000e+00 4.872124561098276629e-01 2.127060067615583194e-01 5.288831012194111780e-02 4.040232217864631048e-02
7.000000000000000000e+00 4.222642420914092809e-01 3.339445410969719696e-01 5.155741051432505273e-02 3.866841241414220587e-02
1.500000000000000000e+01 3.681205173666793340e-01 4.701289882120536223e-01 5.400022935547510450e-02 4.094427792367644203e-02
7.000000000000000000e+00 2.997984043007971278e-01 5.644937381556951461e-01 5.809834128878288428e-02 4.489428561854980071e-02
0.000000000000000000e+00 3.242012143877791019e-01 2.149874708653839173e-01 5.499887676571846296e-02 3.904090358473405464e-02
8.000000000000000000e+00 2.037821872172975446e-01 4.902732474934325957e-01 6.045932315796764822e-02 4.313659290731930440e-02
1.600000000000000000e+01 2.326606228938233045e-01 6.917045249425066711e-01 3.474147860919812869e-02 2.850863301295525343e-02
1.400000000000000000e+01 2.761457467608089411e-01 8.612918843825549953e-01 3.757173790173956585e-02 2.843607286741456353e-02
