7.000000000000000000e+00 4.483878969183336949e-01 7.650425403570030314e-01 3.740678834846794532e-02 3.740676027319755903e-02
1.500000000000000000e+01 7.255741006800479065e-01 6.551451512566150992e-01 3.662952448849798870e-02 3.874314314242510715e-02
1.500000000000000000e+01 3.363847362020849774e-01 7.244267766814376230e-01 3.952986836850697072e-02 3.894865412147452410e-02
1.400000000000000000e+01 3.261783366405224260e-01 3.484806434790434226e-02 3.659493575541222787e-02 3.826701463235725187e-02
1.100000000000000000e+01 4.370063367275969224e-01 1.165871925871787562e-01 3.583651040185514836e-02 3.720032281022633835e-02
1.000000000000000000e+00 7.970292573857497009e-01 4.754425890896958329e-01 3.571269845955904465e-02 3.684884850056535655e-02
2.000000000000000000e+00 6.986696813932981032e-01 4.337187225682156422e-01 3.649251716913193277e-02 3.622877807935198646e-02
7.000000000000000000e+00 5.923519173393257953e-01 3.904372961975967060e-01 3.666854911430106334e-02 3.717845217461440699e-02
0.000000000000000000e+00 4.901711145613589782e-01 3.391852724959572574e-01 4.005220877359061404e-02 3.890687811917581396e-02
6.000000000000000000e+00 5.805432340229378374e-01 2.725501203188960275e-01 3.761670714496401224e-02 3.888455827923809061e-02
8.000000000000000000e+00 7.762853104487056344e-01 3.614450734680175192e-01 3.526826692972995225e-02 3.614963389220171575e-02
8.000000000000000000e+00 8.779793582267725327e-01 4.048642792279376068e-01 3.473826197583751441e-02 3.626061543594250036e-02
7.000000000000000000e+00 8.920138209021835074e-01 5.139433022725456990e-01 3.448597759636506943e-02 3.537607596791958464e-02
3.000000000000000000e+00 9.081272292726244588e-01 6.227392985166352313e-01 3.396198075033018959e-02 3.378622955786458881e-02
0.000000000000000000e+00 8.086680010906369676e-01 5.876464458761267995e-01 3.465779825098014300e-02 3.518583793594720621e-02
5.000000000000000000e+00 7.097371494968609529e-01 5.442044008837672031e-01 3.729260622390606628e-02 3.570893637333061310e-02
0.000000000000000000e+00 6.150965922681717046e-01 5.007985729901746064e-01 3.723185133884276965e-02 3.758267991728542201e-02
9.000000000000000000e+00 5.058048288623960831e-01 4.574972974034097195e-01 3.814937924954081572e-02 3.797359998180477314e-02
5.000000000000000000e+00 3.975961532366428797e-01 4.120998098303421675e-01 4.017127599519537684e-02 3.858721309083501527e-02
1.000000000000000000e+00 3.030610467234330918e-01 4.858721028248246809e-01 4.135885993150478779e-02 3.924467977217049874e-02
8.000000000000000000e+00 4.171969453527253346e-01 5.263068371570962523e-01 3.912477029245475801e-02 3.754084776444599481e-02
9.000000000000000000e+00 5.149267930309591179e-01 5.669294231233596992e-01 3.670816332078180588e-02 3.705969378098350475e-02
3.000000000000000000e+00 6.246685749453658731e-01 6.150078463385576510e-01 3.675109040916524350e-02 3.727884934142866591e-02
5.000000000000000000e+00 8.230971739920662777e-01 6.967063215863480430e-01 3.632558161155985399e-02 3.719821716494919883e-02
6.000000000000000000e+00 7.386769978095797384e-01 7.637918151376495990e-01 3.575121773049561025e-02 3.539965919502363612e-02
2.000000000000000000e+00 6.362479956039783779e-01 7.243819123993993081e-01 3.614309235420742894e-02 3.737542827147366520e-02
3.000000000000000000e+00 4.283094883028542021e-01 6.444734040888037141e-01 3.984801733224824227e-02 4.019957586772027192e-02
2.000000000000000000e+00 3.144533457050833203e-01 6.047339257517746480e-01 3.989563299078208169e-02 3.936809866068147201e-02
1.000000000000000000e+00 6.493101555162150706e-01 8.414069107629202904e-01 3.723179518830199708e-02 3.758267991728525548e-02
6.000000000000000000e+00 5.502290170001915559e-01 8.021893236266490756e-01 3.784074780245216818e-02 3.854583014232149107e-02
