0.000000000000000000e+00 2.612257080549064692e-01 6.716865559564990651e-01 4.450900981765451569e-02 3.422443794706475639e-02
1.400000000000000000e+01 5.012303694969182377e-01 2.095118650308389063e-01 3.472865354810072969e-02 2.807338439683346176e-02
1.100000000000000000e+01 3.780558673131361180e-01 2.185189830600209326e-01 3.443562448676734666e-02 2.684076766198162378e-02
6.000000000000000000e+00 2.980017164691727283e-01 3.222940221188190235e-01 4.944668944887276041e-02 3.954218337587200871e-02
5.000000000000000000e+00 4.451475460605003875e-01 3.351574811811928178e-01 5.056088885548559730e-02 3.968283086618501487e-02
2.000000000000000000e+00 6.199703984119250277e-01 3.481011007008757985e-01 5.300009742600586549e-02 3.833973614669194951e-02
9.000000000000000000e+00 2.455602662456491392e-01 4.327280846964500771e-01 4.687420755802540473e-02 3.550765117670967586e-02
9.000000000000000000e+00 3.845768673619978095e-01 4.369826039958456532e-01 4.416737582568486253e-02 3.768916749316408854e-02
7.000000000000000000e+00 5.313015753297753996e-01 4.591080340168923746e-01 4.913350252870962720e-02 3.580199897647101670e-02
3.000000000000000000e+00 6.680323855982464032e-01 4.688292489048995204e-01 4.875623568615183867e-02 3.657206147940356145e-02
8.000000000000000000e+00 1.621340474149332855e-01 4.931890120620983087e-01 4.318297795863956789e-02 3.590122731492945141e-02
3.000000000000000000e+00 2.857711711132073784e-01 4.978545336860855097e-01 4.725871400542330791e-02 3.473656597866947582e-02
1.000000000000000000e+00 4.385507589215656976e-01 5.245301764577465775e-01 4.407893961191372556e-02 3.516569422839010972e-02
7.000000000000000000e+00 5.713536529558330690e-01 5.635039297450419316e-01 4.983377954706869062e-02 3.386595639885026099e-02
1.500000000000000000e+01 7.154802712855314883e-01 5.880342407679342021e-01 4.772944979820270550e-02 3.685513271995333184e-02
6.000000000000000000e+00 8.564071457540944898e-01 5.956590517941584562e-01 5.067131301406846422e-02 3.518883943345507692e-02
1.000000000000000000e+00 2.252770465261084432e-01 6.001636738734008603e-01 4.337508316067828495e-02 3.253634510695901927e-02
6.000000000000000000e+00 3.483366300754403566e-01 6.119097039656642423e-01 4.706507476072341323e-02 3.471145612247694690e-02
2.000000000000000000e+00 4.767475465139527913e-01 6.317963063746918628e-01 4.619928261312117312e-02 3.494167017378513318e-02
8.000000000000000000e+00 6.074869244080527420e-01 6.542371436408060958e-01 5.170800289674304384e-02 3.373295220881433742e-02
5.000000000000000000e+00 7.670158424045410150e-01 6.903731602219986829e-01 5.299702934068328819e-02 3.679791561999046223e-02
0.000000000000000000e+00 9.080347325197515307e-01 7.200296766452713992e-01 4.869137528591171993e-02 3.524842487998258722e-02
0.000000000000000000e+00 8.257980426642260730e-01 7.860537424394733463e-01 4.925773307124403644e-02 3.483654788194390228e-02
8.000000000000000000e+00 6.501759137167315572e-01 7.398103493715830759e-01 4.785938590291594075e-02 3.387289996036957351e-02
3.000000000000000000e+00 5.286013911156338674e-01 7.322449354006822508e-01 4.666008749814598566e-02 3.196142897835829721e-02
1.000000000000000000e+00 4.209365177588726969e-01 7.178331159455246802e-01 4.451797185635986143e-02 3.128192881849933826e-02
2.000000000000000000e+00 3.155447726697765409e-01 7.623346439410768616e-01 4.371892402103788600e-02 3.363202834951972697e-02
5.000000000000000000e+00 4.459926959147482162e-01 8.038971076757943646e-01 4.432917695690608006e-02 3.620130758989870134e-02
1.500000000000000000e+01 5.720089583024905444e-01 8.311220319157951453e-01 4.676198022648969665e-02 3.549354874943744242e-02
7.000000000000000000e+00 7.186505992058112025e-01 8.523163653240186655e-01 4.757168562135327683e-02 3.314468721775798432e-02
