1.500000000000000000e+01 6.192175510898613178e-01 5.079726504068343695e-01 3.795612125069047771e-02 4.811304064988813911e-02
1.600000000000000000e+01 2.190161065576471389e-01 3.850615748303030106e-01 2.214471458379729807e-02 3.078736760592165611e-02
1.400000000000000000e+01 1.753891496843132392e-01 2.149745216750044152e-01 2.623275510862574378e-02 3.560744491481585006e-02
8.000000000000000000e+00 3.289375043307140034e-01 5.531131178257631120e-01 3.639502131569183341e-02 4.536466943053796275e-02
0.000000000000000000e+00 3.914578827006503503e-01 4.371752594910672807e-01 3.700581713181161359e-02 4.934135078416118647e-02
3.000000000000000000e+00 4.725327201427202972e-01 3.388552450575195163e-01 3.915335831305843950e-02 5.472639812655505365e-02
1.000000000000000000e+00 5.588592566586985111e-01 1.923205866277062359e-01 3.709167398904789081e-02 5.200509687164800443e-02
5.000000000000000000e+00 5.777262660441818687e-01 3.593168069193764524e-01 3.752680897075033606e-02 5.002647002902638196e-02
7.000000000000000000e+00 4.935523375797341017e-01 4.542109731847717158e-01 3.804088635134628138e-02 5.072116313928942688e-02
9.000000000000000000e+00 4.273684160384521036e-01 5.776830436810997949e-01 3.742919473495537330e-02 4.674436981063223584e-02
2.000000000000000000e+00 3.665113708094572265e-01 6.741430968141924884e-01 3.538702206060040378e-02 4.465155642719964568e-02
7.000000000000000000e+00 4.061528003014903687e-01 7.943300717599697247e-01 3.293885590711326250e-02 4.517991062461679252e-02
6.000000000000000000e+00 4.650914612560972383e-01 6.966715778328944619e-01 3.283704260754732873e-02 4.186438585860596806e-02
0.000000000000000000e+00 5.311945648166680467e-01 6.054680806908051549e-01 3.543987427659722744e-02 4.597409355249237883e-02
6.000000000000000000e+00 6.857875765448805394e-01 4.032856935555773070e-01 3.657787654603672500e-02 5.129237578092854521e-02
3.000000000000000000e+00 7.627928913333519301e-01 2.783376661406460340e-01 3.914585598578768089e-02 5.471699222370823845e-02
2.000000000000000000e+00 5.006509388657698345e-01 8.060082279821005891e-01 3.559210433517268068e-02 4.140444840689661010e-02
5.000000000000000000e+00 6.356953771709596968e-01 6.302795646880042790e-01 3.449334931511216507e-02 4.447799512466787952e-02
8.000000000000000000e+00 7.172367445948595321e-01 5.227107203863604612e-01 3.881586556090954598e-02 5.024140610658123229e-02
7.000000000000000000e+00 7.932600663298607913e-01 4.203667991286456074e-01 3.883904439292507060e-02 5.101935265454249357e-02
3.000000000000000000e+00 8.749241863846639600e-01 3.119925464019785988e-01 3.595591122028629627e-02 5.324564027837364044e-02
8.000000000000000000e+00 8.890217311765720165e-01 4.404388418382316761e-01 3.410709143570322954e-02 5.078076185107815999e-02
1.000000000000000000e+00 8.068478167862191963e-01 5.583205167768880983e-01 3.523372823920301045e-02 4.924773965582807111e-02
0.000000000000000000e+00 7.260060973678321705e-01 6.530737904558894247e-01 3.454015487927886152e-02 4.605387576414010642e-02
5.000000000000000000e+00 6.620604027883698617e-01 7.381283185806184477e-01 3.459110351969940655e-02 4.763513120523921174e-02
0.000000000000000000e+00 6.011203980561405924e-01 8.302966486022340664e-01 3.383034513944049859e-02 4.208049767401667030e-02
2.000000000000000000e+00 6.730599063238428270e-01 8.531747156767452989e-01 3.250293710017349014e-02 4.176069697722240015e-02
9.000000000000000000e+00 7.476160471835220367e-01 7.695182798314272876e-01 3.164470445291200917e-02 4.062560605866416541e-02
1.500000000000000000e+01 8.221080543425397513e-01 6.880058859475469690e-01 3.426872739712583105e-02 4.569225239218743795e-02
6.000000000000000000e+00 9.029199604081531438e-01 5.793556147623373231e-01 3.262275038643736025e-02 4.560524779085384228e-02
