6.000000000000000000e+00 1.099149487440775064e-01 6.429941506991895261e-01 3.101153245597874919e-02 4.493119194303796249e-02
9.000000000000000000e+00 1.528607505297329416e-01 5.376951035770713982e-01 3.025503801155399186e-02 4.213545524159534317e-02
3.000000000000000000e+00 1.843268961933763883e-01 4.099764640891284673e-01 3.092956239492364312e-02 4.123975109824257190e-02
3.000000000000000000e+00 1.992789741756196276e-01 2.746737816903318530e-01 3.084773173873425756e-02 4.262091874604828634e-02
8.000000000000000000e+00 2.931175751662248308e-01 2.314324694702808161e-01 3.178581496127191874e-02 4.431421388824591245e-02
7.000000000000000000e+00 2.677702296911014801e-01 3.554895983381026747e-01 3.471738776389166059e-02 4.177846726140826972e-02
3.000000000000000000e+00 2.383109982961108542e-01 4.794924429512054109e-01 3.231226349625249128e-02 4.566041879572396711e-02
5.000000000000000000e+00 2.065820605200608950e-01 6.109756968979707104e-01 3.247006980427014078e-02 4.544843975687984372e-02
7.000000000000000000e+00 1.798275205086982131e-01 7.718447855779144717e-01 3.310522625355483139e-02 4.592631963663651451e-02
8.000000000000000000e+00 2.435577652874809929e-01 8.582705607137678383e-01 3.300440865465165130e-02 5.043991461762020734e-02
1.000000000000000000e+00 2.573611053545668548e-01 6.674360058093852244e-01 3.485520341416226131e-02 4.840694557956060073e-02
6.000000000000000000e+00 3.051675087130059638e-01 5.917106414770303413e-01 3.432878276015483010e-02 4.706068491013615240e-02
6.000000000000000000e+00 3.186375317461074275e-01 4.537161905256598127e-01 3.482573322554483042e-02 4.707841720905825422e-02
5.000000000000000000e+00 3.642631132658830095e-01 3.278400930291757165e-01 3.491871627099341069e-02 4.332625160474645742e-02
2.000000000000000000e+00 3.996908245826663597e-01 1.915232262916339856e-01 3.477055677968493574e-02 4.442707606754903171e-02
7.000000000000000000e+00 3.735751352495303435e-01 6.676936260012727997e-01 3.526984924681936251e-02 5.015709002600687860e-02
1.000000000000000000e+00 4.407889263968305382e-01 3.965356463753995642e-01 3.376040124155976763e-02 4.372536773536017662e-02
1.500000000000000000e+01 4.660615229829440098e-01 2.684822679238417220e-01 3.427106914573846419e-02 4.573090189584214094e-02
0.000000000000000000e+00 4.203959183262144794e-01 7.446432438645564922e-01 3.512266558957111151e-02 5.148015372577219306e-02
1.000000000000000000e+00 4.548033811925930037e-01 6.343237535505971136e-01 3.667797779565917793e-02 5.159212371393451235e-02
2.000000000000000000e+00 4.964481591877565880e-01 4.874509830933830834e-01 3.532268369093471971e-02 4.709690229425539387e-02
0.000000000000000000e+00 5.274266248095818010e-01 3.566057712766232402e-01 3.682373952327699929e-02 4.715617724316800707e-02
2.000000000000000000e+00 5.029183153998879607e-01 1.336785015990420433e-01 3.778672045483572051e-02 4.587011159477014099e-02
0.000000000000000000e+00 5.477159993030067398e-01 7.348291691974330186e-01 3.796139475160797971e-02 5.382845657013568541e-02
5.000000000000000000e+00 5.943122429624434488e-01 5.857038252171590242e-01 3.871273121600038447e-02 4.982162615709007092e-02
9.000000000000000000e+00 5.920338655987350540e-01 4.580185034921279708e-01 3.752165604311774594e-02 4.895213012849652934e-02
1.500000000000000000e+01 5.760544713393940253e-01 2.235127257022386238e-01 3.500294469087350535e-02 4.770111086334569150e-02
8.000000000000000000e+00 6.420634280535628680e-01 2.933533645561374748e-01 3.736864526248140361e-02 4.982486034997524182e-02
1.100000000000000000e+01 7.164080429527093230e-01 5.968567163338763804e-01 3.120182009771388376e-02 4.026737427873294806e-02
1.100000000000000000e+01 7.471584700951571234e-01 5.380588945147065649e-01 3.064230472857976117e-02 3.896884583533788415e-02
