8.000000000000000000e+00 4.892574147147321639e-01 5.368268138587204419e-01 3.981270291143501616e-02 5.515138500691441070e-02
1.100000000000000000e+01 9.172844653229066392e-01 6.860277816407290841e-01 3.375629391848133931e-02 4.294090688557816726e-02
1.100000000000000000e+01 7.522820402493954894e-01 6.029729000978532039e-01 3.551234041672690633e-02 4.734976748101771271e-02
1.500000000000000000e+01 4.547613556345501129e-01 8.450239603257188037e-01 4.407871557075876412e-02 6.188726927808352318e-02
2.000000000000000000e+00 1.838478018070671405e-01 7.853684827659543899e-01 4.658219671981206345e-02 6.418657619008905080e-02
5.000000000000000000e+00 7.802778895264510239e-02 7.238844094866587753e-01 4.742782452073602412e-02 6.531419837236240866e-02
6.000000000000000000e+00 5.770177726669703522e-02 5.912386409874237359e-01 4.224911304570756060e-02 5.528386876856072885e-02
5.000000000000000000e+00 1.728145310398589429e-01 6.172711079123833766e-01 4.242139523731644490e-02 6.070610873169357546e-02
9.000000000000000000e+00 2.883705457491146928e-01 6.290500514207396643e-01 4.079694414290574445e-02 6.063415174894859483e-02
2.000000000000000000e+00 4.113457695582722895e-01 6.600930636869796198e-01 4.241405147940668918e-02 6.071528842908069379e-02
2.000000000000000000e+00 5.322549396048403825e-01 6.877033725331647140e-01 4.562552419243004476e-02 5.979524585546636128e-02
7.000000000000000000e+00 4.373870243661752422e-02 4.338541358503202883e-01 3.889618415714015537e-02 5.185205370631734700e-02
1.000000000000000000e+00 1.453329748525112597e-01 4.608273440859061987e-01 3.988282395470238439e-02 5.732196887200963209e-02
5.000000000000000000e+00 2.482985459984182186e-01 5.014054412819082263e-01 3.886426249977426028e-02 5.078054612581411886e-02
9.000000000000000000e+00 3.807076411706622476e-01 5.073926768132600573e-01 3.981276213528911478e-02 5.515138500691429968e-02
8.000000000000000000e+00 6.219721790040065867e-01 5.860475813388130728e-01 4.235157031331948652e-02 5.854503029518309809e-02
0.000000000000000000e+00 7.148682883845078884e-01 4.720197049312200299e-01 4.303063102455639832e-02 5.425914803280490473e-02
6.000000000000000000e+00 5.760221080910483682e-01 4.205655022708568724e-01 4.290140457488611503e-02 4.994448297732900777e-02
7.000000000000000000e+00 4.620058395588609867e-01 4.212873374107253266e-01 3.805088208741375100e-02 5.073390734070160057e-02
8.000000000000000000e+00 3.471664630962754683e-01 3.878450335607768196e-01 3.635885657546245042e-02 4.847845569266517884e-02
1.000000000000000000e+00 2.276906731847924137e-01 3.508438498695899965e-01 3.635888618738949973e-02 4.847848530459231142e-02
0.000000000000000000e+00 1.284274960845983027e-01 3.199085213760873847e-01 3.565311551794868306e-02 5.169099443506247615e-02
6.000000000000000000e+00 2.253813426354784877e-01 2.291347284195809630e-01 3.692746479878220023e-02 4.706490074274377600e-02
3.000000000000000000e+00 3.316099408594123110e-01 2.595344215705401303e-01 3.810012672210710827e-02 4.863735329324500589e-02
1.500000000000000000e+01 5.276258551078891745e-01 2.983900669995412924e-01 3.740294351151240981e-02 5.160417226493574372e-02
3.000000000000000000e+00 6.391479850540091601e-01 3.262321928166803664e-01 4.481729625537711481e-02 5.024578433511878162e-02
7.000000000000000000e+00 2.935792393002868428e-01 1.308910307440537268e-01 3.510046812331185651e-02 4.247623652622325996e-02
0.000000000000000000e+00 3.881192696172378609e-01 1.828941052783541465e-01 3.984782265692288217e-02 4.189146019073122784e-02
3.000000000000000000e+00 4.996552875571469432e-01 1.776659714970700299e-01 3.591269367051724837e-02 4.701615951081042355e-02
1.000000000000000000e+00 5.723050709474064579e-01 1.964043101020103155e-01 3.585891841098443056e-02 4.521042419896595388e-02
