1.600000000000000000e+01 3.413633690568757539e-01 7.284173402526079588e-01 4.338316243214346279e-02 3.409869553115341123e-02
1.000000000000000000e+01 4.128954874330287295e-01 8.938794369643803250e-01 3.656621161013412502e-02 3.105017144915700467e-02
5.000000000000000000e+00 8.900377239548229458e-01 4.389857746257297411e-01 4.630318298046087744e-02 3.563118387653141372e-02
1.000000000000000000e+00 8.239591691227001746e-01 3.345935390836379808e-01 4.666161893760956136e-02 3.424166004200523972e-02
7.000000000000000000e+00 7.105678761452558501e-01 1.937825159651645202e-01 4.289939800616393573e-02 3.443230825403359452e-02
8.000000000000000000e+00 5.864347326372192359e-01 1.437917693735321634e-01 4.286383727986275982e-02 3.185020119825462959e-02
8.000000000000000000e+00 6.584698245816841267e-01 2.505357610166576432e-01 4.592431115137918241e-02 3.353994184630185171e-02
9.000000000000000000e+00 8.095482136533952433e-01 5.014925835530797960e-01 4.923047731370333580e-02 3.864951597824289875e-02
3.000000000000000000e+00 6.648753735920296393e-01 3.889263744728089778e-01 4.912824022558759385e-02 3.756629930890148517e-02
3.000000000000000000e+00 8.158981701646692564e-01 5.889530786179990596e-01 5.120744587361936162e-02 3.990906420356932216e-02
1.500000000000000000e+01 7.963268395258502608e-01 6.434269734791129292e-01 5.015193886113622490e-02 3.671656536281475702e-02
7.000000000000000000e+00 7.428566981201922825e-01 6.329294008922594639e-01 4.926401754419207357e-02 4.145514759934321170e-02
1.000000000000000000e+00 6.523107471962457105e-01 5.030784274200224004e-01 5.161085229471085167e-02 4.086908835679603502e-02
2.000000000000000000e+00 5.579611840409215429e-01 3.993461435387657965e-01 4.962493582476756870e-02 4.067558258640435742e-02
7.000000000000000000e+00 5.650367005984872071e-01 3.161174759284710589e-01 4.665244011377533973e-02 3.541865658127552052e-02
3.000000000000000000e+00 5.016706902589573858e-01 2.009727245243191907e-01 4.607740700551976598e-02 3.585557436862954472e-02
0.000000000000000000e+00 4.501398495984240133e-01 1.142186669560370377e-01 4.569963201702209599e-02 3.383998547446756544e-02
2.000000000000000000e+00 6.000302448607992556e-01 6.151450256142978468e-01 5.294657321217088874e-02 4.100203698126281271e-02
6.000000000000000000e+00 5.188228523971676331e-01 5.083588056086898455e-01 5.189712768712523294e-02 3.893446361626612395e-02
6.000000000000000000e+00 4.664551800995221376e-01 4.423545617261304130e-01 5.171147298617656540e-02 3.791466165121332166e-02
1.500000000000000000e+01 4.079461674832498552e-01 3.194267449950788373e-01 4.930145444517614051e-02 3.553506600430506035e-02
3.000000000000000000e+00 3.579707477955670347e-01 2.257211715836706101e-01 4.948240427730421498e-02 3.676808800603517668e-02
2.000000000000000000e+00 2.865058109051819013e-01 1.232832606162813094e-01 4.754630746125371177e-02 3.493916406072820890e-02
5.000000000000000000e+00 2.099655905832173985e-01 1.793225201760661469e-01 5.009755865955228815e-02 3.627546226270619845e-02
1.000000000000000000e+00 4.358044029440572564e-01 6.210074076217744210e-01 5.504736930117137828e-02 4.171983255078914876e-02
5.000000000000000000e+00 3.141818409400348178e-01 4.011440528733499211e-01 5.461498319728264050e-02 4.060610639467798766e-02
8.000000000000000000e+00 2.331186974453072214e-01 2.868758791453658308e-01 5.177078897038819849e-02 3.702697124807646789e-02
9.000000000000000000e+00 1.480429069952795551e-01 3.776088702531042451e-01 5.461486774037904723e-02 3.941236860438934730e-02
0.000000000000000000e+00 2.034265445281132623e-01 4.830794155461353712e-01 5.949615470972630105e-02 3.995507377964402362e-02
0.000000000000000000e+00 2.746950747934043258e-01 5.998662094650450971e-01 5.920309622422692541e-02 4.284172728282820142e-02
