3 0.356496 0.644526 0.036352 0.050385
8 0.265320 0.155943 0.034187 0.048781
0 0.362793 0.137151 0.034789 0.047990
15 0.469863 0.121750 0.037789 0.049188
0 0.574828 0.110760 0.038984 0.049583
5 0.198594 0.270109 0.034484 0.047594
2 0.303559 0.278302 0.035086 0.047187
7 0.529844 0.254109 0.038391 0.052385
1 0.655203 0.261911 0.040781 0.051990
1 0.146105 0.398870 0.033289 0.045990
6 0.266375 0.387469 0.035688 0.049583
5 0.360992 0.395870 0.037188 0.047990
2 0.480207 0.384875 0.038695 0.049187
1 0.589523 0.387276 0.039594 0.050781
3 0.711738 0.372880 0.042883 0.054781
6 0.090355 0.532474 0.035992 0.047990
8 0.201563 0.520719 0.035266 0.048458
3 0.299809 0.542792 0.037430 0.048458
8 0.403996 0.535839 0.037789 0.050865
15 0.534816 0.523839 0.038867 0.052781
7 0.644945 0.520479 0.043187 0.051833
7 0.145059 0.644281 0.035273 0.048938
2 0.250504 0.670672 0.035992 0.052781
5 0.462121 0.662995 0.037430 0.053740
0 0.596180 0.647641 0.040672 0.055656
9 0.175469 0.800714 0.035625 0.051823
9 0.308809 0.811031 0.039586 0.053271
6 0.534281 0.797115 0.042109 0.056146
11 0.678535 0.802771 0.034367 0.049146
13 0.801309 0.737375 0.038320 0.045542
