1.000000000000000000e+00 5.085639640937655859e-01 3.772422296715914891e-01 4.799718465652763610e-02 3.733585729144167642e-02
1.400000000000000000e+01 5.432259729053334762e-01 1.618786258524088639e-01 3.666987425842538340e-02 3.389154201273761324e-02
1.400000000000000000e+01 5.736148993136274132e-01 2.336737917784449670e-01 3.739243061278740843e-02 3.054666876121442387e-02
6.000000000000000000e+00 7.812168161446089165e-01 4.579263986312178125e-01 5.023956058709277972e-02 3.800515505869739297e-02
3.000000000000000000e+00 8.014605666622321989e-01 6.743562466065472494e-01 4.753891568420809399e-02 3.531367442106292387e-02
5.000000000000000000e+00 8.250284663786553452e-01 7.871214998762079418e-01 4.752649239453798913e-02 3.331536320818939689e-02
3.000000000000000000e+00 6.435992175682263561e-01 4.093880209365674538e-01 4.889043589676222989e-02 3.766643935827163059e-02
1.000000000000000000e+00 6.607811842803319458e-01 5.211255533900228665e-01 4.709034022042080103e-02 3.498554358627559147e-02
8.000000000000000000e+00 6.632542545719929405e-01 6.292178948843776265e-01 4.976073469150743556e-02 3.432610645700917562e-02
6.000000000000000000e+00 6.758647013796439396e-01 7.351179992854015577e-01 4.620327277011171407e-02 3.565038456799929367e-02
2.000000000000000000e+00 7.075002185561248824e-01 8.400602847657969718e-01 4.662705736437788850e-02 3.364622382411519563e-02
9.000000000000000000e+00 5.298825241522300278e-01 4.899529848106697338e-01 4.620750671636697504e-02 3.631929236652092774e-02
0.000000000000000000e+00 5.430544423721737068e-01 5.744106026605322324e-01 4.932558529413477721e-02 3.599623112527616797e-02
8.000000000000000000e+00 5.534950195788819194e-01 6.861536643135381919e-01 4.485598650381306118e-02 3.396744664132811398e-02
0.000000000000000000e+00 5.642805241308508357e-01 7.816904610270134501e-01 4.574728790037729809e-02 3.397808721678552413e-02
1.500000000000000000e+01 5.681976486446722596e-01 9.109520045546943834e-01 4.573882000786666513e-02 3.263291792361455723e-02
0.000000000000000000e+00 3.835638178347919869e-01 3.139130481948927409e-01 4.755359522155394592e-02 3.766173187855365034e-02
7.000000000000000000e+00 3.910232929815649072e-01 4.401309136082793838e-01 4.619703327036706053e-02 3.464755211349873631e-02
5.000000000000000000e+00 4.155591925880657289e-01 5.536859092741958088e-01 4.619912238858514542e-02 3.498247954622235589e-02
1.000000000000000000e+00 4.291251324313953841e-01 6.475690157160531868e-01 4.842598313451723646e-02 3.464794208223276328e-02
3.000000000000000000e+00 4.396371435537071992e-01 7.550921978430725767e-01 4.574514307234017751e-02 3.364315978406184904e-02
2.000000000000000000e+00 4.484013426649490208e-01 8.503905286756806570e-01 4.533770930999425630e-02 3.364171132876414561e-02
5.000000000000000000e+00 2.576758241880412470e-01 3.991294059266546346e-01 4.664895132330354466e-02 3.565194444293540155e-02
6.000000000000000000e+00 2.879391110266996678e-01 5.088610645592870352e-01 4.709031236551125543e-02 3.498559929609457164e-02
7.000000000000000000e+00 3.121916147831896859e-01 7.046970397310966527e-01 4.531002152987717579e-02 3.531334016214793259e-02
8.000000000000000000e+00 3.205532129588966050e-01 8.057495263639633531e-01 4.485598650381306118e-02 3.396739093150891176e-02
2.000000000000000000e+00 1.553155356231976647e-01 4.508004303167801874e-01 4.574330464830825282e-02 3.498086396146699029e-02
7.000000000000000000e+00 1.746096983459720642e-01 5.509695820572209080e-01 4.575352740012211816e-02 3.498086396146704580e-02
9.000000000000000000e+00 1.837239779607459378e-01 6.629442572833386116e-01 4.663845002239386250e-02 3.398109554701944646e-02
1.500000000000000000e+01 2.036472020338957190e-01 7.676344279771755152e-01 4.529350356849948245e-02 3.431034057818993510e-02
