5.000000000000000000e+00 5.351644171275526940e-01 8.289182608178640166e-01 4.806976692402997742e-02 3.349604152669938273e-02
1.200000000000000000e+01 1.752260472797858570e-01 3.560858505535953178e-01 3.101903030972127939e-02 2.449096635479169892e-02
1.600000000000000000e+01 8.650832402510802432e-02 3.817449764770342036e-01 2.859908339034918090e-02 2.178119429063063439e-02
1.000000000000000000e+00 1.430787835321385704e-01 5.050721692618453940e-01 4.632310320599795916e-02 3.438231802789470937e-02
1.000000000000000000e+00 1.621088907756531583e-01 6.143471978571252157e-01 4.319972285621032082e-02 3.495096537162045713e-02
6.000000000000000000e+00 1.846053979026990310e-01 7.058462932280172852e-01 4.354731346672349734e-02 3.215373606873694889e-02
3.000000000000000000e+00 3.172385613700705598e-01 7.580427042067235943e-01 4.534772441780338115e-02 3.401053711730939177e-02
2.000000000000000000e+00 3.159196911080529024e-01 6.514057936875425892e-01 4.458695700973636100e-02 3.394694656260455190e-02
1.500000000000000000e+01 2.959492095462363803e-01 5.504798705217450738e-01 4.314335972672217467e-02 3.439580203016456839e-02
6.000000000000000000e+00 2.711631997377773051e-01 4.660051852293373154e-01 4.680871606374562011e-02 3.357468022793758111e-02
2.000000000000000000e+00 4.398432004092475145e-01 7.956880429119128628e-01 4.769917260564443540e-02 3.535224927917235416e-02
5.000000000000000000e+00 3.882466522395216502e-01 5.957083424234737024e-01 4.521490699544505887e-02 3.135391899009620786e-02
9.000000000000000000e+00 3.878111054822020454e-01 4.903112184929974693e-01 4.515862476997045682e-02 3.386930567753465571e-02
8.000000000000000000e+00 4.034371224166745096e-01 3.817093112910303621e-01 4.664591022033903744e-02 3.320524553374720744e-02
8.000000000000000000e+00 5.270876615759174655e-01 3.392410551059545920e-01 4.641997227830474415e-02 3.523688015575110466e-02
9.000000000000000000e+00 5.176872893934655329e-01 4.442957258307824175e-01 4.399473963004280064e-02 3.171669258716525164e-02
2.000000000000000000e+00 5.023627747497478868e-01 5.418245973367226132e-01 4.507097875521626218e-02 3.465372402558297704e-02
7.000000000000000000e+00 4.903456701187970390e-01 6.526181133636237419e-01 4.736239616495180327e-02 3.295948610837629023e-02
5.000000000000000000e+00 5.265877287077591618e-01 7.317797511776369390e-01 4.371303185462038776e-02 3.406986672729694909e-02
0.000000000000000000e+00 6.424307608726920193e-01 7.891012696111002755e-01 4.937302271141918997e-02 3.549712139955985002e-02
0.000000000000000000e+00 6.304405972782765044e-01 6.888740335069192255e-01 4.751487326261971678e-02 3.818744953244790352e-02
7.000000000000000000e+00 6.242772216487383341e-01 5.895525987392202794e-01 4.945559874131988387e-02 3.606042907838669098e-02
3.000000000000000000e+00 6.177342174192936852e-01 4.974269422348532865e-01 4.516946590779569171e-02 3.286307549214656509e-02
1.500000000000000000e+01 7.571256302443440944e-01 7.373942200427726634e-01 4.428092409421902076e-02 3.363827078264236548e-02
8.000000000000000000e+00 7.554719522059651915e-01 6.394157919011542734e-01 4.406539580193713501e-02 3.219839508425470509e-02
3.000000000000000000e+00 7.524781800859956515e-01 5.253508681475469455e-01 4.713586492681776097e-02 3.577429855021985183e-02
6.000000000000000000e+00 7.602553750432030633e-01 4.277568823946454879e-01 4.656878172735523513e-02 3.620597539888786853e-02
1.000000000000000000e+00 8.774739102796871304e-01 6.749419308735991052e-01 4.671279087159774246e-02 3.290085766650685528e-02
0.000000000000000000e+00 8.810222524450125325e-01 5.620472567089906946e-01 5.221469528578426278e-02 3.575531307502377576e-02
7.000000000000000000e+00 8.633704529455212828e-01 4.790479100409402169e-01 4.820325854650198139e-02 3.444623219865405872e-02
