1.500000000000000000e+01 6.569630229450138525e-01 2.385727492301209784e-01 4.621489127543931819e-02 3.207120824946158022e-02
1.100000000000000000e+01 3.379981531584049792e-01 7.691655996018093022e-01 3.996863056435767669e-02 2.781438921060641611e-02
1.000000000000000000e+01 2.271320519456485054e-01 6.082537968325587574e-01 3.272175740668270549e-02 2.848496160344560213e-02
1.000000000000000000e+00 2.347013019434461278e-01 4.291012246826138021e-01 5.264798058552513926e-02 3.840706538658728020e-02
7.000000000000000000e+00 3.496204740992897020e-01 2.206000000595242649e-01 5.425011410212665641e-02 3.781271312933126572e-02
1.000000000000000000e+00 4.352267554456030196e-01 1.387433923166035976e-01 4.797193706760449761e-02 3.813616117135941452e-02
6.000000000000000000e+00 5.608356711500945835e-01 1.410062514085284324e-01 4.741485714331661327e-02 3.657866106748680624e-02
2.000000000000000000e+00 5.193899492915651228e-01 2.392745924785859013e-01 5.160537153089322926e-02 3.663164436173541039e-02
3.000000000000000000e+00 4.508616751242480181e-01 3.253531090649288693e-01 4.863479131338099837e-02 3.492096238537722996e-02
3.000000000000000000e+00 3.961968136176865496e-01 4.169929763440099468e-01 5.128115442083042153e-02 3.535367302176573023e-02
0.000000000000000000e+00 3.067825880309933417e-01 5.244010180721079273e-01 5.007665654489135143e-02 4.014397807627234638e-02
7.000000000000000000e+00 4.001543553241760920e-01 6.322389138981796552e-01 5.124385462114683376e-02 3.842796755710220502e-02
1.000000000000000000e+00 4.674640823905627518e-01 5.091614680300944329e-01 4.969937374043331690e-02 3.883035493955055983e-02
7.000000000000000000e+00 5.378402347782877957e-01 4.181112149998411631e-01 4.758905105317912110e-02 3.413692499070225539e-02
5.000000000000000000e+00 5.908078729990986488e-01 3.388058668618629254e-01 4.670319454405136295e-02 3.399577353961680259e-02
1.500000000000000000e+01 7.575141914091830797e-01 6.845595461680720195e-01 4.244200829742750258e-02 3.208469440678463069e-02
8.000000000000000000e+00 6.971336712020614890e-01 1.471817303937008048e-01 4.445235214016884928e-02 3.178928988130799715e-02
8.000000000000000000e+00 7.660324988285327485e-01 2.363058387976561259e-01 4.278083770014995402e-02 3.183790596778818260e-02
7.000000000000000000e+00 7.181704560897457235e-01 3.418727453840075814e-01 4.396360940410837248e-02 3.172119989352034652e-02
6.000000000000000000e+00 6.553237269623062300e-01 4.158328372136445017e-01 4.640545534775508685e-02 3.479950456932362490e-02
9.000000000000000000e+00 6.092458396639082174e-01 5.234904964524380588e-01 4.538940660703627561e-02 3.404175282140653458e-02
5.000000000000000000e+00 5.615190155656530901e-01 6.081827129727788162e-01 4.692490587177300387e-02 3.669201620246054230e-02
0.000000000000000000e+00 4.792613113759137677e-01 7.060691430968120130e-01 4.692666374156662101e-02 3.669816874673814677e-02
5.000000000000000000e+00 6.236810269417578656e-01 6.905307551898813845e-01 4.749028074414962663e-02 3.586565259916074666e-02
2.000000000000000000e+00 6.826185832487481342e-01 5.944085122040498881e-01 4.440900966306970954e-02 3.479983416990994893e-02
0.000000000000000000e+00 7.782195903740525278e-01 4.105539404900127032e-01 4.396388407126361475e-02 3.172194149483953396e-02
9.000000000000000000e+00 8.447302420190140326e-01 3.245539512433570639e-01 4.064700350440597632e-02 3.273348569421213883e-02
6.000000000000000000e+00 9.058825769324018173e-01 4.021538498142847584e-01 4.010250333582887627e-02 3.082729563674335704e-02
3.000000000000000000e+00 8.597027331859731225e-01 4.732589413653407462e-01 4.177324870781307098e-02 3.108152755564730363e-02
2.000000000000000000e+00 7.980597877998689693e-01 5.594509366868771760e-01 4.253891086980143843e-02 3.240358297403556076e-02
