5.000000000000000000e+00 7.218498419176401226e-01 1.959929579646217390e-01 4.579905161410136039e-02 3.546785769183216641e-02
1.000000000000000000e+01 4.142461690153902976e-01 8.082793132038320616e-01 3.257861540688755664e-02 2.723294291375055742e-02
1.200000000000000000e+01 5.439141797162582170e-01 8.356687064062917614e-01 3.237306983929477688e-02 2.568724500620689355e-02
9.000000000000000000e+00 6.924856283154792180e-01 6.761637094449709506e-01 5.200886052501951795e-02 4.068498981843737816e-02
3.000000000000000000e+00 5.398059760434190668e-01 6.748278417839045362e-01 5.091329193805260722e-02 3.784984160440818535e-02
3.000000000000000000e+00 4.273875469462443677e-01 6.613208676762969418e-01 5.131492107403501368e-02 3.983543321074933807e-02
3.000000000000000000e+00 3.434346795646586736e-01 5.540259921287038480e-01 5.089865261853082634e-02 3.733240711968921488e-02
7.000000000000000000e+00 5.064223170816978259e-01 5.724558242367595584e-01 4.954802661908480621e-02 3.808829588621032158e-02
8.000000000000000000e+00 6.635668725437224857e-01 5.867898306331977842e-01 4.766711209826657303e-02 3.761965913323017663e-02
0.000000000000000000e+00 7.848436967060865577e-01 5.968019647521525251e-01 4.815342315164483633e-02 3.767863297731954830e-02
1.000000000000000000e+00 1.357855577999663999e-01 4.314571587544094866e-01 5.105781058625720459e-02 3.853663992391848092e-02
7.000000000000000000e+00 3.087266085069438892e-01 4.406798110342008412e-01 4.985217931044755302e-02 3.785745881131369339e-02
6.000000000000000000e+00 4.350909383823030607e-01 4.724409602929614538e-01 5.116004778519306351e-02 3.674311499951327109e-02
1.500000000000000000e+01 5.943078650754349823e-01 4.793155639120354472e-01 4.760885236732470549e-02 3.648505236087218329e-02
5.000000000000000000e+00 7.431671607824865688e-01 4.778387928005729535e-01 4.919840872400438325e-02 3.745895392035103466e-02
8.000000000000000000e+00 8.854322761770330175e-01 5.174965457338350783e-01 5.091186371175759895e-02 3.784287900122107473e-02
6.000000000000000000e+00 8.980724890851064790e-02 3.230894918537799976e-01 5.507466728565826863e-02 4.102273558244240448e-02
2.000000000000000000e+00 2.214109079274733660e-01 3.489686101362785564e-01 5.237302847547808948e-02 4.040315316293097148e-02
8.000000000000000000e+00 3.895342389175998621e-01 3.636372678064163644e-01 5.109512299820878622e-02 3.832151333826477879e-02
0.000000000000000000e+00 5.432518695267606335e-01 4.028402348062865013e-01 4.917109389611629133e-02 3.687793361079910737e-02
9.000000000000000000e+00 6.785107910774679230e-01 4.006806078749816091e-01 4.880915754924342043e-02 3.761531494491687777e-02
1.000000000000000000e+00 8.142552500589770315e-01 4.259724127258167625e-01 5.062895588653004708e-02 3.897992566016600380e-02
1.500000000000000000e+01 1.706993083214891904e-01 2.473435103092405662e-01 5.123190542065003683e-02 3.943210805604158153e-02
2.000000000000000000e+00 3.519654305914072800e-01 2.479440050794163852e-01 5.091189346647218006e-02 3.784287900122118575e-02
0.000000000000000000e+00 4.941376220126486585e-01 3.143304031481508054e-01 5.124056404256216446e-02 3.943297094276132508e-02
1.000000000000000000e+00 7.455913071254735014e-01 3.080342311784695086e-01 5.176284854574064731e-02 3.949149846613358994e-02
7.000000000000000000e+00 6.213534723068514509e-01 2.607602532452029109e-01 5.099124928997678108e-02 3.824361549576948960e-02
5.000000000000000000e+00 2.852866180661704498e-01 1.540394949134036018e-01 4.880909803981436923e-02 3.761531494491682226e-02
6.000000000000000000e+00 4.319833708798985761e-01 1.519816886150319180e-01 4.914145820049936608e-02 3.920772775418612799e-02
2.000000000000000000e+00 5.774161136680172612e-01 1.809973703691907243e-01 5.173476009527644415e-02 3.935587647755678375e-02
