0.000000000000000000e+00 4.623302569771303716e-01 4.940181562361947165e-01 4.579381785316549713e-02 3.651839110034110769e-02
1.000000000000000000e+01 2.190942485121730177e-01 8.020291499669005564e-01 3.392229694628842718e-02 2.870222857376170111e-02
1.300000000000000000e+01 1.597819829175023409e-01 5.839812774315296107e-01 4.097210958558272775e-02 2.854999800841484525e-02
2.000000000000000000e+00 2.113632690562096128e-01 4.466022735281789946e-01 6.241344907115714546e-02 3.964304255338435556e-02
2.000000000000000000e+00 3.218834174025042572e-01 2.269378174127592851e-01 5.098597909324709132e-02 3.959702691307692701e-02
6.000000000000000000e+00 3.646138252062710028e-01 1.128938048657303350e-01 5.458215551932343867e-02 3.639533986455419090e-02
0.000000000000000000e+00 4.863783012820519502e-01 1.160597891909792012e-01 4.901724052472761217e-02 3.730904807291830771e-02
2.000000000000000000e+00 4.527863018950881724e-01 2.064693026993322245e-01 5.458229085944199532e-02 3.767563031802656504e-02
1.000000000000000000e+00 4.187316693808802448e-01 3.137507484746804298e-01 4.875346263367091870e-02 3.493805160404034327e-02
1.500000000000000000e+01 3.738798187528323824e-01 4.119693868234483580e-01 4.837580956686510225e-02 3.845518940088255011e-02
6.000000000000000000e+00 3.178987336321143498e-01 5.423083496440641582e-01 5.623241172086790307e-02 3.837628611176713278e-02
8.000000000000000000e+00 6.001501989867215059e-01 1.091769050539062036e-01 4.229871342762347997e-02 3.335154059833352058e-02
3.000000000000000000e+00 5.818082294200449534e-01 1.863523880798897969e-01 4.558341810486554735e-02 3.473325493664833341e-02
5.000000000000000000e+00 5.559647901704444228e-01 3.001233654717532229e-01 4.770571357189345996e-02 3.251922593726613853e-02
0.000000000000000000e+00 5.038192846115081558e-01 4.044614749508814167e-01 4.776870086306728158e-02 3.311553449960358275e-02
7.000000000000000000e+00 4.155155821437436225e-01 6.122726675414165154e-01 4.901721345670390084e-02 3.730899393687092669e-02
6.000000000000000000e+00 5.249904175503948833e-01 6.989140008670263748e-01 4.422812215769189592e-02 3.642538537087269823e-02
5.000000000000000000e+00 5.444806668189088317e-01 5.750114757344180205e-01 4.250524244853282063e-02 3.512070662803723486e-02
7.000000000000000000e+00 5.986353641077996057e-01 4.781740644995380318e-01 4.344282465380944203e-02 3.638730066151224518e-02
7.000000000000000000e+00 6.199018441602056617e-01 3.784984897745644616e-01 4.244249876957240097e-02 3.454258777763313804e-02
3.000000000000000000e+00 6.716513851342960084e-01 2.982222022244263027e-01 4.393194384225407312e-02 3.403776913543654636e-02
1.000000000000000000e+00 6.923709557676358539e-01 1.826593757989899702e-01 4.221837553325136216e-02 3.274675974457480487e-02
7.000000000000000000e+00 7.802288614189041294e-01 2.743044363176223022e-01 3.892641662565476945e-02 3.136799582084437432e-02
3.000000000000000000e+00 7.363278563277508848e-01 3.539481712216749343e-01 3.829091356498492971e-02 3.252293425651453518e-02
8.000000000000000000e+00 6.736382863467251791e-01 5.579579982323981113e-01 3.919287425105866252e-02 3.316385092192641881e-02
1.000000000000000000e+00 6.548562719185906378e-01 6.420764834761152340e-01 4.049159802867796643e-02 3.741753671194913977e-02
5.000000000000000000e+00 7.568506153606933129e-01 6.039640023234283950e-01 3.568751104453038447e-02 3.053370519404619010e-02
9.000000000000000000e+00 7.846846912099951776e-01 5.100603994404224739e-01 3.727375137000010774e-02 3.021121675956195407e-02
1.500000000000000000e+01 8.195522035442464048e-01 4.186732159836779044e-01 3.593355938005682315e-02 2.808034072901777201e-02
9.000000000000000000e+00 8.429284736367262942e-01 3.424801398102351735e-01 3.379431933018617329e-02 2.836661214777774775e-02
