7.000000000000000000e+00 4.821793275097656650e-01 7.410209859714922409e-01 3.653944014634502579e-02 4.469643845199122723e-02
1.300000000000000000e+01 3.014693546815847558e-01 4.388297403686457487e-01 2.698884388373246068e-02 2.993032704481429773e-02
1.300000000000000000e+01 2.828439491705897479e-01 1.871324533915335459e-02 3.039187731551734606e-02 3.742649067830670917e-02
5.000000000000000000e+00 5.187705270348292874e-01 2.468720407030056130e-01 3.743345518101592884e-02 5.176450802653001504e-02
6.000000000000000000e+00 6.533024200514012669e-01 2.661974364379621760e-01 4.161430733950355343e-02 5.548576254853435086e-02
0.000000000000000000e+00 7.806412457595801602e-01 3.023165939263663948e-01 3.708926697005410222e-02 5.508888235743547579e-02
5.000000000000000000e+00 8.862171179193705228e-01 3.178821924713256530e-01 3.749582290086850289e-02 5.079008526332018381e-02
1.000000000000000000e+00 4.642573803342567862e-01 3.355878198334675266e-01 3.816321579087916804e-02 5.172370671447701351e-02
3.000000000000000000e+00 5.587777581239461444e-01 3.979549276663094659e-01 3.962011406911625233e-02 5.444014149579196049e-02
1.000000000000000000e+00 6.805030810322776347e-01 4.316170738585702882e-01 3.541775379041789407e-02 4.801985103768385832e-02
1.500000000000000000e+01 8.003062249859954624e-01 4.459705528538163710e-01 3.541775379041789407e-02 4.801988018147823611e-02
3.000000000000000000e+00 8.624649255456292574e-01 4.907510420086368397e-01 3.154675845317878036e-02 4.769650063966346387e-02
9.000000000000000000e+00 9.211068153004386971e-01 5.950186492412401495e-01 2.787959481343926793e-02 3.958339288826850932e-02
8.000000000000000000e+00 8.390258832418953094e-01 5.676224334004522643e-01 3.209133939390984569e-02 4.600435365364596851e-02
2.000000000000000000e+00 7.045192578950019158e-01 5.605462618510914652e-01 3.263708608641380238e-02 4.432112466869186918e-02
7.000000000000000000e+00 6.197012863925568382e-01 5.197522211747229726e-01 3.723440306578573722e-02 4.562329854286484299e-02
7.000000000000000000e+00 5.046234152471887890e-01 5.213859785688129689e-01 3.464080937754482337e-02 4.540900422320337526e-02
2.000000000000000000e+00 4.095452252341454935e-01 4.964287923030707983e-01 3.621853782704770319e-02 5.067764850481970562e-02
1.500000000000000000e+01 3.309197708652721337e-01 5.992399529862488805e-01 3.639220569742213085e-02 4.460673385306301864e-02
2.000000000000000000e+00 4.378795069547244401e-01 6.288384779326889884e-01 3.329626042642513939e-02 4.551164866681112198e-02
6.000000000000000000e+00 5.332216523129567065e-01 6.516969758534965074e-01 3.542987760885651927e-02 4.333303346594408190e-02
8.000000000000000000e+00 6.347499468857010774e-01 6.319110790244326648e-01 3.178935139712857350e-02 4.238586015042677957e-02
5.000000000000000000e+00 7.430575543188260301e-01 6.735801766972646654e-01 3.182315819854408812e-02 4.302340979505003826e-02
8.000000000000000000e+00 8.330361923449185468e-01 7.008904183447979275e-01 2.953787671045249308e-02 4.218418509370736036e-02
0.000000000000000000e+00 7.411896993968316583e-01 7.906837309827865479e-01 3.082568269402419237e-02 4.109269170869978005e-02
3.000000000000000000e+00 6.657015890587918427e-01 7.618472871141146463e-01 3.362284578561558490e-02 4.314523085532284696e-02
0.000000000000000000e+00 3.768790536409967751e-01 7.403732651426500055e-01 3.385112912655230399e-02 4.272334528869414783e-02
1.000000000000000000e+00 3.933796725392404436e-01 8.286291843424797854e-01 3.246029983004666830e-02 3.769172748631177683e-02
9.000000000000000000e+00 4.992260865417365578e-01 8.399080076084822766e-01 3.166094383933881762e-02 3.998942423078521990e-02
6.000000000000000000e+00 6.703476344622729677e-01 8.724538444748688448e-01 2.937496290018370981e-02 3.916669491702962080e-02
