7.000000000000000000e+00 3.698205972644232897e-01 8.695949841678439762e-01 3.953031809173807032e-02 5.368527684301271918e-02
8.000000000000000000e+00 5.111866461988299193e-01 1.396357899879709652e-01 3.595194089541514648e-02 4.503394570112939643e-02
2.000000000000000000e+00 4.063355084429629560e-01 1.868232363784131100e-01 3.383743057161070489e-02 4.898501843196079175e-02
3.000000000000000000e+00 3.150167043372522069e-01 2.256451387986779800e-01 3.539578032154377940e-02 4.912709573517115569e-02
2.000000000000000000e+00 2.190337935814927195e-01 2.800769539187458745e-01 3.831536594794957007e-02 4.528771400232939337e-02
1.500000000000000000e+01 5.920442955276009611e-01 2.055527754293595133e-01 3.527805912745507477e-02 4.703732392316800626e-02
1.500000000000000000e+01 4.783656566569879365e-01 2.756662184594222964e-01 3.539636863335821060e-02 4.913718528279048536e-02
9.000000000000000000e+00 2.925410898072494104e-01 3.654773852936130663e-01 3.747602148215145590e-02 4.416809778808639120e-02
2.000000000000000000e+00 1.956641510025305952e-01 3.941216992315444423e-01 3.427839969219595440e-02 4.280339087190776493e-02
6.000000000000000000e+00 6.691421470042415720e-01 3.064912278002933643e-01 4.031436124696996526e-02 5.376125731386000028e-02
7.000000000000000000e+00 5.582189841793696594e-01 3.494926003055878194e-01 4.093991319936574058e-02 5.070836023028035822e-02
8.000000000000000000e+00 4.756641729280258746e-01 3.886249842859740289e-01 3.948075282136348507e-02 5.264072921630452706e-02
6.000000000000000000e+00 3.576552649465224443e-01 4.417303474656034679e-01 3.779982830487194079e-02 5.039923178733257680e-02
6.000000000000000000e+00 2.578115137844859683e-01 4.900209667550723402e-01 3.461647307641896321e-02 4.905596883679380626e-02
5.000000000000000000e+00 1.556076027004856810e-01 5.437986379685579852e-01 3.768598996875924256e-02 4.831546075583770250e-02
5.000000000000000000e+00 6.626449195712809104e-01 4.521527766173514262e-01 4.127831015508676149e-02 5.696270313060997070e-02
3.000000000000000000e+00 5.479167030079452605e-01 5.063995970873385044e-01 4.015369329042017821e-02 5.063670385126983753e-02
8.000000000000000000e+00 4.398448375156071011e-01 5.356031014049861261e-01 3.863987874484747786e-02 5.152034819670259225e-02
1.000000000000000000e+00 3.272898889185528182e-01 5.855861025835347178e-01 3.875727636743814264e-02 5.361009059311505620e-02
1.000000000000000000e+00 2.213486387859419091e-01 6.209867070619575768e-01 4.330586799270280673e-02 5.097410067690621993e-02
3.000000000000000000e+00 1.255088937102497026e-01 6.759465908667527945e-01 3.691059499720109049e-02 4.720108051674387628e-02
5.000000000000000000e+00 1.881943706011655060e-01 7.896329072065453314e-01 3.959806219718187137e-02 5.473041278153545353e-02
9.000000000000000000e+00 2.945294513702219619e-01 7.326200210781554922e-01 4.015375212160166019e-02 5.063670385126994855e-02
0.000000000000000000e+00 4.071142273762732855e-01 7.191804494933564662e-01 4.133940633702637424e-02 5.801919348715334213e-02
5.000000000000000000e+00 5.140078807976407038e-01 6.584875553026825479e-01 4.110416985798426293e-02 5.382770713331186396e-02
1.000000000000000000e+00 6.458322916134315861e-01 6.027035054769041000e-01 3.900619109616820790e-02 5.780651876619857799e-02
1.300000000000000000e+01 7.739385423457658675e-01 5.093871327283232553e-01 2.550890612236311750e-02 3.884546430843704989e-02
1.100000000000000000e+01 7.490503346033287047e-01 5.967155795817868924e-01 2.880362877730768822e-02 4.226337945734537360e-02
0.000000000000000000e+00 6.129588393655285294e-01 7.834363365264032097e-01 4.243098949330670333e-02 6.333070787350791875e-02
0.000000000000000000e+00 2.660146689860559688e-01 9.048095350349201205e-01 3.732559015117462020e-02 5.555734386804689340e-02
