2.000000000000000000e+00 2.094711066414701728e-01 7.321690703134140499e-01 3.666760269477686851e-02 3.917796035877407768e-02
1.300000000000000000e+01 8.707783527003505331e-01 8.337335547746242970e-01 3.738955917184860755e-02 3.954920389890503873e-02
1.300000000000000000e+01 6.745692618050069811e-01 8.830225095884939313e-01 2.905702821809175163e-02 3.380183626438570954e-02
3.000000000000000000e+00 6.084807860135292845e-01 2.530665866541945697e-01 3.844568397743930444e-02 3.664750891293128143e-02
6.000000000000000000e+00 5.052509884298648224e-01 2.587454415909671290e-01 3.627274350071063580e-02 3.627274350071060804e-02
7.000000000000000000e+00 4.126927089902521772e-01 2.606670186852877436e-01 3.481340529284071561e-02 3.516305347775433576e-02
6.000000000000000000e+00 3.029649345449330067e-01 2.688375571735814873e-01 3.191165570419890463e-02 3.586963930376746434e-02
8.000000000000000000e+00 6.621161405062030436e-01 3.436251252801606482e-01 3.878678684480185712e-02 3.520285882276913414e-02
1.500000000000000000e+01 5.545942592477859368e-01 3.499958506239045919e-01 3.626010298305504254e-02 3.627260699404044608e-02
3.000000000000000000e+00 3.536328797406243507e-01 3.578257094155132823e-01 3.479713369775916387e-02 3.480969231141273212e-02
1.000000000000000000e+00 2.516346999376911642e-01 3.507387199228427788e-01 3.044330805609932189e-02 3.512606017014457960e-02
1.000000000000000000e+00 7.354773367657525540e-01 4.681160961018418498e-01 3.953691829859173890e-02 3.594037706023756051e-02
2.000000000000000000e+00 6.126990605317335081e-01 4.533148007138418922e-01 4.063470493991128141e-02 3.740053430812839697e-02
9.000000000000000000e+00 5.080143475563119182e-01 4.531397172587117161e-01 3.664180293411917200e-02 3.662921701913163242e-02
2.000000000000000000e+00 3.895868938172095675e-01 4.523850810848070170e-01 3.665119459302529359e-02 3.881174026410466604e-02
1.500000000000000000e+01 1.961676716436555334e-01 4.335252922360093852e-01 3.118443006965959663e-02 3.622952548894220470e-02
5.000000000000000000e+00 6.612838047356506266e-01 5.581120907401335707e-01 4.027465494673243551e-02 3.811419117965519909e-02
7.000000000000000000e+00 5.433367452701284295e-01 5.503991089595045016e-01 3.699500029245661459e-02 3.663276619255539934e-02
0.000000000000000000e+00 3.276930222873327136e-01 5.387754840925136346e-01 3.628573893570863351e-02 3.880862791202532858e-02
3.000000000000000000e+00 2.318332744275548307e-01 5.291556952392739710e-01 3.409712749324705916e-02 3.660748515724432384e-02
5.000000000000000000e+00 1.336373787162209170e-01 5.303489000430259281e-01 3.227610121215651606e-02 3.586090287687804246e-02
6.000000000000000000e+00 6.087611161113425373e-01 6.560813990296909815e-01 3.954341601609079326e-02 3.810676521679912110e-02
9.000000000000000000e+00 4.802194190583951583e-01 6.456962445782727933e-01 3.594411734299957084e-02 3.990297458525715601e-02
8.000000000000000000e+00 3.736176473594345904e-01 6.348543115072099452e-01 3.847216627144772749e-02 3.954647376550202154e-02
7.000000000000000000e+00 2.622974270521855611e-01 6.290724076851437196e-01 3.699191524171133172e-02 3.626731053523879478e-02
1.000000000000000000e+00 1.834918533631741955e-01 6.238537849867706875e-01 3.301640418569587454e-02 3.804894099132505314e-02
0.000000000000000000e+00 4.367761166815502527e-01 5.448982177686021444e-01 3.700182562596393554e-02 3.735144650954369538e-02
8.000000000000000000e+00 3.165932281163627016e-01 7.375456312291468475e-01 3.704608108842549763e-02 4.171621998614927218e-02
0.000000000000000000e+00 5.395677961073790385e-01 7.437991655965697779e-01 4.102260229380016998e-02 4.139646676199770781e-02
