2.000000000000000000e+00 7.326651020422111360e-01 7.822807819990271749e-01 3.123067486613995136e-02 4.419900273126564638e-02
1.300000000000000000e+01 2.209029911744625763e-01 2.738465061897025210e-01 3.317138677229758414e-02 4.156396384263622013e-02
1.600000000000000000e+01 2.710256183673784847e-01 2.251404323675529895e-01 3.197440158744352390e-02 4.370015087391906916e-02
9.000000000000000000e+00 4.646431092042191402e-01 2.039250373830691077e-01 3.637106109008464427e-02 5.009108693532018930e-02
3.000000000000000000e+00 5.254117386840739812e-01 3.354042627091841089e-01 3.469329039569768458e-02 4.810458855989380167e-02
6.000000000000000000e+00 6.213749928159094660e-01 3.322038298806109791e-01 3.423796326636696641e-02 4.748727110886674652e-02
1.000000000000000000e+00 6.829176894485109450e-01 2.022182502033383900e-01 3.307454563157308236e-02 4.686976058236694276e-02
3.000000000000000000e+00 7.326032351442774981e-01 3.239749670201186871e-01 3.214954862350183351e-02 4.625172599386939698e-02
5.000000000000000000e+00 7.761171785157665592e-01 1.949774097016879482e-01 3.238096336878204529e-02 4.655992961291127719e-02
5.000000000000000000e+00 8.245953681155675508e-01 3.235816171175630585e-01 3.146286191331171267e-02 4.532623250601092169e-02
0.000000000000000000e+00 4.206786242169039958e-01 3.334018218161447500e-01 3.830691852721124224e-02 5.033449994212563228e-02
5.000000000000000000e+00 3.648035063867827166e-01 4.648515755504442071e-01 3.802500075468340235e-02 5.033405862675932596e-02
1.000000000000000000e+00 3.146149577110039508e-01 6.015948519408449435e-01 3.941765414013553848e-02 4.885355590117379521e-02
6.000000000000000000e+00 4.329247532759457062e-01 5.853847317226471558e-01 3.691834730889875793e-02 4.810817424724600500e-02
7.000000000000000000e+00 4.801063031647069268e-01 4.665543495185612843e-01 3.470073759250652534e-02 4.811476639553236012e-02
1.500000000000000000e+01 5.793097774636215558e-01 4.366030478997487974e-01 3.414280464047703134e-02 4.552374871470599160e-02
8.000000000000000000e+00 5.419748560310080343e-01 5.601632827081426402e-01 3.469704157631248176e-02 4.404101183007802511e-02
9.000000000000000000e+00 6.393036778176801604e-01 5.641443334644330454e-01 3.307482145367701687e-02 4.717766079709440064e-02
0.000000000000000000e+00 6.710175654278682789e-01 4.531281017963268987e-01 3.423652899142581862e-02 4.595651359592739515e-02
1.500000000000000000e+01 7.433911616948445378e-01 5.528552105686351803e-01 3.307835197660879967e-02 4.287362235698610746e-02
8.000000000000000000e+00 7.855590931986727865e-01 4.433579174363108111e-01 3.192425712893109946e-02 4.441276486188810990e-02
2.000000000000000000e+00 8.644333751422431655e-01 4.369384889515635084e-01 2.891829267480372501e-02 4.254897974054422383e-02
8.000000000000000000e+00 8.269782780189043336e-01 5.542395065443352919e-01 3.122217954533601514e-02 4.287064347826252675e-02
1.000000000000000000e+00 3.714308495735469395e-01 7.234803363068911253e-01 3.561657730672396216e-02 4.687387033171697137e-02
6.000000000000000000e+00 4.396765611871529256e-01 8.203070515353889647e-01 3.561715653314240226e-02 4.749971068575853383e-02
3.000000000000000000e+00 4.833258918384046865e-01 7.022520466390438365e-01 3.546399251877513370e-02 4.574680605023417890e-02
0.000000000000000000e+00 5.442065050924953518e-01 8.183784758018086691e-01 3.392556715134376066e-02 4.549387718083974796e-02
7.000000000000000000e+00 6.787180220925672636e-01 6.694362773054707283e-01 3.296509942069436594e-02 4.548300978994090915e-02
7.000000000000000000e+00 6.439564381439120133e-01 7.901049448773830308e-01 3.122267602512307505e-02 4.342896258123785103e-02
2.000000000000000000e+00 7.827810405491043566e-01 6.736264839632462031e-01 3.103495150112123291e-02 4.343889217698293503e-02
