6.000000000000000000e+00 8.652277405943378241e-01 6.949712286098463920e-01 3.069412990506792394e-02 4.302358909711834212e-02
9.000000000000000000e+00 7.855349734809720097e-01 7.428821254678699137e-01 2.968580308668500312e-02 4.063277815748389532e-02
3.000000000000000000e+00 7.048507166278521474e-01 8.171582878010116291e-01 3.007785486925607099e-02 4.010391494373344301e-02
3.000000000000000000e+00 6.336156126687434442e-01 9.102530170361072814e-01 3.021591349144503447e-02 4.116283433654777113e-02
8.000000000000000000e+00 5.418580890986826049e-01 8.702010231963588360e-01 3.119490420825510313e-02 4.272534776874470364e-02
7.000000000000000000e+00 6.161880704351716531e-01 7.939654966743470155e-01 3.313423200242804345e-02 4.153596135119119737e-02
3.000000000000000000e+00 6.936794098524203811e-01 7.209948179740404139e-01 3.180418412927421556e-02 4.391587292591592195e-02
5.000000000000000000e+00 7.762269700738257949e-01 6.440083197871839804e-01 3.189365652778619609e-02 4.378692422066643442e-02
7.000000000000000000e+00 8.678767742986477352e-01 5.403588299409487483e-01 3.245538051335383756e-02 4.432093887554333644e-02
8.000000000000000000e+00 8.566106538936409942e-01 4.234570815634032259e-01 3.307989785496801005e-02 4.787242372666344892e-02
1.000000000000000000e+00 7.617825460580384123e-01 5.604706525812744866e-01 3.417905271426469049e-02 4.670524273164944340e-02
6.000000000000000000e+00 6.913629152292469771e-01 5.816622715074006855e-01 3.357134533843164625e-02 4.551845914750707323e-02
6.000000000000000000e+00 6.200891754616897344e-01 6.780038456331068941e-01 3.396063161050311141e-02 4.565819876627408291e-02
5.000000000000000000e+00 5.292484728478972222e-01 7.397546855600007909e-01 3.350193644746457533e-02 4.277409666950982015e-02
2.000000000000000000e+00 4.417045569907939173e-01 8.175865081228599340e-01 3.353647821585986621e-02 4.358238489509813629e-02
7.000000000000000000e+00 6.718694282011836716e-01 4.691840791815635181e-01 3.476333458939651067e-02 4.818609226556824776e-02
1.000000000000000000e+00 5.002532475570611314e-01 6.265588703724009889e-01 3.264611939927275497e-02 4.277181919027495116e-02
1.500000000000000000e+01 4.242193457294539671e-01 7.059487598603795266e-01 3.333253537294850188e-02 4.446442006733897223e-02
0.000000000000000000e+00 6.695246548775108941e-01 3.728765452365638833e-01 3.485573517549633848e-02 4.919715748160263802e-02
1.000000000000000000e+00 5.942327910313210948e-01 4.313688817481926008e-01 3.606534777768333200e-02 4.966181747120868017e-02
2.000000000000000000e+00 4.972188860564927260e-01 5.125051640037345813e-01 3.434989076972672084e-02 4.579986339725167221e-02
0.000000000000000000e+00 4.155339482081356062e-01 5.895855675397565498e-01 3.553190249261506395e-02 4.623738342597549789e-02
2.000000000000000000e+00 3.362354696873035564e-01 7.814883809119037572e-01 3.611604880350677282e-02 4.551265699802786724e-02
0.000000000000000000e+00 5.665676813957589708e-01 2.806873580129544132e-01 3.739252168894546813e-02 5.173990882161944027e-02
5.000000000000000000e+00 4.647249104039624656e-01 3.596877443260771412e-01 3.738970195274998742e-02 4.879914087246417509e-02
9.000000000000000000e+00 4.101959842436339043e-01 4.603865971464728424e-01 3.633387342461158465e-02 4.781348039503763303e-02
1.500000000000000000e+01 3.191857043218130352e-01 6.545739526503853156e-01 3.418932848366962318e-02 4.619036974748469415e-02
8.000000000000000000e+00 2.988423379592772822e-01 5.487340700371825530e-01 3.633948578415457931e-02 4.845266578743812058e-02
1.100000000000000000e+01 3.750588990440892889e-01 2.553509437821810391e-01 3.015143913882023519e-02 3.941804122701844659e-02
1.100000000000000000e+01 3.253148483047936801e-01 2.767976268261865824e-01 2.952881969656839800e-02 3.826658568386426262e-02
