1.300000000000000000e+01 2.710809273533421049e-01 7.250004210626685985e-01 3.965727221644527178e-02 3.147529908757729089e-02
6.000000000000000000e+00 2.377481885683548346e-01 4.208257203748955733e-01 4.900980664735452019e-02 3.615332453618202990e-02
9.000000000000000000e+00 3.526216340740259692e-01 2.059338739976989685e-01 5.140331053344615597e-02 3.730126792697982530e-02
8.000000000000000000e+00 4.166525610259563805e-01 1.130988964185452861e-01 4.876677662840867011e-02 3.632338084646420662e-02
2.000000000000000000e+00 3.222047632111062487e-01 4.968656188620322878e-01 4.891691567356593051e-02 3.668760235998330677e-02
5.000000000000000000e+00 3.828039003712554456e-01 4.050947661829427116e-01 4.960031980022994169e-02 3.620244253746451868e-02
8.000000000000000000e+00 4.498366236157672615e-01 3.152235367310012859e-01 4.764423619016416867e-02 3.473509147967857036e-02
5.000000000000000000e+00 5.184275493413993408e-01 2.198282059727396098e-01 4.909453941932623300e-02 3.607098296129443438e-02
1.000000000000000000e+00 5.820507771904739336e-01 1.082385492252029707e-01 4.795216611114816452e-02 3.546221231538784768e-02
7.000000000000000000e+00 4.017057928848338788e-01 5.943774544229790679e-01 4.648942865714822403e-02 3.411759999734731430e-02
1.500000000000000000e+01 4.686516031482676481e-01 5.160074609700774362e-01 4.680287239729108428e-02 3.485386364543718862e-02
6.000000000000000000e+00 5.103807491771146232e-01 4.204067404481484083e-01 4.795452917650194768e-02 3.546789492492913309e-02
2.000000000000000000e+00 5.870379703562004226e-01 2.980586660428455881e-01 4.565504153341493065e-02 3.523946527406213169e-02
8.000000000000000000e+00 6.428081412682710161e-01 2.166087404161700924e-01 4.630921679219079934e-02 3.472800228361722086e-02
6.000000000000000000e+00 7.246164229426768078e-01 1.161584893512383337e-01 4.764417992670344493e-02 3.473509147967859811e-02
3.000000000000000000e+00 4.827494541269040096e-01 6.928307746053008476e-01 4.842753609148686689e-02 3.757223275421506248e-02
1.000000000000000000e+00 5.389894530684241625e-01 5.924456766279809772e-01 4.795210984768738527e-02 3.546224044711832057e-02
2.000000000000000000e+00 6.053442156761048576e-01 5.059427436523027399e-01 4.761137832905437683e-02 3.670667567319602087e-02
1.500000000000000000e+01 6.503905709588043704e-01 3.906493476751854432e-01 4.940230054992778008e-02 3.780201272814148750e-02
0.000000000000000000e+00 7.331135277155116370e-01 2.998741894619560977e-01 4.696727422976232358e-02 3.522160162525661553e-02
0.000000000000000000e+00 7.847649601111064133e-01 2.065374684052115328e-01 4.777251688079886538e-02 3.608147609673448275e-02
3.000000000000000000e+00 6.193051213911426878e-01 6.745412395332553990e-01 4.597596831384487270e-02 3.498338213220963944e-02
7.000000000000000000e+00 6.661089502672673524e-01 5.692879456098107749e-01 4.614149541553214107e-02 3.535944710422811443e-02
9.000000000000000000e+00 8.074182048079714402e-01 4.067064892811533827e-01 4.810784710719473445e-02 3.582885315772149637e-02
3.000000000000000000e+00 8.566110927567842648e-01 2.844606737158632548e-01 4.764187312481038550e-02 3.472946513359814746e-02
1.000000000000000000e+00 7.635588960213290921e-01 6.772683013467275526e-01 4.779676643240560185e-02 3.509799080186870590e-02
7.000000000000000000e+00 8.225107656419040625e-01 5.738199955093579163e-01 4.858856211630979693e-02 3.693971892784897459e-02
5.000000000000000000e+00 8.734616054235591065e-01 4.759643339394337702e-01 4.712301148926967276e-02 3.559445958000917454e-02
0.000000000000000000e+00 9.227438397481297905e-01 3.892110285631746880e-01 4.597602457730554093e-02 3.498343839567036317e-02
1.100000000000000000e+01 1.657428021968693765e-01 8.152272918503564725e-01 4.362978199828979053e-02 3.474426242378980678e-02
