1.000000000000000000e+00 3.249449760259298658e-01 6.081258552810328566e-02 3.349966899999595737e-02 4.558902886177868680e-02
3.000000000000000000e+00 6.658671981226513825e-01 2.509980520180211117e-01 3.856511007145957404e-02 4.872240371240987855e-02
6.000000000000000000e+00 5.500175442225159195e-01 2.325904666822040945e-01 3.727935571031470996e-02 4.815778391891606391e-02
2.000000000000000000e+00 3.481696840159818063e-01 1.867141535608222158e-01 3.177925007497828247e-02 4.332960219011669500e-02
3.000000000000000000e+00 2.473311323370967485e-01 1.470267472838619471e-01 3.194911864466065676e-02 4.192236085992745442e-02
5.000000000000000000e+00 6.939061418599232756e-01 4.050895712318642872e-01 4.186524451498807586e-02 4.917039246250476392e-02
1.500000000000000000e+01 5.753929535246562477e-01 3.697447541191589693e-01 3.810059933044918079e-02 5.017684227112856332e-02
2.000000000000000000e+00 4.618069012078657165e-01 3.297916191549727927e-01 3.685635721171215406e-02 4.715432464986663019e-02
6.000000000000000000e+00 3.627586464084084361e-01 2.933199608087999621e-01 3.472978748133737081e-02 4.763343277711623580e-02
1.000000000000000000e+00 2.781035624871672773e-01 2.606146501820721384e-01 3.795178297499784970e-02 4.728048988874000713e-02
0.000000000000000000e+00 1.690977435982314037e-01 2.378921899893424730e-01 3.232530483566903312e-02 4.598244766696782393e-02
2.000000000000000000e+00 6.146146794931486301e-01 5.041557840734189888e-01 4.136153105718132217e-02 5.420065768234177961e-02
0.000000000000000000e+00 4.927105449829227712e-01 4.595246161545069041e-01 3.726650527293595694e-02 5.064683073314163453e-02
5.000000000000000000e+00 3.720932011594370037e-01 4.335560288864030998e-01 3.648635936497146570e-02 5.056442804368266319e-02
9.000000000000000000e+00 2.827176985666318698e-01 4.136110989442621788e-01 3.544648065358119160e-02 4.630498180145459219e-02
7.000000000000000000e+00 1.950370176566462443e-01 3.673446536502926185e-01 3.546913177015897922e-02 4.631655903881659597e-02
7.000000000000000000e+00 9.631633057313743196e-02 3.479493463898197803e-01 3.088866146788270262e-02 4.688547218120420190e-02
6.000000000000000000e+00 5.227809237609426507e-01 6.743735658720584336e-01 4.162203370247774536e-02 5.837888560721959941e-02
9.000000000000000000e+00 4.088901473052491964e-01 5.923411407435494880e-01 3.902349168680796510e-02 5.394880095343845827e-02
8.000000000000000000e+00 3.120151413018986131e-01 5.396497876578594255e-01 3.415524857143370507e-02 5.032900447778665409e-02
0.000000000000000000e+00 2.010303550566278630e-01 4.851069648733302153e-01 3.797757267766363465e-02 4.968814072979899077e-02
8.000000000000000000e+00 9.150703957947090017e-02 4.791857409301136794e-01 3.015044233256425343e-02 4.785547293818437353e-02
7.000000000000000000e+00 9.491443372208843710e-02 6.260186136063556894e-01 3.498898731731431289e-02 5.354617365510450089e-02
8.000000000000000000e+00 1.981963746704108464e-01 6.512505066182310287e-01 3.516282353356067758e-02 5.607439357682364456e-02
3.000000000000000000e+00 4.237168279845321961e-01 7.659214733958429333e-01 3.879105866048648821e-02 5.516598016949281202e-02
1.000000000000000000e+01 7.588449684839001508e-01 8.231218791456580419e-01 2.922230912962464622e-02 4.375982535858191635e-02
5.000000000000000000e+00 5.289156455813937008e-01 1.251479449534227961e-01 3.530133585166661536e-02 4.429978060291321629e-02
1.500000000000000000e+01 6.274147514480263865e-01 1.374693381159404204e-01 3.657720070570447124e-02 4.692343130728629519e-02
1.000000000000000000e+00 4.418412299491721873e-01 7.533483816151044510e-02 3.500672328964121727e-02 4.575344931976133012e-02
