6.000000000000000000e+00 5.832719693468171318e-01 5.322935023960136958e-01 3.872540067196161839e-02 5.012012008651556272e-02
1.400000000000000000e+01 3.722071120766091701e-01 2.302173389738652876e-01 3.200977505189189776e-02 4.149108311261257009e-02
1.200000000000000000e+01 3.373424667562979762e-01 2.183819537367641672e-01 2.635574824808084582e-02 3.391722526556587014e-02
8.000000000000000000e+00 2.542022873278591000e-01 5.183568869010689584e-01 4.006422116495672592e-02 5.392455985925698192e-02
3.000000000000000000e+00 2.904634013788119362e-01 6.579404085213744757e-01 3.936805743606142105e-02 4.793238164804247692e-02
9.000000000000000000e+00 3.381244078529666575e-01 5.447058858774790346e-01 4.075797751032605998e-02 5.231674291657228970e-02
3.000000000000000000e+00 3.681048302408591044e-01 4.223966020657962117e-01 4.181570731734673974e-02 5.371998957821239040e-02
0.000000000000000000e+00 4.241235271743566959e-01 3.087153521515473287e-01 4.332444896421028258e-02 5.523288682759092127e-02
5.000000000000000000e+00 5.732131758331615590e-01 2.062273895671897783e-01 4.179917088527007607e-02 5.726878814796723671e-02
9.000000000000000000e+00 4.759147010101029140e-01 4.730062377989051048e-01 3.705897540415276081e-02 5.094040736363225630e-02
2.000000000000000000e+00 5.621687307216234331e-01 3.709574364223910403e-01 3.932013904016540273e-02 5.495222603153182561e-02
6.000000000000000000e+00 3.015772307226852744e-01 8.093220152637936593e-01 3.715320727359444630e-02 4.800976183280292187e-02
7.000000000000000000e+00 4.057506197091095279e-01 7.176142587896809921e-01 3.563959354102369526e-02 4.650451662391752450e-02
8.000000000000000000e+00 4.738263101310640213e-01 6.251164219698359670e-01 3.782019580690232363e-02 4.991423147639739710e-02
8.000000000000000000e+00 4.314300651423835786e-01 8.520686921817921533e-01 3.771447154705726001e-02 4.906826544167131043e-02
5.000000000000000000e+00 5.159258880891710586e-01 7.417620351139402324e-01 3.682159019290420776e-02 4.690987415475178501e-02
1.500000000000000000e+01 6.937907340988959115e-01 4.497792856732957256e-01 3.680138536688337680e-02 5.028634418711225296e-02
3.000000000000000000e+00 5.329187629482061705e-01 8.908204880945556070e-01 3.373862033540753202e-02 4.680870672800929722e-02
1.000000000000000000e+00 5.960595894057154620e-01 8.075556262610052993e-01 3.716805280533741485e-02 4.895059024217995880e-02
0.000000000000000000e+00 6.343061213713203639e-01 6.860343449937974514e-01 3.689435622590675479e-02 5.102460846838274833e-02
6.000000000000000000e+00 7.064824600473466054e-01 5.885520492429411332e-01 3.779999098088149267e-02 4.980108445068087697e-02
2.000000000000000000e+00 6.940826293514091860e-01 7.225318555091937434e-01 3.763027044230682350e-02 4.834937486591850409e-02
1.500000000000000000e+01 6.404866773434350069e-01 9.233796911175746747e-01 3.401306205735821209e-02 4.474345825607928262e-02
1.000000000000000000e+00 7.353634103174393477e-01 8.605792228357009854e-01 3.571032476176050352e-02 4.710779547177257331e-02
2.000000000000000000e+00 8.304676696939672365e-01 5.113758472472706984e-01 3.769125749162915984e-02 5.583115029310031785e-02
7.000000000000000000e+00 8.194779065796597983e-01 6.544199540267039428e-01 3.630976325970503016e-02 4.841305589204381032e-02
0.000000000000000000e+00 8.096223076993196432e-01 7.814455171105476605e-01 3.511363755927388031e-02 4.580339483133200051e-02
7.000000000000000000e+00 8.924440963267969984e-01 4.102097674932440041e-01 3.693384877946237488e-02 5.532640221384033108e-02
1.000000000000000000e+00 8.983333302329523651e-01 5.535150467259077889e-01 3.752394433658035044e-02 5.185676070716260799e-02
5.000000000000000000e+00 9.082639305738544611e-01 7.273758550752008611e-01 3.554799832972943552e-02 4.810668767904746623e-02
