5.000000000000000000e+00 6.651566252348894981e-01 9.296142449736497504e-01 3.184573715857541565e-02 4.479429547614588447e-02
5.000000000000000000e+00 5.701441455113134271e-01 8.943211105745614287e-01 3.390225926073064944e-02 4.520252959597370612e-02
3.000000000000000000e+00 4.627138784456729104e-01 8.568200245303589924e-01 3.670327132896616940e-02 4.893004831888025929e-02
1.000000000000000000e+00 3.618195427542323928e-01 8.181477346664292050e-01 3.640272945105127445e-02 4.660287632204129782e-02
5.000000000000000000e+00 7.459892692037047857e-01 8.372073497884042759e-01 3.446308152751842435e-02 4.594339892455012730e-02
8.000000000000000000e+00 6.464118607502444824e-01 7.938138355148265379e-01 3.589864981522306042e-02 4.786534917196461070e-02
7.000000000000000000e+00 5.374004612866969399e-01 7.633101383359577330e-01 3.625277712819408027e-02 4.740022759567696919e-02
1.000000000000000000e+00 4.400992172889219844e-01 7.139112898730860524e-01 3.705146079643117929e-02 5.081364877385441403e-02
3.000000000000000000e+00 3.226911829077745431e-01 6.578423581752239624e-01 3.734435588793810767e-02 4.816618070087974601e-02
8.000000000000000000e+00 8.229302781928415911e-01 7.525438685848742093e-01 3.595217732007915945e-02 4.833174521265326540e-02
1.000000000000000000e+00 7.181261464040031850e-01 7.009968524433513037e-01 3.441216088166509923e-02 4.666341338110480130e-02
1.500000000000000000e+01 6.332878028915900348e-01 6.638646079829354507e-01 3.560384302711405713e-02 4.825330772177105487e-02
7.000000000000000000e+00 5.397011591821081478e-01 6.244498846750276000e-01 3.738936765338529700e-02 4.907186144862896171e-02
6.000000000000000000e+00 4.147614167353671499e-01 5.823886491424459244e-01 3.880101076846470542e-02 5.251517461003762932e-02
2.000000000000000000e+00 3.034608909338706306e-01 5.420153258490334469e-01 3.962573406162911427e-02 5.087928369052308053e-02
8.000000000000000000e+00 9.287352700481286139e-01 6.351329087286237129e-01 3.387178797549872389e-02 4.910059482785900098e-02
2.000000000000000000e+00 7.935039089445017346e-01 6.040475923411452452e-01 3.696473928694021804e-02 5.100261708645237313e-02
1.500000000000000000e+01 7.047415764356759205e-01 5.787017974199820669e-01 3.608813949962164092e-02 5.148992592936307844e-02
0.000000000000000000e+00 6.106236258963371188e-01 5.306112735603816244e-01 4.026426969179830451e-02 5.167901010236142234e-02
6.000000000000000000e+00 5.041028050414497752e-01 4.838815880304073724e-01 3.984436263665819267e-02 5.032390686254112344e-02
6.000000000000000000e+00 3.866840390907411718e-01 4.300040254578919030e-01 4.013549085706324959e-02 5.294099054558387696e-02
0.000000000000000000e+00 9.013276524115045873e-01 5.154834390467271099e-01 3.636180176470849013e-02 5.175976480124583334e-02
0.000000000000000000e+00 7.876642840924815703e-01 4.561720092259669013e-01 3.622549200396552038e-02 5.064304433467553546e-02
9.000000000000000000e+00 5.914645156557577499e-01 3.722034297372650014e-01 3.695303738652788716e-02 5.008934748249527225e-02
2.000000000000000000e+00 4.959063044825096633e-01 3.307976454532703947e-01 3.889862315556713579e-02 5.280129186813753428e-02
3.000000000000000000e+00 9.068624775159052076e-01 3.566052019991176047e-01 3.756790852997249353e-02 5.177650662906346790e-02
9.000000000000000000e+00 7.809568358784518827e-01 3.011796575856797720e-01 3.715921096854413186e-02 5.235525829277004606e-02
7.000000000000000000e+00 5.606216081904333848e-01 2.352855322367206070e-01 3.868908962194739232e-02 5.483982664317396671e-02
1.000000000000000000e+01 1.091099648320844745e-01 1.518458699571231252e-01 2.796473237060795314e-02 4.197031408358628535e-02
1.100000000000000000e+01 3.210337129887375074e-01 2.870392288495101640e-01 2.973690408576523669e-02 4.011869109904575570e-02
