6 0.558443 0.930211 0.048135 0.033062
9 0.457609 0.870930 0.045094 0.032297
3 0.330427 0.820766 0.044083 0.033062
3 0.191344 0.787000 0.045604 0.032938
8 0.167964 0.682332 0.047427 0.033930
7 0.292734 0.725559 0.044510 0.037211
3 0.416474 0.773113 0.048885 0.034477
5 0.547562 0.824055 0.048646 0.034656
7 0.710802 0.873664 0.049146 0.035344
8 0.816979 0.817988 0.054104 0.035117
1 0.619089 0.778043 0.051802 0.037211
6 0.550578 0.717574 0.050344 0.036664
6 0.408307 0.685012 0.050344 0.037211
5 0.286417 0.620168 0.046208 0.037398
2 0.151109 0.564684 0.047427 0.037211
7 0.646854 0.655578 0.053708 0.037625
1 0.376932 0.548645 0.046698 0.036117
15 0.247932 0.504965 0.048885 0.036633
0 0.739042 0.616465 0.055167 0.037430
1 0.630896 0.565516 0.055229 0.039141
2 0.485932 0.502074 0.050344 0.037758
0 0.355339 0.452008 0.050344 0.039406
2 0.114557 0.448176 0.048885 0.040492
0 0.758818 0.480953 0.057635 0.040500
5 0.612651 0.411992 0.053198 0.041422
9 0.477521 0.397402 0.052292 0.040133
15 0.226552 0.383039 0.051021 0.037391
8 0.315786 0.322754 0.053260 0.039945
11 0.653292 0.284777 0.043000 0.033383
11 0.598589 0.244539 0.041594 0.032797
