1.000000000000000000e+00 7.476662786477774603e-01 2.133530806952335657e-01 4.244468220053143614e-02 3.363913583507019411e-02
1.300000000000000000e+01 5.369898056419044607e-01 8.007113320575580673e-01 3.835311215852355016e-02 3.578045020349607253e-02
1.000000000000000000e+01 4.391330650899158417e-01 7.353481150473680783e-01 2.991477183986979149e-02 2.783002951275315162e-02
5.000000000000000000e+00 2.616575080246764107e-01 6.363963298667993929e-01 5.732122246183482539e-02 4.233512366982694619e-02
3.000000000000000000e+00 1.311226022357006582e-01 3.906589927784486216e-01 5.689838344683859073e-02 3.942695649999333751e-02
2.000000000000000000e+00 1.066761812308962415e-01 2.794073416949361954e-01 4.864953670116148321e-02 3.583685150423793209e-02
1.500000000000000000e+01 4.531421294421307810e-01 6.543700186492111825e-01 5.366148377136936709e-02 4.348750867226924832e-02
2.000000000000000000e+00 4.031826141948801068e-01 5.550794272695345200e-01 5.525136302083716311e-02 4.144408556244683073e-02
8.000000000000000000e+00 3.192622594269456382e-01 4.218947843877617343e-01 5.405959386086384155e-02 3.989478565448140168e-02
2.000000000000000000e+00 2.653171328880969959e-01 2.932702094363736078e-01 4.972821869203897238e-02 3.774945888272324135e-02
7.000000000000000000e+00 2.144570892035985721e-01 1.928512647891064691e-01 5.147543537430271376e-02 3.590685513684377383e-02
6.000000000000000000e+00 3.127376932139874777e-01 1.212653935741421496e-01 4.596910899138667572e-02 3.492990606733453740e-02
1.500000000000000000e+01 3.950837630376037302e-01 2.472938866560171478e-01 5.026812882270215166e-02 3.679516139514668605e-02
3.000000000000000000e+00 4.213332328901892021e-01 3.150891749924177310e-01 4.998267905088527030e-02 3.478221547659288149e-02
9.000000000000000000e+00 4.665509980150339686e-01 4.334628135339810284e-01 5.108896410014801548e-02 3.787011555030417309e-02
0.000000000000000000e+00 5.548116206896751557e-01 5.362874927749479159e-01 4.906053770348950405e-02 3.770156615358677410e-02
3.000000000000000000e+00 6.124320090822358287e-01 6.789242480939048363e-01 5.489417375397986909e-02 4.522046851716077231e-02
8.000000000000000000e+00 7.405382298995863977e-01 6.575197268082964008e-01 5.105290938368001186e-02 4.189415769793247701e-02
6.000000000000000000e+00 6.882105714402101393e-01 5.677055783966484803e-01 4.604395027340024704e-02 3.948660187151442624e-02
6.000000000000000000e+00 6.230203146247268453e-01 4.614766310390858717e-01 4.921602544680603319e-02 3.871730178864146721e-02
1.000000000000000000e+00 5.360911695792780485e-01 2.717476495052167929e-01 4.718159467352966985e-02 3.403334734827723196e-02
0.000000000000000000e+00 4.637620789031006163e-01 1.681962699529261362e-01 4.605561754550119291e-02 3.544135943677584333e-02
5.000000000000000000e+00 6.043881933011625573e-01 1.731094578333134126e-01 3.944192475639607398e-02 3.138738077634212198e-02
9.000000000000000000e+00 6.704079362495031225e-01 2.767514437133345995e-01 4.428583465158864030e-02 3.681747149594466473e-02
1.000000000000000000e+00 7.093044587203201079e-01 3.809385757680838758e-01 4.754811775806777607e-02 3.656725119452047812e-02
8.000000000000000000e+00 7.738975504015616069e-01 4.831572113653078149e-01 4.891233489104562793e-02 3.667217127314559288e-02
0.000000000000000000e+00 8.337237077267156682e-01 5.835846788125609308e-01 5.191810875187063967e-02 3.893841082333571180e-02
7.000000000000000000e+00 9.098820824767187565e-01 4.874439094190142763e-01 4.511739812801507377e-02 3.789279558899805167e-02
5.000000000000000000e+00 8.638583365037859618e-01 3.948544442272969857e-01 4.629402829101836314e-02 3.697298769602236357e-02
7.000000000000000000e+00 7.996138970610353613e-01 2.836294002155270721e-01 4.228708865688446394e-02 3.262103828883411438e-02
