7.000000000000000000e+00 2.339403714288595948e-01 4.841578122393795924e-01 3.692312512746551145e-02 3.692312512746553921e-02
1.500000000000000000e+01 3.777030337872218646e-01 7.409814565280266052e-01 3.849868516826271403e-02 3.588271898873041099e-02
1.500000000000000000e+01 2.590336328666021926e-01 3.692660668979861893e-01 3.837148531271589169e-02 3.909186880834547573e-02
1.400000000000000000e+01 9.323669134315148987e-01 2.691190849425765252e-01 3.797744288438908988e-02 3.590729987584800886e-02
1.100000000000000000e+01 8.668858411277380327e-01 3.882378560718280358e-01 3.688629536536924824e-02 3.519899898087602841e-02
1.000000000000000000e+00 5.628625011598824557e-01 7.873956861711368660e-01 3.651106964769956775e-02 3.510660588318670339e-02
2.000000000000000000e+00 5.908238283601441321e-01 6.857076322403390378e-01 3.572653197655994983e-02 3.605448036229885744e-02
7.000000000000000000e+00 6.192684872990970035e-01 5.760298477751515378e-01 3.676219929714730217e-02 3.612958093060636422e-02
0.000000000000000000e+00 6.560522745455845683e-01 4.693574023806424411e-01 3.825872361070714600e-02 3.967441089188572523e-02
6.000000000000000000e+00 7.330626142791460964e-01 5.490629241514881631e-01 3.853640172673744591e-02 3.696893370289444647e-02
8.000000000000000000e+00 6.716827812394087216e-01 7.521952461461456352e-01 3.579043674058857150e-02 3.470122908864692324e-02
8.000000000000000000e+00 6.424988112446218258e-01 8.573674121986794017e-01 3.597877012148087417e-02 3.409399526844147932e-02
7.000000000000000000e+00 5.376133852586115758e-01 8.853602760951531092e-01 3.502795812936509989e-02 3.392777637223898246e-02
3.000000000000000000e+00 4.332767061004030862e-01 9.153502054360984630e-01 3.332677783907034286e-02 3.354540085876733801e-02
0.000000000000000000e+00 4.546065976943298725e-01 8.134532278209942735e-01 3.479725250901061218e-02 3.414293534358225912e-02
5.000000000000000000e+00 4.841742179723825812e-01 7.109816061525959796e-01 3.504411445088667643e-02 3.700512608009365323e-02
0.000000000000000000e+00 5.142673759542675249e-01 6.127122076858434463e-01 3.714183128432291259e-02 3.670527805459977699e-02
9.000000000000000000e+00 5.423426149205914371e-01 5.001221423449504488e-01 3.745999719751091916e-02 3.767867564198157382e-02
5.000000000000000000e+00 5.726103609395014615e-01 3.883176538897031849e-01 3.788554860966275584e-02 3.984611684068051218e-02
1.000000000000000000e+00 4.880729351134729943e-01 3.054722909787025431e-01 3.846498690587807356e-02 4.108128563405250011e-02
8.000000000000000000e+00 4.634356255762341337e-01 4.224269741080614038e-01 3.685256939059800008e-02 3.881327618354979414e-02
9.000000000000000000e+00 4.364694640432085770e-01 5.233549465490964225e-01 3.662568807962585105e-02 3.618838661545842328e-02
3.000000000000000000e+00 4.037791981610286962e-01 6.370099296348752382e-01 3.686343264623503924e-02 3.620889378171210371e-02
5.000000000000000000e+00 3.497915611708661832e-01 8.418297974255073424e-01 3.682457987990023218e-02 3.574620777120884885e-02
6.000000000000000000e+00 2.731188414460468117e-01 7.680063821773237542e-01 3.489679540250173462e-02 3.533418000382992918e-02
2.000000000000000000e+00 2.982841689457392254e-01 6.626394534701529615e-01 3.704248237753959838e-02 3.551885534966070512e-02
3.000000000000000000e+00 3.492771499903459809e-01 4.487493353264603302e-01 3.972493057307563413e-02 3.928760139652132111e-02
2.000000000000000000e+00 3.732707977748923600e-01 3.321592640706155786e-01 3.879188222091745075e-02 3.944658735976142028e-02
1.000000000000000000e+00 1.854974842202918306e-01 6.907199716461678296e-01 3.714183128432291259e-02 3.670527805459988802e-02
6.000000000000000000e+00 2.109123756195760979e-01 5.886536713475359894e-01 3.813504322828767390e-02 3.726301755192773513e-02
