1.400000000000000000e+01 6.497015364938956150e-01 2.711066411553472166e-01 4.185228878814006848e-02 3.466765243012986941e-02
1.400000000000000000e+01 7.037037009776061502e-01 2.349045292647753691e-01 4.251186140971296989e-02 3.159053587557342224e-02
3.000000000000000000e+00 7.814768694805878102e-01 4.473358184724292586e-01 5.701690041491047634e-02 4.068272228542746394e-02
2.000000000000000000e+00 8.312014694103182499e-01 6.846557972875921827e-01 5.915322620920770991e-02 4.186363071965937266e-02
6.000000000000000000e+00 8.532555745088046262e-01 8.065174118296517536e-01 5.248933610801020944e-02 3.757946875501838591e-02
9.000000000000000000e+00 6.257955803339969592e-01 4.242984324816178043e-01 5.311521982408018427e-02 4.019673174945870286e-02
5.000000000000000000e+00 6.370952884251110948e-01 5.277825104420412750e-01 5.248029625170014256e-02 3.757918801413906440e-02
1.000000000000000000e+00 6.539025710842081285e-01 6.395321192564951129e-01 4.901303409733104299e-02 3.765897457200539922e-02
5.000000000000000000e+00 6.825141093425026728e-01 7.441603707071082763e-01 5.065020260842534316e-02 3.740215281572079054e-02
5.000000000000000000e+00 7.253000019243945884e-01 8.634261989319856889e-01 4.926946281638477920e-02 3.458065083166839138e-02
1.000000000000000000e+00 4.850731057126850820e-01 3.900973854297484777e-01 5.059481243296082287e-02 3.938098297679137882e-02
1.500000000000000000e+01 5.133913259004000418e-01 4.745250532515187247e-01 4.952260686715187488e-02 3.785759874403343828e-02
7.000000000000000000e+00 5.271726851042611850e-01 5.859940194460884211e-01 5.154537297581596178e-02 3.865880513915875838e-02
1.500000000000000000e+01 5.532037654973772645e-01 7.228362761167840267e-01 4.887855921619821409e-02 3.487048771534584368e-02
7.000000000000000000e+00 5.807687298321329017e-01 8.171612811528862208e-01 4.689377734848876322e-02 3.517054356702598028e-02
7.000000000000000000e+00 6.083688990731394020e-01 9.088801966815397426e-01 4.596626563181516190e-02 3.695521333604756542e-02
8.000000000000000000e+00 3.508089065726507361e-01 3.361402377460164237e-01 4.786744286570138174e-02 3.917786695069613856e-02
8.000000000000000000e+00 3.682030499656100409e-01 4.521618384079982844e-01 4.947990617942688019e-02 3.859883888736342916e-02
1.000000000000000000e+00 4.029833356364715957e-01 5.453581528133981671e-01 4.685716873784223635e-02 3.574274962699452995e-02
0.000000000000000000e+00 4.244268293227161370e-01 6.551592514817339286e-01 4.640927473917971779e-02 3.509945997641461535e-02
6.000000000000000000e+00 4.480473983418724604e-01 7.715316799833977779e-01 4.445046140279546032e-02 3.690776812746421331e-02
3.000000000000000000e+00 4.895625032970594148e-01 8.694749296186983223e-01 4.545015159950921424e-02 3.260580719108241432e-02
0.000000000000000000e+00 2.251055075063364552e-01 3.965848298883740686e-01 4.665747775047310308e-02 3.705263042112710847e-02
9.000000000000000000e+00 2.695901912223053754e-01 5.055962185005875575e-01 4.740048656134185356e-02 3.823513907837050585e-02
6.000000000000000000e+00 3.054489570176258662e-01 7.204423986399164370e-01 4.238979527544056713e-02 3.453191421504064884e-02
3.000000000000000000e+00 3.669691516904306505e-01 8.224071490732864920e-01 4.268016556678844164e-02 3.349878777961545762e-02
0.000000000000000000e+00 2.309001396232926995e-01 7.770942516896139907e-01 4.238387164288956455e-02 3.221709336975342453e-02
2.000000000000000000e+00 1.990470829515871287e-01 6.816001012621180077e-01 4.334720589574797556e-02 3.416201003261776226e-02
2.000000000000000000e+00 1.691917222280338307e-01 5.622185516468380939e-01 4.316573499143844250e-02 3.595162084111303002e-02
8.000000000000000000e+00 1.300005762337518578e-01 4.789693778877387453e-01 4.161183422511237351e-02 3.390173516351913108e-02
