6.000000000000000000e+00 5.094242232501905443e-01 4.119404305913278996e-01 5.082411318597768179e-02 3.961688222664011549e-02
1.400000000000000000e+01 2.658040554787925447e-01 6.690536134997491224e-01 4.208403845732922033e-02 3.273980867598857980e-02
1.200000000000000000e+01 2.635398753766355351e-01 7.056631500233907506e-01 3.436218716410935348e-02 2.698349033543701037e-02
8.000000000000000000e+00 5.856080177433479195e-01 7.424233603764973655e-01 5.500923134165414119e-02 4.075427841383671979e-02
3.000000000000000000e+00 7.149534280053028157e-01 6.847477773888392960e-01 4.810246678449869862e-02 4.059499214885697871e-02
9.000000000000000000e+00 5.889229587703614932e-01 6.546305575085604733e-01 5.298113415404215321e-02 4.174345312608795933e-02
3.000000000000000000e+00 4.586783518512630442e-01 6.435519875774058374e-01 5.440957227224735293e-02 4.282178844194017842e-02
0.000000000000000000e+00 3.299140912210321019e-01 6.051644356377462453e-01 5.587234335372520677e-02 4.441307457811771719e-02
5.000000000000000000e+00 1.868381231726757852e-01 4.721895844790024999e-01 5.856654674034314501e-02 4.240357441227859958e-02
9.000000000000000000e+00 4.796601716154137440e-01 5.281885890241893033e-01 5.211813892075783938e-02 3.757520950508119739e-02
2.000000000000000000e+00 3.542249238559866953e-01 4.578416902343663830e-01 5.634973503351775603e-02 3.976101644405310997e-02
6.000000000000000000e+00 8.629552420530059997e-01 6.503466444993848405e-01 4.867176336937861780e-02 3.801669170798116504e-02
7.000000000000000000e+00 7.429321655498966059e-01 5.605278464619957157e-01 4.721821781204538215e-02 3.641898273853860779e-02
8.000000000000000000e+00 6.320033246406238092e-01 5.068480394248227050e-01 5.076776742142263821e-02 3.858555037241118146e-02
8.000000000000000000e+00 8.700569104050668301e-01 5.142002128715789100e-01 4.979914577562050138e-02 3.855480835682767449e-02
5.000000000000000000e+00 7.368635515391676050e-01 4.468793151959205012e-01 4.744751295961702198e-02 3.775031929565086930e-02
1.500000000000000000e+01 3.968371089732528612e-01 3.143746592242425697e-01 5.140675174723119412e-02 3.734953449989547591e-02
3.000000000000000000e+00 8.809378906292231193e-01 4.069699459007871667e-01 4.795170537094406438e-02 3.415753234051932541e-02
1.000000000000000000e+00 7.805724208391373597e-01 3.567921741041764627e-01 4.977170276075970623e-02 3.793199789296908264e-02
0.000000000000000000e+00 6.488510585788604956e-01 3.373445356495352598e-01 5.224793854211040589e-02 3.737157649587413699e-02
6.000000000000000000e+00 5.318261606439981248e-01 2.803408248134737768e-01 5.063931075611671773e-02 3.857489430813004772e-02
2.000000000000000000e+00 6.689022681922609515e-01 2.720807254952725129e-01 4.897100901014883600e-02 3.853504354718850777e-02
1.500000000000000000e+01 8.839757155955352275e-01 2.946276583500445634e-01 4.548592129099782166e-02 3.471792454291761088e-02
1.000000000000000000e+00 7.953407333130328993e-01 2.096331671570170196e-01 4.791001534411265528e-02 3.643550693684841080e-02
2.000000000000000000e+00 4.208784307659859669e-01 1.685165387655785108e-01 5.766740847259294034e-02 3.772366453759978810e-02
7.000000000000000000e+00 5.666126051399779096e-01 1.574536463865305602e-01 4.931719972314896339e-02 3.698789979236177805e-02
0.000000000000000000e+00 6.960533944759227376e-01 1.477259296672057687e-01 4.650405714233629695e-02 3.588320166542499634e-02
7.000000000000000000e+00 3.029703932571433667e-01 1.222572645573922479e-01 5.721956182582083050e-02 3.688674016843312975e-02
1.000000000000000000e+00 4.443442083087540406e-01 9.431281618402639899e-02 5.309461393996162126e-02 3.801391821179851693e-02
5.000000000000000000e+00 6.150990405749556800e-01 5.763048268426176901e-02 4.911295362531209463e-02 3.613036396735280070e-02
