6.000000000000000000e+00 3.820388341900139428e-01 2.485911021297801116e-01 4.056598219967710861e-02 4.223447948768171978e-02
1.100000000000000000e+01 1.617547123640064033e-01 2.205793821077672856e-01 3.586504676884452736e-02 4.169339201389699046e-02
1.400000000000000000e+01 1.900215290631577375e-02 2.317244685639578416e-01 3.800430581263154750e-02 4.214897174230439192e-02
0.000000000000000000e+00 3.559292576199096780e-01 3.597263611807446360e-01 4.079688773071643570e-02 4.038071541802618070e-02
5.000000000000000000e+00 3.291938791717357593e-01 4.815006416172486481e-01 4.304077367646452768e-02 4.137207444709101178e-02
1.000000000000000000e+00 3.012976551883930210e-01 6.056704371188339486e-01 4.379185132521618007e-02 4.546069479842473893e-02
2.000000000000000000e+00 3.939861327344572617e-01 6.962421219621527380e-01 4.373031690521284043e-02 4.498203605642014935e-02
8.000000000000000000e+00 4.238486165543580153e-01 5.603865275645631971e-01 4.044236523309757692e-02 4.127635423819686622e-02
9.000000000000000000e+00 4.503183411316454832e-01 4.438435815645044302e-01 3.873636454799767037e-02 3.894442185557572822e-02
7.000000000000000000e+00 4.735329583580430990e-01 3.326105684665724982e-01 3.922555308995573364e-02 3.900699483119096644e-02
8.000000000000000000e+00 6.003268377056221183e-01 1.861049468788343597e-01 3.763010087998619468e-02 3.763012972875307005e-02
2.000000000000000000e+00 5.897285507790817061e-01 2.947149146863843328e-01 3.694857760846270711e-02 3.779315411104983147e-02
0.000000000000000000e+00 5.687568242159707355e-01 4.034460761640862869e-01 3.849810258137420504e-02 3.891505381077342562e-02
9.000000000000000000e+00 5.330949016155479558e-01 5.253972716641956975e-01 3.951184825362819009e-02 3.951190595116227389e-02
3.000000000000000000e+00 5.173947246700750791e-01 6.489550405739521466e-01 4.414550835982516963e-02 4.268561650597169077e-02
1.500000000000000000e+01 4.972683679506435528e-01 7.804294881228643899e-01 4.390840034388171498e-02 4.390834264634768669e-02
7.000000000000000000e+00 6.201882906221092284e-01 7.352989963114806571e-01 4.166627417292045887e-02 4.323062741206806781e-02
3.000000000000000000e+00 6.577310951331641897e-01 4.891884629878219259e-01 3.972036714147830772e-02 4.022072015626404484e-02
5.000000000000000000e+00 6.757782202444797548e-01 3.737775281803189520e-01 3.820286429993291488e-02 3.907900135361402905e-02
1.000000000000000000e+00 6.973857447834246326e-01 2.610180114255387651e-01 3.666805219818980444e-02 3.771107936894504964e-02
8.000000000000000000e+00 7.113675016496054937e-01 1.519119025231844833e-01 3.690905479767792041e-02 3.656494670494456201e-02
7.000000000000000000e+00 8.025841295278963727e-01 2.265833874950609339e-01 3.698452317214029339e-02 3.716101992862441694e-02
0.000000000000000000e+00 7.874709817176499538e-01 3.415573500288693332e-01 3.773337946583332769e-02 3.843215430002050459e-02
1.500000000000000000e+01 7.682660401917005277e-01 4.516862919650814767e-01 3.815716785301059844e-02 4.024152011726850331e-02
2.000000000000000000e+00 7.462561907482234691e-01 5.706595734919861496e-01 3.986368781591642652e-02 3.987338100162718391e-02
6.000000000000000000e+00 7.337100062253181232e-01 6.951794487810728507e-01 4.176684097466987211e-02 4.246469264831320700e-02
1.000000000000000000e+00 8.438001032967696879e-01 6.571080771611095273e-01 3.971575133875882013e-02 4.162277023228988515e-02
6.000000000000000000e+00 8.593635226622958756e-01 5.313798135688441171e-01 3.892327570936737757e-02 4.012257665094232095e-02
5.000000000000000000e+00 8.790685864128953142e-01 4.189473985586528171e-01 3.711393874088630973e-02 3.816657255105143642e-02
3.000000000000000000e+00 8.930990111489991445e-01 3.012690949090666148e-01 3.553556500097843074e-02 3.796422729933857099e-02
