1.000000000000000000e+00 1.440446461111090926e-01 5.560984971598845750e-01 4.209475328834944019e-02 3.456503175326075539e-02
1.100000000000000000e+01 5.851048677948231802e-01 1.773371004357745251e-01 3.937228160562267210e-02 2.910169829450581780e-02
1.000000000000000000e+00 6.330686150259564604e-01 2.717307248937879116e-01 3.092929895565710297e-02 2.658174467628376947e-02
8.000000000000000000e+00 7.994990729230629922e-01 5.288022633031115305e-01 5.304917562445310431e-02 3.855329809868923707e-02
8.000000000000000000e+00 6.963486706582414643e-01 8.544392212431459743e-01 5.465757091421497016e-02 3.669283365969366884e-02
3.000000000000000000e+00 6.769850943623192396e-01 4.809944061684363059e-01 5.341533146361221451e-02 4.211274606482018346e-02
3.000000000000000000e+00 6.482486153744433377e-01 5.673105510808500451e-01 5.341482062768720951e-02 4.210542408322803798e-02
9.000000000000000000e+00 6.179876600873802639e-01 6.841838509775293176e-01 4.803015590138848268e-02 3.602216284966353044e-02
2.000000000000000000e+00 5.754174320719129820e-01 7.878279477841283462e-01 4.867494435788322082e-02 3.496898945087290045e-02
2.000000000000000000e+00 5.297344821067622167e-01 8.610314737164654897e-01 4.438284415615056933e-02 3.481789553615544097e-02
5.000000000000000000e+00 5.743565393746995484e-01 3.765318650706024339e-01 5.171657497466553011e-02 3.658084707301556548e-02
0.000000000000000000e+00 5.397251557107307640e-01 4.805736760246186456e-01 4.695410840506542005e-02 3.607040846480619178e-02
9.000000000000000000e+00 5.043207353933086834e-01 5.988658510828699377e-01 4.926178131665981397e-02 3.481352505101897865e-02
7.000000000000000000e+00 4.753969215198112219e-01 6.946968543148512865e-01 4.689888136561393139e-02 3.517462929047499021e-02
1.000000000000000000e+00 1.269504300324031942e-01 6.608065516792474003e-01 4.127435079273530927e-02 3.094882423990297227e-02
5.000000000000000000e+00 4.338210782020947009e-01 7.855860024282225185e-01 4.925976635273326965e-02 3.477816385309684399e-02
8.000000000000000000e+00 4.207211307909364262e-01 8.808825861432911797e-01 4.235414441917523254e-02 2.920466011317490729e-02
2.000000000000000000e+00 4.422215905208479736e-01 3.089014739411301003e-01 4.951305583223225559e-02 3.884123928177007912e-02
6.000000000000000000e+00 4.385348167004007314e-01 4.055170360146519437e-01 4.812168067129141136e-02 3.566372630892722384e-02
1.500000000000000000e+01 3.908263597228061048e-01 5.110144597471827366e-01 4.579314862609135117e-02 3.647768659593114693e-02
6.000000000000000000e+00 3.871430198549660751e-01 6.169429438611264693e-01 4.687138136498258945e-02 3.472571803145940716e-02
5.000000000000000000e+00 3.372600762433445309e-01 7.177723631005289429e-01 4.507020227306535176e-02 3.466362308679338256e-02
1.000000000000000000e+00 3.083339068486371515e-01 7.976029634884092001e-01 4.315723525288533979e-02 3.094575922435283122e-02
0.000000000000000000e+00 2.201817750519693972e-01 7.250722652288968950e-01 4.127483324888672755e-02 3.095608946194805533e-02
0.000000000000000000e+00 2.493904083334502753e-01 6.482376324020550085e-01 4.371952370748621863e-02 3.193490785387176345e-02
1.500000000000000000e+01 2.828405123005377497e-01 5.500165413959062777e-01 4.502385810275483236e-02 3.376812771019843673e-02
7.000000000000000000e+00 3.163423384050355058e-01 4.405350657143286552e-01 4.510896904382122319e-02 3.511185323124238478e-02
7.000000000000000000e+00 3.223656899365022754e-01 3.486606144307629052e-01 4.761916001992022585e-02 3.743408496670030949e-02
3.000000000000000000e+00 2.092451326440344650e-01 3.591447129686596851e-01 4.263930438444202276e-02 3.368565608807810863e-02
6.000000000000000000e+00 1.917422620151834067e-01 4.717065576580018460e-01 4.263927600466840828e-02 3.368565608807810863e-02
