3.000000000000000000e+00 3.366105470001413691e-01 3.875098236626947079e-01 4.654739207078700813e-02 3.366773226008673570e-02
8.000000000000000000e+00 7.608599661657118318e-01 2.434673572822754206e-01 4.502666859282866696e-02 3.169592173745858221e-02
0.000000000000000000e+00 7.996237360555991103e-01 3.297993503955860550e-01 4.434116183244907194e-02 3.221468286515627444e-02
1.500000000000000000e+01 8.374356031205936191e-01 4.252867372705491089e-01 4.553211543046431498e-02 3.492638750694776473e-02
0.000000000000000000e+00 8.707664259538925311e-01 5.194104982639589085e-01 4.593567900501627221e-02 3.600564441069498134e-02
5.000000000000000000e+00 6.421587699948165806e-01 1.970342806584601814e-01 4.397459158556416003e-02 3.193287750841813932e-02
2.000000000000000000e+00 6.580367638221849003e-01 2.935566123848417086e-01 4.363316136463524231e-02 3.246106614584920447e-02
7.000000000000000000e+00 7.303472795972472120e-01 4.964073745144954586e-01 4.841809117323381262e-02 3.553647418946037639e-02
1.000000000000000000e+00 7.511142090642783931e-01 6.114353978798834355e-01 4.816150853990530667e-02 3.766797349537964745e-02
1.000000000000000000e+00 5.133436063094363178e-01 1.653789909366361610e-01 4.249130248836013868e-02 3.082737794599785253e-02
6.000000000000000000e+00 5.504504086662270756e-01 2.733760078652639480e-01 4.580314255239015253e-02 3.305560570704718648e-02
5.000000000000000000e+00 5.638389610418045317e-01 3.605096425299098017e-01 4.443676008904362540e-02 3.436186712147987210e-02
2.000000000000000000e+00 6.003418928080267447e-01 4.675975663488961542e-01 4.556971520612629334e-02 3.573809058182869647e-02
1.000000000000000000e+00 6.224566529429351736e-01 5.673542644080046271e-01 4.703142026788798002e-02 3.657818644918164885e-02
3.000000000000000000e+00 6.627206924738737737e-01 6.767463460335392256e-01 5.074326791595662467e-02 3.961197010771277949e-02
6.000000000000000000e+00 3.793973826225706669e-01 1.313624132505960551e-01 4.438761023566761832e-02 3.329027351511823496e-02
8.000000000000000000e+00 4.148119194164005541e-01 2.310704576410512467e-01 4.477890702123898947e-02 3.265184917176960910e-02
3.000000000000000000e+00 4.165682617231486473e-01 3.232152685649879453e-01 4.486499507064650727e-02 3.458884406634737951e-02
8.000000000000000000e+00 4.460532532503114767e-01 4.171359797434969208e-01 4.703290882205646284e-02 3.496274682080263707e-02
1.500000000000000000e+01 4.860501248738349211e-01 5.346565457151930545e-01 4.879122208478681166e-02 3.597102174337019065e-02
7.000000000000000000e+00 5.135870124817925042e-01 6.344325949784910268e-01 4.812344014533870284e-02 3.982191137709711892e-02
7.000000000000000000e+00 2.898343862063210707e-01 1.951122402201114769e-01 4.520929213664059976e-02 3.266957399270106754e-02
2.000000000000000000e+00 2.892624230500109861e-01 2.943466625097356792e-01 4.868087611559757111e-02 3.340340363191884876e-02
5.000000000000000000e+00 3.432860646488261613e-01 4.859174505921191045e-01 4.959498620410290881e-02 3.471054715252547274e-02
0.000000000000000000e+00 3.870544225675180972e-01 6.059655126272637249e-01 5.143685146099097327e-02 3.765165453116270378e-02
9.000000000000000000e+00 1.542702006187353092e-01 2.423390607884238213e-01 4.780772883254189032e-02 3.305276642779989005e-02
9.000000000000000000e+00 1.745230275812998111e-01 3.649427360213092775e-01 4.925802164567916197e-02 3.662510347130509825e-02
6.000000000000000000e+00 2.373027445031771765e-01 5.683388051613310621e-01 5.193135466890677621e-02 3.894807494859309216e-02
1.100000000000000000e+01 2.642222267039607275e-01 7.002893463272377161e-01 4.536065604291564246e-02 3.186536882029811224e-02
1.300000000000000000e+01 3.510106684135295141e-01 8.038132166310080207e-01 4.229996814608105726e-02 3.532543028735868340e-02
