1.000000000000000000e+01 2.475945725182079893e-01 1.424207442530948664e-01 2.992942755999553062e-02 4.123409641125780345e-02
7.000000000000000000e+00 6.051399863272708401e-01 8.968472592443810232e-01 3.443816307943736721e-02 4.636289268551785359e-02
9.000000000000000000e+00 5.188222168593497052e-01 8.451276712546815784e-01 3.544099751327267622e-02 4.700038035184961327e-02
1.000000000000000000e+00 4.020200851314159052e-01 7.914241418208598500e-01 3.722748080677851235e-02 4.680694163405008101e-02
8.000000000000000000e+00 2.729884355474074265e-01 7.524286446251954308e-01 3.756165588901028141e-02 4.956674604350541635e-02
9.000000000000000000e+00 2.811476311942523454e-01 6.132018161330146100e-01 3.829004457443013765e-02 5.002260031919170125e-02
8.000000000000000000e+00 3.858871358517746986e-01 6.553397789854642497e-01 3.663870416891912285e-02 4.792018398469988227e-02
1.000000000000000000e+00 4.984993742711587572e-01 7.198285147678376017e-01 3.817067023056286423e-02 4.822521115202904607e-02
6.000000000000000000e+00 6.023600566458096051e-01 7.614661566123197556e-01 3.622998687808454132e-02 4.830689277276822846e-02
7.000000000000000000e+00 6.879123911873838981e-01 7.825495433484648267e-01 3.736751447316588592e-02 4.804307181879152733e-02
8.000000000000000000e+00 7.739951222132472886e-01 7.472607783396389980e-01 3.478793805826596586e-02 4.860152000903306124e-02
3.000000000000000000e+00 6.838203275006449200e-01 6.721967742766077336e-01 3.804199216458103994e-02 5.147122639271062283e-02
5.000000000000000000e+00 5.748181721790039944e-01 6.323496632663700989e-01 3.771835755302266335e-02 4.880777593917173807e-02
2.000000000000000000e+00 4.499702602686719288e-01 5.800568423195644474e-01 3.704938901427945463e-02 4.865745477340699399e-02
5.000000000000000000e+00 3.622504395536479405e-01 5.269189848118858155e-01 3.793231505373328982e-02 5.057621394688471828e-02
6.000000000000000000e+00 2.730521843140406024e-01 4.650139994707989666e-01 4.037806965296275585e-02 5.198697864974421989e-02
5.000000000000000000e+00 8.541148981697128661e-01 6.313577347061917200e-01 3.583276572726445952e-02 4.925941402658873258e-02
2.000000000000000000e+00 7.999572290434342481e-01 6.082442814262570829e-01 3.678910965844917058e-02 4.904495058328572910e-02
1.000000000000000000e+00 6.633761992299045396e-01 5.340787470834327255e-01 3.738696515504857931e-02 4.873300886719456049e-02
1.500000000000000000e+01 5.577081493758535569e-01 4.704359192075079354e-01 3.656469601083056631e-02 5.097748263844331662e-02
1.500000000000000000e+01 4.523860799311886782e-01 4.272737458466973060e-01 3.846243045880459732e-02 5.128349358303563310e-02
2.000000000000000000e+00 3.565668772269015019e-01 3.615819910114579372e-01 3.917350466439800671e-02 5.330490288691186462e-02
3.000000000000000000e+00 8.848368004768230044e-01 5.240935202971152007e-01 3.466426320236382086e-02 5.048143403458876799e-02
3.000000000000000000e+00 7.584988033083230885e-01 4.371337377874531249e-01 3.949775765023588736e-02 5.213395497281519964e-02
0.000000000000000000e+00 5.599262860243795492e-01 3.256535178104784656e-01 3.893751055299943253e-02 5.138698695108823156e-02
6.000000000000000000e+00 4.287381404643435534e-01 2.618092685669639597e-01 4.261484185363939581e-02 5.468685696993064171e-02
0.000000000000000000e+00 8.629504828466552091e-01 3.595728227075238870e-01 3.727835614522911900e-02 5.290889037672891204e-02
7.000000000000000000e+00 7.394894720135778421e-01 2.835381677811137369e-01 4.236038083762083684e-02 5.648033913596367528e-02
0.000000000000000000e+00 5.150190463928292495e-01 1.676413922142269142e-01 4.491471633874788427e-02 5.829088281052682841e-02
1.600000000000000000e+01 3.369487845619000277e-01 1.077300877121646350e-01 2.757527667789905212e-02 3.985225475992622279e-02
