0.000000000000000000e+00 4.281450897068266315e-01 5.182506441286622856e-01 3.599099888989237828e-02 3.428004169603859896e-02
1.200000000000000000e+01 7.117434620047797811e-01 7.738279572546553631e-01 3.000899338862950128e-02 2.915359790974469956e-02
6.000000000000000000e+00 4.297890537586210868e-01 2.558463336308105518e-01 3.244379790648876938e-02 3.082778922290679846e-02
7.000000000000000000e+00 5.243467707019446866e-01 2.723804793628017973e-01 3.210362346554329616e-02 3.308992986098346911e-02
1.500000000000000000e+01 6.248564598272621229e-01 2.882569258794174250e-01 3.224908003949378266e-02 3.185742782437700482e-02
2.000000000000000000e+00 6.669956171848900883e-01 3.787377305560310492e-01 3.269985688866960949e-02 3.228426667738271139e-02
3.000000000000000000e+00 5.639781181945972000e-01 3.638861572064628347e-01 3.301980593933229180e-02 3.065518075515227814e-02
2.000000000000000000e+00 3.664918385661962152e-01 3.309891304685517732e-01 3.272540183365668653e-02 3.290393938842550714e-02
6.000000000000000000e+00 2.649602269643313024e-01 3.164394972604904765e-01 3.568858774614608320e-02 3.509423833197766740e-02
5.000000000000000000e+00 1.925474283715264967e-01 3.862051108844614111e-01 3.606943461576930798e-02 3.470327876721301941e-02
1.500000000000000000e+01 2.963064649758184732e-01 4.045029522081188267e-01 3.375916863122568889e-02 3.335557512403797276e-02
3.000000000000000000e+00 3.977546122102498805e-01 4.210118716142849937e-01 3.562317384688945543e-02 3.344852880129584038e-02
9.000000000000000000e+00 5.049086606625724505e-01 4.413329169105431049e-01 3.592209403286106273e-02 3.285725475469092327e-02
8.000000000000000000e+00 5.983852750832614475e-01 4.582927932549765715e-01 3.489561391699658177e-02 3.387428711975215556e-02
1.000000000000000000e+00 7.013520443617631273e-01 4.724622860967737092e-01 3.423648784189581296e-02 3.526978363722521603e-02
5.000000000000000000e+00 6.392694885328734644e-01 5.508574642220317452e-01 3.525601374822451284e-02 3.388983019365432448e-02
9.000000000000000000e+00 5.342066761707393585e-01 5.330443534678122042e-01 3.557352466964780469e-02 3.282952103459113591e-02
5.000000000000000000e+00 3.299024174780648133e-01 4.995611367368810729e-01 3.311001672119556760e-02 3.379945317570642871e-02
0.000000000000000000e+00 2.253216759080164111e-01 4.803187281280039134e-01 3.384375509222958822e-02 3.418833478941457615e-02
3.000000000000000000e+00 1.155217169635079782e-01 4.679973649557992998e-01 3.385927046011763530e-02 3.454779261616358621e-02
7.000000000000000000e+00 1.508196776170584452e-01 5.647269840493220894e-01 3.757725131434622168e-02 3.825463565272968491e-02
1.000000000000000000e+00 2.552423009647192265e-01 5.791875285690903929e-01 3.538750649107574864e-02 3.675363463361802641e-02
2.000000000000000000e+00 3.595065151768445100e-01 5.962638809967405473e-01 3.550304056981351541e-02 3.961295069929970936e-02
7.000000000000000000e+00 4.693590739890948216e-01 6.110732442338491222e-01 3.348158207610013593e-02 3.381419277520014699e-02
0.000000000000000000e+00 5.731218509052883325e-01 6.362039843103652892e-01 3.643579124002571668e-02 3.643584665205390483e-02
6.000000000000000000e+00 5.063381801653428216e-01 7.163021818564416776e-01 3.809834602727180108e-02 4.221931085637808945e-02
8.000000000000000000e+00 2.963091247531707273e-01 6.829764738155881254e-01 3.753217362942856683e-02 3.718762163825772848e-02
1.200000000000000000e+01 6.828604964406249644e-01 8.550438708209807670e-01 3.263940236593443345e-02 3.490902362781422852e-02
8.000000000000000000e+00 1.837585265832320514e-01 6.683752104502779234e-01 3.862836207673289723e-02 3.795191974282841052e-02
1.000000000000000000e+00 3.349428063846081050e-01 2.390427607648421549e-01 3.349108523893151723e-02 3.191101125561893181e-02
