1.000000000000000000e+00 3.836967406882927367e-01 4.397050313480028727e-01 3.782369587625877827e-02 4.883025861886519658e-02
1.400000000000000000e+01 1.843393585993767236e-01 3.149930832787774526e-01 3.406150145245270822e-02 3.778003721762146494e-02
1.400000000000000000e+01 2.608002039086811941e-01 3.161315025961793923e-01 3.086780270993136344e-02 3.816247462569793969e-02
6.000000000000000000e+00 5.264954050132018004e-01 2.110556300520968487e-01 3.856071850409703572e-02 5.102379517572502854e-02
3.000000000000000000e+00 7.399730689784660420e-01 2.832873255692422987e-01 3.586711499257311253e-02 4.823122449760092190e-02
5.000000000000000000e+00 8.543049447459973855e-01 3.083693946143934994e-01 3.396055494252048224e-02 4.806756108037762987e-02
3.000000000000000000e+00 4.468864989633454243e-01 3.231505085384643872e-01 3.817859213568708387e-02 4.970928499260807154e-02
1.000000000000000000e+00 5.587048066335653651e-01 3.539533605107727521e-01 3.553356736479718059e-02 4.777648450523969137e-02
8.000000000000000000e+00 6.635016200441686829e-01 3.973910961559269928e-01 3.502849549913644722e-02 5.028832774621905255e-02
6.000000000000000000e+00 7.686022061035679975e-01 4.301265365431038434e-01 3.613217734106177748e-02 4.698155194677372526e-02
2.000000000000000000e+00 8.773160268628732439e-01 4.441147255283739437e-01 3.423466571766964339e-02 4.723094920660625418e-02
9.000000000000000000e+00 4.974396487092199171e-01 4.669324964925463117e-01 3.677323009363109296e-02 4.704016878573435978e-02
0.000000000000000000e+00 5.820024128359153615e-01 4.900368622330260604e-01 3.660026376274727600e-02 4.999498906441612878e-02
8.000000000000000000e+00 6.922186117368781533e-01 5.273410935899671692e-01 3.446206399018358901e-02 4.555899789406259170e-02
0.000000000000000000e+00 7.868932047292809262e-01 5.574426924960798058e-01 3.451081238881748003e-02 4.641311281815541090e-02
1.500000000000000000e+01 9.124426129622771331e-01 6.084622462218076677e-01 3.322729306701310836e-02 4.630294822356306739e-02
0.000000000000000000e+00 2.928372895538271514e-01 5.333659884819199615e-01 3.811700628172842720e-02 4.843379614946485834e-02
7.000000000000000000e+00 4.162971191693936590e-01 5.796802755151417852e-01 3.517097994270745875e-02 4.689494153783180241e-02
5.000000000000000000e+00 5.316211407820919943e-01 6.041639325183617570e-01 3.549200115482498141e-02 4.692304821314641217e-02
1.000000000000000000e+00 6.253645375657870265e-01 6.308840495524126180e-01 3.527280301897228743e-02 4.903065299306386127e-02
3.000000000000000000e+00 7.315295296401380654e-01 6.663305258106015927e-01 3.419123326969886190e-02 4.638568477484072972e-02
2.000000000000000000e+00 8.254923507703522123e-01 6.982797286118065383e-01 3.417121362571240439e-02 4.599513205910299440e-02
5.000000000000000000e+00 3.449724011814723212e-01 6.908536000224617668e-01 3.615264940638129865e-02 4.740674317082138600e-02
6.000000000000000000e+00 4.579761799877293260e-01 7.081949379938128342e-01 3.553353908846385023e-02 4.777654105790640759e-02
7.000000000000000000e+00 6.525561341815211414e-01 7.678319022314186171e-01 3.577103201197096016e-02 4.610196004636468725e-02
8.000000000000000000e+00 7.519702082297403667e-01 8.026084838770576324e-01 3.446200743751692830e-02 4.555899789406270273e-02
2.000000000000000000e+00 3.703781211377394911e-01 8.114387303497927473e-01 3.547096356283918617e-02 4.648815820677187904e-02
7.000000000000000000e+00 4.715475616817794702e-01 8.353012411390965397e-01 3.547141598417236086e-02 4.649788526543197076e-02
9.000000000000000000e+00 5.816707314461381229e-01 8.739822754414459105e-01 3.455475381078798591e-02 4.726728429491500183e-02
1.500000000000000000e+01 6.873486636791494853e-01 8.991549135822030081e-01 3.480935391595030293e-02 4.600429359109681204e-02
