3.000000000000000000e+00 1.142880179565139154e-01 5.269097014281014513e-01 5.184885196396495088e-02 3.964454101203007674e-02
8.000000000000000000e+00 1.272656752316706497e-01 6.335462080399867357e-01 4.466500957384830772e-02 3.501578422217743736e-02
7.000000000000000000e+00 1.126478908850508387e-01 7.344219826814197827e-01 4.311303372431439518e-02 3.195873842144381083e-02
2.000000000000000000e+00 2.165132736158162929e-01 7.873721728387526042e-01 4.618967489735570364e-02 3.418690835959836694e-02
2.000000000000000000e+00 2.430175241485725002e-01 6.870381641184257759e-01 4.743005357839619185e-02 3.602714024228070855e-02
1.000000000000000000e+00 2.556594324696810916e-01 5.890959089578580166e-01 4.864298196613262015e-02 3.511742298638675930e-02
5.000000000000000000e+00 2.372924328338868738e-01 4.753199081130117798e-01 4.866945388849414078e-02 3.786734417150749987e-02
9.000000000000000000e+00 2.423736722079688488e-01 3.815415437772795570e-01 4.804978168690066109e-02 3.694678097487835711e-02
6.000000000000000000e+00 3.430419343724744885e-01 8.678984748033815588e-01 4.567466043316592561e-02 3.311517287560838962e-02
3.000000000000000000e+00 3.615647884994264150e-01 7.348211021190935721e-01 4.620521701861540764e-02 3.579518246851576269e-02
0.000000000000000000e+00 3.366827748266112419e-01 6.302148549804008626e-01 4.963885177188731568e-02 3.460604247141252365e-02
7.000000000000000000e+00 3.671775348764449443e-01 5.149641835672147394e-01 4.788728825006094425e-02 3.525864384358856629e-02
6.000000000000000000e+00 3.525189384847906005e-01 4.339575993068586213e-01 5.057389485846708332e-02 3.923812572247015185e-02
0.000000000000000000e+00 3.727282944658852903e-01 3.070580381258570801e-01 4.881173697700508241e-02 4.055565594069926449e-02
3.000000000000000000e+00 5.044059397960372060e-01 3.636723532538128634e-01 5.542203036710835473e-02 4.102429562220932802e-02
8.000000000000000000e+00 4.940488071604773324e-01 4.778923528091431061e-01 4.953623463673528793e-02 3.823521164592874610e-02
1.500000000000000000e+01 4.672140489465798074e-01 5.969292498865899077e-01 5.025290532892456863e-02 3.714125316481353689e-02
8.000000000000000000e+00 4.843455338025910439e-01 7.006138436438886785e-01 4.954162965364733440e-02 3.879581819604405180e-02
2.000000000000000000e+00 4.816939808273859036e-01 8.222636480443075158e-01 5.025824443892573656e-02 3.769445204922061698e-02
6.000000000000000000e+00 4.641125291981406664e-01 9.212936560188689228e-01 4.727793087354814627e-02 3.327652022077254301e-02
5.000000000000000000e+00 6.072403851111194406e-01 8.815314030057150863e-01 5.109013927469896466e-02 3.513067292429539190e-02
0.000000000000000000e+00 6.088430685289361044e-01 7.593469608153432526e-01 5.142222632607618138e-02 3.660191919433608554e-02
7.000000000000000000e+00 6.090606861800278438e-01 6.362117097894879336e-01 5.141624428659852253e-02 3.461565846010561387e-02
5.000000000000000000e+00 6.205051663044766075e-01 5.484811873656805226e-01 4.968178827954017329e-02 3.923345749540108063e-02
9.000000000000000000e+00 6.048474575062292580e-01 4.280355758981533865e-01 5.234290133652730326e-02 4.057184099143551492e-02
1.500000000000000000e+01 7.481662774504775903e-01 8.397324891780584277e-01 5.053308281343238395e-02 3.593506155985348727e-02
1.000000000000000000e+00 7.413553062033173546e-01 7.238415438665730672e-01 5.406818861018070077e-02 3.595418172341757757e-02
1.000000000000000000e+00 7.596505353421072471e-01 4.770101417534642341e-01 5.586386268479093253e-02 4.059090524808867118e-02
1.100000000000000000e+01 8.257229440697313461e-01 3.554890071087262182e-01 3.988868649239452058e-02 2.729283148922734270e-02
1.100000000000000000e+01 5.682727649775531908e-01 1.396277834399206053e-01 3.464154335990154987e-02 3.057182772665580084e-02
