14 0.150701 0.892910 0.041986 0.036653
3 0.451451 0.074257 0.038319 0.036653
6 0.658743 0.184090 0.038597 0.037486
1 0.768299 0.238104 0.041097 0.037764
6 0.774132 0.349451 0.039431 0.039431
2 0.666937 0.299187 0.039431 0.038875
15 0.561833 0.242542 0.040278 0.038333
0 0.461035 0.187563 0.039708 0.038319
7 0.353424 0.135910 0.039986 0.038875
8 0.252757 0.199083 0.038597 0.035833
1 0.358146 0.249062 0.038875 0.036931
5 0.462424 0.304187 0.038042 0.037764
3 0.566549 0.358340 0.040264 0.039986
7 0.780660 0.464007 0.039708 0.037486
15 0.788431 0.586187 0.040278 0.040264
3 0.676799 0.532889 0.041931 0.038556
9 0.568632 0.484410 0.041097 0.038319
0 0.462979 0.415965 0.038597 0.039153
2 0.362590 0.362368 0.037208 0.037486
8 0.256924 0.318493 0.040264 0.039153
7 0.368563 0.484271 0.039708 0.037486
9 0.469917 0.539118 0.038056 0.039431
8 0.572243 0.595354 0.041653 0.040264
2 0.687632 0.657410 0.040819 0.039986
1 0.582243 0.718924 0.039986 0.043042
5 0.473660 0.661438 0.039431 0.040264
0 0.364257 0.604660 0.041097 0.043875
6 0.260951 0.547590 0.040542 0.040264
11 0.176687 0.752951 0.040653 0.035319
5 0.559472 0.128826 0.040556 0.038042
