7.000000000000000000e+00 6.064708775201281821e-01 8.315486759486658830e-01 5.199028399590588378e-02 3.724215956401089045e-02
6.000000000000000000e+00 6.612863427114190618e-01 9.424953012597651059e-01 5.296738613549745178e-02 3.667490823192243177e-02
6.000000000000000000e+00 4.899403572586953359e-01 9.147814404658933807e-01 4.306214065113705969e-02 3.280541030212091869e-02
1.500000000000000000e+01 3.613225051451179337e-01 8.692335025129450665e-01 5.055308125363933147e-02 3.495182371035876479e-02
0.000000000000000000e+00 2.238868687850315564e-01 8.236269642157725279e-01 4.366862491368367349e-02 3.933653586657792633e-02
6.000000000000000000e+00 1.827431715530148104e-01 7.494592334474210471e-01 4.648258414314965226e-02 3.486222378404024713e-02
0.000000000000000000e+00 3.175898740054555747e-01 7.647497919656257581e-01 4.754638549202055975e-02 3.639362657964695380e-02
5.000000000000000000e+00 4.820816115956709780e-01 8.082951217550621292e-01 5.066887553382604104e-02 3.946944144727804193e-02
3.000000000000000000e+00 7.476637189003966233e-01 8.443109519154966547e-01 5.071713291729462725e-02 3.620739468570288722e-02
5.000000000000000000e+00 8.988522846965072421e-01 8.130441522513218722e-01 5.229084516143089889e-02 3.436054623713824530e-02
9.000000000000000000e+00 5.749686802732055790e-01 7.097778638552569852e-01 5.221495771566075916e-02 3.656098916275085653e-02
8.000000000000000000e+00 4.281149284402072097e-01 6.997071016986358138e-01 5.258132706774942822e-02 3.901481997678790670e-02
2.000000000000000000e+00 2.870266300740345056e-01 6.812659249733981071e-01 4.785849092535776617e-02 3.673667299473448722e-02
0.000000000000000000e+00 1.346281429707302801e-01 6.389642116890842383e-01 4.908065970449422555e-02 3.851038821370744714e-02
3.000000000000000000e+00 8.415308929851643693e-01 6.855897513719683145e-01 6.009090257971505533e-02 4.079802845152524782e-02
7.000000000000000000e+00 6.805338308730072283e-01 6.524354346203374844e-01 5.664074871318081073e-02 3.759399603073210194e-02
2.000000000000000000e+00 5.728419565806268654e-01 6.489358220632783780e-01 5.592424230435366628e-02 4.136996781115176436e-02
1.000000000000000000e+00 3.930745742598119041e-01 6.044751841972346718e-01 5.262483782333582383e-02 3.800144422412166101e-02
2.000000000000000000e+00 2.318927892125746404e-01 5.673488775137547346e-01 5.267825203709602944e-02 3.950841067618693359e-02
8.000000000000000000e+00 6.265162557377587649e-02 5.363378097517735865e-01 5.277746241986728398e-02 4.177659559972224379e-02
1.500000000000000000e+01 8.176845963097345571e-01 5.759698085539289858e-01 5.578155046616817270e-02 4.182874990608165255e-02
3.000000000000000000e+00 6.482752789831849327e-01 5.489081988914428223e-01 5.569130593606297364e-02 3.957480486619280313e-02
9.000000000000000000e+00 5.125819041073093052e-01 5.345013335641366492e-01 5.060971848633183390e-02 3.795702516319998665e-02
7.000000000000000000e+00 1.544185633215541809e-01 4.401559806705008793e-01 5.179168742933062952e-02 4.250435327464058277e-02
5.000000000000000000e+00 7.649893794729857310e-01 4.537605779852080246e-01 5.874069204844900582e-02 4.039579568877149640e-02
1.000000000000000000e+00 6.156925792892873339e-01 4.182668182914653365e-01 5.690310245427177005e-02 4.483406855961125093e-02
1.000000000000000000e+00 4.448283765666016798e-01 3.705904572359558502e-01 5.495724872414070594e-02 4.634408222957608903e-02
8.000000000000000000e+00 2.778054850081455029e-01 3.589371488333065185e-01 5.893260817578277466e-02 4.565924930680193006e-02
1.400000000000000000e+01 4.646367579229302991e-01 1.553327726417072507e-01 4.478674878165034290e-02 3.420065519792306330e-02
1.400000000000000000e+01 5.061267538891389695e-01 2.811002307617975204e-01 4.374884878492635298e-02 3.281912278266940763e-02
