0.000000000000000000e+00 4.984275812684243467e-01 7.064013774868833639e-01 4.562693961859315417e-02 3.394640938102744254e-02
1.100000000000000000e+01 2.509133760284961712e-01 7.244716806500869355e-01 3.150545314825597965e-02 2.421935870042291050e-02
2.000000000000000000e+00 6.638341949367658756e-01 1.399873932580143476e-01 4.425510902816920389e-02 3.307878687895501879e-02
9.000000000000000000e+00 7.651745597482806360e-01 2.295259686624264162e-01 4.480294659852923633e-02 3.326971669602699078e-02
1.000000000000000000e+00 8.265083452706738498e-01 3.180397160010975943e-01 4.414246246942810092e-02 3.269158248802711553e-02
3.000000000000000000e+00 9.151346955966992436e-01 3.866224586259524032e-01 4.283334562844254290e-02 3.294932176489906439e-02
8.000000000000000000e+00 5.360502102225386256e-01 1.618708463393034869e-01 4.844673453602166280e-02 3.468259153284111718e-02
1.500000000000000000e+01 6.129062151589541596e-01 2.190348210948482865e-01 4.499710069822626668e-02 3.333733948838107919e-02
0.000000000000000000e+00 7.084892602484073043e-01 3.075785455476557906e-01 4.383072372048291143e-02 3.271209008742659297e-02
1.000000000000000000e+00 7.763938723324963487e-01 3.924592089861979050e-01 4.502748447863957892e-02 3.311224970403747747e-02
0.000000000000000000e+00 9.056103390076095661e-01 4.587494285694021512e-01 4.367781720031449488e-02 3.262154874560202478e-02
6.000000000000000000e+00 4.746331016847382678e-01 2.402946369164955798e-01 4.616693433932445023e-02 3.482033521039401558e-02
5.000000000000000000e+00 5.549545278247760560e-01 3.259707105453437115e-01 4.459636012979106834e-02 3.384323233702324352e-02
9.000000000000000000e+00 6.565271862232562317e-01 4.379454275491383441e-01 4.541904600825019678e-02 3.446026126966328373e-02
6.000000000000000000e+00 7.504927452433598489e-01 4.738658240865263327e-01 4.377954186475785381e-02 3.297122364867705047e-02
2.000000000000000000e+00 8.220588933431755008e-01 5.715735261879846263e-01 4.430640707425914648e-02 3.339119372249810258e-02
8.000000000000000000e+00 3.586469704290036753e-01 2.690126686877346573e-01 4.725505710632804668e-02 3.428466858075401857e-02
1.500000000000000000e+01 4.165865449176441304e-01 3.559070709112183706e-01 4.346109312224155641e-02 3.325873670654677650e-02
7.000000000000000000e+00 5.201061616888571493e-01 4.242893851566731933e-01 4.518840813398389278e-02 3.369628057305440461e-02
1.000000000000000000e+00 6.140916764041273179e-01 4.860601045461584446e-01 4.377959995994029629e-02 3.297125269626821620e-02
5.000000000000000000e+00 6.940035169842040386e-01 5.887431216427192471e-01 4.508801965873665551e-02 3.332328045423171847e-02
3.000000000000000000e+00 7.671819516345410594e-01 6.659618728982577007e-01 4.498844451604344652e-02 3.390742751361364160e-02
7.000000000000000000e+00 3.661782410705072266e-01 4.398705857046625312e-01 4.666559433775346877e-02 3.689595988842420127e-02
2.000000000000000000e+00 4.452114646352358651e-01 5.113077624994728509e-01 4.700513163149361295e-02 3.483863519286106714e-02
3.000000000000000000e+00 5.600221996361540722e-01 5.881546755398373572e-01 4.627258042858206633e-02 3.539204990073474555e-02
5.000000000000000000e+00 6.455195143886502951e-01 6.796404126501207621e-01 4.601376639083520903e-02 3.467643344350290757e-02
7.000000000000000000e+00 2.169732844985584608e-01 4.308579895776410429e-01 4.845690119294790432e-02 3.567962105378708060e-02
8.000000000000000000e+00 3.267362307642869279e-01 5.387789409415006947e-01 4.851087161742984044e-02 3.589480560952562627e-02
6.000000000000000000e+00 3.837701158825646552e-01 6.264058217489179015e-01 4.947940545139140056e-02 3.826567000468950042e-02
