1.000000000000000000e+00 2.599151783582264730e-01 1.788961961373177756e-01 3.048358479020071843e-02 4.163528561354332136e-02
3.000000000000000000e+00 5.951054363412838777e-01 2.241432314522076585e-01 3.531567176316596779e-02 4.419337944103593485e-02
6.000000000000000000e+00 4.904024041378891585e-01 2.490788225436914582e-01 3.407780257772574650e-02 4.377731028068843067e-02
2.000000000000000000e+00 3.052282653946273294e-01 2.804851609505055188e-01 2.891305462564258688e-02 3.957839667571794173e-02
3.000000000000000000e+00 2.093821698026119837e-01 2.815501403622319154e-01 2.916711216665665574e-02 3.816326486046051070e-02
5.000000000000000000e+00 6.502277978667220237e-01 3.486150013457681163e-01 3.854181383572408137e-02 4.425084740797380345e-02
1.500000000000000000e+01 5.398308616333362675e-01 3.597209761305983911e-01 3.477181803002193927e-02 4.569259426099575583e-02
2.000000000000000000e+00 4.328139677137000652e-01 3.650644983170775459e-01 3.371723089977557430e-02 4.282459450188574879e-02
6.000000000000000000e+00 3.391692947508997413e-01 3.683006412735016499e-01 3.158049684865671392e-02 4.353091873432468617e-02
1.000000000000000000e+00 2.588273224307744980e-01 3.697290536147024298e-01 3.479200874832610868e-02 4.282505338184716681e-02
0.000000000000000000e+00 1.592344854499272988e-01 3.884798740821301388e-01 2.928844542705386078e-02 4.214372461083831789e-02
2.000000000000000000e+00 6.007894744521035113e-01 4.630715271299440383e-01 3.776430922338147589e-02 4.933467052920681439e-02
0.000000000000000000e+00 4.855868638364753687e-01 4.672781202260342104e-01 3.391541305724754540e-02 4.624913467542707268e-02
5.000000000000000000e+00 3.752208345181408111e-01 4.873062195697096532e-01 3.314487262314352867e-02 4.624791999317617863e-02
9.000000000000000000e+00 2.933015433093217883e-01 5.015338872499888190e-01 3.237246967625473371e-02 4.213589665855466126e-02
7.000000000000000000e+00 2.076218117951744435e-01 4.922053570029255587e-01 3.239419899207668374e-02 4.214493929308921194e-02
7.000000000000000000e+00 1.176614185605698859e-01 5.102189058334549721e-01 2.778931158591076145e-02 4.317169670332010600e-02
6.000000000000000000e+00 5.545731092045123045e-01 6.440213114233133140e-01 3.776522698330442296e-02 5.344634295562256110e-02
9.000000000000000000e+00 4.389156945612018301e-01 6.127727737373628303e-01 3.545811350179017829e-02 4.933369878340609915e-02
8.000000000000000000e+00 3.439383127221035119e-01 6.010937928453665702e-01 3.083141580098552881e-02 4.624786600729835495e-02
0.000000000000000000e+00 2.362865043899128603e-01 5.927923844132094722e-01 3.467936721425773916e-02 4.522083866767834248e-02
8.000000000000000000e+00 1.395861227708274366e-01 6.263796713050759912e-01 2.697550147073513038e-02 4.418997833073334824e-02
7.000000000000000000e+00 1.717811543631621030e-01 7.532359029465951483e-01 3.144777256803985011e-02 4.933213319294948995e-02
8.000000000000000000e+00 2.668813270813586436e-01 7.386989096828853185e-01 3.144113230506817569e-02 5.179410516498605954e-02
3.000000000000000000e+00 4.863935748087178101e-01 7.589166479188678149e-01 3.514780267608924591e-02 5.055961009690956853e-02
1.200000000000000000e+01 7.820932441463290807e-01 8.678082959210391412e-01 3.147414466935427590e-02 4.196532827758692186e-02
1.000000000000000000e+01 7.900632602674970695e-01 6.902294978104150935e-01 2.633074813194835606e-02 4.025640531524088406e-02
5.000000000000000000e+00 4.506145557527047041e-01 1.628379753119676421e-01 3.234396513276655005e-02 4.015474990730874549e-02
1.500000000000000000e+01 5.389738088300282115e-01 1.387332403765806632e-01 3.345461659712734015e-02 4.262619640090263562e-02
1.000000000000000000e+00 3.647577100699042618e-01 1.502016628486151917e-01 3.196941111246143219e-02 4.163590645113821043e-02
