1.000000000000000000e+00 1.876655146302449173e-01 6.094363469017536339e-01 3.970417145537741277e-02 3.289239551547551432e-02
1.100000000000000000e+01 4.856092642730999165e-01 1.884451522365868104e-01 3.734266434311978022e-02 2.756296659939630467e-02
1.000000000000000000e+00 5.570583639233888107e-01 2.677854163899963114e-01 2.908956078079816265e-02 2.534065647222810691e-02
8.000000000000000000e+00 7.846862118644242212e-01 4.780599057000324281e-01 5.035439503976490982e-02 3.648308597548582943e-02
8.000000000000000000e+00 7.832802012741637565e-01 7.952828277983223781e-01 5.205434662578556360e-02 3.456614848053429778e-02
3.000000000000000000e+00 6.578559172977582747e-01 4.537884972570367381e-01 5.049647010744473530e-02 4.000741914811156708e-02
3.000000000000000000e+00 6.561962857659694448e-01 5.381002725135605180e-01 5.049652390338099650e-02 4.000018359468371365e-02
9.000000000000000000e+00 6.619304753065176072e-01 6.508584646838326826e-01 4.552260543211883448e-02 3.414153715558310154e-02
2.000000000000000000e+00 6.524950446569315332e-01 7.534023686392526953e-01 4.622690182971955775e-02 3.307062145232619876e-02
2.000000000000000000e+00 6.314199217672085140e-01 8.283586405584981716e-01 4.196900727016417143e-02 3.306970692140964729e-02
5.000000000000000000e+00 5.330597815711686227e-01 3.740121094483149777e-01 4.914995782269482305e-02 3.456547603133103275e-02
0.000000000000000000e+00 5.310651896422163842e-01 4.756369098326221900e-01 4.445077519794549126e-02 3.422607746942585294e-02
9.000000000000000000e+00 5.324614362700446080e-01 5.905378075933722659e-01 4.681871092458711470e-02 3.289395559762720023e-02
7.000000000000000000e+00 5.333692964904777067e-01 6.836606444141892780e-01 4.445039862639166284e-02 3.333825623525199511e-02
1.000000000000000000e+00 2.020468495172823842e-01 7.088349369535134059e-01 3.911992068955527646e-02 2.933271841272266922e-02
5.000000000000000000e+00 5.211780210668166546e-01 7.742725828077365868e-01 4.681868402661892858e-02 3.285871925937267068e-02
8.000000000000000000e+00 5.365349183600784944e-01 8.643386807339561440e-01 4.029401699857115826e-02 2.755643039314004117e-02
2.000000000000000000e+00 3.916417774569629362e-01 3.330061973761454519e-01 4.682027100673874509e-02 3.689104745816262909e-02
6.000000000000000000e+00 4.160654552975608378e-01 4.227645825469207308e-01 4.563525412266078440e-02 3.378244928100432309e-02
1.500000000000000000e+01 4.024219989213383419e-01 5.278512052259121123e-01 4.326618868135773122e-02 3.466970565784732727e-02
6.000000000000000000e+00 4.295310219615341429e-01 6.262033836233844575e-01 4.445021034061474863e-02 3.289341763826447718e-02
5.000000000000000000e+00 4.125364418784799869e-01 7.273344449046381666e-01 4.266458872608969166e-02 3.289304106671064876e-02
1.000000000000000000e+00 4.088338962179874914e-01 8.056918035065226968e-01 4.099032469963631575e-02 2.926272989963996096e-02
0.000000000000000000e+00 3.065938451595846548e-01 7.530382777426012364e-01 3.911992068955527646e-02 2.933998086411870876e-02
0.000000000000000000e+00 3.114199323979864875e-01 6.773999809433692842e-01 4.148877094711328484e-02 3.022831315968699251e-02
1.500000000000000000e+01 3.140007655424026378e-01 5.813381914304101006e-01 4.267330366776483919e-02 3.200519293456871583e-02
7.000000000000000000e+00 3.133862814603987634e-01 4.748764235795911448e-01 4.267378783119124552e-02 3.333693823481348462e-02
7.000000000000000000e+00 2.924843680364698217e-01 3.891148209427177651e-01 4.502421298057807109e-02 3.555798415747940533e-02
3.000000000000000000e+00 1.911112922869374620e-01 4.171159957899566173e-01 4.030477618582448129e-02 3.200468187317423441e-02
6.000000000000000000e+00 2.073774619439593958e-01 5.238285602956500586e-01 4.030477618582448129e-02 3.200465497520610381e-02
