14 0.715078 0.719042 0.036938 0.044229
14 0.744387 0.785260 0.033523 0.045146
3 0.511133 0.807604 0.043094 0.060646
2 0.256320 0.793875 0.044328 0.062938
6 0.126016 0.783203 0.039813 0.055823
9 0.559289 0.651870 0.042687 0.056365
5 0.449789 0.635073 0.039813 0.055813
1 0.330828 0.621729 0.040016 0.051979
5 0.217449 0.622641 0.039680 0.053802
5 0.086629 0.634271 0.036602 0.052438
1 0.616746 0.514792 0.041867 0.053625
15 0.524445 0.520974 0.040219 0.052531
7 0.406246 0.504557 0.041039 0.054719
15 0.259727 0.493891 0.036937 0.051990
7 0.157238 0.496557 0.037336 0.049781
7 0.057457 0.499979 0.039336 0.048646
8 0.693770 0.389891 0.041727 0.050615
8 0.570270 0.375979 0.041039 0.052438
1 0.467836 0.386469 0.037969 0.049708
0 0.350184 0.378490 0.037273 0.049250
6 0.225352 0.370964 0.039328 0.046969
3 0.116930 0.387156 0.034547 0.048333
0 0.650352 0.242328 0.039422 0.049406
9 0.529945 0.258557 0.040703 0.050156
6 0.300684 0.236594 0.036773 0.044833
3 0.184969 0.272505 0.035625 0.045219
0 0.253273 0.143339 0.034219 0.044969
2 0.357645 0.136531 0.036336 0.045917
2 0.486578 0.138396 0.038313 0.045604
8 0.579340 0.120568 0.036102 0.044010
