2.000000000000000000e+00 4.821111728801072416e-01 3.735635719560707058e-01 4.104857973344000488e-02 5.613946139393960477e-02
2.000000000000000000e+00 4.567029244297018398e-01 8.408047777558076419e-01 3.782592981207266725e-02 4.994904702915670125e-02
2.000000000000000000e+00 5.403211755729330212e-01 7.707466966610021508e-01 3.848842081580272634e-02 4.837594489913465967e-02
6.000000000000000000e+00 7.411955101356078046e-01 6.170439881006866134e-01 3.530242370591374357e-02 4.805097947400271963e-02
8.000000000000000000e+00 8.211887297137030473e-01 5.662552377207146215e-01 3.310519613183993126e-02 4.266963881305996242e-02
3.000000000000000000e+00 8.534142869158662936e-01 4.360188208830274581e-01 3.293591951808105822e-02 4.440673658322452644e-02
1.500000000000000000e+01 7.580075895538159747e-01 5.170524208093623120e-01 3.313916563780505697e-02 4.565692858595460368e-02
9.000000000000000000e+00 6.684474438096108528e-01 5.591786188914885658e-01 3.420866270544331567e-02 4.654604472233758727e-02
6.000000000000000000e+00 5.675963481070571692e-01 6.220690771360455340e-01 3.799754718170500478e-02 4.998273107708850471e-02
9.000000000000000000e+00 4.717093818768468561e-01 6.824053425358617142e-01 3.989358798482234292e-02 5.012608810142205051e-02
8.000000000000000000e+00 3.464523522433841096e-01 7.571153048332631696e-01 4.061862284365291842e-02 5.345144582317806758e-02
3.000000000000000000e+00 3.412227896187577381e-01 5.823028605256908019e-01 4.169828221727728268e-02 5.463780940965756727e-02
1.500000000000000000e+01 4.819305207637204491e-01 5.241534320275356151e-01 3.829724957088803672e-02 5.008298393839072382e-02
7.000000000000000000e+00 5.771934186414856560e-01 4.490252166197130634e-01 3.596697000748361184e-02 4.942768647710038543e-02
6.000000000000000000e+00 6.858943818939235992e-01 3.947266169910500500e-01 3.663248686636677576e-02 5.080616332000459368e-02
5.000000000000000000e+00 7.785928818022566089e-01 3.473499464833568195e-01 3.688254810355551250e-02 4.671800464160985600e-02
0.000000000000000000e+00 8.625470028674924183e-01 2.950407467076086587e-01 3.556453127210856824e-02 4.692773065869026983e-02
5.000000000000000000e+00 3.676010387392875112e-01 4.109860782025533399e-01 4.119813119709664351e-02 5.704170859985535635e-02
8.000000000000000000e+00 5.988615388477205315e-01 3.114316898892592889e-01 3.884878303706640335e-02 5.038399943452698260e-02
7.000000000000000000e+00 6.996485777675970352e-01 2.758559972080479317e-01 3.676773688255408068e-02 5.325427995956363847e-02
0.000000000000000000e+00 8.054230538082374213e-01 1.845666037895943856e-01 3.453214374880186899e-02 4.744966212681331341e-02
3.000000000000000000e+00 7.159761778116537911e-01 1.048856324812465213e-01 3.661284735367431598e-02 5.234678032583477136e-02
5.000000000000000000e+00 6.087444956025194198e-01 1.503999176879508570e-01 4.333629750407641534e-02 5.425078540808181415e-02
1.000000000000000000e+00 3.861354292015343193e-01 2.404509798849588653e-01 4.231804015341916747e-02 5.995574984140000785e-02
1.200000000000000000e+01 1.176443077366167572e-01 3.062716220228447472e-01 3.218896148229147269e-02 4.079766212215135690e-02
1.200000000000000000e+01 2.302585295304340196e-01 6.230629563706572283e-01 3.619873338473639235e-02 3.973712843675958339e-02
0.000000000000000000e+00 6.406003275599259084e-01 8.192665124089303363e-01 3.537218964925736842e-02 4.569184010342963731e-02
1.000000000000000000e+00 7.293190001135092526e-01 7.531446406813830929e-01 3.726106545573837359e-02 4.625470625353067522e-02
7.000000000000000000e+00 8.085435668452827240e-01 7.235957378202553247e-01 3.471061211123371848e-02 4.432295465044500116e-02
1.000000000000000000e+00 5.268627427675828256e-01 9.040783777726872916e-01 3.852119139802789860e-02 4.549510242686516381e-02
