1.000000000000000000e+00 7.783866137485137005e-01 7.262169193202521189e-01 3.207132463377448950e-02 4.056232350827138067e-02
1.300000000000000000e+01 2.138250907321201377e-01 5.458660064147491386e-01 3.401951210504927658e-02 3.682141679410644297e-02
1.000000000000000000e+01 2.742521199592683478e-01 4.502031244690380962e-01 2.646170285159366031e-02 2.871740452303817026e-02
5.000000000000000000e+00 3.651508404675152808e-01 2.773953675833754628e-01 4.041972948328553805e-02 5.469230495371307788e-02
3.000000000000000000e+00 5.970251573585101390e-01 1.442117605842600514e-01 3.770120834788659447e-02 5.422084836595952861e-02
2.000000000000000000e+00 7.026860261563030452e-01 1.169755141497093587e-01 3.421713384329649887e-02 4.641544156359496409e-02
1.500000000000000000e+01 3.517897939067146096e-01 4.607215387711687260e-01 4.144208790128484088e-02 5.131032777101285358e-02
2.000000000000000000e+00 4.455340528756646656e-01 4.095640446341741736e-01 3.955786403550376473e-02 5.273708284387235157e-02
8.000000000000000000e+00 5.709446830278123164e-01 3.248128648918884309e-01 3.809036781264829585e-02 5.157932800405301554e-02
2.000000000000000000e+00 6.925974581473968161e-01 2.688212431825033333e-01 3.602098900051875496e-02 4.747560776879058975e-02
7.000000000000000000e+00 7.874004573812924956e-01 2.167648634727639134e-01 3.432903620195215666e-02 4.905810267770135957e-02
6.000000000000000000e+00 8.576440123784404568e-01 3.080164430811260790e-01 3.332984591791721130e-02 4.388753468864398100e-02
1.500000000000000000e+01 7.390299023509234733e-01 3.910139471826012403e-01 3.513755790400574508e-02 4.795249650987687406e-02
3.000000000000000000e+00 6.748661220069098743e-01 4.184423288805330099e-01 3.325585998952451661e-02 4.763368343077500899e-02
9.000000000000000000e+00 5.628210335224457239e-01 4.657468238193404053e-01 3.615440268637237775e-02 4.875015390526499237e-02
0.000000000000000000e+00 4.664625236013199561e-01 5.535714072742567993e-01 3.596479337429103751e-02 4.685036692018540450e-02
3.000000000000000000e+00 3.315135346709617292e-01 6.135623160710812485e-01 4.308267969008994225e-02 5.251088797909464478e-02
8.000000000000000000e+00 3.544693529223340578e-01 7.350349066646169049e-01 3.991600590473515231e-02 4.883261399285687698e-02
6.000000000000000000e+00 4.391253749186125876e-01 6.819511981165786718e-01 3.759280972813067168e-02 4.409251699465710495e-02
6.000000000000000000e+00 5.391882060012067601e-01 6.160181654320728839e-01 3.691897826796364246e-02 4.702653165276815539e-02
1.000000000000000000e+00 7.184878342722134104e-01 5.264080060158990992e-01 3.251230684133099569e-02 4.499707916763473481e-02
0.000000000000000000e+00 8.158548098791897907e-01 4.537580070923212805e-01 3.380782108967006483e-02 4.398235292506791350e-02
5.000000000000000000e+00 8.139487487570109536e-01 5.881011887026224016e-01 2.992171291691947399e-02 3.769561322995385044e-02
9.000000000000000000e+00 7.163705438676886139e-01 6.547346432378593484e-01 3.507063377494579193e-02 4.237204539109318269e-02
1.000000000000000000e+00 6.177357036728370332e-01 6.955092009768433226e-01 3.488219237583090049e-02 4.540698945812760012e-02
8.000000000000000000e+00 5.214872627586170095e-01 7.607314635585192830e-01 3.500349235975241946e-02 4.668598996033490600e-02
0.000000000000000000e+00 4.268534207795046109e-01 8.213426427836494348e-01 3.716635853073935181e-02 4.955541631531901192e-02
7.000000000000000000e+00 5.200870980763215856e-01 8.906241362647920878e-01 3.608726127117889426e-02 4.318029548548030228e-02
5.000000000000000000e+00 6.075157318748102275e-01 8.434573464129710985e-01 3.524370218012862210e-02 4.424825683070821025e-02
7.000000000000000000e+00 7.123640320163165951e-01 7.782510272013269947e-01 3.111618911326852199e-02 4.038599581108881509e-02
