6.000000000000000000e+00 5.341253471638072181e-01 1.683795363222405084e-01 3.203600938567363610e-02 3.866221108529491191e-02
2.000000000000000000e+00 4.605937265177415529e-01 1.942294571452380936e-01 3.032650709079132145e-02 4.332316178672626639e-02
8.000000000000000000e+00 1.996532193975436853e-01 6.773141317377472381e-01 3.341732735315350311e-02 4.513356714859306784e-02
6.000000000000000000e+00 3.662333459507627897e-01 2.051029285378996037e-01 2.983641418195470685e-02 3.921465739886959012e-02
2.000000000000000000e+00 2.801462216212294853e-01 2.284393305090263726e-01 2.942927044146198545e-02 4.213548173806774821e-02
0.000000000000000000e+00 2.344855350175795716e-01 3.339573042625435528e-01 3.334944759823321725e-02 3.811526416409666274e-02
5.000000000000000000e+00 3.001972084090678838e-01 6.475334123825062793e-01 3.520473770670129454e-02 4.809385771543350785e-02
0.000000000000000000e+00 3.259677924096943125e-01 3.235376540510596644e-01 3.163077964939026154e-02 4.216529707124561099e-02
3.000000000000000000e+00 5.020044476477746320e-01 2.825467063935209744e-01 3.381150438907254419e-02 4.045167023208096069e-02
9.000000000000000000e+00 6.041234195034058674e-01 2.477381810370741233e-01 3.336562228169315247e-02 3.985830196935266634e-02
5.000000000000000000e+00 6.689299036928637587e-01 3.419591088748222818e-01 3.518575941144153063e-02 4.633809582585562969e-02
8.000000000000000000e+00 5.518248449913348841e-01 3.644638894958556197e-01 3.648248378442597861e-02 4.401287724726438144e-02
1.000000000000000000e+00 4.685320859341486344e-01 3.966320056086883317e-01 3.295335655810471831e-02 4.278443699628675656e-02
3.000000000000000000e+00 3.791165756789349195e-01 4.076236869796363571e-01 3.162444456503510359e-02 4.157945003632612657e-02
1.500000000000000000e+01 2.925348699659048868e-01 4.355247598488990457e-01 3.121112748702181694e-02 4.392378169920579944e-02
7.000000000000000000e+00 1.938923497841269494e-01 4.461627008925779236e-01 3.206326372730364249e-02 4.159767351302434690e-02
1.000000000000000000e+00 1.418902976565854512e-01 5.739085986019056840e-01 3.206323676949784929e-02 4.159772742863576678e-02
2.000000000000000000e+00 2.415758827379870799e-01 5.496501857579499939e-01 3.295966468465416632e-02 4.336939442361598118e-02
8.000000000000000000e+00 3.306800168576937704e-01 5.300267902062782976e-01 3.166248202897176123e-02 4.510321265929972956e-02
0.000000000000000000e+00 4.290510854143051445e-01 5.086634569970137632e-01 3.297864297991376370e-02 4.512515631319374831e-02
7.000000000000000000e+00 5.280595173726558844e-01 5.021431994740551685e-01 3.299840305154067011e-02 4.629819827332104509e-02
8.000000000000000000e+00 6.379749292762360025e-01 4.846573422572277856e-01 3.694939298030330832e-02 4.696567354410174921e-02
1.500000000000000000e+01 5.934444891160589597e-01 5.953820005321150965e-01 3.696184748656738961e-02 4.754181576894511707e-02
6.000000000000000000e+00 4.854245614093448125e-01 5.937397040470088205e-01 3.299128619081825864e-02 4.629803652648645240e-02
7.000000000000000000e+00 3.909506750011859100e-01 6.390164980176398224e-01 3.342997056405805356e-02 4.630531513404345656e-02
5.000000000000000000e+00 2.465534933048556532e-01 7.719404780164189628e-01 3.166167329479874226e-02 4.568927535666544859e-02
1.000000000000000000e+00 3.426297247299747717e-01 7.652904725743059355e-01 3.301023752827231261e-02 4.805735684642564731e-02
3.000000000000000000e+00 5.558153281055453476e-01 7.310502851579330219e-01 3.657861531978967573e-02 5.339198311396387009e-02
1.600000000000000000e+01 6.768597848793571625e-01 7.506920928909432966e-01 3.290432030941536912e-02 3.751313461449401476e-02
1.600000000000000000e+01 8.943473283780625227e-01 5.609404652644716105e-01 2.587340107182012350e-02 3.796408478935753283e-02
