1.600000000000000000e+01 4.595583233873192230e-01 1.458392032282725959e-01 3.964352295724138386e-02 3.043351966766946748e-02
9.000000000000000000e+00 3.895609303960397285e-01 8.409388592733973988e-01 4.207958544265955059e-02 3.167805397133105494e-02
6.000000000000000000e+00 3.110417148150057542e-01 7.491841948296262821e-01 4.433362372566884702e-02 3.446015907240929099e-02
2.000000000000000000e+00 2.250751952866011929e-01 6.774269115116146045e-01 4.441688294417814320e-02 3.331278861382980239e-02
7.000000000000000000e+00 1.761394070217703334e-01 6.053669848669435138e-01 4.181435820205078868e-02 3.201530436857225048e-02
3.000000000000000000e+00 1.813544987363278072e-01 5.646127210128419893e-01 4.104842395404387223e-02 3.379981571589230072e-02
2.000000000000000000e+00 2.264410088331487991e-01 4.936384226667357433e-01 4.433938220738092850e-02 3.566865370760025078e-02
3.000000000000000000e+00 3.743224147373954702e-01 6.591249116723351120e-01 4.425078585948000187e-02 3.452667655872176944e-02
6.000000000000000000e+00 4.226164974633480620e-01 7.351562524776200647e-01 4.703334040303325247e-02 3.276362608958682809e-02
9.000000000000000000e+00 5.071840149274354781e-01 8.300627446385353547e-01 4.281588457746549059e-02 3.168839114825827696e-02
1.000000000000000000e+00 6.407992318326497516e-01 8.298045961169089324e-01 4.418867852745433922e-02 3.293986372012902564e-02
8.000000000000000000e+00 5.900910250320938744e-01 7.489734624891213333e-01 4.426985907451630453e-02 3.320250666650614857e-02
7.000000000000000000e+00 4.838095511340508859e-01 6.643724053803307106e-01 4.581147485420850041e-02 3.411549287432946720e-02
2.000000000000000000e+00 4.291147755344244530e-01 5.858473049118886333e-01 4.848950593214995664e-02 3.636242434820147196e-02
0.000000000000000000e+00 2.598848941989295169e-01 3.808502857864406455e-01 5.063095887515076110e-02 4.005804937004198152e-02
1.500000000000000000e+01 3.703748491181156899e-01 4.498108992581659749e-01 4.825576775495160620e-02 3.793187747119408648e-02
7.000000000000000000e+00 4.177584456600126339e-01 3.848465456888802705e-01 4.870582821343866220e-02 3.930722762525984404e-02
0.000000000000000000e+00 5.304078171761255067e-01 4.831153029608199478e-01 4.911597256210742390e-02 3.886595938519166182e-02
1.500000000000000000e+01 6.061561496728813392e-01 5.729842612749903585e-01 5.024873614024660817e-02 3.797558575189596830e-02
6.000000000000000000e+00 6.439042613520754577e-01 6.598036259900210698e-01 4.801073733556693313e-02 3.688366525867980972e-02
8.000000000000000000e+00 7.398016056296221610e-01 7.720276423386992493e-01 5.016272408657762583e-02 3.443796785020203366e-02
3.000000000000000000e+00 7.830497695976543771e-01 8.577921655647082755e-01 4.607796615177861543e-02 3.368818544114338120e-02
5.000000000000000000e+00 8.759476190669558404e-01 7.787565827150351172e-01 5.069396509212653612e-02 3.628056963742676277e-02
1.000000000000000000e+00 7.748977258042750726e-01 6.660286009010144559e-01 4.916282694013496268e-02 3.722181454087114538e-02
5.000000000000000000e+00 7.391616838155670166e-01 5.839332417711254886e-01 5.367629681585450729e-02 3.822772298041798855e-02
0.000000000000000000e+00 9.785837461727682207e-01 6.939388381529447702e-01 4.283250765446366959e-02 3.638793020866248895e-02
8.000000000000000000e+00 9.051984589515970070e-01 5.986354040160666301e-01 5.469804810264800032e-02 3.668456224221783302e-02
5.000000000000000000e+00 7.919828320521105081e-01 4.621676178567276638e-01 5.285140133314769617e-02 3.702686886730344185e-02
1.000000000000000000e+00 7.064445188418420063e-01 3.571471671831510930e-01 5.884421111560556028e-02 4.411943629613673812e-02
1.300000000000000000e+01 6.720617762357659064e-01 1.428876161788559251e-01 3.752715452238120086e-02 3.095703588067802436e-02
