3.000000000000000000e+00 1.415254849454485320e-01 4.170935894185469062e-01 3.173933233210549099e-02 4.367613898424094199e-02
9.000000000000000000e+00 6.324538070412504265e-01 1.847699726252116648e-01 3.644149824439057994e-02 4.258819857830395406e-02
2.000000000000000000e+00 5.272728142624476533e-01 1.745657007304955433e-01 3.174804177119849857e-02 4.233099624333039324e-02
6.000000000000000000e+00 4.445233516077932157e-01 1.370585697472785358e-01 3.262898236372580030e-02 4.199190327034478531e-02
5.000000000000000000e+00 3.283380783936951652e-01 1.449427757920556670e-01 3.240409807318500590e-02 4.396450906037088768e-02
3.000000000000000000e+00 2.886045354189613055e-01 2.159096956803950029e-01 3.573770435643242038e-02 4.538365464539795280e-02
0.000000000000000000e+00 3.666614727983139588e-01 2.653632191763842796e-01 3.165793468121191889e-02 4.176192477957990645e-02
9.000000000000000000e+00 4.677343491425844935e-01 2.632175612136895548e-01 3.368307098752798545e-02 4.763742742198981417e-02
2.000000000000000000e+00 5.782721947269966467e-01 2.959251476346375642e-01 3.766021717758771814e-02 4.884776557417291887e-02
5.000000000000000000e+00 6.817234874243114362e-01 3.303128752375811272e-01 4.010231103343386838e-02 4.665668432614611394e-02
3.000000000000000000e+00 7.298558191368956782e-01 4.436783853808272671e-01 3.772134758027756440e-02 5.029492926043294121e-02
8.000000000000000000e+00 6.491926916616803656e-01 4.279767593517386781e-01 3.936502140959319274e-02 4.613020147179658359e-02
6.000000000000000000e+00 4.818889815939234600e-01 3.873127990495046080e-01 3.477331200001781975e-02 4.818053489750095952e-02
1.000000000000000000e+00 4.120965761271586647e-01 3.782283747825596065e-01 3.373595755007019470e-02 4.907089702162570344e-02
7.000000000000000000e+00 3.066471518623505310e-01 3.501929094478434257e-01 3.344147991130597131e-02 4.140686450159064558e-02
1.000000000000000000e+00 2.062971178805322880e-01 3.056967137802059087e-01 3.247448567843280731e-02 4.420610013659298509e-02
1.000000000000000000e+00 6.817672263369887187e-01 5.622487165799820996e-01 4.011408794793069887e-02 5.152241240906929587e-02
2.000000000000000000e+00 5.575389641437072941e-01 5.264589746943781901e-01 3.798887525656557962e-02 5.000505283477429952e-02
7.000000000000000000e+00 4.352920856499781221e-01 4.918383928424787666e-01 3.435597101606235881e-02 4.672353885704499943e-02
1.500000000000000000e+01 3.333367212813917457e-01 4.751641169227412975e-01 3.383732117926174787e-02 5.148157664275626599e-02
0.000000000000000000e+00 2.252129925338527405e-01 4.354981542654973170e-01 3.375622479827389277e-02 4.955591418167754059e-02
5.000000000000000000e+00 1.474807830306170131e-01 5.396450654810556191e-01 3.279670753669752803e-02 4.637787272247984038e-02
6.000000000000000000e+00 2.373583190430131329e-01 5.600737669659985318e-01 3.751993495421049318e-02 4.893828348675810513e-02
7.000000000000000000e+00 3.548499396506156200e-01 5.993272089577786899e-01 3.584755831933078563e-02 4.779619666230949804e-02
1.500000000000000000e+01 4.850455644193812921e-01 6.261435445366990704e-01 3.799583185257077167e-02 5.000549104554630198e-02
7.000000000000000000e+00 5.781755144754305853e-01 6.730164311024662283e-01 4.173722064731011372e-02 5.369533529823256046e-02
0.000000000000000000e+00 2.548786841048196194e-01 7.094000307486102441e-01 3.598282850700351698e-02 5.124705171523213920e-02
8.000000000000000000e+00 5.190967872317112652e-01 7.736836612127582224e-01 3.978000701064932088e-02 5.631041285631421811e-02
1.600000000000000000e+01 7.013592191292000733e-01 7.132760871912108280e-01 2.664255761966072278e-02 3.189122714093972633e-02
1.400000000000000000e+01 8.529940594230731588e-01 6.448106113301466102e-01 2.638390371150489688e-02 3.479870083661895652e-02
