2.000000000000000000e+00 7.715227186419864047e-01 7.813936427971104326e-01 3.370604611534677719e-02 4.166980395968222783e-02
6.000000000000000000e+00 8.617593748511300777e-01 7.083414401877267119e-01 3.408780867894234401e-02 4.544490428925396230e-02
7.000000000000000000e+00 8.601983157068611163e-01 5.783537002680732009e-01 3.708467886883437536e-02 4.996876795741866939e-02
1.500000000000000000e+01 7.999757822846329525e-01 6.769797080420627555e-01 3.519323954051412073e-02 4.718832829882146918e-02
0.000000000000000000e+00 7.883110737103771193e-01 5.333610176949168391e-01 3.659912957617073026e-02 4.774677811671668159e-02
0.000000000000000000e+00 8.668180694754323845e-01 4.499834123639394612e-01 3.619567853855765183e-02 4.826102773298185378e-02
3.000000000000000000e+00 6.346369652386837368e-01 9.256926528822523315e-01 3.217950684595405342e-02 4.356368466073234913e-02
1.000000000000000000e+00 6.730791892855155778e-01 8.432357999210655652e-01 3.344578442713697086e-02 4.350054962641969336e-02
6.000000000000000000e+00 6.964441482788829019e-01 7.047365262478602066e-01 3.750198327728604397e-02 4.934457140415116072e-02
6.000000000000000000e+00 6.923813917880295987e-01 5.829808680683710165e-01 3.473851967557695097e-02 4.741151518720554403e-02
7.000000000000000000e+00 7.662794448840950512e-01 3.883404684159236231e-01 3.840529118728119862e-02 5.308804744045653168e-02
8.000000000000000000e+00 5.428618467770487399e-01 8.837168256897056651e-01 3.442568330951312205e-02 4.485057196984287842e-02
0.000000000000000000e+00 5.765791913382842804e-01 7.919712308052672123e-01 3.434619675552241791e-02 4.448027818046584869e-02
8.000000000000000000e+00 6.031150676867282900e-01 6.705674993435721820e-01 3.458755199910445999e-02 4.558866139975714660e-02
5.000000000000000000e+00 6.636832540665964508e-01 4.756348446649337758e-01 3.557284461193011005e-02 4.829847157752253928e-02
2.000000000000000000e+00 4.575693677783512214e-01 8.031935115423993743e-01 3.488784084485957449e-02 4.633486981340051436e-02
2.000000000000000000e+00 5.137242903523215887e-01 7.327402637560189724e-01 3.393332088365030863e-02 4.524442784486715219e-02
8.000000000000000000e+00 5.174673689558570988e-01 6.246156695562421479e-01 3.488545624823979896e-02 4.520979441777128738e-02
5.000000000000000000e+00 5.556661086549821160e-01 5.074123056819969113e-01 3.542800875533680394e-02 4.570655699215858681e-02
1.000000000000000000e+00 5.987704461978128334e-01 4.068080621015345288e-01 3.536436273603427161e-02 4.736757047807055310e-02
1.000000000000000000e+00 3.986573973031008467e-01 6.670048552175957823e-01 3.355246673781453470e-02 4.552382308214475426e-02
5.000000000000000000e+00 3.257664814281809318e-01 7.432000129478846251e-01 3.762124149632717351e-02 4.670720754273738340e-02
9.000000000000000000e+00 3.435485035856214453e-01 6.077671885873683344e-01 3.476057719430925008e-02 4.460058675754174917e-02
7.000000000000000000e+00 4.747424093800023392e-01 4.548672081814073564e-01 3.579591794809405814e-02 4.961428631467479367e-02
3.000000000000000000e+00 5.677473267721495631e-01 2.574633023451684544e-01 3.656035149304548426e-02 4.874694607036050842e-02
9.000000000000000000e+00 4.835022108685279041e-01 3.272075868460611603e-01 3.752722025817811780e-02 5.003644508053084472e-02
3.000000000000000000e+00 3.560699210775951640e-01 5.133219038667707901e-01 3.542664612869700358e-02 4.592628053783281983e-02
1.500000000000000000e+01 2.923274249700781868e-01 5.478532617110092318e-01 3.458758038715936678e-02 4.558866139975714660e-02
1.300000000000000000e+01 4.351621649844626405e-01 1.783439336517516349e-01 2.494861502941347897e-02 3.431562282029099187e-02
1.600000000000000000e+01 4.148425913669767651e-01 1.498663711176428659e-01 2.396371984935780075e-02 3.534849381329108198e-02
