3.000000000000000000e+00 6.323135057920702407e-01 7.966852886125843636e-01 5.062352713769580070e-02 3.995626022502329899e-02
1.000000000000000000e+01 4.208050345661883407e-01 2.041009305865404966e-01 4.609097581507232144e-02 3.126214443791433539e-02
1.300000000000000000e+01 6.975954626930527258e-01 7.854778553094896032e-02 4.255411236450157286e-02 3.390376999398476976e-02
7.000000000000000000e+00 3.036594324694082969e-01 3.216355438894668017e-01 5.205254322393465527e-02 4.498585440153934911e-02
2.000000000000000000e+00 4.456989050569620803e-01 3.363175483555458367e-01 5.270857227129299716e-02 4.217565827647479226e-02
5.000000000000000000e+00 6.492545332651431522e-01 3.738539540301942798e-01 6.070302864483267946e-02 4.751598649064270319e-02
8.000000000000000000e+00 7.574904855657311753e-01 3.841441115284213170e-01 5.748731329965206527e-02 4.311569955031063772e-02
7.000000000000000000e+00 2.143572280595800739e-01 4.162765887895003014e-01 4.616052691032437871e-02 4.188784090986230613e-02
1.500000000000000000e+01 3.815723374734030227e-01 4.284300633307434047e-01 5.421477834313032096e-02 3.801684037930463944e-02
1.000000000000000000e+00 5.114688926378330169e-01 4.638208277303945137e-01 5.049272186929093520e-02 3.853219368196780792e-02
6.000000000000000000e+00 8.432835496888303473e-01 5.319917013811170658e-01 6.408439633123430568e-02 4.276960345847047318e-02
3.000000000000000000e+00 8.694521564299126926e-01 6.382563336010188548e-01 5.857203572885172349e-02 4.458519889437817518e-02
1.500000000000000000e+01 8.959342151658864495e-01 7.514938135933666441e-01 6.185189486488151811e-02 3.845211407867277220e-02
7.000000000000000000e+00 7.828319463936789235e-01 8.148027051990145431e-01 5.553250123293551610e-02 4.231252888103476106e-02
5.000000000000000000e+00 1.381693819053453898e-01 4.963483243136225243e-01 5.069016000517494180e-02 4.066853668219883033e-02
2.000000000000000000e+00 2.773588331417586317e-01 5.072822085264401260e-01 5.641692451863067337e-02 4.165678593443844502e-02
3.000000000000000000e+00 1.793004290794585898e-01 5.988548513636677839e-01 5.352244310906903446e-02 4.080529284645406651e-02
1.000000000000000000e+00 4.341347122552934312e-01 5.327006590694529642e-01 5.277883861845011904e-02 4.289754771925480270e-02
0.000000000000000000e+00 2.698735645994603249e-01 6.168615755652646637e-01 4.753810207954836664e-02 3.697921013553695513e-02
0.000000000000000000e+00 2.336425222616969055e-01 6.977083580537539742e-01 5.018610768261236310e-02 3.499578799261637840e-02
6.000000000000000000e+00 5.220265114334534662e-01 5.867801117521381782e-01 4.968056763608713622e-02 3.991134240538296574e-02
0.000000000000000000e+00 4.530309094210354104e-01 6.450682783048934388e-01 6.240552844950575384e-02 4.548515745145209621e-02
8.000000000000000000e+00 3.596904070600465686e-01 7.037708904215402850e-01 5.647743482980216445e-02 4.235830500296133838e-02
1.000000000000000000e+00 2.729453712613345573e-01 7.846318635078267656e-01 5.069013139509873089e-02 4.066853668219883033e-02
2.000000000000000000e+00 3.948420055276700147e-01 8.149348837510772547e-01 4.652822360969860460e-02 3.622178697811151427e-02
8.000000000000000000e+00 4.811193953257891787e-01 7.478349853879381337e-01 5.036726668513630267e-02 3.711911340817453109e-02
5.000000000000000000e+00 5.917061374527954332e-01 6.893093265926132363e-01 5.176930346951469364e-02 4.214035344243893810e-02
9.000000000000000000e+00 7.043518752390154347e-01 6.049932004333947733e-01 5.742683159855677122e-02 4.241420909186399690e-02
6.000000000000000000e+00 7.102258672046171117e-01 7.128331892793189350e-01 5.724189606597385183e-02 4.026782395488526234e-02
9.000000000000000000e+00 6.606998798102603487e-01 8.685315413978195176e-01 5.333616290290454920e-02 3.867670317687443848e-02
