3.000000000000000000e+00 8.524884133580155066e-01 4.058867844694443172e-01 3.133052938579017344e-02 4.319383253272535139e-02
9.000000000000000000e+00 4.622930787882967296e-01 8.534608640545156000e-01 3.612797086277647063e-02 4.189458860926198458e-02
2.000000000000000000e+00 5.619394400078994156e-01 8.128349670705021790e-01 3.136857768631262644e-02 4.182509498497899436e-02
6.000000000000000000e+00 6.482217280589583908e-01 8.080358477879450163e-01 3.227199480199249848e-02 4.144623566256333547e-02
5.000000000000000000e+00 7.531682229536325046e-01 7.455086887254585015e-01 3.200024442229987276e-02 4.346241673093775848e-02
3.000000000000000000e+00 7.707925962641177797e-01 6.612192277716849587e-01 3.535921117483520337e-02 4.477581375623151949e-02
0.000000000000000000e+00 6.856378747407076979e-01 6.527786479889714499e-01 3.129020792933301376e-02 4.124966179699030011e-02
9.000000000000000000e+00 5.930809727145645027e-01 7.028301048712181087e-01 3.322141626396546421e-02 4.714563294070051036e-02
2.000000000000000000e+00 4.824779457679468364e-01 7.252688871440582385e-01 3.724030183338833400e-02 4.822435367713784338e-02
5.000000000000000000e+00 3.779551238412540148e-01 7.427888847112182891e-01 3.976139413302171022e-02 4.588868595444661747e-02
3.000000000000000000e+00 3.032741171236098543e-01 6.612248836001409780e-01 3.727052939504099660e-02 4.969378662050649709e-02
8.000000000000000000e+00 3.817999776747871277e-01 6.373260857442324401e-01 3.902380915503911307e-02 4.538382884594782674e-02
6.000000000000000000e+00 5.468371602681136867e-01 5.952183346433514988e-01 3.431832224787889629e-02 4.765725539424237045e-02
1.000000000000000000e+00 6.135760713565123758e-01 5.703927927620543459e-01 3.324003449352430639e-02 4.859947852908952370e-02
7.000000000000000000e+00 7.182404784242679696e-01 5.460692936057180980e-01 3.310921978177028269e-02 4.081732918735381244e-02
1.000000000000000000e+00 8.226102682460851856e-01 5.393385600678257674e-01 3.206659892648300314e-02 4.370515731108548518e-02
1.000000000000000000e+00 3.158607980239370727e-01 5.290985067491595917e-01 3.967731442482563819e-02 5.084984878147691401e-02
2.000000000000000000e+00 4.399031964294284336e-01 5.029879552303698764e-01 3.755020875912395972e-02 4.938842600663945204e-02
7.000000000000000000e+00 5.618070286747152142e-01 4.767425839155606249e-01 3.392539100777369754e-02 4.619285586758592466e-02
1.500000000000000000e+01 6.602122738154649895e-01 4.436124862789873058e-01 3.328598471705723760e-02 5.103881839922169705e-02
0.000000000000000000e+00 7.704526241450103674e-01 4.287335982325258810e-01 3.324869413517950179e-02 4.909045314955978734e-02
5.000000000000000000e+00 8.142126619350855687e-01 2.957975313560922137e-01 3.234733368439279833e-02 4.589886103339152479e-02
6.000000000000000000e+00 7.259316474058636892e-01 3.197234717763138834e-01 3.709601055430822303e-02 4.832177464575898584e-02
7.000000000000000000e+00 6.071699120124096627e-01 3.394382284596066945e-01 3.541917919329751196e-02 4.722492278460588278e-02
1.500000000000000000e+01 4.800299056640892070e-01 3.766554198743276016e-01 3.755732590210952848e-02 4.938864249768087911e-02
7.000000000000000000e+00 3.816770513553534583e-01 3.777620273630328818e-01 4.128097181384982051e-02 5.299703399126648451e-02
0.000000000000000000e+00 6.698360312620819101e-01 1.904641399090916121e-01 3.548082501733051952e-02 5.072726072929537033e-02
8.000000000000000000e+00 4.091802491512720463e-01 2.569046045662576327e-01 3.923353485137631713e-02 5.573034163421286546e-02
1.600000000000000000e+01 2.574012350151839157e-01 3.992570169409757619e-01 2.639878227900735452e-02 3.139869700244468653e-02
1.400000000000000000e+01 1.359991342889859955e-01 5.344664291815631740e-01 2.607764488049990614e-02 3.437168728957917807e-02
