3.000000000000000000e+00 6.387728940985628601e-01 8.789036243020955652e-01 3.955400180221335660e-02 5.215409088805644799e-02
1.000000000000000000e+01 2.242502503509963829e-01 2.522050169976540746e-01 3.249569456456535832e-02 4.455629755083817534e-02
1.000000000000000000e+01 3.154751912759154453e-01 1.725147120635909248e-01 3.472819284604611312e-02 4.916645407457387318e-02
2.000000000000000000e+00 5.481600760565598085e-01 1.827909921119586500e-01 4.762206683391378981e-02 6.447110242957662662e-02
8.000000000000000000e+00 7.888084232205909707e-01 3.897876477003840989e-01 3.958853800105932574e-02 6.156551748983218886e-02
3.000000000000000000e+00 4.452111464781980388e-01 2.582284879350154050e-01 4.505267020480968609e-02 6.350553733733693695e-02
1.000000000000000000e+00 5.444061957326633561e-01 3.612157453097114557e-01 4.341024105755775242e-02 5.836748251759099615e-02
2.000000000000000000e+00 6.746758289319967350e-01 4.067066219388577597e-01 3.899665117215445065e-02 5.346266064597210432e-02
6.000000000000000000e+00 7.671199743601695431e-01 5.319714884608659489e-01 3.950924107081443815e-02 5.365868765619763447e-02
1.500000000000000000e+01 8.681249504861416888e-01 6.049979685042133903e-01 3.680837399396574838e-02 5.006277636024591970e-02
5.000000000000000000e+00 8.641799850094203927e-01 7.328507494198384098e-01 3.581807121324342980e-02 4.775771229911784932e-02
7.000000000000000000e+00 7.420698412036993430e-01 6.814697467987103074e-01 3.717310579131671844e-02 4.956381917165664230e-02
7.000000000000000000e+00 6.678781904714929940e-01 5.945109778808148615e-01 4.054572465690142735e-02 5.406073899736729693e-02
7.000000000000000000e+00 5.459945200618222527e-01 5.340670348090944541e-01 4.242675463187084439e-02 5.607582395469901115e-02
0.000000000000000000e+00 4.370568971575191641e-01 4.276274924193377291e-01 4.347465561264191036e-02 5.649304168582242047e-02
5.000000000000000000e+00 3.265685250811897200e-01 3.590201263491199501e-01 4.618160060606385509e-02 6.009721781225446646e-02
9.000000000000000000e+00 7.493342863782087582e-01 7.979935468351924133e-01 3.610810711999845601e-02 4.650344616965085276e-02
6.000000000000000000e+00 6.354697736528596153e-01 7.414676730392828485e-01 3.836324138049251875e-02 4.951082201125667215e-02
8.000000000000000000e+00 5.619848653319040599e-01 6.716812053546026284e-01 3.673754070455648169e-02 4.939483036973812968e-02
5.000000000000000000e+00 4.566509925318433805e-01 6.155979118108441117e-01 4.111693520886550157e-02 5.481752481516943831e-02
2.000000000000000000e+00 3.410602236930467823e-01 5.059732003189754135e-01 4.298930273264417457e-02 5.609036551210777599e-02
1.000000000000000000e+00 2.299649972082140614e-01 4.451996864812949317e-01 4.661679647359306955e-02 6.112679983886809554e-02
3.000000000000000000e+00 2.540114504872051926e-01 6.056444713778391664e-01 4.181308386833218482e-02 5.457071595993046031e-02
1.500000000000000000e+01 3.677996342368977101e-01 6.922213540048778313e-01 3.849320654983368062e-02 5.250462194575045149e-02
0.000000000000000000e+00 4.506259169109008145e-01 7.834693995332189242e-01 3.920287431345387263e-02 5.050038635351672411e-02
6.000000000000000000e+00 5.482264503137168621e-01 8.134386689068824339e-01 4.274672569782278497e-02 5.053157117780360252e-02
1.000000000000000000e+00 5.361670969925337316e-01 9.258945534626925600e-01 4.062723690253267073e-02 4.887883229356049242e-02
9.000000000000000000e+00 4.615739203465250018e-01 8.756508028762575169e-01 3.739250721901771213e-02 4.457396327097151723e-02
0.000000000000000000e+00 3.510194154256128796e-01 8.049456041387266225e-01 4.112102502188674791e-02 5.129000428140584322e-02
8.000000000000000000e+00 2.667281986493307278e-01 7.286286707094499215e-01 4.095584201819629788e-02 5.048294784521800693e-02
