3.000000000000000000e+00 6.314429852701044510e-01 8.817320158474771796e-01 4.507047166498301394e-02 3.342872061243973292e-02
1.500000000000000000e+01 7.444486533011370755e-01 8.306560539796026266e-01 4.955258607091717060e-02 3.527622796584573006e-02
7.000000000000000000e+00 4.851792369388158721e-01 8.616059831202571573e-01 4.351860857338352151e-02 3.415164594830844003e-02
8.000000000000000000e+00 5.832809193245163115e-01 7.821949706497576260e-01 4.581380580895355603e-02 3.467637908105669631e-02
9.000000000000000000e+00 3.900214684306514412e-01 8.223497257733458632e-01 4.456297263685410348e-02 3.380214510956702778e-02
5.000000000000000000e+00 2.729641984623632500e-01 7.631095036800561449e-01 4.247084304189585602e-02 3.320535754599329703e-02
2.000000000000000000e+00 4.750014068568504388e-01 7.559532118103300391e-01 4.775017651430246701e-02 3.445437660181716044e-02
2.000000000000000000e+00 3.464711411680098663e-01 7.195370668753043875e-01 4.360948446056966965e-02 3.134900637574333793e-02
9.000000000000000000e+00 2.254234106500708767e-01 6.948664744584724939e-01 4.757616307966866520e-02 3.676771500014430760e-02
0.000000000000000000e+00 8.526962344877937472e-01 7.387162726344396191e-01 5.297979186252799177e-02 3.647961065910865219e-02
6.000000000000000000e+00 7.005842004671303247e-01 7.261959223931183649e-01 5.063657723678516298e-02 3.634786046458549080e-02
5.000000000000000000e+00 5.524203921015737873e-01 6.967400313877749607e-01 4.585672099710080829e-02 3.493404028334057276e-02
8.000000000000000000e+00 4.429891425633689095e-01 6.623304691270812672e-01 4.663398478454050533e-02 3.497525473747931102e-02
8.000000000000000000e+00 3.693888437334404973e-01 6.122361425833313664e-01 4.516367188864739424e-02 3.548286714787529661e-02
1.000000000000000000e+00 1.816860168192805380e-01 6.038557474110057832e-01 4.419235435084073460e-02 3.368615505018912604e-02
0.000000000000000000e+00 8.316399286035049965e-01 6.511279042866596756e-01 5.394870002715579371e-02 3.865745724809399597e-02
5.000000000000000000e+00 6.915980038409860198e-01 6.261435264452642757e-01 5.177419821505391262e-02 3.687185661259650971e-02
2.000000000000000000e+00 5.445263501645383197e-01 5.898591033591948918e-01 4.783699898543503082e-02 3.542623270539302371e-02
7.000000000000000000e+00 3.972235809091223535e-01 5.496276167862574891e-01 4.775017651430241150e-02 3.445443329295072576e-02
3.000000000000000000e+00 2.722344560176770401e-01 5.468627901998139862e-01 4.580181563419388757e-02 3.435136881203715298e-02
3.000000000000000000e+00 1.323096267916414603e-01 4.923053407798913539e-01 4.381326074035173102e-02 3.376393528551002721e-02
6.000000000000000000e+00 7.746293687953254015e-01 5.401009552377868950e-01 5.168224519632891312e-02 3.930345271564628096e-02
6.000000000000000000e+00 6.485212743085710940e-01 5.121588592278200069e-01 5.147855395324751893e-02 3.697219991909656001e-02
7.000000000000000000e+00 4.827251628012874107e-01 4.852250858931276278e-01 4.644937010792055121e-02 3.438569529344143172e-02
1.000000000000000000e+00 3.416907463625561414e-01 4.383190120127979927e-01 4.589340016055026839e-02 3.532455715725307810e-02
1.000000000000000000e+00 2.217543463096715295e-01 4.329949208904017022e-01 4.276838645667851990e-02 3.614623844788084073e-02
1.500000000000000000e+01 4.426834356253456226e-01 3.751046422435552197e-01 5.195439098325177474e-02 3.806803953189036305e-02
0.000000000000000000e+00 7.555331872013706374e-01 4.375699662371155818e-01 5.324034431262625322e-02 4.030439137076724521e-02
1.100000000000000000e+01 5.432109741368171818e-01 1.598602988695578542e-01 3.380350569677392780e-02 2.987126694134639715e-02
1.200000000000000000e+01 4.821126009297850290e-01 2.238433720650643277e-01 3.794606855791587963e-02 2.619878696014665831e-02
