1.500000000000000000e+01 3.730543581081465776e-01 1.799200880234180788e-01 2.932623202302880872e-02 3.765451403460443047e-02
1.100000000000000000e+01 8.802796509078533171e-01 6.031357371388808009e-01 2.398782075489047649e-02 3.198324975364152944e-02
1.200000000000000000e+01 7.422429073163903102e-01 6.055497910682290374e-01 3.257478759376197797e-02 3.563211632869001111e-02
6.000000000000000000e+00 5.365251746837602642e-01 7.599873170415394341e-01 3.802072629778863178e-02 5.285639015599052914e-02
0.000000000000000000e+00 2.808290541179745414e-01 7.368454737292658985e-01 3.475675097504182798e-02 4.634262677789147133e-02
5.000000000000000000e+00 1.829064119500067309e-01 7.233996690818591535e-01 3.260162836991339907e-02 4.995375193504547617e-02
0.000000000000000000e+00 1.357860736831282000e-01 6.291947346020588805e-01 3.244209008309507924e-02 4.525573967504192829e-02
8.000000000000000000e+00 2.372729928984469439e-01 6.348370491887442846e-01 3.318733244950314298e-02 4.576429021746986070e-02
1.000000000000000000e+00 5.564290891815727447e-01 1.624746105955186259e-01 2.933483202681608226e-02 4.199825543795637772e-02
3.000000000000000000e+00 3.448672979243683212e-01 6.458214724974256082e-01 3.243280536563047933e-02 4.425293541176900103e-02
3.000000000000000000e+00 4.726855800094340587e-01 6.362523249712420670e-01 3.507785430116339143e-02 4.927506373807410966e-02
1.500000000000000000e+01 5.533078081891820155e-01 6.414043297878635475e-01 3.733595784336263268e-02 4.678161041070250104e-02
1.000000000000000000e+00 1.195796130429078175e-01 4.959880023733153065e-01 3.168808338161727134e-02 4.404957544960130811e-02
7.000000000000000000e+00 2.017290950799443539e-01 5.023925265313329280e-01 3.077812629299028768e-02 4.043782035586418466e-02
2.000000000000000000e+00 3.167678263141943673e-01 4.741492513546456955e-01 3.214024090558009750e-02 4.465338335881963161e-02
8.000000000000000000e+00 4.369035387739554910e-01 4.909573699031375416e-01 3.258998823739878148e-02 4.404357735778779981e-02
7.000000000000000000e+00 5.259660955114375813e-01 5.026640839757627877e-01 3.394174997918730785e-02 4.345620257682558663e-02
2.000000000000000000e+00 6.545702508725241842e-01 5.052303223670346899e-01 3.755599743070991980e-02 4.587496733627383083e-02
7.000000000000000000e+00 6.706054783163173383e-01 3.877042043685943185e-01 3.778945740613293136e-02 4.433863417562372566e-02
3.000000000000000000e+00 5.616213277738743015e-01 4.052051983814518032e-01 3.519855562820350947e-02 4.865493225478823014e-02
6.000000000000000000e+00 4.411648269562831737e-01 3.892911652585463456e-01 3.973952195917407337e-02 4.522451673135569061e-02
0.000000000000000000e+00 2.835892171169405174e-01 3.887520627918358285e-01 3.129450995988691808e-02 4.431584690444217989e-02
9.000000000000000000e+00 2.021245856999712431e-01 3.859075704563696974e-01 3.518083523823412051e-02 3.912604589283186218e-02
6.000000000000000000e+00 2.276258017073211348e-01 3.014173399362800598e-01 2.933483202681608226e-02 4.198910766322722088e-02
1.000000000000000000e+00 3.321208872155354541e-01 2.703496071463254435e-01 3.258168950762946325e-02 3.983275257347962395e-02
5.000000000000000000e+00 4.128877817010299656e-01 2.989653939520282577e-01 3.529696267790960462e-02 4.417775384999778066e-02
8.000000000000000000e+00 4.811616506211250366e-01 1.828091963020991584e-01 3.257580097000450925e-02 4.056788856601017956e-02
5.000000000000000000e+00 5.301419451211077938e-01 2.756388422781578251e-01 3.531002701487295781e-02 4.707967996871859073e-02
2.000000000000000000e+00 6.217584975693112304e-01 2.763412489569119224e-01 3.581288073950550377e-02 4.057002487268340785e-02
9.000000000000000000e+00 2.858272174655731579e-01 1.711777733454334371e-01 2.715670304212930430e-02 3.765604779324169260e-02
