1.000000000000000000e+00 2.290153328131821486e-01 6.973364313722401064e-01 4.406104308424085847e-02 3.565306167897874801e-02
1.100000000000000000e+01 3.360616764324188543e-01 1.813429331804169986e-01 4.083784061432327306e-02 3.025594881786095036e-02
1.000000000000000000e+00 4.479821372134344393e-01 2.442519496950291691e-01 3.251953750692759826e-02 2.733738143340050386e-02
8.000000000000000000e+00 7.842187290711370995e-01 4.006816829626519416e-01 5.495113587941746758e-02 4.013962890447964060e-02
8.000000000000000000e+00 9.345153125639499292e-01 7.294571465311467939e-01 5.630300011856737008e-02 3.848003519233544889e-02
3.000000000000000000e+00 6.413098926773619368e-01 4.096836983640019803e-01 5.570168694417743094e-02 4.356479173433136509e-02
3.000000000000000000e+00 6.799246074034632770e-01 4.974119721452374687e-01 5.570039024844775088e-02 4.355777778924690979e-02
9.000000000000000000e+00 7.398017430090350066e-01 6.125991041734804021e-01 4.987604561468073072e-02 3.740672477225681636e-02
2.000000000000000000e+00 7.790885881785940548e-01 7.212940343263358756e-01 5.037816156573227122e-02 3.644398713351104657e-02
2.000000000000000000e+00 7.931284433128032996e-01 8.045617337373835998e-01 4.626256720041665993e-02 3.603122530639357723e-02
5.000000000000000000e+00 4.739545990393134178e-01 3.606782071098131870e-01 5.346647820938155160e-02 3.817537063652065576e-02
0.000000000000000000e+00 5.205047232530171097e-01 4.664194559472493173e-01 4.885486825701640390e-02 3.738524088164080217e-02
9.000000000000000000e+00 5.769160711409261344e-01 5.849920394986152239e-01 5.092530822304097704e-02 3.633388587789843083e-02
7.000000000000000000e+00 6.224037742316469446e-01 6.811508689789564919e-01 4.870141610552414235e-02 3.652650413450553302e-02
1.000000000000000000e+00 2.914532509280094441e-01 7.963664988428998948e-01 4.285991972369340708e-02 3.213889836948302658e-02
5.000000000000000000e+00 6.531297163108865655e-01 7.782351266254508015e-01 5.091953203297117092e-02 3.630005390749069250e-02
8.000000000000000000e+00 7.121131338549728795e-01 8.673415227343670431e-01 4.370642627246690282e-02 3.054967987104384441e-02
2.000000000000000000e+00 3.079388805013382191e-01 3.562816276209324617e-01 5.160996356843527977e-02 4.019488582478858429e-02
6.000000000000000000e+00 3.761611961803437154e-01 4.426296424735686186e-01 4.992349289025260761e-02 3.707017328962930458e-02
1.500000000000000000e+01 4.123081810509895972e-01 5.550892339746533732e-01 4.779620460461442288e-02 3.770732241873686608e-02
6.000000000000000000e+00 4.874215504237608965e-01 6.496112208588384895e-01 4.862508787960423406e-02 3.609623691503427434e-02
5.000000000000000000e+00 5.182070815658615937e-01 7.588776401842960428e-01 4.689936268523431373e-02 3.592389426438569178e-02
1.000000000000000000e+00 5.518584870932161657e-01 8.409914866882233220e-01 4.466132479611839567e-02 3.225636721447022737e-02
0.000000000000000000e+00 4.208287834274304640e-01 8.139946941764275579e-01 4.286112800835084613e-02 3.214591231456753739e-02
0.000000000000000000e+00 3.896412324035203323e-01 7.343933724713528344e-01 4.530442693744046734e-02 3.323442943911492087e-02
1.500000000000000000e+01 3.463592382197400177e-01 6.342533039855295929e-01 4.675436852634390350e-02 3.506589427618789223e-02
7.000000000000000000e+00 2.947942464168468168e-01 5.242067748267416061e-01 4.698777375772833498e-02 3.635592970530687751e-02
7.000000000000000000e+00 2.321296865176808444e-01 4.410486462048714973e-01 4.964488013046619574e-02 3.873289085966846734e-02
3.000000000000000000e+00 1.405808608552212291e-01 4.973143515860252162e-01 4.447233139348344411e-02 3.484212585170526344e-02
6.000000000000000000e+00 2.084688353284115392e-01 6.034088910691478569e-01 4.447233139348347186e-02 3.484209638134783127e-02
