3 0.547887 0.111526 0.038555 0.048927
8 0.167855 0.784682 0.034727 0.051823
1 0.269691 0.775354 0.036273 0.049750
7 0.507305 0.775010 0.039906 0.054583
5 0.125621 0.650979 0.035242 0.049750
9 0.217352 0.652708 0.034203 0.050437
8 0.336289 0.630573 0.036797 0.051771
15 0.441246 0.634740 0.037352 0.049063
7 0.551074 0.628000 0.039289 0.051979
5 0.082918 0.534828 0.032086 0.046385
6 0.178437 0.514234 0.035391 0.047594
1 0.276512 0.501234 0.034789 0.048781
3 0.390191 0.504031 0.036023 0.047979
1 0.493711 0.514115 0.036797 0.047396
15 0.610797 0.485958 0.041484 0.050979
16 0.841418 0.605031 0.034117 0.044333
12 0.806434 0.590057 0.034117 0.039740
2 0.133582 0.397729 0.030664 0.046646
5 0.221902 0.400901 0.031961 0.047219
2 0.331813 0.384203 0.036703 0.047219
0 0.441289 0.372396 0.037141 0.047792
2 0.558109 0.370667 0.038438 0.051250
3 0.674500 0.352531 0.041453 0.054125
8 0.176773 0.273354 0.032391 0.043187
0 0.280637 0.271339 0.034555 0.048365
0 0.482320 0.252052 0.037141 0.051250
6 0.604102 0.227865 0.038828 0.052396
9 0.234426 0.138323 0.034555 0.047208
7 0.337426 0.142354 0.034977 0.046063
6 0.436973 0.134583 0.038008 0.047792
