1.600000000000000000e+01 4.571668219960592361e-01 1.382775372977291528e-01 3.320070646074180232e-02 2.617068456014304267e-02
1.600000000000000000e+01 7.675390000163541115e-01 2.331534996024223760e-01 3.890414967655142497e-02 2.562083119274313758e-02
0.000000000000000000e+00 7.888292162823480336e-01 5.414925411898817709e-01 5.199193982154448612e-02 3.715798779890122638e-02
8.000000000000000000e+00 8.396842801129100753e-01 6.005915217681032647e-01 5.188434316678158797e-02 3.464278607920223685e-02
6.000000000000000000e+00 8.486879375509611689e-01 7.511168622924484506e-01 4.938232436207901088e-02 3.520779159371401068e-02
2.000000000000000000e+00 7.873355810730823245e-01 8.006739013038983721e-01 5.277782753836057772e-02 3.591868438745959846e-02
9.000000000000000000e+00 7.076447231678753003e-01 7.049143007882043843e-01 4.700157743516442110e-02 3.830419029198683933e-02
0.000000000000000000e+00 7.024462238870505804e-01 6.018066747356823898e-01 5.199193982154448612e-02 3.715798779890122638e-02
0.000000000000000000e+00 6.319809996400406193e-01 4.172004083453511036e-01 4.864495633655674389e-02 3.770893518414314416e-02
7.000000000000000000e+00 6.346648989109793249e-01 5.060997785295280327e-01 5.200884239720393598e-02 3.778852498215024003e-02
1.000000000000000000e+00 5.796009022881468686e-01 5.653920173595425869e-01 4.951491932453189193e-02 3.836140742512472723e-02
6.000000000000000000e+00 5.276687778921149707e-01 4.658978365126557053e-01 4.773150613936083531e-02 3.581199029741632955e-02
5.000000000000000000e+00 4.185033425695294795e-01 4.341528028420614804e-01 4.408938399104173067e-02 3.518446166323291324e-02
8.000000000000000000e+00 3.979188498629774307e-01 4.721442271082375575e-01 4.404113780420854107e-02 3.346184851963224238e-02
1.500000000000000000e+01 4.876446548002402182e-01 6.510167459885350949e-01 4.450245777774286537e-02 3.211172110079374420e-02
2.000000000000000000e+00 2.122273451238070874e-01 7.030919679183035287e-01 4.103685540823384659e-02 3.202206633864013163e-02
1.000000000000000000e+00 5.409972246119065797e-01 7.265357856567623562e-01 4.402984206998972194e-02 3.384995134908930225e-02
2.000000000000000000e+00 6.953490839918436972e-01 8.820822304688487048e-01 4.193851756318167645e-02 3.146034287765420157e-02
9.000000000000000000e+00 5.708502091256171251e-01 8.761990401215948854e-01 4.122888288995463224e-02 3.197857912941970415e-02
6.000000000000000000e+00 4.415110300952665434e-01 7.005387217281481282e-01 4.261700007835733661e-02 3.064453377285891733e-02
5.000000000000000000e+00 3.782590757373939794e-01 6.031167064006108802e-01 4.220657928492299593e-02 3.777720189748523527e-02
3.000000000000000000e+00 3.639475582599849823e-01 6.493127037978027039e-01 4.172627810182960584e-02 3.235120160641224984e-02
3.000000000000000000e+00 4.202899010559962845e-01 7.646935690110407968e-01 4.366654609510040030e-02 3.203634327147841798e-02
3.000000000000000000e+00 4.517733960862323483e-01 8.239865189526527356e-01 4.363588624507780400e-02 3.130789149136858907e-02
7.000000000000000000e+00 3.296013330673087660e-01 8.154829370701894842e-01 4.168246268725667170e-02 2.714066812932536266e-02
7.000000000000000000e+00 3.251274975298159564e-01 6.929731233929878886e-01 4.414813274915824204e-02 3.205477747211649131e-02
0.000000000000000000e+00 3.119928150450691495e-01 4.342072849305941284e-01 4.521641382144597765e-02 3.433665253655854288e-02
1.500000000000000000e+01 2.025172119890476519e-01 5.083505424615875068e-01 4.344694936376078398e-02 3.385752742264541704e-02
1.000000000000000000e+00 2.270418646545314667e-01 6.432655475264759115e-01 4.045645159259550483e-02 3.203672617772312936e-02
5.000000000000000000e+00 1.588540163235883373e-01 5.794098594224839083e-01 4.228348873921711215e-02 3.383014962614872001e-02
