6.000000000000000000e+00 3.108983901109007575e-01 2.549815562965129789e-01 2.969123752021818330e-02 3.875496030007563597e-02
1.600000000000000000e+01 7.550326547912676878e-01 4.118403080094303892e-01 2.565773543792371214e-02 3.421065447198184950e-02
1.100000000000000000e+01 7.604259636117127741e-01 7.724948266463864677e-01 2.705866416216595738e-02 3.776445680899909174e-02
3.000000000000000000e+00 3.162837668436215832e-01 8.293238789286391244e-01 3.727417148690181925e-02 5.460715957342898719e-02
7.000000000000000000e+00 2.286943905414559608e-01 8.803102036383784190e-01 3.513492006413651558e-02 5.525341897113666967e-02
2.000000000000000000e+00 1.531467889815383843e-01 8.081275809962504830e-01 3.559276754627330175e-02 5.235609267433438685e-02
0.000000000000000000e+00 2.617443209063655685e-01 7.389933206826568846e-01 3.937312393088848728e-02 5.180280472344256371e-02
8.000000000000000000e+00 3.681247562684349384e-01 6.807048777773705428e-01 3.603997269246506097e-02 4.874859620502924873e-02
1.000000000000000000e+00 4.776495620190439051e-01 6.430167336119880783e-01 3.878969688460021104e-02 5.032156183726843590e-02
3.000000000000000000e+00 6.094982566698714521e-01 6.177485076696528354e-01 3.943709146480889327e-02 5.398201457023610317e-02
6.000000000000000000e+00 6.189156739374168659e-01 4.876053679671582541e-01 3.821381880194230085e-02 4.884991124322596301e-02
3.000000000000000000e+00 4.912469908603938062e-01 5.141330363247917923e-01 3.761361943420465925e-02 4.664995593623028070e-02
0.000000000000000000e+00 4.054903383262138394e-01 5.539741818109806815e-01 3.705539343943425878e-02 4.589701776300947333e-02
2.000000000000000000e+00 2.953591606530191482e-01 5.914380139142041415e-01 3.761390322982993695e-02 4.666003068092472450e-02
1.500000000000000000e+01 2.322375079731843206e-01 3.018543343678697366e-01 3.358372155635028222e-02 3.720586187991581362e-02
9.000000000000000000e+00 1.746895729927349372e-01 6.395115170860052878e-01 3.489054365127591817e-02 4.652006267857577981e-02
6.000000000000000000e+00 9.898605411633194795e-02 6.528393542731953936e-01 3.311247892070395826e-02 4.064901230266715348e-02
1.000000000000000000e+00 1.403298122992724939e-01 5.304645238397658336e-01 2.975917819289128352e-02 4.136485838767434142e-02
7.000000000000000000e+00 2.521196051243920211e-01 4.897105781046806050e-01 3.507058359590339847e-02 4.507506049373966039e-02
9.000000000000000000e+00 3.479946926897077297e-01 4.431779716594709817e-01 3.237029660167828338e-02 4.148391065244605436e-02
5.000000000000000000e+00 4.302276252231418407e-01 4.270186913298689158e-01 3.775736191836898126e-02 4.781451128424263342e-02
8.000000000000000000e+00 5.401950244410330670e-01 3.879905777405373568e-01 3.501419340517597512e-02 4.247228567633365426e-02
1.000000000000000000e+00 6.646389520186781752e-01 3.394452785316208754e-01 4.034864301295437716e-02 4.707559261490668057e-02
8.000000000000000000e+00 1.945814327134495481e-01 4.091218864747548922e-01 3.043614427724578020e-02 4.226755551231364816e-02
0.000000000000000000e+00 2.861276578995428643e-01 3.709799531046760190e-01 3.304734782472029675e-02 4.238663615664794992e-02
5.000000000000000000e+00 3.829881122551190842e-01 3.315226270117904717e-01 3.304709240865766340e-02 4.237647627326573962e-02
1.500000000000000000e+01 4.860033274731172526e-01 2.919293486246522518e-01 3.311313165064194708e-02 4.499372466755707789e-02
5.000000000000000000e+00 5.676038072660096745e-01 2.489064284865223908e-01 3.764889523041714536e-02 4.347544645229420301e-02
2.000000000000000000e+00 5.019996097853851591e-01 1.671092073764594010e-01 3.233490728721577501e-02 3.974149065239940271e-02
7.000000000000000000e+00 4.047708880367668072e-01 2.162610913546805236e-01 3.431091946636533052e-02 4.071034053727309865e-02
