1.600000000000000000e+01 9.116997531197448268e-01 7.021253466880328364e-01 3.213687926370012438e-02 3.739256212856367778e-02
1.400000000000000000e+01 7.476174540583007122e-01 6.523007936293351294e-01 2.718068391375638715e-02 3.842513647459067094e-02
6.000000000000000000e+00 4.834450373626437703e-01 7.761064923274890726e-01 4.175018622613474450e-02 5.871685767276257906e-02
1.500000000000000000e+01 2.625767733129846793e-01 7.771274148094919898e-01 3.574572689147759164e-02 4.956460689421693377e-02
1.000000000000000000e+00 1.597735595184797130e-01 7.667610628726211353e-01 3.335824841641679694e-02 4.765854652383971768e-02
3.000000000000000000e+00 5.580643532874065560e-01 6.560464064531591477e-01 4.232083915084550174e-02 5.261318444641416292e-02
6.000000000000000000e+00 4.150795998816505517e-01 6.350535833674509911e-01 3.602606381800088631e-02 4.956483762419749972e-02
8.000000000000000000e+00 3.299288447188421514e-01 6.254127906960682548e-01 3.431618161369476283e-02 4.575462040578381906e-02
3.000000000000000000e+00 2.058047674886007428e-01 6.560188053792206375e-01 3.317568331920567326e-02 4.651031877499800515e-02
9.000000000000000000e+00 1.150671454149139461e-01 6.385593523763606338e-01 3.203478124725041287e-02 4.498819309246815390e-02
1.500000000000000000e+01 1.142159392543231067e-01 5.218754806267900115e-01 3.033306111601079269e-02 4.194399940990389819e-02
9.000000000000000000e+00 2.002381759747743906e-01 5.169901482221617162e-01 3.203339686736630942e-02 4.270050533405039817e-02
5.000000000000000000e+00 2.777801485647795054e-01 5.032516631970648247e-01 3.088620740343755999e-02 4.498741437878345240e-02
2.000000000000000000e+00 3.806436694079841088e-01 5.111406240695295367e-01 3.372210959594529323e-02 4.956345324431360444e-02
5.000000000000000000e+00 4.735767593509366824e-01 5.098276839557315254e-01 3.317623130290975331e-02 4.727547707341978045e-02
8.000000000000000000e+00 6.000663236049555982e-01 5.275785777654347086e-01 3.598891629111178325e-02 5.032024758093589512e-02
6.000000000000000000e+00 6.703102780648826364e-01 3.882230339082509696e-01 3.888780776834444008e-02 4.652566231871302360e-02
0.000000000000000000e+00 5.538839586562431805e-01 3.880481405828974384e-01 3.717204194953105389e-02 4.423705164037250448e-02
7.000000000000000000e+00 4.388584730634161879e-01 4.015598757194834834e-01 3.545734325687832644e-02 4.499104837597905915e-02
3.000000000000000000e+00 3.435990192490346873e-01 4.014256341326005173e-01 3.603119756007094887e-02 4.575652392812445957e-02
7.000000000000000000e+00 2.623605072179708841e-01 3.870705664960142345e-01 3.088410199236391041e-02 4.194434550487496915e-02
7.000000000000000000e+00 1.491221262698579353e-01 4.075042010529265069e-01 3.088375589739289495e-02 4.117829312777793183e-02
0.000000000000000000e+00 2.156661668627588013e-01 2.986142150031576570e-01 3.012070301004474149e-02 4.103656723714671495e-02
0.000000000000000000e+00 3.045492246136309311e-01 2.963773887848555333e-01 2.977296408791607618e-02 4.015036222261186838e-02
5.000000000000000000e+00 4.881107580875384544e-01 2.946646945589099231e-01 3.210126032293314502e-02 4.324511461219215924e-02
2.000000000000000000e+00 6.220743297643973602e-01 2.794390682846034646e-01 3.507822505737756558e-02 4.237142669910909376e-02
2.000000000000000000e+00 2.660017435667858532e-01 1.955529297252648901e-01 3.061091769524165729e-02 3.824733018323109301e-02
1.000000000000000000e+00 3.506221226071356001e-01 1.842929028907346889e-01 3.079968366068353003e-02 3.861978605453980640e-02
1.000000000000000000e+00 5.512788729681559197e-01 1.522149462958500288e-01 3.337739900481306865e-02 4.118111957004119694e-02
8.000000000000000000e+00 4.682491608352209456e-01 1.816478864953663397e-01 3.281678283426181508e-02 3.678908786410145515e-02
