0.000000000000000000e+00 4.138184287420140217e-01 3.337568513847437579e-01 4.820430819471327455e-02 4.040558075300737517e-02
1.300000000000000000e+01 5.001287936924780908e-01 8.582606401544297103e-01 4.172975653323346412e-02 3.401891117393518460e-02
1.000000000000000000e+01 4.183975282183091116e-01 8.425292615512902650e-01 3.865182592215671287e-02 3.463600057990179337e-02
5.000000000000000000e+00 2.116645320793206497e-01 6.331588741050537816e-01 6.203974876050510900e-02 4.416487615324882210e-02
0.000000000000000000e+00 1.330637549884390591e-01 5.219449133349836067e-01 5.927619307836645701e-02 4.012201456710517977e-02
6.000000000000000000e+00 1.455639737821833868e-01 4.326232652583776317e-01 5.405193908881246456e-02 3.769906983070148154e-02
6.000000000000000000e+00 1.266673683661089234e-01 3.292701352682479987e-01 5.506351187151822812e-02 3.789312490047325177e-02
2.000000000000000000e+00 1.674169610299915401e-01 2.623671635445352646e-01 5.339903952048602465e-02 3.949995232135369849e-02
0.000000000000000000e+00 2.711788212970491219e-01 4.990329398492779900e-01 5.453756261540473882e-02 4.184727559757833726e-02
1.000000000000000000e+00 4.043166608614031099e-01 6.283410783190778170e-01 5.447880308323238552e-02 3.849509573031162368e-02
7.000000000000000000e+00 3.654373560986206582e-01 5.425135789696930999e-01 5.395005303229749583e-02 3.889086518630568978e-02
2.000000000000000000e+00 4.826160095545111162e-01 6.109204489045980679e-01 5.163916866829071362e-02 4.062661490758978644e-02
8.000000000000000000e+00 4.969719835537769193e-01 4.684860997086907064e-01 5.002782568024910503e-02 3.866059984062802934e-02
9.000000000000000000e+00 2.524365025222358172e-01 3.254848181977521016e-01 5.085097356236489841e-02 3.870687011425993918e-02
1.500000000000000000e+01 4.536881860081855011e-01 4.138399777144158298e-01 4.798873273207870938e-02 3.883793588008810360e-02
2.000000000000000000e+00 3.110021939714326944e-01 2.116091449327495433e-01 4.717270115517246953e-02 3.774999856918942465e-02
3.000000000000000000e+00 3.656673642284473669e-01 1.934561934110780868e-01 5.027266659081386369e-02 3.691644773487962050e-02
3.000000000000000000e+00 5.959957277895748806e-01 5.403104680472341492e-01 4.577144635827845587e-02 3.766440284990124621e-02
8.000000000000000000e+00 6.210063111134065394e-01 5.755474963321874915e-01 4.823603148299693277e-02 3.698329527658739124e-02
6.000000000000000000e+00 7.605500828661146961e-01 6.842633481782989247e-01 5.362567526471151425e-02 4.542060393758351466e-02
5.000000000000000000e+00 6.600084650245563456e-01 5.154588441192891057e-01 4.600911380455563471e-02 3.923341954069220483e-02
7.000000000000000000e+00 6.348923374632184924e-01 3.873921722438657955e-01 4.888267213228358887e-02 4.044727830040012462e-02
1.000000000000000000e+00 5.209659355165008332e-01 2.297860318183287398e-01 4.553878033132530145e-02 3.711310354269989342e-02
5.000000000000000000e+00 4.868969387004778993e-01 1.748968694244457112e-01 4.350497459786889509e-02 3.302277134228653876e-02
1.000000000000000000e+00 6.311153799078783599e-01 2.775883830868557389e-01 4.298065437547815559e-02 3.341282489048175153e-02
8.000000000000000000e+00 6.689595480580541320e-01 3.386018691816119475e-01 4.471131693882124392e-02 3.353365918134992851e-02
7.000000000000000000e+00 8.691676210980854300e-01 6.012749116530760052e-01 4.400494505303631509e-02 3.694328392199519584e-02
3.000000000000000000e+00 8.790450527290079030e-01 4.819630242475677617e-01 4.625381181742538317e-02 4.099557675600712381e-02
1.500000000000000000e+01 7.599185036338780286e-01 2.793120865324536517e-01 4.464455513573051260e-02 3.380793701707890397e-02
9.000000000000000000e+00 9.090754605999668003e-01 4.113805083271773189e-01 4.300866232369271458e-02 3.587177984601835901e-02
