1.000000000000000000e+00 6.188925656693715638e-01 4.799315838700730641e-01 3.666298247135180155e-02 4.996016259961755246e-02
7.000000000000000000e+00 6.016236821329024043e-01 6.407618050209733518e-01 3.544464651309453540e-02 4.725886154359704161e-02
5.000000000000000000e+00 5.863407974638871201e-01 7.698843428042612125e-01 3.603783255219972226e-02 5.115586483434253484e-02
3.000000000000000000e+00 5.664018703673552313e-01 2.454529628723111090e-01 3.458150402114246180e-02 4.396499253454963507e-02
2.000000000000000000e+00 5.605426498068336594e-01 3.718025310471712030e-01 3.540891525123712746e-02 4.661981940401915825e-02
1.500000000000000000e+01 5.197126781592191769e-01 5.352154543087423999e-01 3.593982175979026916e-02 4.756619748784318702e-02
0.000000000000000000e+00 5.074466127728396447e-01 6.707913994024505833e-01 3.536235276667498706e-02 5.075858264937471720e-02
3.000000000000000000e+00 4.913413204276965707e-01 1.743957417451936220e-01 3.515273328813439679e-02 4.471732102247108487e-02
7.000000000000000000e+00 4.744542963569092775e-01 2.984895900611164166e-01 3.425821556954339320e-02 4.739793091120503288e-02
1.500000000000000000e+01 4.380710714176450082e-01 5.481523196860540459e-01 3.375156158139408502e-02 4.456977504578973903e-02
5.000000000000000000e+00 3.930588497541690485e-01 7.098845786028308291e-01 3.688099026095459365e-02 4.882132428409224900e-02
7.000000000000000000e+00 3.938320754380696398e-01 8.441612184620297388e-01 3.663240192681332941e-02 4.956685382515269023e-02
9.000000000000000000e+00 3.815897180676919298e-01 2.118316702900773785e-01 3.302851860051403410e-02 4.402927348668847496e-02
2.000000000000000000e+00 3.673967251833379355e-01 3.493359262172684998e-01 3.535893857690941555e-02 4.750727328171594488e-02
3.000000000000000000e+00 3.584434834457391195e-01 4.810109681914040425e-01 3.498690962313888431e-02 4.793737289417221437e-02
1.000000000000000000e+00 3.377744642437678912e-01 6.058218405071116308e-01 3.597216826455235106e-02 4.711481805469242001e-02
1.000000000000000000e+00 2.942534929747704919e-01 7.667210371210783082e-01 3.523947136778315947e-02 4.788660153774393358e-02
6.000000000000000000e+00 2.734753079983107682e-01 9.010733483758581741e-01 3.489460876878575091e-02 4.938543084484892098e-02
0.000000000000000000e+00 2.977689752755436903e-01 2.622756324092836433e-01 3.272235996308370254e-02 4.237665847677887787e-02
9.000000000000000000e+00 2.854628225920886608e-01 3.766199969554595017e-01 3.425815670420245818e-02 4.619872618870324299e-02
0.000000000000000000e+00 2.574269531540433475e-01 5.346340707704648754e-01 3.334777477626937880e-02 4.360767991597580551e-02
2.000000000000000000e+00 2.015045556475281163e-01 6.599423110668123371e-01 3.463586616335886936e-02 4.789237034114102176e-02
6.000000000000000000e+00 1.977944350974443766e-01 2.912205004397535046e-01 3.407078832447915651e-02 4.414865239780341177e-02
5.000000000000000000e+00 1.850798158142720751e-01 4.177723004928854955e-01 3.307737683336678391e-02 4.496735155746156565e-02
6.000000000000000000e+00 1.508410258071883336e-01 5.691190356327175959e-01 3.415908633565886698e-02 4.584621109540343298e-02
8.000000000000000000e+00 1.837710038272258317e-01 8.078686755802469976e-01 3.609563831685200230e-02 4.626556778316626151e-02
8.000000000000000000e+00 1.298187115461519048e-01 6.898179725821329544e-01 3.313877338380709359e-02 4.589748280722860674e-02
1.300000000000000000e+01 8.350547796750340535e-01 5.185842590090130599e-01 2.616487873015316268e-02 3.219675133520127908e-02
8.000000000000000000e+00 6.527266270258780256e-01 3.462659515319024273e-01 3.666845694804510281e-02 4.770017500347317752e-02
1.200000000000000000e+01 9.024983016802761160e-01 8.019303694343788980e-01 2.238024937496885247e-02 3.229276070602404847e-02
