2.000000000000000000e+00 2.882492278501449512e-01 3.164131593565027156e-01 4.632979014453197930e-02 3.876093782075051841e-02
1.100000000000000000e+01 6.653647029964682158e-01 2.331701566717744589e-01 4.803968566653249450e-02 3.535403468340087008e-02
1.200000000000000000e+01 6.172573081374861381e-01 2.692707226667764853e-01 4.117367383338921272e-02 2.820593300340445975e-02
6.000000000000000000e+00 6.077471774094982404e-01 8.835130401822073321e-01 5.068805511832763511e-02 3.333264962897253270e-02
2.000000000000000000e+00 7.430302529123299360e-01 8.349480292720421470e-01 5.087834928334467044e-02 3.748250107639139461e-02
8.000000000000000000e+00 8.446351030566768836e-01 7.847652454876318240e-01 5.468210730521261276e-02 3.967916711071017843e-02
1.000000000000000000e+00 6.893804587557434971e-01 7.340968083244605591e-01 5.365750510284927888e-02 3.756882007907946797e-02
6.000000000000000000e+00 8.564930670623276399e-01 6.627603104608152940e-01 5.667485559454443766e-02 4.250578748282918262e-02
3.000000000000000000e+00 6.005775777203096188e-01 8.018757535034510830e-01 4.895459080297959176e-02 3.605300607732764284e-02
8.000000000000000000e+00 4.731846394276856271e-01 8.410923728270290889e-01 4.601421353811319115e-02 3.249888653482524425e-02
6.000000000000000000e+00 4.370758039196419587e-01 7.494613728256794838e-01 4.618478075933424298e-02 3.529520806509167663e-02
1.500000000000000000e+01 5.579673518734324933e-01 7.001685085320517032e-01 4.888957907936397618e-02 3.466214755105823109e-02
7.000000000000000000e+00 6.698065350097981430e-01 6.268749289114351475e-01 5.173407358840320658e-02 3.612548352276667707e-02
5.000000000000000000e+00 6.611415021944924142e-01 5.738404573677613474e-01 5.372006458207023716e-02 3.895079603120865652e-02
5.000000000000000000e+00 5.329119534795072610e-01 5.944717888966370989e-01 5.279268024637084888e-02 3.893194099653041196e-02
5.000000000000000000e+00 4.255891233389061945e-01 6.414400617400304316e-01 4.716886643486745134e-02 3.738887983483929478e-02
5.000000000000000000e+00 3.312727249954037223e-01 7.144146588592357183e-01 4.610339349259506836e-02 3.457729989500679668e-02
9.000000000000000000e+00 1.730798150844993777e-01 6.828703765728894037e-01 4.524551666190129717e-02 3.594548878420666949e-02
7.000000000000000000e+00 3.011916696921259629e-01 6.120086877183490426e-01 4.614758838601684676e-02 3.527302887690086930e-02
3.000000000000000000e+00 3.813190413792573730e-01 5.352116955198771286e-01 4.634968057128785457e-02 3.947159824629131730e-02
1.500000000000000000e+01 1.499062145446327377e-01 5.596638145455827829e-01 4.422353018689223481e-02 3.383737601969094566e-02
7.000000000000000000e+00 2.440499067648588816e-01 5.032226442182590187e-01 4.433036630101483411e-02 3.592208347381864453e-02
0.000000000000000000e+00 4.719592529037285322e-01 4.631257781456771250e-01 5.081265638073073632e-02 3.609771866678829211e-02
8.000000000000000000e+00 7.430357840857975127e-01 3.948194096917386209e-01 5.472570276111576870e-02 4.036789357249970234e-02
2.000000000000000000e+00 6.094875352563111637e-01 3.927425494196735145e-01 5.639126715389453093e-02 3.627640554167121945e-02
3.000000000000000000e+00 3.667486089780538361e-01 4.628450370332409802e-01 4.795897957879186047e-02 3.462912399321166346e-02
9.000000000000000000e+00 2.482616501360801475e-01 3.914805699599177569e-01 4.713428978890435439e-02 3.669116181026965684e-02
0.000000000000000000e+00 3.067382922995209871e-01 4.461615056372528754e-01 4.606917105971114479e-02 3.388890039913655672e-02
1.000000000000000000e+00 1.057582543558325816e-01 4.614832376030469363e-01 4.507018118769091919e-02 3.177817190726672791e-02
1.000000000000000000e+00 4.558686878259228248e-01 3.561404585752458996e-01 5.558058240421609453e-02 3.900422771184985926e-02
