8.000000000000000000e+00 5.449287274700955752e-01 4.670166621198731383e-01 4.047532312339263694e-02 3.872683464255066710e-02
1.000000000000000000e+00 1.495031001935423209e-01 3.917883045542075449e-01 3.736521435013351322e-02 3.948534920811264115e-02
6.000000000000000000e+00 2.497589696061409403e-01 3.535149335244663349e-01 3.939296452268065130e-02 3.992280064635578274e-02
7.000000000000000000e+00 3.548927855368049222e-01 3.123204969085761062e-01 3.978050598352794731e-02 4.137057053611969959e-02
1.500000000000000000e+01 4.667477629689295027e-01 2.652381905047390687e-01 4.104195504858504373e-02 4.193205046364528732e-02
2.000000000000000000e+00 5.668459109984143041e-01 3.406027540087174232e-01 4.188310648581194950e-02 4.064258741127563246e-02
3.000000000000000000e+00 4.529156005971108345e-01 3.882832922325262226e-01 4.068883829941960517e-02 3.909798338354947278e-02
2.000000000000000000e+00 2.439612158682898935e-01 4.696195625773910143e-01 3.783553904621575481e-02 3.853480563861094721e-02
6.000000000000000000e+00 1.397339319816057190e-01 5.096751149818057325e-01 3.681602896249430712e-02 3.726109130638138867e-02
5.000000000000000000e+00 1.286001430240654164e-01 6.138127804545323585e-01 3.569570365170449122e-02 3.613014000040404294e-02
1.500000000000000000e+01 2.291396357627573099e-01 5.800194812139619627e-01 3.620455123943075448e-02 3.620460978485873227e-02
3.000000000000000000e+00 3.304038916277516336e-01 5.423664868123448946e-01 3.960103497390071725e-02 3.960100570118663121e-02
9.000000000000000000e+00 4.458682093343078190e-01 5.032892870557462706e-01 3.908009775528614727e-02 3.952595046245183097e-02
1.000000000000000000e+00 6.587687900940901731e-01 4.225158431832517492e-01 4.262136433327523566e-02 3.998234134666273087e-02
3.000000000000000000e+00 1.198888175148532242e-01 7.230976575051932809e-01 3.482671386344916853e-02 3.702073305160269445e-02
0.000000000000000000e+00 2.171706523652922605e-01 6.826575494567607150e-01 3.771066164822695077e-02 3.638545661204473092e-02
5.000000000000000000e+00 3.187941283403241677e-01 6.493713999865036168e-01 3.475979643921045525e-02 3.651970127851833503e-02
0.000000000000000000e+00 4.180020053184645423e-01 6.169466879442859764e-01 3.958824279787603873e-02 3.958824279787598321e-02
9.000000000000000000e+00 5.264584352897812014e-01 5.758575452807084272e-01 3.740080997037609212e-02 3.783521704636161331e-02
5.000000000000000000e+00 6.372993034539200519e-01 5.381129272842237743e-01 4.160759170150085673e-02 3.985813722109632362e-02
0.000000000000000000e+00 6.161917153771199196e-01 6.496817785732068584e-01 3.952741409815252460e-02 3.909224593160254280e-02
7.000000000000000000e+00 5.093208126877227793e-01 6.791240694206996942e-01 3.802519696032030661e-02 3.890531037990141439e-02
2.000000000000000000e+00 4.035983663872840799e-01 7.177552701065627039e-01 3.752182337011483737e-02 3.489354346954609554e-02
1.000000000000000000e+00 3.038808953672100244e-01 7.521546316181039193e-01 3.721405005495903584e-02 3.633387808995003354e-02
7.000000000000000000e+00 2.088997055657247914e-01 7.863818110258078420e-01 3.783524631907567159e-02 3.740080997037587007e-02
8.000000000000000000e+00 2.966073723886395452e-01 8.519299455210720406e-01 3.381762486591710637e-02 3.293736508276612351e-02
8.000000000000000000e+00 3.977744574794603860e-01 8.156565741309915740e-01 3.665093085544862683e-02 3.671430628129135343e-02
6.000000000000000000e+00 5.956288925081425489e-01 7.542485088516113212e-01 3.545036903554310559e-02 3.644733912947273335e-02
1.100000000000000000e+01 8.220066454368815112e-01 6.686609476139615538e-01 3.628645629324511734e-02 3.839584806518081539e-02
1.100000000000000000e+01 8.281245548479168050e-01 7.823485286706510777e-01 3.535400326100501811e-02 4.008763529897552136e-02
