6.000000000000000000e+00 9.162464628046975701e-01 5.818825202718800327e-01 3.235337183660147442e-02 4.660613764019283511e-02
9.000000000000000000e+00 8.422693580922535617e-01 6.581108339253110007e-01 3.151541733126050904e-02 4.375776505179118647e-02
3.000000000000000000e+00 7.721716423150833952e-01 7.620942085459940785e-01 3.216837115336801389e-02 4.289145150754714031e-02
3.000000000000000000e+00 7.154086771956611468e-01 8.825248398334496480e-01 3.212301988870081004e-02 4.427391115861745163e-02
8.000000000000000000e+00 6.124970886648946067e-01 8.712440607111475721e-01 3.311135269235643275e-02 4.601865898152424084e-02
7.000000000000000000e+00 6.756197567386694747e-01 7.673265672115154867e-01 3.599162195028127176e-02 4.362211721540165676e-02
3.000000000000000000e+00 7.426391249401771422e-01 6.657585243950013831e-01 3.367731559758324611e-02 4.739671109280618744e-02
5.000000000000000000e+00 8.141703930335992823e-01 5.583387765817464654e-01 3.382931772634623080e-02 4.719025265007537051e-02
7.000000000000000000e+00 8.902039630211063814e-01 4.201685805633089132e-01 3.447937185122462722e-02 4.770083133822156096e-02
8.000000000000000000e+00 8.567101112672248497e-01 3.022911616832784643e-01 3.451086256313562473e-02 5.224117725995580663e-02
1.000000000000000000e+00 7.835846476310444064e-01 4.762210328706206752e-01 3.630339739638233088e-02 5.027541451422701257e-02
6.000000000000000000e+00 7.142772733307087840e-01 5.215838093358357019e-01 3.573743449115551751e-02 4.889892823944919087e-02
6.000000000000000000e+00 6.580788212678988502e-01 6.454047666238607039e-01 3.623676235405159929e-02 4.894103184321962896e-02
5.000000000000000000e+00 5.750827882629716559e-01 7.397216525667997811e-01 3.623194885665081966e-02 4.518105243985093278e-02
2.000000000000000000e+00 4.985115709136824780e-01 8.496752718069598975e-01 3.611042254576818378e-02 4.627621008943627601e-02
7.000000000000000000e+00 6.730487111932836886e-01 4.110323740163841499e-01 3.676897278352864173e-02 5.205469773113563514e-02
1.000000000000000000e+00 5.238364101314929577e-01 6.315699921758817226e-01 3.507757938964184419e-02 4.552188285219005426e-02
1.500000000000000000e+01 4.595287082925088029e-01 7.393330351441206316e-01 3.564461518284356423e-02 4.756123991360006187e-02
0.000000000000000000e+00 6.526712628957793694e-01 3.116241126872154044e-01 3.666052410715037180e-02 5.338159918329143938e-02
1.000000000000000000e+00 5.852431533728208457e-01 3.974026371594931994e-01 3.822067720443600436e-02 5.356114843573350770e-02
2.000000000000000000e+00 4.994361248767783534e-01 5.139294930579761944e-01 3.673742407767316420e-02 4.898322243790670383e-02
0.000000000000000000e+00 4.288197837516506405e-01 6.211613549892546216e-01 3.824564359758081400e-02 4.911472370725822323e-02
2.000000000000000000e+00 3.820728513124860282e-01 8.470478271504631174e-01 3.918331869063951256e-02 4.787678496609926171e-02
0.000000000000000000e+00 5.283982428096968276e-01 2.498157468811348647e-01 3.957031228287011260e-02 5.586974238488967570e-02
5.000000000000000000e+00 4.371701578509322172e-01 3.657196898208063818e-01 4.021436403448352959e-02 5.188109285801373316e-02
9.000000000000000000e+00 3.992022617524657591e-01 4.885286382772981439e-01 3.899541831017688809e-02 5.094939114124763524e-02
1.500000000000000000e+01 3.406975499967691001e-01 7.206698298546700965e-01 3.643118705328018958e-02 4.957455769389029765e-02
8.000000000000000000e+00 2.998213880636282358e-01 6.173053086166774284e-01 3.886530889549549839e-02 5.182043119197543568e-02
1.100000000000000000e+01 3.244605648745838011e-01 2.868736454965969962e-01 3.241525137547596191e-02 4.192741816667350241e-02
1.100000000000000000e+01 2.767086118742086431e-01 3.256554866073452237e-01 3.181797174017209073e-02 4.059816795976195491e-02
