3.000000000000000000e+00 5.702141761167945910e-01 6.608210156927307732e-01 4.722328816715526401e-02 3.434994560997539637e-02
8.000000000000000000e+00 9.823436698457732597e-02 6.300889599954672127e-01 4.559318637325836254e-02 3.241358804544502981e-02
0.000000000000000000e+00 1.211900471583691186e-01 5.390301540927020518e-01 4.499932331541538211e-02 3.285515048152165551e-02
1.500000000000000000e+01 1.510708346408770053e-01 4.402060495851906063e-01 4.640309141049508979e-02 3.546871440124155228e-02
0.000000000000000000e+00 1.840206717453767848e-01 3.442656035358896416e-01 4.689779501362154046e-02 3.650803784883921432e-02
5.000000000000000000e+00 1.726832070658472218e-01 7.156217014673675880e-01 4.462570866179857432e-02 3.256900142158736244e-02
2.000000000000000000e+00 2.227068103938663057e-01 6.240740529134092274e-01 4.436078802585194381e-02 3.304477611296785522e-02
7.000000000000000000e+00 2.932949657210964234e-01 4.171296590401241122e-01 4.917327454814257592e-02 3.621364419623340769e-02
1.000000000000000000e+00 3.512730165571603114e-01 3.073408632217333736e-01 4.916116004462522948e-02 3.819949735962530069e-02
1.000000000000000000e+00 2.659181788128396340e-01 7.918249852605810934e-01 4.311764927370673184e-02 3.144397907873686115e-02
6.000000000000000000e+00 3.047329078684567483e-01 6.821682291176804913e-01 4.646085964486051934e-02 3.373176941660094297e-02
5.000000000000000000e+00 3.507289575693333106e-01 5.998784448917608980e-01 4.531542212015665649e-02 3.487501960039185445e-02
2.000000000000000000e+00 3.894755425426649209e-01 4.912536649744173589e-01 4.652636770091767016e-02 3.623537739120097356e-02
1.000000000000000000e+00 4.361153154570650003e-01 3.945070996702287891e-01 4.798470714749014654e-02 3.710913595739401272e-02
3.000000000000000000e+00 4.730561523569133953e-01 2.824333738828601059e-01 5.178812843814439848e-02 4.017632073104360213e-02
6.000000000000000000e+00 3.621361227083362833e-01 8.720397120738287988e-01 4.515661556131617127e-02 3.386710412487636823e-02
8.000000000000000000e+00 3.969466157517986815e-01 7.703675074193572225e-01 4.545549606707666168e-02 3.329099217982633974e-02
3.000000000000000000e+00 4.565887562944055400e-01 6.879785637387210162e-01 4.574108427036677194e-02 3.511299107457876989e-02
8.000000000000000000e+00 4.928149777008878352e-01 5.936550113093430614e-01 4.781426281327993966e-02 3.559370130442929270e-02
1.500000000000000000e+01 5.353914844413181218e-01 4.744711375848796875e-01 4.956957585302235181e-02 3.664376515676576185e-02
7.000000000000000000e+00 5.772346711192941626e-01 3.756817220608196228e-01 4.937030348729376517e-02 4.022918146977122467e-02
7.000000000000000000e+00 4.839197071934048244e-01 8.489538430514731449e-01 4.586264994802408124e-02 3.333417814143924129e-02
2.000000000000000000e+00 5.503358182004983723e-01 7.611461829016961111e-01 4.920888894505726086e-02 3.423827905209042566e-02
5.000000000000000000e+00 6.296526135261828472e-01 5.710391121120992342e-01 5.019880092228989898e-02 3.551434008925724584e-02
0.000000000000000000e+00 6.705625067051705912e-01 4.482042999971571628e-01 5.222854111810026900e-02 3.837712065888276847e-02
9.000000000000000000e+00 6.355324382854552479e-01 8.577098248113381729e-01 4.834971265161669418e-02 3.385476527870123764e-02
9.000000000000000000e+00 6.989980227009187086e-01 7.413935129593931528e-01 5.007726328746486821e-02 3.728535711504088468e-02
6.000000000000000000e+00 7.784022275346209607e-01 5.375261048296171573e-01 5.283112549676249881e-02 3.962300760858517013e-02
1.100000000000000000e+01 8.421624299453480678e-01 4.104284457038223088e-01 4.592484894987958199e-02 3.259272565764231855e-02
1.300000000000000000e+01 8.339384207126250281e-01 2.861784520610884952e-01 4.343273853648821348e-02 3.566543486923839934e-02
