2.000000000000000000e+00 1.637269488278367269e-01 5.888943679990270574e-01 3.405495244204800875e-02 4.087605136461325284e-02
6.000000000000000000e+00 1.460606348496832907e-01 7.272186677291976320e-01 3.398174270195661317e-02 4.530134951557440726e-02
7.000000000000000000e+00 2.205056725714122368e-01 8.105423037002088549e-01 3.689216238487211252e-02 4.991234628055940536e-02
1.500000000000000000e+01 2.041248871043770952e-01 6.856567596731055758e-01 3.504428855089844475e-02 4.709121021959550291e-02
0.000000000000000000e+00 2.928679115819472489e-01 7.677362262497915424e-01 3.663560285504258163e-02 4.739219931724236723e-02
0.000000000000000000e+00 2.886944045645243317e-01 9.010247599073729630e-01 3.608210099711911534e-02 4.810963779068555546e-02
3.000000000000000000e+00 1.716135650035609528e-01 3.571955443372032413e-01 3.198266684196499066e-02 4.355317336785585747e-02
1.000000000000000000e+00 1.930850733716575895e-01 4.496496262892105689e-01 3.349785659997622789e-02 4.314917559068337516e-02
6.000000000000000000e+00 2.560595003473652431e-01 5.635626376647955293e-01 3.747905716637808804e-02 4.906190209454175388e-02
6.000000000000000000e+00 3.274882797978748705e-01 6.389979312157277880e-01 3.446902469447077344e-02 4.747262532471796526e-02
7.000000000000000000e+00 3.891731597919991792e-01 8.403206979966767465e-01 3.800618427448898551e-02 5.327688142510877967e-02
8.000000000000000000e+00 2.552599520707231617e-01 2.924477408761074759e-01 3.446885489994408469e-02 4.450447550272762509e-02
0.000000000000000000e+00 2.850639711911774343e-01 3.862232487320842456e-01 3.442518940749683676e-02 4.408100795316133302e-02
8.000000000000000000e+00 3.363109166010687101e-01 4.921559173532117359e-01 3.455511051950288515e-02 4.534300577278921329e-02
5.000000000000000000e+00 4.068662588567381055e-01 6.802836684741576656e-01 3.533475038789052336e-02 4.831339122271427478e-02
2.000000000000000000e+00 3.564467929231294185e-01 2.593840630304229955e-01 3.480487826826478281e-02 4.615400103043890145e-02
2.000000000000000000e+00 3.595702056902344568e-01 3.617860950112659624e-01 3.382689009361478094e-02 4.510257672299522458e-02
8.000000000000000000e+00 4.182015150658991987e-01 4.361579371424473273e-01 3.496154201822460061e-02 4.481036034256075107e-02
5.000000000000000000e+00 4.594591230310739460e-01 5.510594215047054378e-01 3.553374957317195770e-02 4.526076862369521336e-02
1.000000000000000000e+00 4.881367677100945657e-01 6.600466795114525720e-01 3.522200682216791723e-02 4.726049536270593432e-02
1.000000000000000000e+00 4.718487042041763502e-01 2.891652589365811821e-01 3.333250503006746079e-02 4.553198708099570613e-02
5.000000000000000000e+00 4.764116774171957558e-01 1.662070242828549704e-01 3.798527124861827975e-02 4.586291661351571403e-02
9.000000000000000000e+00 5.413000282977596944e-01 2.725110476833986772e-01 3.489900103422693967e-02 4.411578753204514758e-02
7.000000000000000000e+00 5.419889412907188397e-01 5.041111216784079918e-01 3.540430954565809696e-02 4.981488422223906420e-02
3.000000000000000000e+00 5.927566840976576934e-01 7.264258404859038620e-01 3.644565937785138043e-02 4.859400497715815614e-02
9.000000000000000000e+00 6.083786295258248877e-01 5.962785621702737515e-01 3.740952630769833753e-02 4.987957593690817149e-02
3.000000000000000000e+00 5.864714850004157931e-01 3.467645713285644749e-01 3.550188480032956395e-02 4.552355395283680384e-02
1.500000000000000000e+01 6.085942968738096148e-01 2.602026707426861041e-01 3.455511051950288515e-02 4.534300577278910227e-02
1.300000000000000000e+01 7.240360108218215629e-01 6.449537855293655531e-01 2.471472532332574801e-02 3.440654030864864765e-02
1.600000000000000000e+01 7.533920695322344763e-01 6.431466623817977402e-01 2.336417965802872754e-02 3.585737794104404408e-02
