1.000000000000000000e+00 7.246915608188226887e-01 1.995362345208153143e-01 4.293723488582024128e-02 3.383539935140683630e-02
1.300000000000000000e+01 5.630250112528606410e-01 8.008851900705035165e-01 3.922809003045957255e-02 3.575388791385525344e-02
1.000000000000000000e+01 4.589241826240972877e-01 7.398177575352572477e-01 3.059085907154018846e-02 2.781210008990053772e-02
5.000000000000000000e+00 2.718048333465356570e-01 6.487847075072417091e-01 5.776649566587846452e-02 4.273122230595272075e-02
3.000000000000000000e+00 1.193410161141687797e-01 4.077450669169555009e-01 5.716691238278903686e-02 3.994172931694739415e-02
2.000000000000000000e+00 8.519246501311908415e-02 2.969483558833437287e-01 4.902066180890694153e-02 3.617742199592666186e-02
1.500000000000000000e+01 4.660783985332919155e-01 6.576363603084834919e-01 5.435658279125038517e-02 4.369579054002814544e-02
2.000000000000000000e+00 4.072766021168872097e-01 5.601096089314674398e-01 5.572694816474477175e-02 4.180023372058794262e-02
8.000000000000000000e+00 3.113854092365165860e-01 4.301066303603022223e-01 5.447721122161874874e-02 4.026980535490609636e-02
2.000000000000000000e+00 2.460558726135297081e-01 3.032471374167725608e-01 5.018512940475144957e-02 3.804935825905148006e-02
7.000000000000000000e+00 1.862508483162006456e-01 2.046281003383628727e-01 5.173286420476883030e-02 3.636107684387504535e-02
6.000000000000000000e+00 2.790311450485176148e-01 1.278339837361271714e-01 4.639367135921768082e-02 3.520556382102003889e-02
1.500000000000000000e+01 3.727239472091312678e-01 2.507101554276010003e-01 5.063455138693984114e-02 3.715806254049602853e-02
3.000000000000000000e+00 4.049596637569597979e-01 3.176804596978665129e-01 5.022757752478829163e-02 3.522726144018700767e-02
9.000000000000000000e+00 4.606257523959857436e-01 4.346433557033316797e-01 5.149582632553684203e-02 3.821737130482277811e-02
0.000000000000000000e+00 5.582812688105576182e-01 5.338791963975030308e-01 4.954444692768456004e-02 3.797640144963065900e-02
3.000000000000000000e+00 6.285119560667482563e-01 6.746648010735458723e-01 5.566059248284815908e-02 4.540588437658932275e-02
8.000000000000000000e+00 7.556165517453112823e-01 6.469397784658574846e-01 5.175329899953984292e-02 4.207283158678787327e-02
6.000000000000000000e+00 6.952440744356035429e-01 5.590653966587835200e-01 4.680853787384386955e-02 3.958104944912943512e-02
6.000000000000000000e+00 6.205171583187174544e-01 4.552900179672463299e-01 4.976739283467979114e-02 3.895778820861578451e-02
1.000000000000000000e+00 5.167473475347443834e-01 2.685195956804539152e-01 4.749367750975952429e-02 3.439770061426106196e-02
0.000000000000000000e+00 4.350647659443733772e-01 1.677836057055492325e-01 4.651349617406125292e-02 3.569708951659178453e-02
5.000000000000000000e+00 5.770282413751908202e-01 1.659436275098084002e-01 3.990921158875149199e-02 3.156400877139722838e-02
9.000000000000000000e+00 6.523681439340960342e-01 2.670752115770237967e-01 4.493002918374922050e-02 3.695296837837089288e-02
1.000000000000000000e+00 7.004549471021928042e-01 3.700641807262561311e-01 4.801924206291319219e-02 3.683228254689369097e-02
8.000000000000000000e+00 7.742367826614773296e-01 4.698320148977785937e-01 4.933212022583710610e-02 3.698818395868547215e-02
0.000000000000000000e+00 8.430670263631061534e-01 5.680270299846912341e-01 5.236450600718278725e-02 3.927326470316938600e-02
7.000000000000000000e+00 9.114747979031785352e-01 4.675853928962624417e-01 4.580332965466227257e-02 3.801474539038052214e-02
5.000000000000000000e+00 8.572091671689914261e-01 3.766135037497873039e-01 4.685262192548467208e-02 3.717439315598020100e-02
7.000000000000000000e+00 7.830056630636752502e-01 2.677638096297509374e-01 4.271342796219157467e-02 3.285272106747127996e-02
