3.000000000000000000e+00 7.644136884811661981e-01 7.613547368602447962e-01 3.256855206168451922e-02 4.302620678671265075e-02
0.000000000000000000e+00 6.703809086347152224e-01 7.761826032109439000e-01 3.232623562352276991e-02 4.310197502644408374e-02
2.000000000000000000e+00 5.752625085666057680e-01 8.115486846312481850e-01 3.232623562352276991e-02 4.310197502644408374e-02
3.000000000000000000e+00 4.763308179994835134e-01 8.315386990182133120e-01 3.341218337359502799e-02 4.264469077267496466e-02
9.000000000000000000e+00 8.053957631431605257e-01 6.250783247838478385e-01 3.258945929210044223e-02 4.152967487587577722e-02
7.000000000000000000e+00 6.972798346769457645e-01 6.548760137586047136e-01 3.324582623340632814e-02 4.267662479302314349e-02
0.000000000000000000e+00 6.093415943788180744e-01 6.829554340863650541e-01 3.271452055811252535e-02 4.409083789585166446e-02
1.000000000000000000e+00 5.203990700817984205e-01 7.100151492857493807e-01 3.259933973258399842e-02 4.465478723638993674e-02
5.000000000000000000e+00 4.175592831868782384e-01 7.404100863231168894e-01 3.462900601902496600e-02 4.576385303367136448e-02
9.000000000000000000e+00 8.351295294891525334e-01 5.267214329359717340e-01 3.218457958454334911e-02 4.264097878398498409e-02
3.000000000000000000e+00 7.499767272923676398e-01 5.350025794690271841e-01 3.196229696769381512e-02 4.340581221833605952e-02
2.000000000000000000e+00 6.440496985097818872e-01 5.485964825206395279e-01 3.166277223325064671e-02 4.380463265023737396e-02
1.500000000000000000e+01 5.455209361267510104e-01 5.710272113533962912e-01 3.256101890816653910e-02 4.262596706501797783e-02
1.000000000000000000e+00 4.475522609783785244e-01 6.141881414943289874e-01 3.255367681288984238e-02 4.261592286032733767e-02
0.000000000000000000e+00 3.388067819597397889e-01 6.384829437063035407e-01 3.387462619988185208e-02 4.755275864191621515e-02
2.000000000000000000e+00 8.687872499969786499e-01 3.795978802624394577e-01 3.187206288968502665e-02 4.382062695444582934e-02
5.000000000000000000e+00 7.621455815094604347e-01 4.062337464002994114e-01 3.370349260365801403e-02 4.625421765723675138e-02
6.000000000000000000e+00 6.812910165694083808e-01 4.341409686644910892e-01 3.368444136758730334e-02 4.557415949399745703e-02
8.000000000000000000e+00 5.733922667355944025e-01 4.679496661240734046e-01 3.320619529533341829e-02 4.426532865831706021e-02
5.000000000000000000e+00 4.514798725408336044e-01 4.862038481528506706e-01 3.309568174970178855e-02 4.508035582208691494e-02
1.000000000000000000e+00 3.742173526562553310e-01 4.966781931799665317e-01 3.454322086863720331e-02 4.415216759134049651e-02
6.000000000000000000e+00 4.215540380741674698e-01 3.755251599656425632e-01 3.457081513750198676e-02 4.561370854996693591e-02
7.000000000000000000e+00 5.052909349379857140e-01 3.580435219359584531e-01 3.273299861945921929e-02 4.506815538867192661e-02
1.500000000000000000e+01 6.048857340729316689e-01 3.458388170045689769e-01 3.306792371663014318e-02 4.360986242014919245e-02
6.000000000000000000e+00 7.189471766591792878e-01 3.097550662415044509e-01 3.382822634125659533e-02 4.510486586505479956e-02
8.000000000000000000e+00 7.998280257544407856e-01 2.916124622257036947e-01 3.270524058638746290e-02 4.359766198673425963e-02
8.000000000000000000e+00 6.409609690972368767e-01 2.220770336211436990e-01 3.465741910892428113e-02 4.689063265933385294e-02
7.000000000000000000e+00 4.539980065154431976e-01 2.210379633753001283e-01 3.237263548214797115e-02 4.553993277475279489e-02
1.000000000000000000e+01 2.626420963772522210e-01 3.832807735116980918e-01 2.393441178062877261e-02 2.761348386505940722e-02
1.600000000000000000e+01 2.117703012598028678e-01 4.655396984081295875e-01 2.166349352337104683e-02 3.126018522459034221e-02
