0.000000000000000000e+00 4.297371485577604067e-01 5.233628117995867690e-01 3.598908887384111299e-02 3.419312662508600109e-02
1.200000000000000000e+01 7.306794546988524264e-01 7.575057933374147456e-01 2.999347165845045460e-02 2.909507545543521534e-02
6.000000000000000000e+00 4.124499534629660902e-01 2.618471374486035508e-01 3.244387455900465955e-02 3.074764187088721568e-02
7.000000000000000000e+00 5.078371966064076926e-01 2.714982415368611957e-01 3.203806601107089813e-02 3.307385324310002650e-02
1.500000000000000000e+01 6.091061040432903528e-01 2.800648973408195186e-01 3.221956606329712258e-02 3.180755900770998457e-02
2.000000000000000000e+00 6.576091220401679704e-01 3.671592843855553956e-01 3.267034146362712832e-02 3.223323598642557908e-02
3.000000000000000000e+00 5.539159201490301276e-01 3.597944334326734772e-01 3.303743701063632798e-02 3.055604157181512903e-02
2.000000000000000000e+00 3.548150394095308524e-01 3.412665682903777697e-01 3.268046938238228227e-02 3.286847233326273265e-02
6.000000000000000000e+00 2.526238134041581818e-01 3.340953376859371327e-01 3.565990384239076105e-02 3.503496144576373483e-02
5.000000000000000000e+00 1.855205128786949209e-01 4.088156632725210571e-01 3.605904346021523987e-02 3.462469772045412286e-02
1.500000000000000000e+01 2.902009654731829702e-01 4.195600568200568148e-01 3.372812786344409064e-02 3.330364077682262947e-02
3.000000000000000000e+00 3.924503439956700257e-01 4.286890749980610815e-01 3.563303441858961529e-02 3.335073836622481913e-02
9.000000000000000000e+00 5.006586744539015532e-01 4.412040556536458991e-01 3.595306004810566725e-02 3.273575785689786244e-02
8.000000000000000000e+00 5.949996842196034752e-01 4.513572388618292131e-01 3.487828309606022525e-02 3.380560920911157563e-02
1.000000000000000000e+00 6.985931565501035667e-01 4.580462864490352226e-01 3.416694899901395743e-02 3.525224127654286166e-02
5.000000000000000000e+00 6.424027991709120311e-01 5.406180181673840845e-01 3.524659620707282226e-02 3.381225046731162198e-02
9.000000000000000000e+00 5.364585704847681935e-01 5.304504732383430454e-01 3.559736532767343586e-02 3.271743905302937350e-02
5.000000000000000000e+00 3.305236413540277862e-01 5.118304191306575213e-01 3.305083021467308813e-02 3.377530846857379476e-02
0.000000000000000000e+00 2.249565116100568640e-01 5.002043293772889809e-01 3.379285245898561163e-02 3.415532679716393183e-02
3.000000000000000000e+00 1.146893911098022245e-01 4.958491306092258633e-01 3.379913398236651656e-02 3.452275440708291177e-02
7.000000000000000000e+00 1.568280913735483062e-01 5.896617452693843076e-01 3.751281488021160349e-02 3.822486844689620966e-02
1.000000000000000000e+00 2.618928376065928210e-01 5.965357518974624407e-01 3.530805551733265379e-02 3.674237358518461782e-02
2.000000000000000000e+00 3.669883965104947521e-01 6.060269123507349143e-01 3.534829047326148999e-02 3.966225809666568125e-02
7.000000000000000000e+00 4.774873799376595507e-01 6.128567546117824616e-01 3.343148499717413236e-02 3.378136861668135094e-02
0.000000000000000000e+00 5.826643495983306886e-01 6.304075799852105755e-01 3.639143843312897530e-02 3.639143843312897530e-02
6.000000000000000000e+00 5.219137446041488548e-01 7.150148296699730954e-01 3.794078862738803348e-02 4.226651681218829282e-02
8.000000000000000000e+00 3.102873678835812443e-01 6.969645540079902890e-01 3.749510485834472995e-02 3.713260284825725677e-02
1.200000000000000000e+01 7.077646787805882411e-01 8.404930464438148396e-01 3.254017280290566472e-02 3.492206005636244726e-02
8.000000000000000000e+00 1.971157207814331347e-01 6.905365632118655173e-01 3.859807948583127146e-02 3.788688374833082406e-02
1.000000000000000000e+00 3.167558565187719166e-01 2.519484389530743940e-01 3.348901489633221429e-02 3.183041600468189403e-02
