8.000000000000000000e+00 4.638993158287200713e-01 4.893781763190527823e-01 5.412277154740274820e-02 3.907406187957535026e-02
1.100000000000000000e+01 3.158396830317639070e-01 9.091218584758797849e-01 4.214437307575391589e-02 3.312646368944260900e-02
1.100000000000000000e+01 3.979794874269345639e-01 7.473674898282809398e-01 4.646998093183724032e-02 3.485252202532374000e-02
1.500000000000000000e+01 1.615675160104113883e-01 4.548618918757431073e-01 6.073252819096586208e-02 4.326130956902346503e-02
2.000000000000000000e+00 2.211476095053047652e-01 1.891165044003463303e-01 6.298962104163888243e-02 4.571779101521925015e-02
5.000000000000000000e+00 2.818919219952772393e-01 8.539720738688139079e-02 6.409629894662388638e-02 4.654766140346417586e-02
6.000000000000000000e+00 4.121476004576488106e-01 6.573421086375404176e-02 5.425741188599142450e-02 4.146158120112813233e-02
5.000000000000000000e+00 3.861598936455983289e-01 1.786495476229905399e-01 5.957281367516181758e-02 4.163609344659008338e-02
9.000000000000000000e+00 3.741588565329478921e-01 2.920304877029045176e-01 5.949830086960561371e-02 4.004423953194857777e-02
2.000000000000000000e+00 3.432237493579193277e-01 4.126512303017546568e-01 5.958182263371181175e-02 4.162894440206327262e-02
2.000000000000000000e+00 3.156654613978681079e-01 5.312517284763287329e-01 5.868499534063020828e-02 4.477510521700212021e-02
7.000000000000000000e+00 5.666574586789403511e-01 5.236894134563453707e-02 5.088864261139580680e-02 3.817345663613402884e-02
1.000000000000000000e+00 5.397981496577484162e-01 1.520152446068759877e-01 5.625170469741180845e-02 3.914534889674739504e-02
5.000000000000000000e+00 4.995817663646019424e-01 2.529781054461626155e-01 4.983776212710799847e-02 3.813980381677600784e-02
9.000000000000000000e+00 4.932003577591266286e-01 3.829110452337669557e-01 5.412274248624610040e-02 3.907403281841875797e-02
8.000000000000000000e+00 4.150874706523692836e-01 6.195182495004173395e-01 5.745323821758213656e-02 4.156570732527309353e-02
0.000000000000000000e+00 5.266393160656304140e-01 7.109310475840711074e-01 5.325305831344107066e-02 4.222760422829396898e-02
6.000000000000000000e+00 5.776664350882878551e-01 5.747784535887001667e-01 4.902402068078326458e-02 4.209711963510098798e-02
7.000000000000000000e+00 5.773933764607508401e-01 4.628817394299109544e-01 4.979123521537032193e-02 3.734390592061187508e-02
8.000000000000000000e+00 6.106520393516264855e-01 3.502506353129292149e-01 4.757776316077366729e-02 3.568329330942360267e-02
1.000000000000000000e+00 6.474210865332739040e-01 2.330769963363254482e-01 4.757776316077366729e-02 3.568332237058022272e-02
0.000000000000000000e+00 6.781599146565373548e-01 1.357269313037149649e-01 5.072560952279603352e-02 3.499466014231861211e-02
6.000000000000000000e+00 7.668747621436966533e-01 2.310720671415846805e-01 4.619189472420603959e-02 3.623862295114416154e-02
3.000000000000000000e+00 7.366350012629507837e-01 3.352591034707382289e-01 4.773515838499042818e-02 3.738944475302463655e-02
1.500000000000000000e+01 6.977537601575036774e-01 5.275449198280091068e-01 5.064179714712369051e-02 3.670889058745807620e-02
3.000000000000000000e+00 6.700037557472755534e-01 6.369325373165544146e-01 4.932422242859713091e-02 4.397633026633329667e-02
7.000000000000000000e+00 8.630303409866154629e-01 2.982122461624475696e-01 4.169229772347993190e-02 3.444337000136726834e-02
0.000000000000000000e+00 8.116337093576219130e-01 3.908817649026801733e-01 4.112827879593194957e-02 3.909745611064896487e-02
3.000000000000000000e+00 8.163387396744463675e-01 5.003540230098613151e-01 4.614324634803568248e-02 3.524327833714402392e-02
1.000000000000000000e+00 7.976715963355599515e-01 5.716120080864453001e-01 4.437214321940441408e-02 3.518986393128908929e-02
