3.000000000000000000e+00 4.332625253351539696e-01 7.030857843110718264e-01 3.393570850293420316e-02 4.617135104179448390e-02
8.000000000000000000e+00 1.940373563923818989e-01 3.639697569297145607e-01 3.215594661240148144e-02 4.441630806640806117e-02
0.000000000000000000e+00 2.662848480987132227e-01 2.900493843946062578e-01 3.243780287117092875e-02 4.402331314009683139e-02
1.500000000000000000e+01 3.474230749632399862e-01 2.130784442031112003e-01 3.474512207670982233e-02 4.574969650371935037e-02
0.000000000000000000e+00 4.283592240075128066e-01 1.409343888936601119e-01 3.565704887717907612e-02 4.638585721291893504e-02
5.000000000000000000e+00 1.789322942336055433e-01 4.962809055632438904e-01 3.215762760886070604e-02 4.365500957161277951e-02
2.000000000000000000e+00 2.663736515592025622e-01 4.396095132694185503e-01 3.250931411398544357e-02 4.354298906986286966e-02
7.000000000000000000e+00 4.406871973436948808e-01 2.836765476951161880e-01 3.569912890329779431e-02 4.817589798344007468e-02
1.000000000000000000e+00 5.444454085952759037e-01 2.143949537825328155e-01 3.732005040709340804e-02 4.860885102230658172e-02
1.000000000000000000e+00 1.802598680766070993e-01 6.317811387171319293e-01 3.105092567767353540e-02 4.217449260814076784e-02
6.000000000000000000e+00 2.734014292807931956e-01 5.500787033033240903e-01 3.333592345481939390e-02 4.541225713251950680e-02
5.000000000000000000e+00 3.525667863418690540e-01 4.998135471796211760e-01 3.412436590883327625e-02 4.473170158240502570e-02
2.000000000000000000e+00 4.449950676796237126e-01 4.190746120887980930e-01 3.538817211566031018e-02 4.602212815938955259e-02
1.000000000000000000e+00 5.339817567829893141e-01 3.551084254308960464e-01 3.628218665877724902e-02 4.740655275149568970e-02
3.000000000000000000e+00 6.276764484942169986e-01 2.698177101736425332e-01 3.926129818698742557e-02 5.119207410571008365e-02
6.000000000000000000e+00 1.805995533693057764e-01 7.731536023134892854e-01 3.328045057166503784e-02 4.437422804028934298e-02
8.000000000000000000e+00 2.663117715993797985e-01 6.966288288953230712e-01 3.285039105129380910e-02 4.449222848026324062e-02
3.000000000000000000e+00 3.530405379915205755e-01 6.552034544469778066e-01 3.437185819080518234e-02 4.513155828114812085e-02
8.000000000000000000e+00 4.347181993755440121e-01 5.867845837417826615e-01 3.502088816797954696e-02 4.692763410453115736e-02
1.500000000000000000e+01 5.361660601164957018e-01 4.982387979638163156e-01 3.609876514348886456e-02 4.859438342982969061e-02
7.000000000000000000e+00 6.238548821667457833e-01 4.291357616997171220e-01 3.901708522597691076e-02 4.925179083198116814e-02
7.000000000000000000e+00 2.626378987231087203e-01 8.303561205951317525e-01 3.293667301709432560e-02 4.483548244577273412e-02
2.000000000000000000e+00 3.566375535050904100e-01 7.880735757391774676e-01 3.410413883668456103e-02 4.778295817176680949e-02
5.000000000000000000e+00 5.247208992732557142e-01 6.543049756181824606e-01 3.526421929478174011e-02 4.886579546469682622e-02
0.000000000000000000e+00 6.276439308577925758e-01 5.611011899876859887e-01 3.784705657571929560e-02 5.115013186618644347e-02
9.000000000000000000e+00 3.402143283277522801e-01 9.381992083572641139e-01 3.368146467780641640e-02 4.699410235796797064e-02
9.000000000000000000e+00 4.512627456497958489e-01 8.661347523637550339e-01 3.668405504180766163e-02 4.915024211145269106e-02
6.000000000000000000e+00 6.284055875977350158e-01 7.189811490428947849e-01 3.893661785448621071e-02 5.191578441738453620e-02
1.100000000000000000e+01 7.466764751001300215e-01 6.365775176470387375e-01 3.234413554387760570e-02 4.472712706745030076e-02
1.300000000000000000e+01 8.235273893887045116e-01 5.098140706887321905e-01 3.455081542041504861e-02 4.339379374477703166e-02
