7.000000000000000000e+00 7.733200479872404109e-01 5.297328951389823626e-01 3.808727944626444373e-02 3.808727944626444373e-02
1.500000000000000000e+01 6.381480794667779843e-01 2.578836938881697849e-01 3.962411682844135807e-02 3.710715327308081180e-02
1.500000000000000000e+01 7.416755537741736015e-01 6.468398350546011866e-01 3.960605051346921535e-02 4.029880221764081671e-02
1.400000000000000000e+01 4.289909088359167288e-02 7.160807023420689976e-01 3.910531057776003155e-02 3.711272753165595351e-02
1.100000000000000000e+01 1.163677903199114155e-01 5.966544134840687796e-01 3.799297442554719351e-02 3.636823527352928132e-02
1.000000000000000000e+00 4.497196873969512843e-01 2.007305205633840572e-01 3.761535413949845807e-02 3.626252446218874992e-02
2.000000000000000000e+00 4.157858023081026366e-01 3.040893092305091416e-01 3.686463014614382860e-02 3.717961863455954141e-02
7.000000000000000000e+00 3.809512027913121157e-01 4.156554647082358889e-01 3.789886950641985219e-02 3.729070360288549990e-02
0.000000000000000000e+00 3.376763753851800276e-01 5.237048919156686022e-01 3.951426105559613378e-02 4.087755318746244537e-02
6.000000000000000000e+00 2.623510047611984364e-01 4.377033725299742661e-01 3.969935502623700430e-02 3.818944560086995343e-02
8.000000000000000000e+00 3.358289517495648413e-01 2.315120194982017710e-01 3.688132433592822279e-02 3.583290634871197367e-02
8.000000000000000000e+00 3.711981655426373483e-01 1.246252825787785845e-01 3.704992421837460803e-02 3.523554593103128685e-02
7.000000000000000000e+00 4.806715299566414190e-01 1.010712672618809538e-01 3.609455347045348317e-02 3.503550151303207183e-02
3.000000000000000000e+00 5.896801870140857549e-01 7.543207903464685393e-02 3.438540003344681129e-02 3.459539235905723792e-02
0.000000000000000000e+00 5.625680509837300836e-01 1.793403752535294160e-01 3.587112575237949574e-02 3.524183483814183337e-02
5.000000000000000000e+00 5.269397342177017940e-01 2.834254898130141864e-01 3.621838776864894083e-02 3.810606040977199127e-02
0.000000000000000000e+00 4.909817786682841856e-01 3.831545642764153659e-01 3.829747187346482784e-02 3.787814469889627667e-02
9.000000000000000000e+00 4.563809692733293844e-01 4.977398668352530642e-01 3.864893602312197141e-02 3.885895693467383838e-02
5.000000000000000000e+00 4.195608760239050716e-01 6.114052452135202431e-01 3.914924716970979990e-02 4.103683405300850850e-02
1.000000000000000000e+00 5.024831035077583774e-01 7.010211138594295566e-01 3.977079129382482536e-02 4.228826939613072877e-02
8.000000000000000000e+00 5.337617977215500797e-01 5.817657403451300668e-01 3.808373478952931102e-02 3.997137884471091418e-02
9.000000000000000000e+00 5.666321142742343220e-01 4.791399095087721660e-01 3.776500154278872312e-02 3.734493113374348638e-02
3.000000000000000000e+00 6.060413505810836599e-01 3.636901109097612217e-01 3.800243637215450221e-02 3.737314545791681208e-02
5.000000000000000000e+00 6.719882884256204170e-01 1.553875145890847853e-01 3.794818025535495742e-02 3.691031048051970909e-02
6.000000000000000000e+00 7.472623044058559483e-01 2.353117342955010627e-01 3.601262616236755587e-02 3.643266798547126206e-02
2.000000000000000000e+00 7.160236733889526750e-01 3.426017759693315012e-01 3.815983056556737640e-02 3.669217116160683467e-02
3.000000000000000000e+00 6.527048984118680730e-01 5.604002932886551491e-01 4.096193888650989656e-02 4.054189706340605159e-02
2.000000000000000000e+00 6.221077359202438206e-01 6.793124354044242086e-01 4.003775540066889516e-02 4.066710348678936882e-02
1.000000000000000000e+00 8.336420729683101660e-01 3.193557312922330471e-01 3.829738611564059703e-02 3.787817328483777946e-02
6.000000000000000000e+00 8.023127101733662503e-01 4.232325686825920696e-01 3.930652701935710702e-02 3.846741529515756985e-02
