5.000000000000000000e+00 6.269449716063940636e-01 1.637847959370964113e-01 5.134152938434399793e-02 3.511537258948899121e-02
1.200000000000000000e+01 7.515535658063610125e-01 7.327412011497380639e-01 3.262349371651751540e-02 2.609551644826291206e-02
1.600000000000000000e+01 8.522401513843815835e-01 7.318279548876340801e-01 3.022617230098012531e-02 2.310988829061078054e-02
1.000000000000000000e+00 8.567735974453893899e-01 5.937562464801710016e-01 4.911972899973071627e-02 3.636175468396030119e-02
1.000000000000000000e+00 8.916547611226413039e-01 4.800232734898454146e-01 4.527334524948967154e-02 3.733874369598660925e-02
6.000000000000000000e+00 9.143483224381769858e-01 3.829751366431661252e-01 4.620549729136447237e-02 3.398168265057033288e-02
3.000000000000000000e+00 8.083814553810398928e-01 2.944542632755109413e-01 4.802325089017989157e-02 3.601725253686666184e-02
2.000000000000000000e+00 7.572183028855914433e-01 4.006664342531039980e-01 4.712536914396192600e-02 3.601648145521441080e-02
1.500000000000000000e+01 7.273788423125226998e-01 5.063724186845509623e-01 4.531149951198787384e-02 3.668789366429764387e-02
6.000000000000000000e+00 7.104143034391543488e-01 5.970819216464813284e-01 4.983620664760313179e-02 3.534581176920370549e-02
2.000000000000000000e+00 7.052087883217299513e-01 2.231524856815074176e-01 5.058769711420529891e-02 3.738052489810864132e-02
5.000000000000000000e+00 6.580203332751788370e-01 4.359322819991076070e-01 4.831723290975886709e-02 3.284625063828910951e-02
9.000000000000000000e+00 6.065904722037785968e-01 5.406693594965874539e-01 4.782299812922308213e-02 3.586774837206230249e-02
8.000000000000000000e+00 5.376410648208421739e-01 6.441418345257381439e-01 4.970632222706239389e-02 3.491880388531543034e-02
8.000000000000000000e+00 3.940092151323522085e-01 6.520708385976171639e-01 4.908200311592819665e-02 3.737164317981744865e-02
9.000000000000000000e+00 4.550336309238595112e-01 5.503960976029020902e-01 4.681242422745285348e-02 3.341359538289345732e-02
2.000000000000000000e+00 5.182351100848576753e-01 4.578312151133827057e-01 4.757550947741895353e-02 3.680941042098195837e-02
7.000000000000000000e+00 5.846807582256614566e-01 3.511844111111176447e-01 5.059312324435116803e-02 3.454622865436268730e-02
5.000000000000000000e+00 5.876597036756603387e-01 2.625778048871600934e-01 4.605847772299509479e-02 3.624720622072624687e-02
0.000000000000000000e+00 5.008805181297514286e-01 1.736170579954553483e-01 5.255189910979557455e-02 3.738212417857264547e-02
0.000000000000000000e+00 4.634636667182461256e-01 2.764206768084072618e-01 4.984414593276370598e-02 4.076742965932633744e-02
7.000000000000000000e+00 4.207088454966015356e-01 3.767124114632978693e-01 5.255287010150588856e-02 3.804739629301734372e-02
3.000000000000000000e+00 3.818716616815852061e-01 4.699668265807291911e-01 4.801074223226486914e-02 3.466371865130729590e-02
1.500000000000000000e+01 3.615919429199516144e-01 1.931951495706678845e-01 4.681576558127931165e-02 3.567926174594787669e-02
8.000000000000000000e+00 3.150217097277660527e-01 2.909056598359507917e-01 4.681328098484427436e-02 3.398216814642551764e-02
3.000000000000000000e+00 2.618659822877810739e-01 4.049543907628876394e-01 4.984000493870507920e-02 3.794081567352347584e-02
6.000000000000000000e+00 2.061239184724196760e-01 4.996729899829813748e-01 4.908371663071095514e-02 3.850876014830184602e-02
1.000000000000000000e+00 2.114044712580435137e-01 2.218742036534951945e-01 4.983500718725511480e-02 3.454562892418869269e-02
0.000000000000000000e+00 1.523309491639796565e-01 3.329505861623471841e-01 5.587151985720636982e-02 3.738489436080494333e-02
7.000000000000000000e+00 1.290109982402803113e-01 4.202209935586319611e-01 5.134318578196743477e-02 3.624395054263879201e-02
