2.000000000000000000e+00 8.367125097335106343e-01 3.091593533403516059e-01 4.442135586677786740e-02 3.146815692726573355e-02
1.300000000000000000e+01 2.073153165435380196e-01 7.445693284166394754e-01 4.188249468121685304e-02 3.333674943436149007e-02
1.600000000000000000e+01 1.715398160322377796e-01 6.882228519700892555e-01 4.394903154503362885e-02 3.219138099448937140e-02
9.000000000000000000e+00 1.984377258534498201e-01 4.937835702441956687e-01 5.036892878248724892e-02 3.662425771445343425e-02
3.000000000000000000e+00 3.434985083175756682e-01 4.519721962043273811e-01 4.836525562702337355e-02 3.494031520809609548e-02
6.000000000000000000e+00 3.640641970402688221e-01 3.566191634091176454e-01 4.774436202015175379e-02 3.448197910225025975e-02
1.000000000000000000e+00 2.507271756191158385e-01 2.776720597566136872e-01 4.710451216038616384e-02 3.332700764114643333e-02
3.000000000000000000e+00 3.834316313203232074e-01 2.454694798630865926e-01 4.647037970632500459e-02 3.240669960349695788e-02
5.000000000000000000e+00 2.666134036850404954e-01 1.844903644268722775e-01 4.678045182540632729e-02 3.263953123677432178e-02
5.000000000000000000e+00 4.057915030127635658e-01 1.544343511998267360e-01 4.553935847157880579e-02 3.171553186437389704e-02
0.000000000000000000e+00 3.156184952946312627e-01 5.552749624560942010e-01 5.066431882575461731e-02 3.853281655268736561e-02
5.000000000000000000e+00 4.318051577575405808e-01 6.288204499288760907e-01 5.065546517323155085e-02 3.825538360403557547e-02
1.000000000000000000e+00 5.546333918237379423e-01 6.974782493842192066e-01 4.924079582291862600e-02 3.960607907013069529e-02
6.000000000000000000e+00 5.678585560957669642e-01 5.782146928799978269e-01 4.843264330202612378e-02 3.712988731214628135e-02
7.000000000000000000e+00 4.620026351441777202e-01 5.150225667517844830e-01 4.837549699937759851e-02 3.494778114078789244e-02
1.500000000000000000e+01 4.569128951193175414e-01 4.127438405950485945e-01 4.580704962701553917e-02 3.435528028166257020e-02
8.000000000000000000e+00 5.698816573288674192e-01 4.668555885342416945e-01 4.436501444163154506e-02 3.487839514922841389e-02
9.000000000000000000e+00 5.978875365405008635e-01 3.711508936566098038e-01 4.740806199626090844e-02 3.333250301167794971e-02
0.000000000000000000e+00 4.959347857721116970e-01 3.243432563997104001e-01 4.623554975649080134e-02 3.445480754795560152e-02
1.500000000000000000e+01 6.124625081379329039e-01 2.666378136768711160e-01 4.316813384162565548e-02 3.326442147675973127e-02
8.000000000000000000e+00 5.145972028691278011e-01 2.097024166883599550e-01 4.465060718289076691e-02 3.215396806784048822e-02
2.000000000000000000e+00 5.277533142023567159e-01 1.308026204049013708e-01 4.273272286739115966e-02 2.916562442895660745e-02
8.000000000000000000e+00 6.345019691985495092e-01 1.841625433711499560e-01 4.311101529337380001e-02 3.143734954701329909e-02
1.000000000000000000e+00 6.892285047773569762e-01 6.582416645963415913e-01 4.717931025928734368e-02 3.582787305772938691e-02
6.000000000000000000e+00 8.018669202810916330e-01 6.042152336723700667e-01 4.779506930278354382e-02 3.583897481637887683e-02
3.000000000000000000e+00 6.959043808148720478e-01 5.446243237692878214e-01 4.606602590191233304e-02 3.566023650212157836e-02
0.000000000000000000e+00 8.258089729846680438e-01 5.005665782526786955e-01 4.577099666580120019e-02 3.414101633972660421e-02
7.000000000000000000e+00 7.117683221003079375e-01 3.468163105215826270e-01 4.573380577432539784e-02 3.319600688908197483e-02
7.000000000000000000e+00 8.225136934735213234e-01 3.979807635744985195e-01 4.366177353997702237e-02 3.144720235781478523e-02
2.000000000000000000e+00 7.416463463818048218e-01 2.444805768341813956e-01 4.366649178740311665e-02 3.126280214664600710e-02
