6.000000000000000000e+00 7.318699947369036174e-01 4.406005328508275642e-01 4.862046281204845943e-02 3.610481809433774281e-02
7.000000000000000000e+00 3.798346904464281470e-01 1.736203376511142038e-01 4.683420732312087997e-02 3.566967811126270371e-02
5.000000000000000000e+00 5.126320177424188440e-01 1.941718863471990075e-01 4.600362502307653312e-02 3.450248861569435443e-02
3.000000000000000000e+00 6.140441972528687398e-01 1.559853259899415256e-01 4.434661710060538997e-02 3.362077081180483984e-02
6.000000000000000000e+00 1.417210032648522078e-01 2.754288103420725609e-01 4.947785428786764805e-02 3.584040876239863449e-02
2.000000000000000000e+00 2.779416753962758446e-01 2.657145850070005144e-01 4.792992428139997152e-02 3.549752470470052268e-02
3.000000000000000000e+00 4.406088880518104212e-01 2.757189548089253872e-01 4.635844906748803895e-02 3.564833677987067073e-02
8.000000000000000000e+00 5.821758984629119560e-01 2.627041461139636436e-01 4.719675888229779570e-02 3.503683091828557750e-02
5.000000000000000000e+00 7.029180655988678250e-01 2.652688441011425424e-01 4.671848988179549966e-02 3.467824075656966709e-02
1.500000000000000000e+01 4.277828081952610162e-02 3.699612420408727731e-01 5.208933582111763272e-02 3.828634851724332933e-02
0.000000000000000000e+00 3.563111869967251488e-01 3.523879249605803565e-01 5.036922451092262776e-02 3.820845963195385053e-02
3.000000000000000000e+00 5.088247381706691996e-01 3.671953775953046839e-01 4.738238661966037713e-02 3.575144470251745421e-02
8.000000000000000000e+00 6.566243658518513548e-01 3.716879649792245166e-01 4.680681230687655514e-02 3.531987555659049649e-02
9.000000000000000000e+00 7.903316568315151835e-01 3.360849052985031005e-01 4.696487764500334450e-02 3.496050427424823859e-02
6.000000000000000000e+00 1.407706584345257139e-01 4.679410101371936914e-01 5.487684846689512563e-02 3.877401886242437534e-02
2.000000000000000000e+00 3.002226530557385309e-01 4.631158048523761339e-01 5.040571400302817917e-02 3.650664886214211036e-02
2.000000000000000000e+00 4.509681237438947221e-01 4.590677169504620569e-01 4.766679821906089076e-02 3.640128126911257311e-02
9.000000000000000000e+00 5.925872321110413621e-01 4.470869445814816823e-01 4.710068104528608579e-02 3.510724336329656969e-02
5.000000000000000000e+00 1.692315835161368742e-01 1.724624658087287599e-01 4.613591338054170987e-02 3.405828205392338881e-02
7.000000000000000000e+00 8.974210628982971505e-01 4.850975017233769004e-01 4.517700412049308056e-02 3.478843455918190219e-02
1.000000000000000000e+00 3.991054384415931300e-01 5.507101836642205317e-01 5.039555943488871481e-02 3.749970425241777594e-02
0.000000000000000000e+00 5.056926397401152462e-01 5.538542499786531792e-01 4.967291126707390481e-02 3.659996487979721991e-02
1.000000000000000000e+00 6.725130010217760246e-01 5.362391987391942338e-01 4.894858926934597676e-02 3.671144195200959359e-02
0.000000000000000000e+00 8.054663153170849021e-01 5.562820286789407209e-01 4.759669264286736645e-02 3.595687942718495123e-02
7.000000000000000000e+00 2.818620500758205472e-01 6.343378506050929566e-01 5.090100027431387897e-02 3.690817276112901002e-02
8.000000000000000000e+00 4.650023367016808962e-01 6.282483457925820414e-01 4.852338067708883429e-02 3.747716334292139351e-02
1.000000000000000000e+00 5.824454966675817191e-01 6.384324012356781264e-01 5.072418804116018975e-02 3.832852903105343767e-02
1.500000000000000000e+01 7.558756169959093274e-01 6.204293562223630598e-01 4.741039537353963773e-02 3.750779443033114280e-02
1.200000000000000000e+01 6.043824046398243999e-01 9.312418563847173480e-01 3.221224293993296683e-02 2.506616089194435570e-02
0.000000000000000000e+00 4.362008011813368613e-01 9.271065200985829646e-01 3.428918689043519707e-02 2.593582712045949812e-02
