1.400000000000000000e+01 2.705335739743258694e-01 3.721178578366504119e-01 3.373174307713094899e-02 4.095584617838549102e-02
1.400000000000000000e+01 2.329076147779003403e-01 3.223626837039956228e-01 3.082558221440062640e-02 4.145893878504569585e-02
3.000000000000000000e+00 4.363434898181348109e-01 2.300279367976219014e-01 3.974450763264847364e-02 5.554651769063023714e-02
2.000000000000000000e+00 6.652478187177666147e-01 1.630602310167062474e-01 4.090896024792267660e-02 5.761612619826836368e-02
6.000000000000000000e+00 7.829410347307697027e-01 1.320606066947756507e-01 3.670927352793718068e-02 5.114006182637241549e-02
9.000000000000000000e+00 4.207551229514734370e-01 3.834231593528975579e-01 3.920143052921504223e-02 5.182869893004526940e-02
5.000000000000000000e+00 5.210260119480436547e-01 3.643319725557321864e-01 3.670878056838788872e-02 5.113140764761880952e-02
1.000000000000000000e+00 6.291033399000718340e-01 3.392318416395561642e-01 3.671162877911704481e-02 4.784802318313896574e-02
5.000000000000000000e+00 7.297272290138736572e-01 3.031938283911803644e-01 3.650359984932982638e-02 4.938690596271683164e-02
5.000000000000000000e+00 8.439813675047560526e-01 2.522095007024113822e-01 3.380146946670947727e-02 4.797909564995864184e-02
1.000000000000000000e+00 3.936385136124127548e-01 5.231248009223337103e-01 3.837769512240357672e-02 4.941018460809853963e-02
1.500000000000000000e+01 4.746050381934047158e-01 4.889512428491795681e-01 3.691004499769373615e-02 4.833829884151841227e-02
7.000000000000000000e+00 5.825420780737063930e-01 4.668194815521861107e-01 3.771195325112963737e-02 5.028288733013625000e-02
1.500000000000000000e+01 7.146478976551052797e-01 4.307764702417137270e-01 3.406646261107759699e-02 4.761789323355997139e-02
7.000000000000000000e+00 8.052850288070398932e-01 3.965628728985032270e-01 3.430910825587940582e-02 4.574527683913404141e-02
7.000000000000000000e+00 8.933829527073839927e-01 3.625186345471046456e-01 3.598413003097766794e-02 4.493542645962672610e-02
8.000000000000000000e+00 3.470005007228917915e-01 6.580817479101164214e-01 3.813069500158333680e-02 4.682266732068074422e-02
8.000000000000000000e+00 4.592118559216082918e-01 6.320762420084433675e-01 3.761333395463628548e-02 4.832438642757275193e-02
1.000000000000000000e+00 5.484327279818432821e-01 5.909249373687768259e-01 3.485004920126610894e-02 4.573344580995186703e-02
0.000000000000000000e+00 6.544088158551557566e-01 5.614625252412849266e-01 3.423105632724687819e-02 4.528425011401049360e-02
6.000000000000000000e+00 7.666881036184242104e-01 5.293665862684444612e-01 3.590947404590649761e-02 4.350181793045726497e-02
3.000000000000000000e+00 8.602352023762751543e-01 4.812862285110754978e-01 3.184896623866195764e-02 4.428406257520606237e-02
0.000000000000000000e+00 4.113847972126335462e-01 7.757612979889484395e-01 3.609049974705103025e-02 4.559218551244748063e-02
9.000000000000000000e+00 5.155789732485838162e-01 7.239242461332073830e-01 3.722704537450871598e-02 4.634279858611900504e-02
6.000000000000000000e+00 7.232090166005160636e-01 6.722149255740075269e-01 3.361261118606007070e-02 4.145778854609738495e-02
3.000000000000000000e+00 8.197926092485928740e-01 6.043402289957389151e-01 3.263852311672477136e-02 4.169062977319726304e-02
0.000000000000000000e+00 7.816512608434172948e-01 7.403790715676158429e-01 3.141527138188071611e-02 4.136292121950679856e-02
2.000000000000000000e+00 6.900641418667776694e-01 7.788595761426815312e-01 3.328128759567483552e-02 4.234714234624337159e-02
2.000000000000000000e+00 5.751288702120278540e-01 8.172618096959816114e-01 3.497673980542559402e-02 4.224849566310850957e-02
8.000000000000000000e+00 4.957879345179999619e-01 8.619307641325922864e-01 3.299904086708260742e-02 4.069715196159107151e-02
