3.000000000000000000e+00 6.041011640940905369e-01 4.725576734706181670e-01 3.419168489985768833e-02 4.722842243666430795e-02
8.000000000000000000e+00 6.331332377893970076e-01 3.325273963260516608e-01 3.324503564019776203e-02 4.541636478327976123e-02
6.000000000000000000e+00 6.721989393292644444e-01 1.980915839561099845e-01 3.331882171803302040e-02 4.716279853558083546e-02
5.000000000000000000e+00 6.266856350934306708e-01 8.163208612649366369e-01 3.447649045397960244e-02 4.377963068652113154e-02
0.000000000000000000e+00 6.825822348258674399e-01 5.556102161574761888e-01 3.362294442380064918e-02 4.429167124140986900e-02
7.000000000000000000e+00 7.040387746198930596e-01 4.430148787723311443e-01 3.324503564019787305e-02 4.541639199053554288e-02
2.000000000000000000e+00 7.379358865607825724e-01 3.023520465331373530e-01 3.460251446302553546e-02 4.667611514313396714e-02
1.500000000000000000e+01 7.650979239405116816e-01 1.559651749633857998e-01 3.240525648147341009e-02 4.592775236402829586e-02
8.000000000000000000e+00 7.298582971675058317e-01 7.654860082377982211e-01 3.286805190329344928e-02 4.654573797315375572e-02
7.000000000000000000e+00 7.482445253473635205e-01 6.529368823766956709e-01 3.278251229093587238e-02 4.480708549602263613e-02
5.000000000000000000e+00 7.789242432490199874e-01 5.180585031796498541e-01 3.227308363260783519e-02 4.302998916639094729e-02
7.000000000000000000e+00 7.960935724969697702e-01 3.910426400184742191e-01 3.411256619987801386e-02 4.548383877776024375e-02
5.000000000000000000e+00 8.269986480987401301e-01 2.560912365467568064e-01 3.061507346178304889e-02 4.464522953103680636e-02
6.000000000000000000e+00 8.064971918136845108e-01 7.330527826973225469e-01 3.101529219517384917e-02 4.409099052234188854e-02
1.000000000000000000e+00 8.425108922225639230e-01 6.170067898650093419e-01 3.053056772514739503e-02 4.288826657072597470e-02
0.000000000000000000e+00 8.703448671997471298e-01 4.925435522575261071e-01 3.190763577217914371e-02 4.473270085855901579e-02
1.000000000000000000e+00 1.584406679467749157e-01 4.911200414247772761e-01 3.604583217802512229e-02 3.933690346607005006e-02
1.000000000000000000e+00 2.839365569496248298e-01 4.482344003542396704e-01 3.173424393071766492e-02 4.067237161892406361e-02
8.000000000000000000e+00 3.870279917613928533e-01 6.767041072018659120e-01 3.595302822835855228e-02 4.793689937871015161e-02
3.000000000000000000e+00 4.075833728275212176e-01 5.318271567094077223e-01 3.597996341163905987e-02 4.852914692381216089e-02
3.000000000000000000e+00 4.325433773522984193e-01 4.007003724163645253e-01 3.595991166408579742e-02 4.793738910931533148e-02
2.000000000000000000e+00 4.648587818713635356e-01 2.630802636339178435e-01 3.774914242982152501e-02 4.924390874195672119e-02
1.000000000000000000e+00 8.826007020794647273e-01 3.645853657903689315e-01 3.094177818989707340e-02 4.234463839180824252e-02
0.000000000000000000e+00 4.569233912007289455e-01 7.764562730718703731e-01 3.675545182481620987e-02 4.627785533216366431e-02
1.500000000000000000e+01 4.864168999550637640e-01 6.337416464444671771e-01 3.595349075170778397e-02 4.794631308923047452e-02
1.000000000000000000e+00 5.039964738101808672e-01 5.024777783928795483e-01 3.462895991570097420e-02 4.726126159446197850e-02
2.000000000000000000e+00 5.326516725976064848e-01 3.707847294840607155e-01 3.367578091463974133e-02 4.545736611782896786e-02
9.000000000000000000e+00 5.340516763613105677e-01 8.612099766373134679e-01 3.504011596593892275e-02 4.671991882503467863e-02
6.000000000000000000e+00 5.543280742260664473e-01 7.278046662895272245e-01 3.408671930683104812e-02 4.490971126504716970e-02
9.000000000000000000e+00 5.834160588321219976e-01 5.985061279670929046e-01 3.503287883588579454e-02 4.671077718707283832e-02
