7.000000000000000000e+00 7.706375000288236965e-01 7.187162449395408936e-01 5.236751293715824485e-02 3.847270018268211800e-02
8.000000000000000000e+00 1.798396156963626979e-01 3.913222846066353178e-01 4.369454755341173335e-02 3.515909952060330967e-02
2.000000000000000000e+00 1.714884747342519944e-01 4.989656677447574795e-01 4.795663960661053493e-02 3.278301293713742348e-02
3.000000000000000000e+00 1.621592494954764707e-01 5.920939483182738883e-01 4.798375328188930755e-02 3.439716511932411347e-02
2.000000000000000000e+00 1.646659746961944837e-01 6.937061724061253098e-01 4.374622404022734945e-02 3.758459834104654895e-02
1.500000000000000000e+01 2.787166689716469858e-01 3.362951379511986971e-01 4.583134018877799143e-02 3.437349081088825198e-02
1.500000000000000000e+01 2.867872865756279643e-01 4.581853817015653085e-01 4.799430067354104601e-02 3.439727976488554662e-02
9.000000000000000000e+00 2.775726639061992795e-01 6.506496274020845405e-01 4.265488427956265483e-02 3.676631564632315552e-02
2.000000000000000000e+00 2.563448630899978209e-01 7.460159899644926984e-01 4.152109699977749036e-02 3.352815176366696903e-02
6.000000000000000000e+00 4.074084182916337671e-01 2.942445074338604361e-01 5.238330536324548037e-02 3.928023485602111231e-02
7.000000000000000000e+00 3.923223378390094940e-01 4.062291597160456735e-01 4.916053264721148564e-02 4.006174498691500441e-02
8.000000000000000000e+00 3.875353554134879364e-01 4.915238237224521245e-01 5.129096245391823183e-02 3.846845829690914709e-02
6.000000000000000000e+00 3.781329433144330343e-01 6.126744029718477202e-01 4.910693584724196148e-02 3.683068912906750647e-02
6.000000000000000000e+00 3.732135309347619501e-01 7.160952467754653217e-01 4.797022510564030728e-02 3.359057627186678996e-02
5.000000000000000000e+00 3.721041201674764043e-01 8.231493803892154792e-01 4.695541125723157183e-02 3.680695749785090065e-02
5.000000000000000000e+00 5.358586667364635403e-01 3.399576767101919472e-01 5.561800121766846683e-02 4.012981578901547719e-02
3.000000000000000000e+00 5.290829134260800481e-01 4.584562605018395742e-01 4.915422714133277360e-02 3.925366574715927204e-02
8.000000000000000000e+00 5.029165687521434114e-01 5.640905661600311705e-01 5.019942206352084879e-02 3.764908646935216652e-02
1.000000000000000000e+00 4.933451404341469559e-01 6.794592258097098547e-01 5.235192114080333692e-02 3.767276077778802801e-02
1.000000000000000000e+00 4.738141225885343921e-01 7.848634951488874245e-01 4.922272786428855129e-02 4.248833294019171980e-02
3.000000000000000000e+00 4.768676497945039117e-01 8.864908524508479104e-01 4.586418614212839362e-02 3.605505458319702150e-02
5.000000000000000000e+00 6.100690539269075785e-01 8.609491397876802843e-01 5.344346153120071996e-02 3.849207528256426425e-02
9.000000000000000000e+00 6.102642666566364671e-01 7.492773982347293860e-01 4.915428446411351793e-02 3.925372306993990534e-02
0.000000000000000000e+00 6.528683056297038823e-01 6.438774567654957925e-01 5.670466917170480237e-02 4.014171026601398573e-02
5.000000000000000000e+00 6.500100484762439956e-01 5.306944574217440369e-01 5.238877968880384373e-02 4.009430432636185149e-02
1.000000000000000000e+00 6.637103650357500939e-01 3.963284550149203112e-01 5.666402732017705723e-02 3.772223033754595889e-02
1.300000000000000000e+01 6.416909366178583651e-01 2.550557597358623085e-01 3.812692916940219057e-02 2.461586377043048501e-02
1.100000000000000000e+01 7.084923830621282503e-01 3.014299179966319908e-01 4.140625080861259910e-02 2.787712873371539501e-02
0.000000000000000000e+00 8.110224595148068927e-01 4.754663800892020564e-01 6.210017590661398579e-02 4.101149747921073452e-02
0.000000000000000000e+00 7.519767566400441527e-01 8.221402988188785121e-01 5.447080040719576299e-02 3.608463313804644024e-02
