1.000000000000000000e+01 3.788838797436149264e-01 1.018348782760378490e-01 3.419641448595794886e-02 3.037816158932081512e-02
6.000000000000000000e+00 1.346562337597899395e-01 7.141882794615310726e-01 5.155725436524638550e-02 3.560266508282639020e-02
3.000000000000000000e+00 1.641828736760694296e-01 7.915437591372970205e-01 4.597759203251391980e-02 3.364970499200858889e-02
1.000000000000000000e+00 3.116771141124950462e-01 9.075564353232112857e-01 4.317714213671475232e-02 3.145441929265624381e-02
9.000000000000000000e+00 2.961358429968499184e-01 7.969838568064111506e-01 4.709534991624814149e-02 3.464677267139437689e-02
9.000000000000000000e+00 2.683342223228926127e-01 7.071831080852255536e-01 5.223921604855205625e-02 3.650804837790111446e-02
1.500000000000000000e+01 1.855769846464520034e-01 5.487457574463375787e-01 5.124539749360998431e-02 3.642936049136591414e-02
1.000000000000000000e+00 2.977754398037892325e-01 6.288805972465114635e-01 5.323306414098905037e-02 3.657994264059882816e-02
6.000000000000000000e+00 4.691823352546350412e-01 8.416590520742854853e-01 4.790346624046676327e-02 3.325029898535325490e-02
3.000000000000000000e+00 4.542370569432562233e-01 7.525942300396714080e-01 4.753782159053426826e-02 3.431861110254819103e-02
5.000000000000000000e+00 2.728771776580218300e-01 3.879045863937807259e-01 5.270726719346122136e-02 4.019279179738377561e-02
3.000000000000000000e+00 3.048696962648508313e-01 4.769772506333029849e-01 5.473179663453242583e-02 4.071699372018483531e-02
7.000000000000000000e+00 3.942138543891662295e-01 5.801063951925413686e-01 5.053871292703471241e-02 3.734342780995458799e-02
8.000000000000000000e+00 4.499459825962762727e-01 4.476516281388762120e-01 5.260057776171739308e-02 3.864806942421006308e-02
8.000000000000000000e+00 4.400742859479781499e-01 5.057153280470179091e-01 5.271423804226832432e-02 3.953570068482242794e-02
1.000000000000000000e+00 4.499483160583769847e-01 6.478840762947184473e-01 4.957966000364377734e-02 3.798663629989162960e-02
2.000000000000000000e+00 5.688140336498410665e-01 8.092105483892326756e-01 4.696414436369955592e-02 3.464393707187973792e-02
7.000000000000000000e+00 6.041322526563407402e-01 8.756982089371527778e-01 4.744206103192039059e-02 3.253602328257687581e-02
8.000000000000000000e+00 6.130175151234332764e-01 9.151573188975811179e-01 4.654949700965205217e-02 3.126927827433667595e-02
6.000000000000000000e+00 7.403445287482871562e-01 9.037127801809208272e-01 4.451430453290528000e-02 2.971796903979007087e-02
5.000000000000000000e+00 7.117798216611558315e-01 8.141316131971614301e-01 4.595419833651703811e-02 3.346716327324428253e-02
0.000000000000000000e+00 6.412784586125431785e-01 7.439010499022107314e-01 4.718089050161067277e-02 3.539223996883344991e-02
2.000000000000000000e+00 6.031595829477797155e-01 6.444085469519360565e-01 4.940476849607033927e-02 3.665254580317545141e-02
5.000000000000000000e+00 5.580559463157184208e-01 4.691264207767029681e-01 5.094095453320479638e-02 3.940789194419258568e-02
2.000000000000000000e+00 7.212128274345208645e-01 5.868863136323909657e-01 5.647433161135739788e-02 3.634624198058888922e-02
0.000000000000000000e+00 9.013148377287463209e-01 7.799654451060278326e-01 4.867897317026537163e-02 3.150817753345724892e-02
0.000000000000000000e+00 8.864458399980648107e-01 6.803107517710065277e-01 5.202108164837826454e-02 3.467489236658283236e-02
1.500000000000000000e+01 8.348844799210208834e-01 5.485620933027652857e-01 5.025237645103131090e-02 3.634712810543716532e-02
7.000000000000000000e+00 7.576192963673038516e-01 4.716482582514270883e-01 5.291016024624295433e-02 3.801056167079758241e-02
1.300000000000000000e+01 7.405263024921827641e-01 2.282848941384598429e-01 3.575549208167538850e-02 2.647921225649213506e-02
