1.400000000000000000e+01 7.544314213315186368e-01 7.800475571601278579e-01 2.717551157850206511e-02 3.623458913865773567e-02
6.000000000000000000e+00 1.600844273356970549e-01 5.372697459151998256e-01 3.380823695918597216e-02 4.546881750873288386e-02
2.000000000000000000e+00 2.087650936179781258e-01 4.230827627781090783e-01 3.368750165637707239e-02 4.374447413554355402e-02
8.000000000000000000e+00 2.675488005420085802e-01 2.944816941135831034e-01 3.174790579749570130e-02 4.458554798055680557e-02
8.000000000000000000e+00 3.165250230591415415e-01 1.962115193141559799e-01 3.250679702370457003e-02 4.335332502908062491e-02
7.000000000000000000e+00 1.998153920876658551e-01 6.705062154731360469e-01 3.577066610412954484e-02 4.769420234881760479e-02
6.000000000000000000e+00 2.489955221600417823e-01 5.339995374425390295e-01 3.344009324898167268e-02 4.713220518734639874e-02
5.000000000000000000e+00 2.926770039636850118e-01 4.077330145101956127e-01 3.263513386019001317e-02 4.468600296521746396e-02
3.000000000000000000e+00 3.643445790010394481e-01 3.004973183848992369e-01 3.534913954799340230e-02 4.346425005069193270e-02
1.000000000000000000e+00 4.101892995213330395e-01 1.884593031606699998e-01 3.577118243471888448e-02 4.966867920751258381e-02
1.500000000000000000e+01 2.912263731729151095e-01 6.656955633721917120e-01 3.530542355809535016e-02 4.943848181976207012e-02
2.000000000000000000e+00 3.520311127637799631e-01 5.388247328550833659e-01 3.530505065266975606e-02 4.808472038456024222e-02
0.000000000000000000e+00 4.109928103159712909e-01 4.170420821306932146e-01 3.513136277941997232e-02 4.601010407656469514e-02
2.000000000000000000e+00 4.571519905076935064e-01 3.106283269335715636e-01 3.504857777492798032e-02 4.591963148329802902e-02
3.000000000000000000e+00 5.321095953753331997e-01 1.909410031108164096e-01 3.480039487164854339e-02 4.606001603353485074e-02
0.000000000000000000e+00 3.414705601923202494e-01 8.266757089521407087e-01 3.474996658408918693e-02 5.218427052384311260e-02
1.000000000000000000e+00 4.087385683329485819e-01 6.458476434075033357e-01 3.474939288343426025e-02 4.998957866879172318e-02
3.000000000000000000e+00 4.709057465814195931e-01 5.518783733346879217e-01 3.621450961573868810e-02 4.876730942367679678e-02
1.500000000000000000e+01 5.091721109316733607e-01 4.469991526491049472e-01 3.511618839709973461e-02 4.681162126142740521e-02
1.000000000000000000e+00 5.774120683791981179e-01 3.180055006264789208e-01 3.694356840789636554e-02 4.779480075864200872e-02
5.000000000000000000e+00 6.174319918084882897e-01 1.814522381027097175e-01 3.596586775193533203e-02 4.714296207462434496e-02
7.000000000000000000e+00 4.980664997105762049e-01 6.790053898792105525e-01 3.784556926245252750e-02 4.943957185100622542e-02
8.000000000000000000e+00 5.734416582573174104e-01 5.654099351447983146e-01 3.994264595108465432e-02 4.740551617930721662e-02
9.000000000000000000e+00 6.230337484274102167e-01 4.176425889486199416e-01 3.804111513065122629e-02 5.023061899891834159e-02
7.000000000000000000e+00 6.486948337023252797e-01 3.241565612798840146e-01 3.767377460136367429e-02 5.120324240408413718e-02
5.000000000000000000e+00 5.782016812754731117e-01 8.265836873671059681e-01 4.133541903081494606e-02 5.705785758662218488e-02
0.000000000000000000e+00 6.073645779774038411e-01 6.797671209236607615e-01 3.840225969286659158e-02 5.169427279455285351e-02
9.000000000000000000e+00 6.867407679184771574e-01 5.688608593237305389e-01 3.992784447419017724e-02 4.962045966747419268e-02
1.600000000000000000e+01 8.181249875422297313e-01 6.500163818457586062e-01 2.565554906359612808e-02 2.977856355966146396e-02
3.000000000000000000e+00 7.094742013817303405e-01 4.180410527384319508e-01 3.901904526687416386e-02 5.161467182869522441e-02
