1.000000000000000000e+01 7.285671185638874503e-01 1.555280673643801848e-01 4.334389793333692786e-02 3.106299861937364404e-02
7.000000000000000000e+00 1.618482828378320915e-01 7.108146898984994966e-01 4.852831295206030959e-02 3.591193300633077623e-02
9.000000000000000000e+00 1.708587892686586063e-01 6.121763068805115005e-01 4.905258953810034961e-02 3.706596993447730526e-02
1.000000000000000000e+00 1.670954095940498652e-01 4.831240967107464090e-01 4.830768392663498112e-02 3.931061257888207594e-02
8.000000000000000000e+00 1.430133829217849484e-01 3.460812570885268280e-01 5.168090291552543403e-02 3.932118444753018860e-02
9.000000000000000000e+00 2.833965072254259199e-01 3.162659151674389602e-01 5.205118261492491794e-02 4.016006222475637655e-02
8.000000000000000000e+00 2.926703559676462341e-01 4.303556128080483489e-01 4.987543331454363793e-02 3.842005011048738039e-02
1.000000000000000000e+00 2.838412011335872953e-01 5.582307628690554857e-01 4.982586299710478617e-02 4.027347488230903494e-02
6.000000000000000000e+00 2.931810653222545748e-01 6.713233277320368453e-01 5.046916120434130626e-02 3.785157724023791026e-02
7.000000000000000000e+00 3.138247825976887562e-01 7.608913704792803490e-01 4.982445341461833044e-02 3.930485678372919178e-02
8.000000000000000000e+00 3.899699146034095731e-01 8.356696039182553992e-01 5.121456604293728176e-02 3.599868106184878069e-02
3.000000000000000000e+00 4.199959303736124916e-01 7.269113583694832847e-01 5.392660274679489385e-02 3.963099893152288722e-02
5.000000000000000000e+00 4.064190227454491100e-01 6.092663413025201091e-01 5.068623690724882724e-02 3.962847342956810071e-02
2.000000000000000000e+00 3.973885178630966464e-01 4.727122890906150232e-01 5.068509162147860625e-02 3.882034217032676038e-02
5.000000000000000000e+00 4.071120234184825160e-01 3.723146737138297580e-01 5.283987338237444709e-02 3.963017667507257036e-02
6.000000000000000000e+00 4.247135680252206447e-01 2.680871933551598474e-01 5.393059656383980549e-02 4.246094133710859309e-02
5.000000000000000000e+00 5.422389027291968366e-01 8.827106898819432335e-01 5.175963397065208582e-02 3.720686945051510097e-02
2.000000000000000000e+00 5.387423452727453377e-01 8.233583985808341499e-01 5.123873450931892837e-02 3.843684763511723279e-02
1.000000000000000000e+00 5.454824401293374425e-01 6.693655351236171835e-01 5.068570831381646880e-02 3.922885679467025266e-02
1.500000000000000000e+01 5.568353055738088919e-01 5.485255525196910398e-01 5.369863214591963363e-02 3.785416147479636617e-02
1.500000000000000000e+01 5.482839559547804109e-01 4.335867282625273100e-01 5.357893509978173263e-02 4.018396639442173290e-02
2.000000000000000000e+00 5.663998807038517214e-01 3.218422088005358783e-01 5.590762409993865756e-02 4.076262937139596421e-02
3.000000000000000000e+00 6.621918468209442299e-01 8.836875011787254097e-01 5.356248997077350804e-02 3.553210925884631166e-02
3.000000000000000000e+00 6.864159036118662183e-01 7.362582411042808417e-01 5.436013746027212878e-02 4.134610842186547952e-02
0.000000000000000000e+00 6.997945446534250546e-01 5.113791042351301108e-01 5.357969862362854663e-02 4.076074992808076392e-02
6.000000000000000000e+00 6.990233562018484115e-01 3.654743810354951772e-01 5.669199802102353747e-02 4.483928875360987387e-02
0.000000000000000000e+00 8.128569209581557597e-01 8.175579079166432894e-01 5.590433507413705705e-02 3.844060652174763337e-02
7.000000000000000000e+00 8.277632263856660177e-01 6.759151601467328074e-01 5.900829444182098538e-02 4.425648512808189050e-02
0.000000000000000000e+00 8.329663477386362036e-01 4.244563192214503289e-01 6.057152141925226108e-02 4.716436569864540518e-02
1.600000000000000000e+01 8.057056097774547565e-01 2.336748065008066588e-01 4.223261834061164954e-02 2.831686763912594218e-02
