3.000000000000000000e+00 2.437633811438874309e-01 6.681598734418456864e-01 4.055364380292175719e-02 3.143973001854183380e-02
1.000000000000000000e+01 4.606222237274558706e-01 2.172398292992413493e-01 3.921651940028464400e-02 2.764336597364347448e-02
2.000000000000000000e+00 5.099645393073393151e-01 2.388131961374925227e-01 3.667493582325254131e-02 3.044201254382902788e-02
9.000000000000000000e+00 7.665855952083155955e-01 4.156450736696024051e-01 5.387139734154433590e-02 3.570169003999756896e-02
6.000000000000000000e+00 8.332685568669732090e-01 5.607049242737104366e-01 5.319120557514112058e-02 3.662668139561398029e-02
2.000000000000000000e+00 8.729950960801102777e-01 6.607576277071812720e-01 5.377003824111359354e-02 3.665186960056066034e-02
5.000000000000000000e+00 8.824876872432336761e-01 7.821215091584852175e-01 4.989116491217771010e-02 3.203465667979765730e-02
2.000000000000000000e+00 7.696174669190516404e-01 8.125109406355327524e-01 4.790443835745994416e-02 3.293382599161209789e-02
7.000000000000000000e+00 7.313115259299776127e-01 7.168908652248682234e-01 5.210678996830331311e-02 3.418392156359117973e-02
1.500000000000000000e+01 6.942178982054623138e-01 5.999125148135981966e-01 4.764147790713091357e-02 3.675592940567928846e-02
7.000000000000000000e+00 6.376310249748364800e-01 5.163227559935350541e-01 4.797283783741346230e-02 3.450954938596467736e-02
3.000000000000000000e+00 6.197267308044065448e-01 4.044198977745378509e-01 5.187871821322875832e-02 4.087188602472002774e-02
0.000000000000000000e+00 6.651835590846898461e-01 8.788708925018715590e-01 4.634646245105678020e-02 3.084171683764291849e-02
8.000000000000000000e+00 5.861894902225193160e-01 6.906614835046233081e-01 4.732477894515441097e-02 3.500014065999068613e-02
9.000000000000000000e+00 4.932206938481759062e-01 4.863821375424838278e-01 4.671411654535978508e-02 3.601499934200869113e-02
5.000000000000000000e+00 1.504306510337395930e-01 5.089166521093164697e-01 4.218644025246504059e-02 3.402397370635906748e-02
1.000000000000000000e+00 4.478653073429565978e-01 3.607548354845360183e-01 4.772996732297735134e-02 4.020175300536871221e-02
6.000000000000000000e+00 3.259011116001266362e-01 3.168480325667530906e-01 4.574795322235791772e-02 3.784301815899393517e-02
5.000000000000000000e+00 3.885217173603356944e-01 4.531827192913823188e-01 4.876375849602193613e-02 3.361051786520569129e-02
3.000000000000000000e+00 3.925412064614161034e-01 5.413532177398160394e-01 4.882838250105453470e-02 3.485931820126286773e-02
8.000000000000000000e+00 4.626212550234304333e-01 6.499798869275581481e-01 4.307883024434872032e-02 3.525202270945693162e-02
7.000000000000000000e+00 4.767010619945328820e-01 7.343828334407996872e-01 4.530021496659436542e-02 3.161626791885718823e-02
0.000000000000000000e+00 5.140659727491295738e-01 8.258245328842790389e-01 4.210665923132655974e-02 3.334907311648738215e-02
3.000000000000000000e+00 3.791777200714707696e-01 7.723767328055735071e-01 4.134453690331912901e-02 3.129317545190490879e-02
2.000000000000000000e+00 3.584811452776198726e-01 7.099121616366201870e-01 4.145691928819034144e-02 3.279592470326109233e-02
8.000000000000000000e+00 3.129766412921312080e-01 6.079393949610857328e-01 4.231838896721823451e-02 3.373466760621712801e-02
0.000000000000000000e+00 2.043784535155624416e-01 5.881460129778701695e-01 4.157384877789335742e-02 3.219840757016179111e-02
1.000000000000000000e+00 2.617954902974052867e-01 5.058260814089343693e-01 4.396612196717852861e-02 3.439297815300607075e-02
1.500000000000000000e+01 2.244752651821093625e-01 4.107051678759483515e-01 4.644401851835552875e-02 3.568909593752422893e-02
1.000000000000000000e+00 2.622974906708273046e-01 7.504539829669794049e-01 3.994824502144755929e-02 2.962430530403004081e-02
