3.000000000000000000e+00 8.215445930404949859e-01 3.965942573725728670e-01 4.160090143323658118e-02 3.235651781560811013e-02
1.000000000000000000e+01 4.189189393424737617e-01 7.857263549799833324e-01 4.041107933857435164e-02 2.831163806245873271e-02
2.000000000000000000e+00 3.798159478888979979e-01 7.529047877031767033e-01 3.747509180368790993e-02 3.142095371961250994e-02
9.000000000000000000e+00 2.037782605120785906e-01 5.190361057870138684e-01 5.565407147848019931e-02 3.642903492332916215e-02
6.000000000000000000e+00 1.999444695495584123e-01 3.613985535554830042e-01 5.486530251168467154e-02 3.746198105044346027e-02
2.000000000000000000e+00 2.034253179020574231e-01 2.541612428470253482e-01 5.548575545842518442e-02 3.746546403672643133e-02
5.000000000000000000e+00 2.454672701714930849e-01 1.332864692488452685e-01 5.160075327075880347e-02 3.262088496958420736e-02
2.000000000000000000e+00 3.686331408199140514e-01 1.304319637711102708e-01 4.941536343836194778e-02 3.368183657177156731e-02
7.000000000000000000e+00 3.656382681632738274e-01 2.329990854207548145e-01 5.385101726229862829e-02 3.485783998914790405e-02
1.500000000000000000e+01 3.524270038633643409e-01 3.561527089832616788e-01 4.888481684486417622e-02 3.781897298598069224e-02
7.000000000000000000e+00 3.723864266604597351e-01 4.513100746437005983e-01 4.939154887361324464e-02 3.538399745358977722e-02
3.000000000000000000e+00 3.425663723678006312e-01 5.649387218155768053e-01 5.317112701305209965e-02 4.209429617304794036e-02
0.000000000000000000e+00 4.987641062087312394e-01 9.041447604100738555e-02 4.787271200152520834e-02 3.147835220087961960e-02
8.000000000000000000e+00 4.963842071667520228e-01 2.931532176524474509e-01 4.866054650858631092e-02 3.593912316980096833e-02
9.000000000000000000e+00 5.008674334862627253e-01 5.149221468059163032e-01 4.793512258500448597e-02 3.705543443201642084e-02
5.000000000000000000e+00 8.454274016667751024e-01 5.744330026197774774e-01 4.318019501845005159e-02 3.507576732601602743e-02
1.000000000000000000e+00 4.920736293624289326e-01 6.484940336313042009e-01 4.872601532392389911e-02 4.151957511937420797e-02
6.000000000000000000e+00 5.927108651246559834e-01 7.204171906720848728e-01 4.675628747146298725e-02 3.905441370586304473e-02
5.000000000000000000e+00 5.891579359462737475e-01 5.722735794412148191e-01 5.029636074925558642e-02 3.437900016762529543e-02
3.000000000000000000e+00 6.225130514145131855e-01 4.851427415117075537e-01 5.028899833922628737e-02 3.572756714930447330e-02
8.000000000000000000e+00 5.999529847008862049e-01 3.623056732634999944e-01 4.405688815117270174e-02 3.636410413026280875e-02
7.000000000000000000e+00 6.218823477276549383e-01 2.764641632318972642e-01 4.669925711069744523e-02 3.236240774363169370e-02
0.000000000000000000e+00 6.240300760010555337e-01 1.782047027395257111e-01 4.314287326299370839e-02 3.435405292441054415e-02
3.000000000000000000e+00 7.332643413206018090e-01 2.625269369861347180e-01 4.246383252259677832e-02 3.216897457859191345e-02
2.000000000000000000e+00 7.270787559005411627e-01 3.285004880067755595e-01 4.247985992289138313e-02 3.378261663828835415e-02
8.000000000000000000e+00 7.284332694441670863e-01 4.389887699730473658e-01 4.334398032464092942e-02 3.476074112764587776e-02
0.000000000000000000e+00 8.262035827409750510e-01 4.841650417767748849e-01 4.264987496064542860e-02 3.313571564936562686e-02
1.000000000000000000e+00 7.352764313476929381e-01 5.509646127272633809e-01 4.507907383285947311e-02 3.541075698235018887e-02
1.500000000000000000e+01 7.315292761293448187e-01 6.528094253191079055e-01 4.766571501185457027e-02 3.671441326285040940e-02
1.000000000000000000e+00 8.382288335775643917e-01 3.117543749084981664e-01 4.107058137543195819e-02 3.042309230798412312e-02
