1.000000000000000000e+00 6.143133638053176471e-01 5.112372789750597724e-01 3.500645379970346305e-02 4.786343957855171416e-02
7.000000000000000000e+00 5.752577274497097104e-01 6.576485438954903229e-01 3.390253307869828259e-02 4.520275811210883177e-02
5.000000000000000000e+00 5.425720013594526048e-01 7.748362566909012816e-01 3.429124469484656768e-02 4.915113126060977056e-02
3.000000000000000000e+00 5.984415827550200184e-01 2.781493480079735292e-01 3.319188446644105728e-02 4.188857494684888882e-02
2.000000000000000000e+00 5.749846327663192813e-01 3.951193535841288629e-01 3.390011207645393654e-02 4.454663835272520966e-02
1.500000000000000000e+01 5.134735531178458157e-01 5.379965604784993083e-01 3.439512258183874405e-02 4.547013810415534429e-02
0.000000000000000000e+00 4.826985045197106361e-01 6.619967483797497554e-01 3.361415229974235030e-02 4.880459012541371600e-02
3.000000000000000000e+00 5.381759961564633876e-01 1.925619359129130403e-01 3.373874946175514644e-02 4.260744370626104449e-02
7.000000000000000000e+00 5.047013752244382534e-01 3.046298764390563685e-01 3.266931394713618042e-02 4.545870872146728914e-02
1.500000000000000000e+01 4.350963361252169204e-01 5.294890459874104227e-01 3.230624806406356964e-02 4.259804120917287662e-02
5.000000000000000000e+00 3.699034328602168742e-01 6.697335677726858894e-01 3.529525684649276185e-02 4.667067370541988502e-02
7.000000000000000000e+00 3.515372594162305409e-01 7.958114823209123667e-01 3.499747357044868945e-02 4.746205992740437640e-02
9.000000000000000000e+00 4.299628823781502795e-01 1.999169407309780433e-01 3.159199609962881627e-02 4.211305252703187452e-02
2.000000000000000000e+00 3.971072216361782869e-01 3.252378557344450805e-01 3.380009090233931923e-02 4.546616878652226523e-02
3.000000000000000000e+00 3.699925172974490861e-01 4.464183501788259179e-01 3.339113858138142987e-02 4.594381000836383899e-02
1.000000000000000000e+00 3.328703608969614258e-01 5.582025548721796238e-01 3.445260730954552431e-02 4.500051997114651314e-02
1.000000000000000000e+00 2.691939199505075653e-01 6.980430507945523111e-01 3.365497152362817435e-02 4.586752028648066748e-02
6.000000000000000000e+00 2.306128563371526163e-01 8.187445668356193584e-01 3.321243483432834154e-02 4.744089023336139910e-02
0.000000000000000000e+00 3.442101524263522783e-01 2.260210033130782281e-01 3.136585759930154982e-02 4.043749376449207178e-02
9.000000000000000000e+00 3.164161598997856650e-01 3.301067586839484536e-01 3.273808730158650482e-02 4.422602446249396246e-02
0.000000000000000000e+00 2.676669713141009987e-01 4.711564748493572985e-01 3.194275991315786989e-02 4.164532052367836412e-02
2.000000000000000000e+00 1.974245329961057394e-01 5.744962940927008654e-01 3.303105672433098716e-02 4.593108567098713735e-02
6.000000000000000000e+00 2.463701042754644077e-01 2.278869344904646543e-01 3.265698372640377101e-02 4.213036550819720949e-02
5.000000000000000000e+00 2.164575940292249867e-01 3.433137763454146008e-01 3.158895577122913800e-02 4.307267025380351333e-02
6.000000000000000000e+00 1.628411774897756958e-01 4.765450768968990669e-01 3.265599843479272124e-02 4.387300855385406484e-02
8.000000000000000000e+00 1.597678699722251960e-01 7.086929270623010257e-01 3.462503334147690182e-02 4.411054828568061748e-02
8.000000000000000000e+00 1.259723958648632514e-01 5.843851029688962306e-01 3.159906204803948626e-02 4.402305439062048631e-02
1.300000000000000000e+01 8.114669496358040135e-01 6.021106116561977251e-01 2.516817630755996404e-02 3.058660453972739113e-02
8.000000000000000000e+00 6.650365419069305117e-01 3.944794770607328305e-01 3.513701901376031778e-02 4.553418205887266312e-02
1.200000000000000000e+01 8.344090425309549364e-01 8.847906059554269120e-01 2.126349380421144186e-02 3.105999493204703032e-02
