0 0.502375 0.542276 0.040422 0.050115
10 0.884137 0.672958 0.031914 0.036875
13 0.667336 0.825167 0.031203 0.045396
2 0.510203 0.827036 0.042844 0.069615
2 0.252477 0.800380 0.043734 0.055948
6 0.122055 0.802026 0.039578 0.060677
0 0.097285 0.672010 0.041133 0.053896
2 0.200613 0.670406 0.041133 0.060521
1 0.321883 0.662365 0.038297 0.053896
15 0.436066 0.669458 0.042555 0.052958
6 0.586773 0.675130 0.041844 0.062406
8 0.063738 0.554568 0.036883 0.046344
3 0.149555 0.542276 0.038297 0.050115
5 0.275789 0.522891 0.035453 0.052948
0 0.398125 0.535182 0.036172 0.052948
7 0.638191 0.543219 0.041133 0.053896
6 0.704500 0.391927 0.040422 0.048229
5 0.569023 0.422187 0.038984 0.046333
7 0.454152 0.404693 0.040430 0.047281
7 0.343875 0.423130 0.038297 0.046344
3 0.247066 0.401380 0.037586 0.048219
1 0.120121 0.426917 0.036164 0.046333
7 0.196711 0.296422 0.034750 0.042552
3 0.291039 0.310135 0.036172 0.041604
8 0.521172 0.292656 0.036875 0.042604
1 0.614430 0.277979 0.041844 0.043500
5 0.550590 0.185807 0.033977 0.038740
9 0.444898 0.194932 0.033484 0.040719
15 0.340242 0.195589 0.031031 0.039406
9 0.254301 0.202156 0.031523 0.036771
