0.000000000000000000e+00 4.620963982446930074e-01 5.115994189788395374e-01 4.874962427810847210e-02 3.878160741528879907e-02
1.000000000000000000e+01 4.932043233894054524e-01 8.914808797636551985e-01 3.616075641936283835e-02 3.045143896448987419e-02
1.300000000000000000e+01 2.674960750227362571e-01 7.261847274866914947e-01 4.350101554054144892e-02 3.040021393376934888e-02
2.000000000000000000e+00 2.035526317941546703e-01 5.822238005048230303e-01 6.617554516412096910e-02 4.230859467093217585e-02
2.000000000000000000e+00 1.259827836098798282e-01 3.394816897948497170e-01 5.424417071934824197e-02 4.207166451479610325e-02
6.000000000000000000e+00 7.282200790121695633e-02 2.200137378599784088e-01 5.791179658461577395e-02 3.879484534457611211e-02
0.000000000000000000e+00 1.824744093849299809e-01 1.682927740190085508e-01 5.213070653051968262e-02 3.965404451153778376e-02
2.000000000000000000e+00 2.248671080739973460e-01 2.628754909174241816e-01 5.794374028354823403e-02 4.012557379713088679e-02
1.000000000000000000e+00 2.802794109405233325e-01 3.725098629170100484e-01 5.179109608808551979e-02 3.717967408098676874e-02
1.500000000000000000e+01 3.189797777593379458e-01 4.790037232508745912e-01 5.149450891583512435e-02 4.084096876268206167e-02
6.000000000000000000e+00 3.734496407839815735e-01 6.187400816598720432e-01 5.968622589315303317e-02 4.088309991154437384e-02
8.000000000000000000e+00 2.770977609706363198e-01 1.113081792685412519e-01 4.501719011554733418e-02 3.542642545930924092e-02
3.000000000000000000e+00 3.223762850771796917e-01 1.874206321616566639e-01 4.847959929875411689e-02 3.691557739170467367e-02
5.000000000000000000e+00 3.901775486811591698e-01 2.990890839415077940e-01 5.063505074590918253e-02 3.464443795382132762e-02
0.000000000000000000e+00 4.273305310677677493e-01 4.142320029314601193e-01 5.071352864409733874e-02 3.526521050307529492e-02
7.000000000000000000e+00 5.150144018414691827e-01 6.366001778484016160e-01 5.213073530862682992e-02 3.965404451153786702e-02
6.000000000000000000e+00 6.802838192568938513e-01 6.638252744426061946e-01 4.711626525080259142e-02 3.866309917006005570e-02
5.000000000000000000e+00 5.988300633430929665e-01 5.460865845771059046e-01 4.528453873093696291e-02 3.727662752396287971e-02
7.000000000000000000e+00 5.694139167831934190e-01 4.366436877134183270e-01 4.629885189541749213e-02 3.861196047366100004e-02
7.000000000000000000e+00 5.088028632497314518e-01 3.394257307655035305e-01 4.520099588589110429e-02 3.667050303124624877e-02
3.000000000000000000e+00 4.904499275872669095e-01 2.456305123800944235e-01 4.673679712997075297e-02 3.616619548161351116e-02
1.000000000000000000e+00 4.167145319553871019e-01 1.346791822522233617e-01 4.491494150085628689e-02 3.479391144233943967e-02
7.000000000000000000e+00 5.669465682107861504e-01 1.759833058713189957e-01 4.144784148618463337e-02 3.330521995965837756e-02
3.000000000000000000e+00 5.917015823124045504e-01 2.657085804535544993e-01 4.082111186875114761e-02 3.450261944180396667e-02
8.000000000000000000e+00 6.988965205035150285e-01 4.732662895853195217e-01 4.177919261186779920e-02 3.518491958413705323e-02
1.000000000000000000e+00 7.493131741942905544e-01 5.556844286477019557e-01 4.326609985190565943e-02 3.964932490196582116e-02
5.000000000000000000e+00 8.087215762410526754e-01 4.764950061494444000e-01 3.805283062991438037e-02 3.238852213461829166e-02
9.000000000000000000e+00 7.584822532465129719e-01 3.814155359545219337e-01 3.969237695025673585e-02 3.207415009215153212e-02
1.500000000000000000e+01 7.164338126641840443e-01 2.854016406205571732e-01 3.823528382922225521e-02 2.983256577030735102e-02
9.000000000000000000e+00 6.763664569778102820e-01 2.078999821611655918e-01 3.601798822980961656e-02 3.009974171705415147e-02
