1.200000000000000000e+01 3.811706586824073484e-01 1.313489764878946198e-01 3.040444315468460168e-02 4.103972196740481027e-02
1.500000000000000000e+01 7.423923797333171759e-01 7.930282079389604499e-01 3.282442730878676329e-02 4.393447941334005513e-02
3.000000000000000000e+00 6.565032406406279275e-01 8.524513934788945368e-01 3.289413946468322525e-02 4.351560219607342184e-02
1.000000000000000000e+00 5.668244575617709113e-01 9.227493457303914681e-01 3.282624015444846055e-02 4.394206040428849658e-02
6.000000000000000000e+00 8.307583054775058429e-01 5.815699244344623153e-01 3.353610656776240262e-02 4.570887077303986690e-02
2.000000000000000000e+00 7.427292668854336144e-01 6.519127583497634770e-01 3.243016084474459326e-02 4.324070887211239889e-02
9.000000000000000000e+00 6.662996663244746820e-01 7.308454592916737713e-01 3.363570320971709382e-02 4.410016251986814684e-02
7.000000000000000000e+00 5.602982681146815302e-01 7.851835852834252449e-01 3.262287183204559682e-02 4.299674379383289224e-02
8.000000000000000000e+00 5.042820101211259454e-01 8.635776513249683317e-01 3.289740808034596897e-02 4.312567557467561485e-02
3.000000000000000000e+00 8.305607602351070540e-01 4.511343057134877266e-01 3.344645310958804796e-02 4.434407266343054488e-02
9.000000000000000000e+00 7.399743182943105957e-01 5.195208044863234287e-01 3.418757737688560283e-02 4.533273276561372578e-02
8.000000000000000000e+00 6.519665669050831447e-01 5.913013898154345638e-01 3.363564827499998522e-02 4.410016251986803582e-02
5.000000000000000000e+00 5.666984647882888915e-01 6.626257148523478913e-01 3.335905197481148221e-02 4.398326144205255694e-02
2.000000000000000000e+00 4.207199743097398414e-01 8.005437991069128678e-01 3.270648247134788633e-02 4.336266394389376444e-02
0.000000000000000000e+00 7.386139973641382417e-01 3.893308400861765772e-01 3.363092388933641708e-02 4.508703724374824029e-02
7.000000000000000000e+00 8.308593304221030262e-01 7.149203517730839952e-01 3.302158800816645812e-02 4.333420776047813838e-02
6.000000000000000000e+00 6.433696682346955464e-01 4.507638671829522492e-01 3.381506506078268970e-02 4.582947994425423666e-02
5.000000000000000000e+00 5.692910263559050055e-01 5.326244374714806940e-01 3.308058789424439539e-02 4.386136130498829999e-02
6.000000000000000000e+00 4.777513709390815988e-01 5.943389775256180396e-01 3.335462973009156729e-02 4.496796624461041336e-02
2.000000000000000000e+00 3.964966756445510443e-01 6.721293110271270299e-01 3.215460830417932181e-02 4.311902847391624327e-02
5.000000000000000000e+00 3.229446516967796610e-01 7.419473535907497030e-01 3.274161322288127174e-02 4.238142002850797674e-02
1.000000000000000000e+00 5.658054734957935761e-01 3.979761774432951649e-01 3.372222538902136524e-02 4.545748950796296706e-02
1.500000000000000000e+01 4.807646088359466274e-01 4.737228433359585988e-01 3.354324808097475241e-02 4.374058732962299301e-02
8.000000000000000000e+00 3.953603098219841128e-01 5.270975654616760764e-01 3.455709575091114871e-02 4.583000182406604672e-02
0.000000000000000000e+00 3.123577978371113173e-01 6.168648209022914441e-01 3.382635414513002203e-02 4.386185571744150025e-02
7.000000000000000000e+00 5.558381459073020725e-01 2.586538382186222562e-01 3.372601588449564147e-02 4.447330658521672642e-02
3.000000000000000000e+00 4.878107553796168783e-01 3.244672497810249245e-01 3.326516854342675966e-02 4.559803998145500747e-02
1.000000000000000000e+00 3.950863229208538829e-01 4.042508070874774040e-01 3.428714655148185075e-02 4.471749140236430664e-02
0.000000000000000000e+00 3.002530565451820288e-01 4.657112191406869162e-01 3.493479939777233145e-02 4.533990174618468538e-02
1.100000000000000000e+01 3.232227587016862080e-01 2.818993675892767503e-01 2.829541696626602931e-02 3.426228859203095389e-02
