2.000000000000000000e+00 8.033549602387055621e-01 2.298067076079762239e-01 4.072537636795592331e-02 3.108040673278086863e-02
1.000000000000000000e+01 3.733502856384403046e-01 9.253370213988064696e-01 2.677728883077246103e-02 2.654374659376945722e-02
1.100000000000000000e+01 1.620798788163823057e-01 8.374898373893695513e-01 3.453359550829968039e-02 2.544972075612816909e-02
1.000000000000000000e+00 2.012708810074710919e-01 3.124758861971281831e-01 5.032448863269101125e-02 3.720046196174886521e-02
5.000000000000000000e+00 1.926772293841704231e-01 2.230795601458014643e-01 4.882063004421191565e-02 3.444955165844554301e-02
0.000000000000000000e+00 3.014536556713555138e-01 1.620386967700347125e-01 4.704406288097295885e-02 3.333794436254011728e-02
6.000000000000000000e+00 3.368634405097300499e-01 2.508728500941809214e-01 4.619444170996261922e-02 3.463874830645161107e-02
9.000000000000000000e+00 3.591651423721963221e-01 3.740160993823296587e-01 4.793357828450905966e-02 3.399842487744964004e-02
7.000000000000000000e+00 3.841501443123170878e-01 4.825142179042248847e-01 5.058527093162218380e-02 3.534335044273695381e-02
1.000000000000000000e+00 4.012940118383825361e-01 5.923598796129800892e-01 4.800200039278468278e-02 3.794683405938747978e-02
7.000000000000000000e+00 5.430218003759454959e-01 6.230996315939205665e-01 4.803887106242421545e-02 3.992676382267323909e-02
2.000000000000000000e+00 5.054428471323503258e-01 5.064223135317494906e-01 4.692852358438798221e-02 3.675479439151962957e-02
1.000000000000000000e+00 4.955623755434866995e-01 4.026664994190533031e-01 5.006054279111055161e-02 3.520720612500188862e-02
9.000000000000000000e+00 4.545094185335775694e-01 3.019755282246968653e-01 4.583304195720883101e-02 3.438210940851266217e-02
3.000000000000000000e+00 4.451221096486132067e-01 2.013949730675904659e-01 4.694327745143439534e-02 3.754565205791854376e-02
8.000000000000000000e+00 4.245797434405299553e-01 9.452515514370182781e-02 4.478053411734667089e-02 3.436514386120693987e-02
6.000000000000000000e+00 6.746398164744682457e-01 6.643317067088818639e-01 4.889257964252147204e-02 3.861470550579648719e-02
5.000000000000000000e+00 6.333073478733055595e-01 5.659441865066299204e-01 4.973699356633887181e-02 3.731009411232466544e-02
3.000000000000000000e+00 6.176877059912717627e-01 4.473369534505817202e-01 4.691382570924707007e-02 3.596488858751101247e-02
2.000000000000000000e+00 5.941660384981697351e-01 3.455532722283584102e-01 5.006387430947589756e-02 3.599641203019438018e-02
0.000000000000000000e+00 5.674183693853005472e-01 2.472582086597318318e-01 4.580759363625019898e-02 3.279706255734965437e-02
1.500000000000000000e+01 5.488603283050690340e-01 1.498766670240384569e-01 4.471289589574511947e-02 2.963732735750401748e-02
6.000000000000000000e+00 6.774737067814249336e-01 1.932425236600713581e-01 4.368079710536465488e-02 3.330376130435491744e-02
3.000000000000000000e+00 6.977737400233732235e-01 2.801854663948785129e-01 4.368068512155409699e-02 3.329631438095015383e-02
0.000000000000000000e+00 7.177864228073257413e-01 3.726263103029213708e-01 4.515752761572633389e-02 3.386838367739225530e-02
1.500000000000000000e+01 7.396934797232668224e-01 4.897721126367310385e-01 4.448517681689323489e-02 3.715412866011380544e-02
8.000000000000000000e+00 7.867046753558291083e-01 5.980676104513247271e-01 4.447577017680315326e-02 3.714665374075631910e-02
7.000000000000000000e+00 8.605544989514193333e-01 5.104486354499111478e-01 4.299730391737710544e-02 3.549430461942360004e-02
5.000000000000000000e+00 8.467086526333122976e-01 4.169225564333587375e-01 4.658246561368606375e-02 3.169094246816345217e-02
8.000000000000000000e+00 8.043540797968647960e-01 3.196851519598818969e-01 4.076636244263509568e-02 3.327750110076960199e-02
