1.600000000000000000e+01 5.734252071946270846e-01 7.870585878618323594e-01 3.657869757002285560e-02 3.191191750093891333e-02
2.000000000000000000e+00 7.806381555619166246e-01 2.003750918033301298e-01 4.580749506545045424e-02 3.522186189944678802e-02
1.000000000000000000e+01 2.738598997291781245e-01 7.810905128580782897e-01 4.974882040807254713e-02 2.910074721775490758e-02
9.000000000000000000e+00 6.686324516527961670e-01 6.449965171831959498e-01 4.879760041487068989e-02 3.928540048285289465e-02
5.000000000000000000e+00 5.158510041806778634e-01 6.166190692034814180e-01 5.496492522505436185e-02 4.122345031907181934e-02
9.000000000000000000e+00 3.731960856043693431e-01 5.645923404422955594e-01 5.290404207603949249e-02 3.904794242960663020e-02
3.000000000000000000e+00 2.454267929046028696e-01 5.300988564659374624e-01 5.711746092284758491e-02 3.835913100631271888e-02
1.000000000000000000e+00 3.606147359050576040e-01 4.477568365794887262e-01 4.684292674329026962e-02 3.513245342080600908e-02
5.000000000000000000e+00 4.835728751023469218e-01 4.971491303444472987e-01 4.795684182146930929e-02 3.820331576794172568e-02
1.500000000000000000e+01 6.230727196468817120e-01 5.344357286975530696e-01 4.892722499255686142e-02 3.668806646199307409e-02
5.000000000000000000e+00 7.521578051554969058e-01 5.669669209747583150e-01 5.195866847609098560e-02 3.597817259030111625e-02
3.000000000000000000e+00 8.606702005140749456e-01 4.881262410477653080e-01 5.004240974199791747e-02 3.976769839900862191e-02
0.000000000000000000e+00 7.322306690241273675e-01 4.550380026497546360e-01 4.688264087927840329e-02 3.640557936980115539e-02
1.000000000000000000e+00 6.069757978590835101e-01 4.249784321748447669e-01 4.857673666974748894e-02 3.643230152078208439e-02
7.000000000000000000e+00 4.639939241691719563e-01 3.801495879073045758e-01 5.100204499821570092e-02 3.825129753075257044e-02
6.000000000000000000e+00 3.308980652526233857e-01 3.512213831086176130e-01 5.306511316289086455e-02 3.905080657175602488e-02
7.000000000000000000e+00 1.993837147655604936e-01 3.090969091020537851e-01 5.515062202894210897e-02 4.061515967558432250e-02
8.000000000000000000e+00 8.287626530444568429e-01 3.963665969747038331e-01 5.187109068624673469e-02 3.859918745656054639e-02
2.000000000000000000e+00 5.794973361873938522e-01 3.234064290252398610e-01 4.761355814489121041e-02 3.657618775473742145e-02
6.000000000000000000e+00 4.345135747712958740e-01 2.817595433402667604e-01 4.840240785274085855e-02 3.526526694026649311e-02
0.000000000000000000e+00 2.975725902556563551e-01 2.436237858943627876e-01 4.844852939951671544e-02 3.685507252381359233e-02
8.000000000000000000e+00 8.012265837301554283e-01 2.910686106339722690e-01 4.554877740037421852e-02 3.468721218915954418e-02
8.000000000000000000e+00 6.708134516086508015e-01 2.582361519407919692e-01 4.628176157269270341e-02 3.522933229082586548e-02
2.000000000000000000e+00 5.447841105009811891e-01 2.051764717898131862e-01 4.770981694289955222e-02 3.578237747079393571e-02
1.000000000000000000e+00 4.066339560352684734e-01 1.885637534336076504e-01 4.702065119274179139e-02 3.630208639832291362e-02
7.000000000000000000e+00 2.840754237222876677e-01 1.474491109889715657e-01 4.914047071010768652e-02 3.633663326754676959e-02
0.000000000000000000e+00 1.727990721351314041e-01 2.005029742739356802e-01 5.061004137786043189e-02 3.471511542968647168e-02
6.000000000000000000e+00 3.883484753185205696e-01 8.984932262272957160e-02 4.934273229487978751e-02 3.528180219391208183e-02
1.500000000000000000e+01 5.159814850482847826e-01 1.175963640572056379e-01 4.995362133536879190e-02 3.617683185195746942e-02
3.000000000000000000e+00 6.518336083477422882e-01 1.652140412518889323e-01 4.576757423879185271e-02 3.389623652012674349e-02
