2.000000000000000000e+00 5.080699369966814594e-01 3.739844328265927720e-01 4.010618558751555263e-02 5.549620041335079357e-02
2.000000000000000000e+00 3.915897786681840631e-01 8.074892301070630829e-01 3.726447075472971715e-02 4.898642168013578324e-02
2.000000000000000000e+00 4.846270031948618495e-01 7.705538679504448929e-01 3.831394810033184051e-02 4.686086668617683859e-02
6.000000000000000000e+00 7.052411456825347091e-01 6.956464613739441472e-01 3.453224366598262041e-02 4.745112403717632876e-02
8.000000000000000000e+00 7.910342772111343956e-01 6.756829341565502300e-01 3.278610775836199309e-02 4.160163889512524804e-02
3.000000000000000000e+00 8.473101358653520876e-01 5.636916190069931609e-01 3.228990548630095159e-02 4.376176305890888685e-02
1.500000000000000000e+01 7.409392289889755734e-01 6.068744607089034959e-01 3.231897501547165152e-02 4.520581156203906659e-02
9.000000000000000000e+00 6.478004855853289889e-01 6.152711212554536901e-01 3.346520114155704384e-02 4.596150708291379949e-02
6.000000000000000000e+00 5.398629106667528488e-01 6.393594631414631912e-01 3.746523569798898556e-02 4.897491732978831447e-02
9.000000000000000000e+00 4.371311945773722618e-01 6.627747163539711162e-01 3.971531826961188782e-02 4.855206230604025563e-02
8.000000000000000000e+00 3.037452952053666388e-01 6.894729463835690408e-01 4.004608237179779762e-02 5.237857758796260477e-02
3.000000000000000000e+00 3.333712982202279851e-01 5.221008110368292598e-01 4.114904091682025644e-02 5.348681129851029503e-02
1.500000000000000000e+01 4.781121176524681937e-01 5.165173008629339035e-01 3.780887906068591819e-02 4.900499699703830814e-02
7.000000000000000000e+00 5.831787258230454185e-01 4.788757539810218899e-01 3.509898724724747066e-02 4.891259742217429762e-02
6.000000000000000000e+00 6.968500408954205749e-01 4.656836031999884162e-01 3.566606754120549283e-02 5.037499676707812846e-02
5.000000000000000000e+00 7.939991166520296018e-01 4.534187872351360671e-01 3.665723747211968586e-02 4.534927922868964290e-02
0.000000000000000000e+00 8.838436033633674249e-01 4.334082885970551025e-01 3.504236339602484485e-02 4.601524081685393064e-02
5.000000000000000000e+00 3.922359303262378249e-01 3.691535456702477180e-01 4.012838056586892632e-02 5.653818590153153467e-02
8.000000000000000000e+00 6.309127727005969799e-01 3.562053572650588085e-01 3.842273435959342454e-02 4.919928022095554354e-02
7.000000000000000000e+00 7.333867913421936446e-01 3.579593778615760558e-01 3.538423901708309671e-02 5.325818337989723927e-02
0.000000000000000000e+00 8.516037558307736344e-01 3.087108674389506535e-01 3.369988988864591750e-02 4.695388356764496063e-02
3.000000000000000000e+00 7.826657602338489284e-01 2.018058219937574616e-01 3.536235269203180653e-02 5.222270767044970285e-02
5.000000000000000000e+00 6.721233478620807222e-01 2.071966342993322996e-01 4.317515342875122286e-02 5.249451899195251015e-02
1.000000000000000000e+00 4.435184660090820130e-01 2.141881787478918109e-01 4.097411867275624342e-02 5.970429535472573934e-02
1.200000000000000000e+01 1.762597947405474819e-01 1.821012408670509009e-01 3.198829509145895145e-02 3.960852422711780285e-02
1.200000000000000000e+01 2.202348091717514500e-01 5.216772264689127914e-01 3.687820517696488443e-02 3.686005075092868566e-02
0.000000000000000000e+00 5.699859577354080553e-01 8.517609445396678858e-01 3.501464071762672159e-02 4.457267946145171411e-02
1.000000000000000000e+00 6.670743129696952156e-01 8.203464639960290627e-01 3.718441731194577216e-02 4.465466900222092583e-02
7.000000000000000000e+00 7.479382793246520666e-01 8.202249387732118979e-01 3.444256585205440757e-02 4.311235651148870307e-02
1.000000000000000000e+00 4.455098550245373268e-01 8.920755833436019300e-01 3.879168729305487728e-02 4.328335044079989480e-02
