0.000000000000000000e+00 6.178848365588869296e-01 5.381274742527628607e-01 3.645393606199365255e-02 4.620473569932859181e-02
1.200000000000000000e+01 1.960943531664402217e-01 1.752628318534130147e-01 3.011117627434006794e-02 3.677498947561289033e-02
1.400000000000000000e+01 3.930009242868983677e-01 5.531949725606540025e-02 3.331881009628345769e-02 4.282171816866101738e-02
6.000000000000000000e+00 6.142790066511827352e-01 2.155365102162254409e-01 3.981363734085263673e-02 5.613498517222723083e-02
2.000000000000000000e+00 8.511539838424848625e-01 3.595658172761075910e-01 3.979907890069922516e-02 5.673264894876278719e-02
1.000000000000000000e+00 9.294182529992731645e-01 4.209971885671829339e-01 3.627349102055998920e-02 5.136192095143560232e-02
7.000000000000000000e+00 5.150539958077782199e-01 3.052923362490141956e-01 3.909191404402490022e-02 5.379295298144115556e-02
1.500000000000000000e+01 6.305240932784719199e-01 3.865341191961791933e-01 3.805985712251880315e-02 5.074597382134787837e-02
8.000000000000000000e+00 7.316102812707958591e-01 4.334310205780005365e-01 3.686344906021732371e-02 5.248044704580645536e-02
5.000000000000000000e+00 8.218269160557867270e-01 5.123967108318715491e-01 3.721359091969034250e-02 5.128978274309686780e-02
7.000000000000000000e+00 9.141571690672022354e-01 5.635748030419158727e-01 3.651728802422393727e-02 4.969540607066236237e-02
3.000000000000000000e+00 8.885694025125842055e-01 6.855175488835076880e-01 3.283457135445932984e-02 4.418628758851661509e-02
2.000000000000000000e+00 8.087301489805968080e-01 6.473318693045841954e-01 3.439420112480884306e-02 4.586420468511342996e-02
0.000000000000000000e+00 7.118379575650687352e-01 5.974438766808758405e-01 3.451265905777645138e-02 4.801618098920801270e-02
5.000000000000000000e+00 5.189287872104273447e-01 4.403390004308320727e-01 3.592266673420485557e-02 4.910237711003490046e-02
6.000000000000000000e+00 4.022678832647570424e-01 3.643054994485784848e-01 3.991867421180400610e-02 4.922794365635874136e-02
9.000000000000000000e+00 3.172771171541208801e-01 4.657532030817452262e-01 3.608761499852208843e-02 4.452607930694274518e-02
8.000000000000000000e+00 4.294471261775604232e-01 5.152999111782224917e-01 3.733563159378938678e-02 4.657890467194530926e-02
6.000000000000000000e+00 5.134802483313032351e-01 6.141226740262533124e-01 3.462807450422777933e-02 4.138412907241062477e-02
5.000000000000000000e+00 6.222369855656313398e-01 6.517044911177946043e-01 3.657239399496126087e-02 4.676915959981053916e-02
9.000000000000000000e+00 7.225506947617641451e-01 7.011028708879815108e-01 3.313392928011549277e-02 4.377751388608186467e-02
1.500000000000000000e+01 8.040389191167617300e-01 7.555358834160146309e-01 3.170782770304869658e-02 4.267852226121382486e-02
1.000000000000000000e+00 7.078117811323858533e-01 8.152145407807593891e-01 3.144236364587482679e-02 4.152129687573191674e-02
8.000000000000000000e+00 6.254674522536748382e-01 7.558598371438831620e-01 3.283229659818531765e-02 4.057522574138239246e-02
0.000000000000000000e+00 4.344047015666255840e-01 6.495035791193557451e-01 3.462668121600992466e-02 4.137713419686817051e-02
2.000000000000000000e+00 3.612552076746611274e-01 6.153868698255193781e-01 3.597734618814080187e-02 4.199660719918052454e-02
3.000000000000000000e+00 3.833727766644112744e-01 7.167056800813115247e-01 3.216070324274528103e-02 3.730645784457564673e-02
7.000000000000000000e+00 4.618115196274142353e-01 7.676045459587244046e-01 3.102952381660040171e-02 3.777767360673112140e-02
3.000000000000000000e+00 5.462241279965642793e-01 8.048617268955149395e-01 2.975017245365896290e-02 3.926542107882291521e-02
1.000000000000000000e+00 6.240028504266710296e-01 8.526966951130466876e-01 3.237802777027087853e-02 3.838628464783533367e-02
