2.000000000000000000e+00 2.965702096396746201e-01 8.213300275591846056e-01 3.761857047839417545e-02 3.994836800200884941e-02
1.300000000000000000e+01 9.697335148326631238e-01 6.989706105550195225e-01 3.833979732865644419e-02 4.034414517962336966e-02
1.300000000000000000e+01 7.964939208299286477e-01 8.120534974201010225e-01 2.995639020818807730e-02 3.435678694016819357e-02
3.000000000000000000e+00 5.225183142977953832e-01 2.251093262575466769e-01 3.923230613325456861e-02 3.756354248621873726e-02
6.000000000000000000e+00 4.246189654502782185e-01 2.650257411712527156e-01 3.709316622433594945e-02 3.709313830551688729e-02
7.000000000000000000e+00 3.357828190461510376e-01 2.977510919253380517e-01 3.561776831743540539e-02 3.594215707496251078e-02
6.000000000000000000e+00 2.324327674972788138e-01 3.422432756323379732e-01 3.283174937315205821e-02 3.650360452430145841e-02
8.000000000000000000e+00 6.045689592659628797e-01 2.947659559642129556e-01 3.950149938569258445e-02 3.617673099188678520e-02
1.500000000000000000e+01 5.027511204205801221e-01 3.367826338314321988e-01 3.708077026871647863e-02 3.709241241622396323e-02
3.000000000000000000e+00 3.110910526109319507e-01 4.113714858524981643e-01 3.558476827342166304e-02 3.559638250211000221e-02
1.000000000000000000e+00 2.101249890132808607e-01 4.385363152308388024e-01 3.136919412297436982e-02 3.571305524655504771e-02
1.000000000000000000e+00 7.170050787709554285e-01 3.906469696324629259e-01 4.026781512857946499e-02 3.693137666844731326e-02
2.000000000000000000e+00 5.933779798729720278e-01 4.172843846017800784e-01 4.140522781311806177e-02 3.840507152739108809e-02
9.000000000000000000e+00 4.921198575101525252e-01 4.520269677417835807e-01 3.746995860505591969e-02 3.745831645754849060e-02
2.000000000000000000e+00 3.773832273226370715e-01 4.907924293437541108e-01 3.758487246390618264e-02 3.959000204180412874e-02
1.500000000000000000e+01 1.841133883304211238e-01 5.370648565419078313e-01 3.214690074399809139e-02 3.682592728922529091e-02
5.000000000000000000e+00 6.752946982665756215e-01 5.023901300913929946e-01 4.108605987473712418e-02 3.908087445920110925e-02
7.000000000000000000e+00 5.587019133191468701e-01 5.342687030663408887e-01 3.781497936979638652e-02 3.747894846476185204e-02
0.000000000000000000e+00 3.463606453370841054e-01 5.949481900890696284e-01 3.722868417158059495e-02 3.957017968034060029e-02
3.000000000000000000e+00 2.504839590857734222e-01 6.176173776845391705e-01 3.499004159187915630e-02 3.731981119667482361e-02
5.000000000000000000e+00 1.559549281851995706e-01 6.515187249309695172e-01 3.318467116365894642e-02 3.651033295967154313e-02
6.000000000000000000e+00 6.571928061028448065e-01 6.146140665722694685e-01 4.037156145984477362e-02 3.903821450382616298e-02
9.000000000000000000e+00 5.294669174741348794e-01 6.474426890376976385e-01 3.695424218117770998e-02 4.062690697807713747e-02
8.000000000000000000e+00 4.227982257122191445e-01 6.725128671451365836e-01 3.939443071497072957e-02 4.039143965894609334e-02
7.000000000000000000e+00 3.132556684421540227e-01 7.040481782409386824e-01 3.779518492715183697e-02 3.712270433479836207e-02
1.000000000000000000e+00 2.353331838022616751e-01 7.252845441284258010e-01 3.401793623441845549e-02 3.868643738489674355e-02
0.000000000000000000e+00 4.538541986052514465e-01 5.644883956561659311e-01 3.785571292666295440e-02 3.818010168419005979e-02
8.000000000000000000e+00 4.019192207074540057e-01 7.908028929349429914e-01 3.811814982491196213e-02 4.245062007035582674e-02
0.000000000000000000e+00 6.195564234179524732e-01 7.224873018189194029e-01 4.196857374214646441e-02 4.231554882421439956e-02
