1.300000000000000000e+01 7.856836936538866834e-01 1.895911858553053220e-01 3.286997609603659054e-02 2.099474012920937716e-02
6.000000000000000000e+00 2.816528078581369554e-01 7.492027121709377013e-01 3.921922077021783304e-02 3.038221132666329982e-02
0.000000000000000000e+00 2.679022878003682329e-01 6.584064406420538917e-01 3.917986934483017047e-02 2.938467964611612970e-02
9.000000000000000000e+00 2.333527470486318200e-01 5.789943478066146287e-01 3.989673911266350403e-02 3.065017836173478116e-02
3.000000000000000000e+00 2.154558805004915256e-01 4.766989968127604005e-01 3.958715659759282079e-02 3.114568288524677264e-02
5.000000000000000000e+00 3.915278902544085948e-01 7.687418269032373352e-01 3.917102875063344092e-02 2.938451792792962092e-02
9.000000000000000000e+00 3.676842955983472550e-01 6.774575976995460547e-01 4.008037011346243794e-02 2.972676751667824302e-02
2.000000000000000000e+00 3.543480301518773801e-01 6.026877601734565992e-01 3.983582526240581068e-02 3.048441722054695546e-02
7.000000000000000000e+00 3.228493434184779298e-01 5.028931114038975858e-01 4.128142413175101000e-02 3.213550599890302450e-02
3.000000000000000000e+00 2.887098256521596351e-01 4.152367601845793343e-01 4.243274980768324545e-02 3.304581767085107424e-02
6.000000000000000000e+00 5.211307451240767552e-01 8.110199741246029159e-01 4.031030642166955058e-02 2.973178078046057049e-02
1.000000000000000000e+00 5.027238463686682923e-01 7.229326169851649775e-01 3.979318556722549749e-02 2.964488420823463422e-02
1.000000000000000000e+00 4.664495272515826740e-01 6.172466555396006749e-01 4.128333779695825267e-02 3.218396754879826460e-02
1.500000000000000000e+01 4.557928378202199537e-01 5.410491429098391869e-01 4.206222648932383956e-02 3.053250142800711942e-02
3.000000000000000000e+00 4.233141658295113130e-01 4.498935200939817025e-01 4.184261319202320362e-02 3.198923189919133936e-02
8.000000000000000000e+00 3.861175005120970338e-01 3.593452434041336518e-01 4.295081401821543299e-02 3.367498227552578882e-02
8.000000000000000000e+00 6.246498984944575117e-01 8.392722221695791962e-01 4.014330544105171317e-02 2.840552993277067895e-02
2.000000000000000000e+00 6.042749433151043403e-01 7.531023845207969192e-01 4.288534510570407576e-02 3.021467128542354441e-02
2.000000000000000000e+00 5.747579512393798939e-01 6.870915274132638473e-01 4.220704512535689013e-02 2.995295735356429123e-02
5.000000000000000000e+00 5.703793235270965267e-01 5.587619741617142477e-01 4.125463281885011213e-02 3.123457398177342803e-02
0.000000000000000000e+00 5.313159721356573995e-01 4.731989974843818225e-01 4.246600984804516088e-02 3.156299666557405015e-02
1.500000000000000000e+01 5.131891692793100201e-01 3.791618800210254658e-01 4.331724047584956105e-02 3.277483189629765148e-02
8.000000000000000000e+00 7.385290692830210890e-01 8.021441792693135842e-01 4.200807784986915205e-02 3.005122810490934437e-02
1.000000000000000000e+00 7.048794498097485928e-01 7.108832105314506489e-01 4.246574031773431290e-02 3.155596192446019632e-02
5.000000000000000000e+00 7.024942952297252852e-01 6.070456610048338142e-01 4.325131336180965125e-02 3.097663347426626856e-02
0.000000000000000000e+00 6.595740189957319810e-01 5.080156023446484870e-01 4.529456874248827258e-02 3.222162093322744614e-02
7.000000000000000000e+00 6.508817203760860481e-01 4.168570416484024266e-01 4.602025215148719539e-02 3.354099875799004815e-02
6.000000000000000000e+00 8.327058438769572302e-01 7.325103226760343311e-01 4.425170206365214298e-02 3.099178107773747914e-02
7.000000000000000000e+00 8.022013196952190173e-01 6.202239143065533256e-01 4.571697664569107644e-02 3.144992870016205533e-02
1.300000000000000000e+01 5.702363916032396896e-01 2.841703287738306938e-01 3.144949745166480959e-02 2.217207548014099583e-02
