1.600000000000000000e+01 8.694126751968551670e-01 7.437353243063249408e-01 3.017111340214839732e-02 3.516135532003394903e-02
1.400000000000000000e+01 7.198776098903243437e-01 6.753027993415591235e-01 2.554541503465779240e-02 3.608780641822639801e-02
6.000000000000000000e+00 4.638158688960555276e-01 7.557104742641282957e-01 3.923706818240318972e-02 5.514660060575271583e-02
1.500000000000000000e+01 2.574198674379527541e-01 7.271985027693155246e-01 3.359095134398537574e-02 4.655422187528213129e-02
1.000000000000000000e+00 1.621663095154401435e-01 7.038001392385413446e-01 3.135353617572214646e-02 4.475735327947771847e-02
3.000000000000000000e+00 5.425295299364589763e-01 6.535137489988420700e-01 3.974435109830054547e-02 4.945154920125716114e-02
6.000000000000000000e+00 4.105386716775747402e-01 6.148283462457557746e-01 3.385274856294701040e-02 4.655622694609584666e-02
8.000000000000000000e+00 3.317203405215791712e-01 5.944627607030958938e-01 3.223964199767442862e-02 4.298584611991318472e-02
3.000000000000000000e+00 2.134757329467896758e-01 6.064935378282068079e-01 3.117809247951258689e-02 4.368301466098989394e-02
9.000000000000000000e+00 1.300252817775888470e-01 5.780790019367254562e-01 3.010619246066316423e-02 4.225296564190916815e-02
1.500000000000000000e+01 1.379864154438751045e-01 4.689676680399869069e-01 2.850408668931508904e-02 3.939701322313288179e-02
9.000000000000000000e+00 2.187088729364387030e-01 4.758802580528496140e-01 3.009483942456867012e-02 4.011661688088319355e-02
5.000000000000000000e+00 2.921740037139196056e-01 4.733914910007427368e-01 2.903369633967989305e-02 4.224489116755081319e-02
2.000000000000000000e+00 3.876697823194075188e-01 4.944836437578984389e-01 3.170147015302360316e-02 4.653991542406993309e-02
5.000000000000000000e+00 4.745797935090001474e-01 5.056552209437346068e-01 3.118188585672793112e-02 4.439812045718499744e-02
8.000000000000000000e+00 5.914052715719787523e-01 5.391116157787814167e-01 3.382131772316276930e-02 4.726190349035552796e-02
6.000000000000000000e+00 6.674797446059113071e-01 4.183067359913757999e-01 3.651369429730311200e-02 4.374113461903922362e-02
0.000000000000000000e+00 5.587357044580484322e-01 4.026111093996442292e-01 3.490183412740122115e-02 4.159096712672882834e-02
7.000000000000000000e+00 4.502730922562364624e-01 3.998874510112530034e-01 3.330203147793397989e-02 4.228182240429723127e-02
3.000000000000000000e+00 3.612985761605214119e-01 3.870536430252056181e-01 3.384115166688872467e-02 4.300093834211993205e-02
7.000000000000000000e+00 2.864885712302199794e-01 3.628062539347590709e-01 2.901857702192162103e-02 3.940142979803351597e-02
7.000000000000000000e+00 1.791759213312388854e-01 3.667869562456598787e-01 2.901486493136085087e-02 3.868645947959625797e-02
0.000000000000000000e+00 2.495079799365870765e-01 2.739472055319238653e-01 2.830187258818581131e-02 3.854791992458173056e-02
0.000000000000000000e+00 3.327040987112750425e-01 2.837154770080473898e-01 2.797333902578569287e-02 3.771792898986492393e-02
5.000000000000000000e+00 5.043027464887075428e-01 3.066042545010435605e-01 3.016076290146096905e-02 4.062544424321823389e-02
2.000000000000000000e+00 6.305845449429510197e-01 3.102534156433235379e-01 3.293816531632809408e-02 3.983287226517573387e-02
2.000000000000000000e+00 3.042618847138973681e-01 1.843898505748473027e-01 2.874802793981307003e-02 3.594772241677410274e-02
1.000000000000000000e+00 3.841531861630279598e-01 1.851606106339017122e-01 2.892580185345489108e-02 3.629698407610096322e-02
1.000000000000000000e+00 5.739996311748982727e-01 1.819649748332674011e-01 3.134424240154454200e-02 3.870846106744527115e-02
8.000000000000000000e+00 4.942304629243259306e-01 1.983822643446662704e-01 3.080422805938920483e-02 3.460313276724469311e-02
