7.000000000000000000e+00 2.760574311494276567e-01 2.401404655773010099e-01 5.422260200838571742e-02 3.995392794099952849e-02
8.000000000000000000e+00 8.009000607931491267e-01 6.541640090278020292e-01 4.555326377167612240e-02 3.628663966650924610e-02
2.000000000000000000e+00 8.352375340966734507e-01 5.453617768407674760e-01 4.942615604865374657e-02 3.424100169437804819e-02
3.000000000000000000e+00 8.670936720189215130e-01 4.515146799017279999e-01 4.960412031099747932e-02 3.578725197443138883e-02
2.000000000000000000e+00 8.888966123277878273e-01 3.474072061788326393e-01 4.586556311514788931e-02 3.863982175800151353e-02
1.500000000000000000e+01 6.867304585515890958e-01 6.970240624639185700e-01 4.752430416557040793e-02 3.564319840402707662e-02
1.500000000000000000e+01 7.077133604625613916e-01 5.714577334767937389e-01 4.961422516223279455e-02 3.578799497819873388e-02
9.000000000000000000e+00 7.632696839534018896e-01 3.761504257974485621e-01 4.473447362011118145e-02 3.779154921694993785e-02
2.000000000000000000e+00 8.078135028068238466e-01 2.816224253459796989e-01 4.329988194620770781e-02 3.459550365183233778e-02
6.000000000000000000e+00 5.452244400244197209e-01 7.226110912394947405e-01 5.431761733014806026e-02 4.073176372491082997e-02
7.000000000000000000e+00 5.874806988790772788e-01 6.102837222587298438e-01 5.130536117690975839e-02 4.131297099184394472e-02
8.000000000000000000e+00 6.128198913180328278e-01 5.238239105559232556e-01 5.318563623059069378e-02 3.988943521399790360e-02
6.000000000000000000e+00 6.514694612854612377e-01 4.013695191074576618e-01 5.092096074785923410e-02 3.819110692285337949e-02
6.000000000000000000e+00 6.812899472062106110e-01 2.964166408380527473e-01 4.951400881409928623e-02 3.501455777658968316e-02
5.000000000000000000e+00 7.080906577755965436e-01 1.872394443698124078e-01 4.884893128191347689e-02 3.805246241987514377e-02
5.000000000000000000e+00 4.250076787215558149e-01 6.586037240187776476e-01 5.752032020902075882e-02 4.173065798966946183e-02
3.000000000000000000e+00 4.603389790041456653e-01 5.385033468260236322e-01 5.121337731051794906e-02 4.053246039437030657e-02
8.000000000000000000e+00 5.123881166722736857e-01 4.341555113844067781e-01 5.205368485118389010e-02 3.903985498631595830e-02
1.000000000000000000e+00 5.498240494261183997e-01 3.176285513701823104e-01 5.413311463465197981e-02 3.918337359400769770e-02
1.000000000000000000e+00 5.950418618569337514e-01 2.126207056820724750e-01 5.162931081945265621e-02 4.366966006111769327e-02
3.000000000000000000e+00 6.162901052732843166e-01 1.084241012272518373e-01 4.772479630213866120e-02 3.726802876251020247e-02
5.000000000000000000e+00 4.741369304647963245e-01 1.165434977955563528e-01 5.526497685360659551e-02 4.003295382168955974e-02
9.000000000000000000e+00 4.471627136556704518e-01 2.305596103188674029e-01 5.121340703066867839e-02 4.053246039437022330e-02
0.000000000000000000e+00 3.783831075379600617e-01 3.324511941863922404e-01 5.857107613673684376e-02 4.180632549333124226e-02
5.000000000000000000e+00 3.541647808622031546e-01 4.484224616830527754e-01 5.440407324851109783e-02 4.151572185986485142e-02
1.000000000000000000e+00 3.079574954543985443e-01 5.837932009021165047e-01 5.831025209426382583e-02 3.949053135140967452e-02
1.300000000000000000e+01 2.965722258269254397e-01 7.310347032702827486e-01 3.916652226856537355e-02 2.584131438489700727e-02
1.100000000000000000e+01 2.394715095654498249e-01 6.746667521841941406e-01 4.263697398502239166e-02 2.915475454524818488e-02
0.000000000000000000e+00 1.764925041389023841e-01 4.831076607496735953e-01 6.387502338968559235e-02 4.296475752700462669e-02
0.000000000000000000e+00 3.199117276467194904e-01 1.370375180877204113e-01 5.603740357009207029e-02 3.779273802297769547e-02
