6.000000000000000000e+00 5.142243890385749250e-01 7.777970729141694406e-01 3.827184290994123383e-02 5.365210292664335245e-02
0.000000000000000000e+00 1.950720435636287553e-01 2.501716836290163726e-01 3.387668651235281603e-02 4.800915148647952324e-02
5.000000000000000000e+00 2.818379077470901661e-01 2.164699345418933940e-01 3.457219584513809840e-02 4.673796028685586745e-02
7.000000000000000000e+00 3.807519521883281355e-01 1.726673023768772741e-01 3.579167234527863561e-02 4.710165339990687872e-02
1.000000000000000000e+00 4.898583293251232984e-01 1.267150407912000787e-01 3.585385452693928832e-02 5.000440778471550163e-02
2.000000000000000000e+00 4.470070519212988591e-01 2.793978427621586214e-01 3.682893162734329762e-02 5.068301495081195540e-02
5.000000000000000000e+00 5.590102380316375186e-01 2.313251154065897042e-01 3.803811856285044257e-02 5.008687256640281804e-02
3.000000000000000000e+00 1.440010645814590873e-01 3.876281242589136866e-01 3.213579299632246533e-02 4.568812816500844587e-02
9.000000000000000000e+00 2.527945440640419483e-01 3.294919209890971867e-01 3.481656559195048239e-02 4.642212699316600188e-02
6.000000000000000000e+00 3.499187824910858780e-01 3.098946148629062591e-01 3.432954596791870649e-02 4.672989469152361020e-02
6.000000000000000000e+00 7.586617703636905352e-02 6.221284142388487926e-01 3.093241803392242362e-02 4.596653946859075024e-02
0.000000000000000000e+00 1.782337640995428907e-01 5.969000030156381698e-01 3.310396096543097300e-02 4.604197650728614200e-02
0.000000000000000000e+00 1.160957801221285807e-01 4.919846070681221373e-01 3.136283022600847015e-02 4.372068630949910162e-02
1.000000000000000000e+00 2.105768310347342354e-01 4.606936851828514201e-01 3.386995529860128973e-02 4.767431066849558974e-02
1.500000000000000000e+01 3.116338033358057036e-01 4.488258733216421437e-01 3.486513708148797352e-02 4.901118309481383717e-02
2.000000000000000000e+00 2.811148063685083853e-01 5.685376335590696106e-01 3.511926264030146294e-02 4.999139015107267880e-02
8.000000000000000000e+00 4.143649945532584811e-01 4.085847204219785755e-01 3.678059736119804191e-02 4.810475251350576631e-02
8.000000000000000000e+00 3.826940556202662047e-01 5.706571356089307212e-01 3.486380269990729808e-02 4.933505233091195485e-02
5.000000000000000000e+00 4.704264865149393460e-01 5.206452404609014373e-01 3.678836642729005346e-02 4.810501938982192360e-02
1.000000000000000000e+00 1.391065974228344049e-01 7.644858456706540295e-01 3.492361264764670681e-02 4.887139921100447371e-02
8.000000000000000000e+00 2.420780662835853858e-01 7.093898529149204046e-01 3.697974639888662596e-02 4.817153089838877023e-02
7.000000000000000000e+00 1.995581603056349462e-01 8.770338449539309966e-01 3.324374484924039197e-02 4.883172359867160583e-02
7.000000000000000000e+00 3.348620803547797120e-01 6.930880986315104408e-01 3.615068029633516922e-02 5.046832778093912619e-02
3.000000000000000000e+00 3.049042649744772016e-01 8.266731572871683920e-01 3.584774602459206427e-02 4.968015306060513669e-02
9.000000000000000000e+00 4.538315685982492464e-01 6.529456010100465058e-01 3.704625790745358360e-02 5.011397533895289857e-02
2.000000000000000000e+00 5.433539685981985112e-01 6.449845915408133346e-01 3.791689740947479237e-02 5.168943519190039027e-02
1.400000000000000000e+01 7.874680478996849420e-01 4.524391562452499405e-01 3.394743838905400768e-02 4.109352620049122606e-02
1.400000000000000000e+01 8.413524814859901779e-01 4.711105646455165941e-01 3.811966410389344695e-02 4.473360054094716043e-02
