6 0.255504 0.196474 0.035461 0.042552
14 0.772520 0.553036 0.031664 0.038135
12 0.704000 0.740094 0.029078 0.046333
1 0.522941 0.843542 0.051773 0.064292
0 0.244227 0.835036 0.041844 0.062427
5 0.119766 0.849214 0.042547 0.069969
1 0.074730 0.681844 0.039008 0.056729
5 0.212672 0.647802 0.043969 0.060521
9 0.326496 0.662932 0.040430 0.062406
0 0.458051 0.650167 0.041133 0.061458
6 0.551664 0.665771 0.043969 0.060521
8 0.660883 0.514000 0.043969 0.057687
3 0.531082 0.530547 0.042523 0.056740
3 0.405934 0.547547 0.044695 0.054885
9 0.351246 0.180870 0.035461 0.045385
0 0.287852 0.529625 0.039766 0.058667
1 0.441672 0.174724 0.036172 0.042552
3 0.559043 0.157703 0.035461 0.040656
15 0.148062 0.548234 0.040422 0.052010
8 0.040617 0.558161 0.038297 0.049177
0 0.100547 0.431453 0.039000 0.047281
6 0.217211 0.421047 0.038297 0.047281
15 0.328555 0.411594 0.039719 0.051062
8 0.452309 0.401667 0.040430 0.046333
5 0.577480 0.410172 0.041133 0.050115
2 0.690953 0.373297 0.042547 0.050115
7 0.188488 0.292922 0.037586 0.044448
7 0.289531 0.309005 0.039688 0.048240
2 0.510105 0.276844 0.039711 0.048229
2 0.617551 0.265026 0.039008 0.047281
