5.000000000000000000e+00 8.322056895586250891e-02 6.662330232230956328e-01 4.383057690550375834e-02 3.111495909991401909e-02
5.000000000000000000e+00 1.158550630904379014e-01 5.729485857575420393e-01 4.419873876333743623e-02 3.314940810152233741e-02
3.000000000000000000e+00 1.504037496493187132e-01 4.674988331941231090e-01 4.784339671205084521e-02 3.588823324008932891e-02
1.000000000000000000e+00 1.862262326199288220e-01 3.684263044849218627e-01 4.554246298697467443e-02 3.561322349783496710e-02
5.000000000000000000e+00 1.751586340607138581e-01 7.442390409729282563e-01 4.492305381466740744e-02 3.369784153602439769e-02
8.000000000000000000e+00 2.156229897606662116e-01 6.464017053511830202e-01 4.680240978346583702e-02 3.510143914741925553e-02
7.000000000000000000e+00 2.432991517060559272e-01 5.394836386716266308e-01 4.633568624663675362e-02 3.545773395252327376e-02
1.000000000000000000e+00 2.896797429935108470e-01 4.438052003323823547e-01 4.970533445309577303e-02 3.621456302899311863e-02
3.000000000000000000e+00 3.421855886015103265e-01 3.283945439243303177e-01 4.707464393820826043e-02 3.653250941071789493e-02
8.000000000000000000e+00 2.594493041567766389e-01 8.185259697130129464e-01 4.726403530241585216e-02 3.515083327620305287e-02
1.000000000000000000e+00 3.077823796472731743e-01 7.154881743751477785e-01 4.563819243381500579e-02 3.364068709113565703e-02
1.500000000000000000e+01 3.424154242408918303e-01 6.321305690014021872e-01 4.719274801907347161e-02 3.480592404436233522e-02
7.000000000000000000e+00 3.791077281897970996e-01 5.401945289425416075e-01 4.797257482064226641e-02 3.656740251086809668e-02
6.000000000000000000e+00 4.177699487306582027e-01 4.175753177369638802e-01 5.136006608967802478e-02 3.793228350870342380e-02
2.000000000000000000e+00 4.550505639428084059e-01 3.083098404026670680e-01 4.972275268084924704e-02 3.876546956407311839e-02
8.000000000000000000e+00 3.763256690273835137e-01 9.206703090952492730e-01 4.806074220762862614e-02 3.307888552086213352e-02
2.000000000000000000e+00 4.040540856560337346e-01 7.881106852446800870e-01 4.989430098247998879e-02 3.612648060897138969e-02
1.500000000000000000e+01 4.270862648591257082e-01 7.010471890630290970e-01 5.039189584979902881e-02 3.525188731949491228e-02
0.000000000000000000e+00 4.722503841136692637e-01 6.084955350229491744e-01 5.050402392081704273e-02 3.939028829979651647e-02
6.000000000000000000e+00 5.158397398065283079e-01 5.038327040026473469e-01 4.916862645971570300e-02 3.898745992038510355e-02
6.000000000000000000e+00 5.662028601776321057e-01 3.884358122428688276e-01 5.175892934407233525e-02 3.925029106437288862e-02
0.000000000000000000e+00 4.927667622992429886e-01 8.925483679698169581e-01 5.065435880360663612e-02 3.552055286172206561e-02
0.000000000000000000e+00 5.485165616506608721e-01 7.807628837532517574e-01 4.954927846135304126e-02 3.539774727547961852e-02
9.000000000000000000e+00 6.267478834684268030e-01 5.880086403741093815e-01 4.898866642858445974e-02 3.612483791432141711e-02
2.000000000000000000e+00 6.653480073192887811e-01 4.941229483443623782e-01 5.164207144535526428e-02 3.802600207071360483e-02
3.000000000000000000e+00 6.482105104169995080e-01 8.961994834078439442e-01 5.065079019109119951e-02 3.671660450079550220e-02
9.000000000000000000e+00 6.999200173099662248e-01 7.724878094542633189e-01 5.122998166679693099e-02 3.630559097045604755e-02
7.000000000000000000e+00 7.600045762969944718e-01 5.563366661762636500e-01 5.366558803084531259e-02 3.779659126615531051e-02
1.000000000000000000e+01 8.326899627203687704e-01 1.139706657484035046e-01 4.109863409107361587e-02 2.729410798883558087e-02
1.100000000000000000e+01 7.046860126135031654e-01 3.226657312996874527e-01 3.923440224198304627e-02 2.907252320362835318e-02
