1.400000000000000000e+01 1.754121811700158906e-01 5.439580533330673484e-01 3.168462169745847601e-02 3.798514005896058698e-02
1.200000000000000000e+01 2.672148803845437737e-01 4.583987141203076376e-01 3.391425780857487693e-02 3.673071433356928095e-02
5.000000000000000000e+00 3.950751270477728672e-01 2.767425185999239368e-01 3.708660090104132223e-02 5.255941218279752691e-02
1.500000000000000000e+01 5.740203735551994146e-01 1.647662201606374111e-01 3.531168768777004363e-02 5.027727265412249014e-02
9.000000000000000000e+00 6.779645828028157961e-01 1.366856062515524606e-01 3.556078122138317532e-02 4.847765035825798985e-02
0.000000000000000000e+00 3.518891581207986841e-01 4.050531985776564814e-01 3.523726274019983729e-02 4.964322622805905638e-02
6.000000000000000000e+00 4.806484716824843684e-01 3.841469195735909281e-01 3.562678938397367823e-02 4.910761017810943985e-02
5.000000000000000000e+00 5.637422341685214278e-01 3.332992270576731753e-01 3.456078056221278949e-02 4.767253480725230919e-02
6.000000000000000000e+00 6.486147934969119788e-01 2.796249426920828229e-01 3.388056360503866049e-02 4.570200576814936744e-02
1.000000000000000000e+00 7.626027170781688458e-01 2.333090934881831835e-01 3.334843876172033372e-02 4.499274954961407502e-02
3.000000000000000000e+00 3.377237089998691433e-01 5.808575905113431137e-01 3.742936161412374618e-02 4.884214315603085943e-02
8.000000000000000000e+00 4.401842501517693740e-01 5.093965961804221010e-01 3.757282584942178705e-02 5.009735372632373451e-02
9.000000000000000000e+00 5.470251460178607861e-01 4.652007483739636351e-01 3.441366273857948688e-02 4.641997647145457151e-02
3.000000000000000000e+00 6.369272350485757350e-01 4.070442012432455847e-01 3.287341815090139008e-02 4.490170754102273953e-02
5.000000000000000000e+00 7.374500347337298312e-01 3.618545909414040418e-01 3.427634194440820625e-02 4.517461705785835724e-02
2.000000000000000000e+00 8.264206481842736318e-01 3.294606453663669887e-01 3.119347117072979181e-02 4.213345131843654334e-02
8.000000000000000000e+00 4.387351016999172515e-01 6.377880475239812164e-01 3.638181017936026329e-02 4.740338713322111985e-02
7.000000000000000000e+00 5.175872375740340203e-01 6.177514172663690628e-01 3.378708587089040982e-02 4.690146528680783078e-02
0.000000000000000000e+00 6.043239659255454921e-01 5.487311552614906329e-01 3.438356799614383785e-02 4.658292651120732319e-02
1.500000000000000000e+01 7.252647492996614487e-01 4.814045885543715708e-01 3.123233452517015785e-02 4.385345245220950705e-02
6.000000000000000000e+00 8.101931408705383975e-01 4.432542251118052334e-01 3.126903279022652526e-02 4.275548149841951195e-02
7.000000000000000000e+00 4.287889787702542366e-01 7.931263907843844052e-01 3.689650605313837817e-02 4.812511967933097434e-02
0.000000000000000000e+00 5.173547340378247261e-01 7.433193484808189311e-01 3.689729089804005824e-02 4.813296812834733096e-02
3.000000000000000000e+00 6.099825082211156602e-01 6.776423363116454990e-01 3.474811492115126299e-02 4.526747232880867777e-02
2.000000000000000000e+00 7.049802704348318017e-01 6.142045137104947816e-01 3.187325511002725431e-02 4.409583420873264270e-02
8.000000000000000000e+00 8.022137039463219654e-01 5.729131468442933972e-01 3.228500098360276294e-02 4.368668644241791021e-02
1.000000000000000000e+00 5.274754984899134858e-01 8.602023483953216143e-01 3.689501755418700402e-02 4.741935466742719374e-02
2.000000000000000000e+00 6.110524142037674356e-01 8.060391462514298055e-01 3.365718050785881932e-02 4.576344017941635922e-02
1.000000000000000000e+00 6.807248281946817192e-01 7.551459868584509127e-01 3.421371673397999302e-02 4.384381780445145704e-02
7.000000000000000000e+00 7.793408065958529196e-01 6.617939361490241534e-01 3.173198302773039270e-02 4.267510255504369798e-02
