8 0.844964 0.446078 0.047094 0.037656
2 0.443531 0.074859 0.047542 0.032328
2 0.584375 0.121344 0.050208 0.035328
7 0.688562 0.177160 0.046208 0.034992
9 0.828078 0.246309 0.047094 0.035992
6 0.327786 0.118348 0.049760 0.033992
3 0.462635 0.184660 0.050208 0.037992
2 0.575490 0.230145 0.048438 0.036320
6 0.703005 0.280965 0.045760 0.035320
5 0.833854 0.323785 0.048875 0.034992
8 0.209380 0.162500 0.051094 0.035656
9 0.332229 0.211316 0.050646 0.037992
5 0.458411 0.280629 0.050656 0.035992
15 0.581484 0.328281 0.047990 0.037328
1 0.199198 0.272340 0.052458 0.037430
7 0.331000 0.342398 0.051187 0.039344
15 0.468880 0.388461 0.051823 0.038391
1 0.590443 0.446766 0.051823 0.036953
0 0.712323 0.494270 0.049896 0.035992
3 0.847641 0.542977 0.047990 0.035516
5 0.343797 0.450602 0.051177 0.037906
1 0.458641 0.506266 0.053094 0.037906
0 0.586281 0.544656 0.051187 0.037906
6 0.736958 0.602719 0.050542 0.039828
3 0.196318 0.488754 0.051823 0.039352
7 0.338359 0.543934 0.054385 0.037430
8 0.483271 0.613516 0.051187 0.038391
0 0.586922 0.653820 0.053740 0.038391
12 0.300693 0.682152 0.037031 0.030086
16 0.316380 0.764977 0.044740 0.033750
