0 0.840870 0.399441 0.049031 0.038086
14 0.335849 0.797184 0.037823 0.031523
11 0.467078 0.826809 0.037823 0.029945
6 0.607276 0.745754 0.053990 0.044320
5 0.463755 0.686164 0.055448 0.044328
2 0.291927 0.617762 0.059104 0.042133
9 0.722922 0.649168 0.051802 0.039398
9 0.582901 0.600961 0.047427 0.042687
7 0.445005 0.532016 0.054719 0.039406
3 0.310391 0.478930 0.053990 0.040500
8 0.842286 0.613547 0.046698 0.040500
3 0.718250 0.569770 0.052542 0.038305
1 0.576703 0.494254 0.048156 0.039398
7 0.462516 0.412441 0.056177 0.036664
15 0.328630 0.341852 0.052531 0.041047
6 0.188542 0.289590 0.056917 0.038305
1 0.837589 0.484047 0.048031 0.036031
6 0.718115 0.433199 0.052292 0.038305
2 0.597724 0.372324 0.051073 0.038758
8 0.476380 0.308098 0.058656 0.036117
5 0.333224 0.220762 0.059531 0.040055
0 0.205396 0.145902 0.054292 0.038742
0 0.326661 0.104207 0.055156 0.038086
8 0.480635 0.206973 0.053583 0.037039
3 0.600932 0.253070 0.052531 0.034672
1 0.703141 0.301793 0.049906 0.034148
2 0.836057 0.289449 0.048156 0.037430
5 0.725734 0.205727 0.048156 0.040719
15 0.611911 0.138090 0.051656 0.039398
7 0.473578 0.070125 0.053406 0.036109
