1.500000000000000000e+01 3.350828515239294703e-01 1.960485147312501786e-01 3.037919617271372941e-02 3.902178806277087353e-02
1.100000000000000000e+01 9.013345559430941956e-01 5.325831267711897965e-01 2.485394656083061982e-02 3.313793327515968112e-02
1.200000000000000000e+01 7.599719813609694397e-01 5.616425469280157401e-01 3.372086178032795978e-02 3.696910899445460252e-02
6.000000000000000000e+00 5.656373467229024454e-01 7.597100579794727748e-01 3.940218707999298964e-02 5.475305391792595344e-02
0.000000000000000000e+00 3.007892771016337230e-01 7.852078593185025657e-01 3.601165559340430145e-02 4.801574889212278929e-02
5.000000000000000000e+00 1.988653261782499237e-01 7.902701884404230714e-01 3.380911548741932782e-02 5.172280187353439640e-02
0.000000000000000000e+00 1.403157311550176090e-01 7.026913242455045117e-01 3.362145575590938518e-02 4.687883682752036485e-02
8.000000000000000000e+00 2.450512862729087304e-01 6.889362603716522315e-01 3.439167508641649551e-02 4.740841582486476913e-02
1.000000000000000000e+00 5.213333614602224664e-01 1.428359846065319350e-01 3.040575741703444024e-02 4.349900361989400555e-02
3.000000000000000000e+00 3.566316683767861706e-01 6.794860193634179035e-01 3.360783460497562825e-02 4.584516173603647715e-02
3.000000000000000000e+00 4.867351840501710214e-01 6.450534240694045796e-01 3.635445455857005959e-02 5.104055247614092128e-02
1.500000000000000000e+01 5.700107010041558508e-01 6.348133265714004381e-01 3.867186637076280853e-02 4.848681369524776574e-02
1.000000000000000000e+00 1.092585847606738769e-01 5.691437715020192245e-01 3.283945980532405884e-02 4.563023132526122794e-02
7.000000000000000000e+00 1.942367172039778656e-01 5.598946694892397158e-01 3.188688731669153675e-02 4.190098721878687815e-02
2.000000000000000000e+00 3.092056443765996976e-01 5.087636640576795877e-01 3.330791388785342422e-02 4.625586781408641546e-02
8.000000000000000000e+00 4.342842323383363512e-01 5.028732540911814430e-01 3.376901822435812717e-02 4.563054347663692001e-02
7.000000000000000000e+00 5.269294978117564643e-01 4.977328587479720179e-01 3.515987962168132253e-02 4.503484514246824943e-02
2.000000000000000000e+00 6.591538408742227961e-01 4.755996235765637126e-01 3.889496947209813982e-02 4.755543912275583818e-02
7.000000000000000000e+00 6.628748555353414229e-01 3.519312078313386882e-01 3.912936677774947469e-02 4.597680448433155709e-02
3.000000000000000000e+00 5.529542106727394213e-01 3.908748161632293883e-01 3.647630710463134474e-02 5.040225966790651269e-02
6.000000000000000000e+00 4.276433537101849147e-01 3.977443031078853330e-01 4.114373635906454219e-02 4.690656154515004950e-02
0.000000000000000000e+00 2.659142072327573825e-01 4.275365837510428646e-01 3.243482649039877708e-02 4.590185977679817064e-02
9.000000000000000000e+00 1.820243479942632581e-01 4.403063134305272852e-01 3.642077253717859731e-02 4.058873121331035838e-02
6.000000000000000000e+00 1.990359310936949400e-01 3.487093941632424809e-01 3.040570066223893808e-02 4.348955394643372330e-02
1.000000000000000000e+00 3.028812872432709025e-01 2.967109768137834447e-01 3.374345018895957837e-02 4.129163935628660242e-02
5.000000000000000000e+00 3.888469673179696384e-01 3.105166233991760727e-01 3.655965152190704393e-02 4.578829343088813841e-02
8.000000000000000000e+00 4.463126025008543607e-01 1.781937823890202832e-01 3.374032867520393442e-02 4.204798213928004347e-02
5.000000000000000000e+00 5.066215252428662996e-01 2.640034719081298942e-01 3.658482227373677231e-02 4.877946979853858833e-02
2.000000000000000000e+00 6.006951244673763846e-01 2.470808945168307957e-01 3.707773767315125646e-02 4.208047425973657218e-02
9.000000000000000000e+00 2.446417862342644134e-01 2.038769165129421801e-01 2.814305722775889418e-02 3.900779800566600564e-02
