2.000000000000000000e+00 2.184643423143275975e-01 3.496258870633180971e-01 5.035796359567459857e-02 4.078933802502243688e-02
1.100000000000000000e+01 5.817194463302923779e-01 1.918162198374658289e-01 5.116088957406084159e-02 3.786135693138192870e-02
1.200000000000000000e+01 5.439615866884600637e-01 2.383866831004521347e-01 4.342696223015729551e-02 3.055800391718166420e-02
6.000000000000000000e+00 7.409523394972132859e-01 8.775159801216945166e-01 5.319906166806276371e-02 3.637657672659611041e-02
2.000000000000000000e+00 8.649646132946431365e-01 8.014986030451920485e-01 5.419207698932959616e-02 4.013431104095199764e-02
8.000000000000000000e+00 9.534881116864595274e-01 7.301824819609263884e-01 5.811967837604703480e-02 4.258530842146746043e-02
1.000000000000000000e+00 7.753347966730679275e-01 7.070201260825306200e-01 5.675503882589993943e-02 4.055313026664086884e-02
6.000000000000000000e+00 9.247041100876768338e-01 6.013458436438253729e-01 6.052039649978935287e-02 4.538989001975246573e-02
3.000000000000000000e+00 7.060203021119091371e-01 7.941685973694153633e-01 5.214052037095506797e-02 3.860568197045055605e-02
8.000000000000000000e+00 5.870464579337328903e-01 8.589915947126873785e-01 4.872636097788152210e-02 3.503085009132334005e-02
6.000000000000000000e+00 5.187219671758571682e-01 7.707569401761866779e-01 4.945910549368875975e-02 3.758921463473952063e-02
1.500000000000000000e+01 6.275566995287977790e-01 6.967106088942793818e-01 5.179758557909941441e-02 3.733956415840145038e-02
7.000000000000000000e+00 7.189160876672138212e-01 5.994764038472923939e-01 5.470132904490909720e-02 3.901216415628294687e-02
5.000000000000000000e+00 6.920650441621489790e-01 5.460901043219761331e-01 5.709087400047974104e-02 4.180865684636037027e-02
5.000000000000000000e+00 5.659641444331913185e-01 5.917877802087105898e-01 5.623903631454996166e-02 4.167993263804803394e-02
5.000000000000000000e+00 4.704252639787270818e-01 6.608517804865599032e-01 5.080474483858526957e-02 3.961761020659126942e-02
5.000000000000000000e+00 3.971397410686207663e-01 7.544356474788840305e-01 4.923151038577289196e-02 3.692342183758690055e-02
9.000000000000000000e+00 2.223782100151670826e-01 7.516728197772826192e-01 4.875106415438640317e-02 3.807676048340191688e-02
7.000000000000000000e+00 3.314409157343209955e-01 6.538792289019037529e-01 4.942061043772177920e-02 3.756471513577963606e-02
3.000000000000000000e+00 3.887168162358537460e-01 5.590171980255955742e-01 5.054048777260583547e-02 4.144907868941538620e-02
1.500000000000000000e+01 1.568413956193580594e-01 6.282255183923304287e-01 4.736748259257320126e-02 3.603049948119219081e-02
7.000000000000000000e+00 2.355156880741668401e-01 5.518291846953351509e-01 4.791915777105479335e-02 3.795292453616472272e-02
0.000000000000000000e+00 4.584872575294390851e-01 4.670517673526328739e-01 5.384937497181074839e-02 3.887328516752286411e-02
8.000000000000000000e+00 7.167483184611360691e-01 3.448273313982521682e-01 5.830036945507488522e-02 4.321548674507263987e-02
2.000000000000000000e+00 5.774813821717186269e-01 3.679708907489421810e-01 5.903506345595366245e-02 3.975116448239462974e-02
3.000000000000000000e+00 3.492278720439905282e-01 4.866908508675275025e-01 5.093824092080434518e-02 3.719381832670237698e-02
9.000000000000000000e+00 2.022543593952569885e-01 4.350895667964252977e-01 5.061922369206631189e-02 3.897462929445588697e-02
0.000000000000000000e+00 2.813436302991957350e-01 4.807482093365388343e-01 4.905934466683431472e-02 3.629478564396365625e-02
1.000000000000000000e+00 7.796991420439264298e-02 5.347180886728898352e-01 4.771606216209899054e-02 3.426339310252424220e-02
1.000000000000000000e+00 4.057625317664189657e-01 3.590936195073148873e-01 5.880671183144287051e-02 4.208685127576244911e-02
