6.000000000000000000e+00 2.747414401684901142e-01 4.147711957010823403e-01 4.834055951758442493e-02 3.489468100961662378e-02
0.000000000000000000e+00 8.826423139923671446e-01 3.489825164862833118e-01 4.320476802363215629e-02 3.093135913763311873e-02
5.000000000000000000e+00 8.554268965720445150e-01 4.282849982919233467e-01 4.228026966781706086e-02 3.137805133611676345e-02
7.000000000000000000e+00 8.285954866645476313e-01 5.205567615398648540e-01 4.274606551460879977e-02 3.238065701349501779e-02
1.000000000000000000e+00 7.971571688261032129e-01 6.215168022403037007e-01 4.507912879152498054e-02 3.266788345570825758e-02
2.000000000000000000e+00 7.045814533679152225e-01 5.351860989696016757e-01 4.575810093322019156e-02 3.349920114720195130e-02
5.000000000000000000e+00 6.730101085776096781e-01 6.391388833594179308e-01 4.545206639843935026e-02 3.441526273006512149e-02
3.000000000000000000e+00 8.069990675049458773e-01 2.615251547333669602e-01 4.110234569900383939e-02 2.935405875749574900e-02
9.000000000000000000e+00 7.852486906733253669e-01 3.664656326700257427e-01 4.206284811773419730e-02 3.154713608830067573e-02
6.000000000000000000e+00 7.406569332976375986e-01 4.489504034350705330e-01 4.224045024898093192e-02 3.118387121470683754e-02
6.000000000000000000e+00 6.662458855604395103e-01 1.271238821138904740e-01 4.116645442595601168e-02 2.842657797557358867e-02
0.000000000000000000e+00 6.228106646654452128e-01 2.156472193817867145e-01 4.151967040437809509e-02 3.015152188236761011e-02
0.000000000000000000e+00 7.428725266021164453e-01 2.035970894232702610e-01 3.941644201863958585e-02 2.857416776482291088e-02
1.000000000000000000e+00 7.090229038216740998e-01 2.880762703241973033e-01 4.293538240065486455e-02 3.089777325804787811e-02
1.500000000000000000e+01 6.559834648004859714e-01 3.709459890066961751e-01 4.414571002609202210e-02 3.180013180204027678e-02
2.000000000000000000e+00 5.815013493420854163e-01 3.056572691954029808e-01 4.496783862093134410e-02 3.208445642425705735e-02
8.000000000000000000e+00 6.240237866360640595e-01 4.649577292011340957e-01 4.368926448817689323e-02 3.325227776049127781e-02
8.000000000000000000e+00 5.172394707788793289e-01 3.840845567164590801e-01 4.440488554167559831e-02 3.182649000033876963e-02
5.000000000000000000e+00 5.021390443677281601e-01 4.697951168721473669e-01 4.369060792336038057e-02 3.325851129974211062e-02
1.000000000000000000e+00 5.163253840457358024e-01 1.270517530788932148e-01 4.404164753678535549e-02 3.183441626792092582e-02
8.000000000000000000e+00 4.957942283804666062e-01 2.264010149944240824e-01 4.377140211529056968e-02 3.341730533842124373e-02
7.000000000000000000e+00 3.913547845954603588e-01 1.351413689449595390e-01 4.378341242583022597e-02 3.050041199949905801e-02
7.000000000000000000e+00 4.513093815766746619e-01 3.043608139403574109e-01 4.549255753486741716e-02 3.294266968812259444e-02
3.000000000000000000e+00 3.656697279299666592e-01 2.346994544253995507e-01 4.481801872927754227e-02 3.263529171815865437e-02
9.000000000000000000e+00 4.092640652880839558e-01 4.109930529347800565e-01 4.533104975711788054e-02 3.362604829721932420e-02
2.000000000000000000e+00 3.602895118387450246e-01 4.835192476753029656e-01 4.671575526936172507e-02 3.444874113483548106e-02
1.400000000000000000e+01 3.598789311779914124e-01 7.405175115943033459e-01 3.770146640090649148e-02 3.043847963754386932e-02
1.400000000000000000e+01 3.121154576777924183e-01 7.760368899642052787e-01 4.122363102736192886e-02 3.407709322569729693e-02
