0.000000000000000000e+00 3.968819626933815514e-01 6.000665568275446171e-01 3.764509139340599386e-02 5.146956821230208590e-02
1.600000000000000000e+01 7.134359175992086577e-01 6.075394115307293230e-01 2.804578620317188520e-02 3.579275946718962764e-02
1.600000000000000000e+01 7.338602990343519039e-01 9.531835178505105866e-01 2.644010563952414739e-02 3.416738873808411459e-02
1.000000000000000000e+00 3.905232917314560570e-01 7.532429949853722828e-01 3.961538954758719866e-02 5.347761555943175704e-02
0.000000000000000000e+00 2.039233656945813600e-01 6.357514864241355923e-01 3.775580488291058190e-02 5.225997106712798601e-02
6.000000000000000000e+00 1.059326358221845399e-01 4.519379372555150653e-01 3.509722476161795945e-02 4.935473958326663801e-02
2.000000000000000000e+00 1.959200124951206712e-01 4.909790060376970633e-01 3.881837475850230534e-02 5.175061910949457777e-02
7.000000000000000000e+00 3.066202926948301544e-01 5.653898161318269278e-01 3.672163428442148936e-02 4.897689812421579525e-02
8.000000000000000000e+00 5.201960803747021078e-01 6.479895068054224438e-01 3.903470443136469736e-02 5.332230792301018152e-02
2.000000000000000000e+00 5.872099564997681487e-01 5.549472126126966387e-01 3.909301761368200179e-02 4.956422430216067543e-02
9.000000000000000000e+00 4.806055365536466839e-01 5.124959149448420348e-01 3.614636687644628976e-02 4.883825139702785423e-02
5.000000000000000000e+00 3.879944744609244989e-01 4.708867941985312444e-01 3.699968505285350373e-02 4.748443601195040387e-02
3.000000000000000000e+00 2.783580603089411132e-01 4.237532276142501608e-01 3.736832223337671621e-02 5.019125121312190130e-02
3.000000000000000000e+00 1.872639710891835785e-01 3.772616885847331347e-01 3.415495131108642335e-02 4.591376665966406811e-02
8.000000000000000000e+00 9.276562411381093776e-02 3.113921576895822829e-01 3.403890749572571761e-02 4.501066964780225943e-02
2.000000000000000000e+00 6.934462926871765021e-01 4.633469463288482637e-01 3.629159641042933870e-02 4.412720454647078849e-02
0.000000000000000000e+00 5.745801134768567797e-01 4.130089218261675521e-01 3.764188737239959615e-02 4.758137221112723747e-02
1.000000000000000000e+00 4.740460317295445147e-01 3.680620267601253937e-01 3.604115847758021518e-02 4.906288239704326148e-02
6.000000000000000000e+00 3.773187492861115322e-01 3.248560219442028218e-01 3.794099729708305668e-02 4.952359149030632901e-02
7.000000000000000000e+00 2.838329312037026764e-01 2.784723710402119412e-01 3.497797692525078661e-02 4.503545711940659668e-02
6.000000000000000000e+00 1.960019771779582531e-01 2.311068042076005746e-01 3.711441813234786502e-02 4.682132017347123698e-02
9.000000000000000000e+00 2.665213289949794895e-01 1.569858415046991029e-01 3.189416496147567948e-02 4.030530265266563106e-02
5.000000000000000000e+00 3.578492971844755566e-01 1.921023777747468408e-01 3.217908981133965618e-02 4.246061845623694264e-02
5.000000000000000000e+00 4.636660376936264649e-01 2.375418765067979221e-01 3.477862856372265776e-02 4.414287512193867946e-02
1.500000000000000000e+01 5.656202143696540396e-01 2.762468143579402957e-01 3.704687154403918381e-02 4.628674383227787681e-02
1.500000000000000000e+01 6.571552788260210942e-01 3.229940925186989276e-01 3.574143687615916054e-02 4.543336740094322534e-02
8.000000000000000000e+00 6.234964556040507588e-01 2.131268723443968116e-01 3.491980938025207593e-02 4.521968832727715770e-02
7.000000000000000000e+00 5.469449371293926276e-01 1.497803477907704295e-01 3.306648712026993842e-02 4.319410624700315005e-02
1.000000000000000000e+00 4.340003130333282000e-01 1.135498316717094697e-01 3.360779190557700025e-02 4.126470305184984366e-02
0.000000000000000000e+00 3.586578027579880867e-01 7.425916965312545637e-02 3.470971298462033339e-02 4.360826965328159360e-02
