3.000000000000000000e+00 3.394901716105640510e-01 6.070745429701874807e-01 3.632702621148914401e-02 5.022116287867128825e-02
8.000000000000000000e+00 3.165706696360164329e-01 1.055400998761545084e-01 3.419980328894955957e-02 4.858001702644663966e-02
0.000000000000000000e+00 4.147824182629417655e-01 1.107035125195221792e-01 3.475913544243069975e-02 4.784089316458552121e-02
1.500000000000000000e+01 5.219499651491099623e-01 1.215186009296023301e-01 3.768309290327997996e-02 4.912834455923290045e-02
0.000000000000000000e+00 6.264509734720351553e-01 1.361525306585526784e-01 3.884732228836285106e-02 4.956403831209610367e-02
5.000000000000000000e+00 2.355399891667451784e-01 2.014146306496855943e-01 3.445505100463475134e-02 4.744538114836771570e-02
2.000000000000000000e+00 3.374279503056696328e-01 2.348731835081803165e-01 3.502440628561370728e-02 4.707732119945093330e-02
7.000000000000000000e+00 5.627808554466169344e-01 2.659299779000162123e-01 3.834313220722840310e-02 5.223973747851243243e-02
1.000000000000000000e+00 6.847350732227588388e-01 3.039434919752147524e-01 4.064089700832063112e-02 5.196572242320979251e-02
1.000000000000000000e+00 1.664922253010262532e-01 3.150591552413557483e-01 3.326223934796340709e-02 4.584498213493226615e-02
6.000000000000000000e+00 2.860682999316761510e-01 3.329960772585490170e-01 3.566657051648741694e-02 4.941818247456175595e-02
5.000000000000000000e+00 3.777732394083511136e-01 3.641528501165087750e-01 3.707394253449092236e-02 4.794650778103831668e-02
2.000000000000000000e+00 4.962587115148106021e-01 3.822326983627541974e-01 3.855867406175778056e-02 4.916921036689447799e-02
1.000000000000000000e+00 6.032053480760837250e-01 4.110611016772027781e-01 3.946512764261733697e-02 5.074623199690775355e-02
3.000000000000000000e+00 7.250980589452065139e-01 4.265299846947140372e-01 4.273831822832974137e-02 5.475134882770260614e-02
6.000000000000000000e+00 9.358470969544845086e-02 4.326665478430176681e-01 3.591815993934699414e-02 4.789148467756387806e-02
8.000000000000000000e+00 2.043162814469641764e-01 4.480615958041098690e-01 3.523084702140619195e-02 4.831322933014087218e-02
3.000000000000000000e+00 2.977200815500757325e-01 4.935137278513437309e-01 3.731886970049747010e-02 4.840849365469684917e-02
8.000000000000000000e+00 4.009077330063932632e-01 5.119208445943895791e-01 3.772372077319680050e-02 5.074548844145548854e-02
1.500000000000000000e+01 5.309182848821707434e-01 5.318247682052483771e-01 3.881192904883068451e-02 5.264241736929087256e-02
7.000000000000000000e+00 6.394474899971317461e-01 5.551966790592282042e-01 4.296293145937779556e-02 5.192753341517664101e-02
7.000000000000000000e+00 1.320367430342291315e-01 5.556319564210381312e-01 3.525000100985883900e-02 4.877741612793839998e-02
2.000000000000000000e+00 2.319168367718263402e-01 6.070647875226525825e-01 3.604260137985346168e-02 5.252154499495587103e-02
5.000000000000000000e+00 4.406260561516472940e-01 6.507769551980435718e-01 3.745265019748550417e-02 5.350880818237757630e-02
0.000000000000000000e+00 5.742719696028713017e-01 6.681738923746258774e-01 4.062537157047552139e-02 5.549677803979957691e-02
9.000000000000000000e+00 1.405698448899161401e-01 7.165065731154005579e-01 3.566407217016755171e-02 5.158026327670772737e-02
9.000000000000000000e+00 2.700133613777260244e-01 7.589208498775930067e-01 3.951729549315463608e-02 5.314619105937190557e-02
6.000000000000000000e+00 4.931685545392504033e-01 7.998657123548372772e-01 4.202257174989065813e-02 5.603071033902828901e-02
1.100000000000000000e+01 6.339570765369264560e-01 8.403490053494764300e-01 3.438265844579324604e-02 4.894034399865898610e-02
1.300000000000000000e+01 7.633453617257353052e-01 8.059060594276058476e-01 3.811161878158253469e-02 4.564389499839682784e-02
