1.200000000000000000e+01 4.266659402623692587e-01 9.037594096027473656e-02 3.286095857579746093e-02 3.679430742981935898e-02
2.000000000000000000e+00 8.418738158778761305e-01 4.039159382749312188e-01 3.559440033528460390e-02 3.536953546360777079e-02
8.000000000000000000e+00 7.491343248476294292e-01 3.618245522932826974e-01 3.335965507529425889e-02 3.544608756427464202e-02
0.000000000000000000e+00 5.561825394263012479e-01 2.781603211059397451e-01 3.901808502270998069e-02 3.901808502270986967e-02
1.000000000000000000e+00 8.313798079768269789e-01 5.089618164983552573e-01 3.560736212367521247e-02 3.538255264425654856e-02
7.000000000000000000e+00 7.625659780675785315e-01 4.767148395591840337e-01 3.276103094222060363e-02 3.414755455422791020e-02
8.000000000000000000e+00 6.678180468477284970e-01 4.340655012099575716e-01 3.458471025499743057e-02 3.342482406692554031e-02
9.000000000000000000e+00 5.782278549545065705e-01 3.858545447323751265e-01 3.361174524181742562e-02 3.291709862936181841e-02
6.000000000000000000e+00 4.675678190459374162e-01 3.355663370325889794e-01 3.719182996993242174e-02 3.603183299734441514e-02
5.000000000000000000e+00 8.468108447521833781e-01 6.081146647133290895e-01 3.313448554619780051e-02 3.452100915820499605e-02
3.000000000000000000e+00 7.583119357354008994e-01 5.765109165230505317e-01 3.216429014592181446e-02 3.402552540967707095e-02
0.000000000000000000e+00 6.778595000002617388e-01 5.341370023290636926e-01 3.426221652845407029e-02 3.449469783561698311e-02
0.000000000000000000e+00 5.807072955145665683e-01 4.909487527009741559e-01 3.526736444357858602e-02 3.387289204253679520e-02
7.000000000000000000e+00 4.871185026873042223e-01 4.484492088656612530e-01 3.551169969397072190e-02 3.620623552191015726e-02
5.000000000000000000e+00 3.889768539916502177e-01 4.008684085640644712e-01 3.730170051383463470e-02 3.776943274106442372e-02
1.500000000000000000e+01 7.587037528729316804e-01 6.760692222191073686e-01 3.367788359796530795e-02 3.320998519396123339e-02
5.000000000000000000e+00 6.835062421812225786e-01 6.236405607306479970e-01 3.417104087165390158e-02 3.649064707102334104e-02
2.000000000000000000e+00 5.916444137841287976e-01 5.900040828455976882e-01 3.246025098084481808e-02 3.408158237485436892e-02
9.000000000000000000e+00 4.870819437969712284e-01 5.467705915907211667e-01 3.440197119559051941e-02 3.509592540482020517e-02
2.000000000000000000e+00 3.940182834243743382e-01 5.104943679507266685e-01 3.493935918735624480e-02 3.493938688348535715e-02
1.000000000000000000e+00 2.930095176024209991e-01 4.551419922962744447e-01 3.874439187553524455e-02 3.781634998365845934e-02
1.000000000000000000e+00 6.820031178659562432e-01 7.348611801390539933e-01 3.202924382072225296e-02 3.226244522724019959e-02
3.000000000000000000e+00 5.926118672676297106e-01 6.892162977131690571e-01 3.492636970283657938e-02 3.492636970283646836e-02
1.500000000000000000e+01 4.093584907445436682e-01 6.252708102782084110e-01 3.398619690644011371e-02 3.329163338237162151e-02
8.000000000000000000e+00 3.107763628126353206e-01 5.923289236133556512e-01 3.842184275673388161e-02 3.888137692976778581e-02
3.000000000000000000e+00 3.269083886139975137e-01 6.938808243738505688e-01 3.466347804598751692e-02 3.372823516056022708e-02
6.000000000000000000e+00 4.219705462658724926e-01 7.247155618452008063e-01 3.640625696583793536e-02 3.756630933068405565e-02
7.000000000000000000e+00 5.045311836474177802e-01 7.588301857019998931e-01 3.276344050544710562e-02 3.415752516068237821e-02
6.000000000000000000e+00 6.088112223586885641e-01 7.893622044829415874e-01 3.243283181309508656e-02 3.150606394315402792e-02
1.200000000000000000e+01 3.752083881464440274e-01 1.584143346486575066e-01 3.120256976113233716e-02 3.351480879017695869e-02
