7.000000000000000000e+00 3.270438173935518167e-01 8.413659397198557377e-01 3.983388591015202262e-02 5.422721006037800606e-02
8.000000000000000000e+00 5.532653897292687528e-01 1.431129736721960533e-01 3.641123124181400161e-02 4.523677636463785401e-02
2.000000000000000000e+00 4.432350906988919981e-01 1.683652757736817662e-01 3.393914910596479428e-02 4.966558965205072895e-02
3.000000000000000000e+00 3.476715084466788230e-01 1.880903235681248842e-01 3.561225173136556288e-02 4.969146849214847728e-02
2.000000000000000000e+00 2.456344322799965674e-01 2.224062887666593824e-01 3.892572262364907276e-02 4.528203465723995569e-02
1.500000000000000000e+01 6.261608293548694970e-01 2.256182772120229607e-01 3.559195227422473629e-02 4.745588690301799639e-02
1.500000000000000000e+01 5.046520182832556767e-01 2.718891981432266514e-01 3.561237044164122789e-02 4.970230080480400603e-02
9.000000000000000000e+00 3.089260918929996880e-01 3.228055489373859999e-01 3.807848738613761608e-02 4.415188315521978435e-02
2.000000000000000000e+00 2.090115702942182685e-01 3.312307881718404290e-01 3.472236982731696786e-02 4.298641534618552473e-02
6.000000000000000000e+00 6.912156630149439707e-01 3.422518353269691227e-01 4.067263336295245946e-02 5.424017915799578260e-02
7.000000000000000000e+00 5.756219772373649679e-01 3.620699074611900548e-01 4.148894457364982191e-02 5.089483455669280287e-02
8.000000000000000000e+00 4.887580626994041944e-01 3.839252705078064487e-01 3.983207557844792301e-02 5.310907797377012463e-02
6.000000000000000000e+00 3.649204973110374839e-01 4.123428485611765892e-01 3.813621025768593187e-02 5.084764722211099208e-02
6.000000000000000000e+00 2.597526453663395740e-01 4.397351408023032482e-01 3.477620493733676876e-02 4.967855874966847773e-02
5.000000000000000000e+00 1.515909351078357781e-01 4.721065574913155816e-01 3.811677145004369049e-02 4.861417274037382885e-02
5.000000000000000000e+00 6.677162516828988315e-01 4.860974389682098940e-01 4.154776551524808070e-02 5.759629671681643082e-02
3.000000000000000000e+00 5.470155014578228503e-01 5.163344449005380365e-01 4.065138422360603521e-02 5.088961130456298720e-02
8.000000000000000000e+00 4.358765078077546651e-01 5.229911681255157152e-01 3.898362356061091383e-02 5.197880776147434378e-02
1.000000000000000000e+00 3.178403581081081786e-01 5.494295045912966913e-01 3.900374495233821515e-02 5.421444870574265718e-02
1.000000000000000000e+00 2.081009289307105270e-01 5.627062102109298136e-01 4.400500886663760713e-02 5.094997547974511320e-02
3.000000000000000000e+00 1.061448725271782190e-01 5.975783033734451966e-01 3.733826946214967302e-02 4.748422898133608516e-02
5.000000000000000000e+00 1.553436191813421519e-01 7.239245581789232054e-01 3.985210793746851721e-02 5.534474859560734039e-02
9.000000000000000000e+00 2.680013772596457899e-01 6.891866076279236086e-01 4.065135454603724385e-02 5.088955194942523796e-02
0.000000000000000000e+00 3.817965578443547336e-01 6.991809444475007851e-01 4.155916170171308766e-02 5.872348046194464377e-02
5.000000000000000000e+00 4.954411544443667048e-01 6.608907669622609005e-01 4.151811762389756577e-02 5.424240497566468200e-02
1.000000000000000000e+00 6.333630708129392994e-01 6.326734531439588416e-01 3.904897356737135894e-02 5.868466220179813231e-02
1.300000000000000000e+01 7.719649448018091054e-01 5.662713468876500178e-01 2.547866775841856057e-02 3.948879513875702685e-02
1.100000000000000000e+01 7.369506367290319382e-01 6.481495337186407024e-01 2.885882414806395513e-02 4.288230643441626189e-02
0.000000000000000000e+00 5.794732056784683838e-01 8.059981124461104152e-01 4.245269394673878427e-02 6.431497186691348400e-02
0.000000000000000000e+00 2.194546467946413282e-01 8.549008401890876296e-01 3.735313792417832568e-02 5.641331914211977772e-02
