1.500000000000000000e+01 7.570297129331808872e-01 5.988666441540715368e-01 3.455863695247074485e-02 4.086014620354128102e-02
8.000000000000000000e+00 5.784715851716060175e-01 7.369569251000058774e-01 4.072193686372416188e-02 5.951574502788437027e-02
6.000000000000000000e+00 3.551827162694072837e-01 8.328958021424097691e-01 3.641343454315271178e-02 5.145011090160134248e-02
0.000000000000000000e+00 6.319001975423341744e-01 5.926731924410890695e-01 3.759473324007978068e-02 5.156343821404563155e-02
1.000000000000000000e+00 5.130079762140109523e-01 6.401699131878871851e-01 3.739649193465821586e-02 4.840065003160409773e-02
5.000000000000000000e+00 3.984238225856936433e-01 6.720409652186788430e-01 3.684245936883495665e-02 4.912320672168557500e-02
2.000000000000000000e+00 2.822663289285093358e-01 7.013858667040755446e-01 3.664451686505199035e-02 4.596835036456370371e-02
0.000000000000000000e+00 1.918122004395305114e-01 7.449149091449808191e-01 3.387848293130710231e-02 4.879555714289751656e-02
7.000000000000000000e+00 6.561478418722008765e-01 4.443917383296919210e-01 3.793971331391576829e-02 4.768667709769053298e-02
7.000000000000000000e+00 5.363220012416934912e-01 4.922343355552420974e-01 3.624583398759617658e-02 4.904687648487615625e-02
3.000000000000000000e+00 4.312568529105659243e-01 5.275746647584824700e-01 3.689450518154907543e-02 4.992019218360255195e-02
6.000000000000000000e+00 3.350193372121186286e-01 5.845960680336066417e-01 3.853302471334285606e-02 4.775273942364077762e-02
2.000000000000000000e+00 2.337854506568993185e-01 6.067424034208181993e-01 3.530824877275209883e-02 4.345330980737338589e-02
9.000000000000000000e+00 1.530906998015963971e-01 6.257893237367895267e-01 3.420730055286486104e-02 4.488255953689701538e-02
0.000000000000000000e+00 6.675827904408762059e-01 3.235795263258671728e-01 3.840090006144214474e-02 4.540068157849896924e-02
8.000000000000000000e+00 5.598749860890244179e-01 3.698259659428635993e-01 3.625371148534517474e-02 4.906526636755237369e-02
6.000000000000000000e+00 4.549353887737448976e-01 4.042060010067144438e-01 3.739649193465821586e-02 4.840067719538948543e-02
1.000000000000000000e+00 3.547930789324700851e-01 4.465930507480815881e-01 3.555364640952640709e-02 4.740436387663726769e-02
0.000000000000000000e+00 2.632237819819778224e-01 4.896574294769366897e-01 3.177779875571465351e-02 4.381543022975969981e-02
5.000000000000000000e+00 1.619379990148637760e-01 5.176628982890413289e-01 3.227041400288108153e-02 4.229971817149452695e-02
2.000000000000000000e+00 6.014123526249123275e-01 2.272879954402684810e-01 3.480647932992564364e-02 4.339042564430806159e-02
3.000000000000000000e+00 5.010743141283600099e-01 2.598649663426200185e-01 3.630496954828443812e-02 4.357820889237318251e-02
5.000000000000000000e+00 3.930585675239853805e-01 3.149208252742252134e-01 3.422626087503305436e-02 4.201927925162984856e-02
9.000000000000000000e+00 2.934683480378820208e-01 3.356023535369012656e-01 3.062121910344811626e-02 3.962245548824522290e-02
1.500000000000000000e+01 1.907722892453053709e-01 3.702261971560839582e-01 3.116118082846464077e-02 4.033498874153579328e-02
1.500000000000000000e+01 4.960003635006530187e-01 1.604244057318551797e-01 3.519304715911930614e-02 4.149088929916874835e-02
7.000000000000000000e+00 4.100240492062787179e-01 2.008478805041405968e-01 3.411850213858380609e-02 4.005862438947230264e-02
3.000000000000000000e+00 3.350415979342059036e-01 2.096403360348036704e-01 3.116118082846475179e-02 4.033498874153579328e-02
8.000000000000000000e+00 2.401918121193877265e-01 2.569152237286111418e-01 3.153492735097707111e-02 3.842312003785139374e-02
1.300000000000000000e+01 8.054634484553309104e-01 4.866392341238675590e-01 2.768674253680103448e-02 3.344456862426353760e-02
