1.200000000000000000e+01 8.459227453908660932e-01 3.614971853234387744e-01 4.017148662583291951e-02 2.966241231493516040e-02
1.500000000000000000e+01 2.412965156941204170e-01 7.541501301156121606e-01 4.295836814309919593e-02 3.206072003984383745e-02
3.000000000000000000e+00 1.739924264821818833e-01 6.741871678599675732e-01 4.247928103022272084e-02 3.218070655903682020e-02
1.000000000000000000e+00 9.568225839645544406e-02 5.912062091138463593e-01 4.296650145748741323e-02 3.206206217093099387e-02
6.000000000000000000e+00 4.569204911049728479e-01 8.271261458297987090e-01 4.480060411597130976e-02 3.267262444510643515e-02
2.000000000000000000e+00 3.787479585622357536e-01 7.457544559424382768e-01 4.225748044675697868e-02 3.169265401049803366e-02
9.000000000000000000e+00 2.934856319728308960e-01 6.762089809723030864e-01 4.299686046267925388e-02 3.294427177714986943e-02
7.000000000000000000e+00 2.289228857703708986e-01 5.763468853101024747e-01 4.195115244742117500e-02 3.192967436049243268e-02
8.000000000000000000e+00 1.464285166499031954e-01 5.266460800670063058e-01 4.204593374479709267e-02 3.222177577030427287e-02
3.000000000000000000e+00 5.839134714254875513e-01 8.188702143454209548e-01 4.330133632111476949e-02 3.271159993187799930e-02
9.000000000000000000e+00 5.073648772342942426e-01 7.348873279001051362e-01 4.426764386125581208e-02 3.343581386651528486e-02
8.000000000000000000e+00 4.277946359560667600e-01 6.536252095947012730e-01 4.299683362005746190e-02 3.294427177714986943e-02
5.000000000000000000e+00 3.489698008623429715e-01 5.750027141836793199e-01 4.291592995812287814e-02 3.264873451175487329e-02
2.000000000000000000e+00 1.986255246594062218e-01 4.413788681204440234e-01 4.234302788225319247e-02 3.198784232181034470e-02
0.000000000000000000e+00 6.339908518090220380e-01 7.255143138692536908e-01 4.409523370179790902e-02 3.284098136868118800e-02
7.000000000000000000e+00 3.270785691257211969e-01 8.354682689725942968e-01 4.225560146323492638e-02 3.233875591586199416e-02
6.000000000000000000e+00 5.637014604198899992e-01 6.365657302997587141e-01 4.488462152202821187e-02 3.297127545462374965e-02
5.000000000000000000e+00 4.758464452602216843e-01 5.694905549660480570e-01 4.283035568000487237e-02 3.235351935782093680e-02
6.000000000000000000e+00 4.056900859044500485e-01 4.841669064072705031e-01 4.400971310892332067e-02 3.254576621474736253e-02
2.000000000000000000e+00 3.210098549888619202e-01 4.098523028319834838e-01 4.217212090961292015e-02 3.139819044997288477e-02
5.000000000000000000e+00 2.449394486827166650e-01 3.425454756726270533e-01 4.124454727264750820e-02 3.212272649607100794e-02
1.000000000000000000e+00 6.065802133468982671e-01 5.577724889718270740e-01 4.448815599887789851e-02 3.290502786416094061e-02
1.500000000000000000e+01 5.234739800851002656e-01 4.796446359729817921e-01 4.261276938815272697e-02 3.287783628833496063e-02
8.000000000000000000e+00 4.621129949615727095e-01 3.997798774489856877e-01 4.475424690822038531e-02 3.379641764701624140e-02
0.000000000000000000e+00 3.655778946300483057e-01 3.245036772136735692e-01 4.269598151555731302e-02 3.318019157965262922e-02
7.000000000000000000e+00 7.411530668805610400e-01 5.394536343925488975e-01 4.339480233002535048e-02 3.300735193824688718e-02
3.000000000000000000e+00 6.695894293946473841e-01 4.772789957187348886e-01 4.472592794228102964e-02 3.238189200900370990e-02
1.000000000000000000e+00 5.817077326689661376e-01 3.919186935599666688e-01 4.356552140431335651e-02 3.360626451458587072e-02
0.000000000000000000e+00 5.114368358462153541e-01 3.033720782510793690e-01 4.414043667681372130e-02 3.426358663583856101e-02
1.100000000000000000e+01 6.929522541831083515e-01 3.143761170856148590e-01 3.299296429299258815e-02 2.798104417417135448e-02
