0.000000000000000000e+00 5.033313615887395898e-01 3.038079809577576285e-01 4.336995322374115336e-02 3.227187593921332365e-02
1.100000000000000000e+01 7.387729150719511972e-01 2.878697076691238421e-01 2.995490403442424565e-02 2.301787744969707727e-02
2.000000000000000000e+00 3.410597311561164302e-01 8.413987827681004283e-01 4.206683255751891837e-02 3.144487905507054037e-02
9.000000000000000000e+00 2.455249130370064647e-01 7.557784285298860816e-01 4.258639093388061347e-02 3.162949679020821137e-02
1.000000000000000000e+00 1.880102619039137890e-01 6.713324927049058033e-01 4.195812181518601691e-02 3.108105565121499492e-02
3.000000000000000000e+00 1.043745759310154009e-01 6.056958623731406588e-01 4.072552368793201649e-02 3.131449243447192998e-02
8.000000000000000000e+00 4.627227219679386216e-01 8.212365435075282827e-01 4.603760494250741520e-02 3.298317609732737132e-02
1.500000000000000000e+01 3.901740268271813861e-01 7.665132346622340886e-01 4.277053925509427534e-02 3.169482816342639175e-02
0.000000000000000000e+00 3.001030901419648456e-01 6.818673837307032137e-01 4.166313658268849807e-02 3.109701572463852148e-02
1.000000000000000000e+00 2.363100277724114739e-01 6.008420671715242189e-01 4.279682643485066551e-02 3.148193514250008374e-02
0.000000000000000000e+00 1.140700306036779854e-01 5.371814761726444454e-01 4.151797722976902083e-02 3.101064356258187438e-02
6.000000000000000000e+00 5.218021368048394448e-01 7.469963014845474314e-01 4.388807574574643544e-02 3.309826534651305607e-02
5.000000000000000000e+00 4.462130062580247358e-01 6.651527412302830067e-01 4.239890149002983888e-02 3.216866010105223772e-02
9.000000000000000000e+00 3.506570092871572619e-01 5.582040130933954014e-01 4.318088986261497952e-02 3.275515138049100994e-02
6.000000000000000000e+00 2.616553837150251693e-01 5.235886571689665203e-01 4.161763104462284923e-02 3.134072438906065905e-02
2.000000000000000000e+00 1.944958503564587771e-01 4.303519929788011122e-01 4.211882705277233963e-02 3.173986428756780942e-02
8.000000000000000000e+00 6.323111348499839135e-01 7.202782549708834914e-01 4.490750472623639133e-02 3.260002388482774460e-02
1.500000000000000000e+01 5.780084761059597342e-01 6.373886195927837006e-01 4.132134802068776480e-02 3.161088590874205906e-02
7.000000000000000000e+00 4.802138855493561787e-01 5.718679345003011560e-01 4.295355546037310512e-02 3.203302708953592592e-02
1.000000000000000000e+00 3.914233167613290210e-01 5.126798365336511232e-01 4.161763104462284923e-02 3.134077961422832015e-02
5.000000000000000000e+00 3.163748820237578530e-01 4.146719525736566325e-01 4.285649722839429687e-02 3.168190547421834147e-02
3.000000000000000000e+00 2.475004139245082779e-01 3.409034991571021078e-01 4.276728097020851549e-02 3.223056751388175822e-02
7.000000000000000000e+00 6.266724795670692849e-01 5.578273498380834639e-01 4.438021482641685278e-02 3.505831699339123642e-02
2.000000000000000000e+00 5.521812115449652447e-01 4.895253458257137757e-01 4.467925910872971862e-02 3.312203978114569569e-02
3.000000000000000000e+00 4.437288953836291405e-01 4.159019689243274032e-01 4.399424613037178355e-02 3.363878167396222585e-02
5.000000000000000000e+00 3.632714178035472141e-01 3.285099775046421700e-01 4.374194995239472084e-02 3.296158305681334832e-02
7.000000000000000000e+00 7.684227552807991746e-01 5.671413228595649780e-01 4.605723748957346597e-02 3.392272187294842478e-02
8.000000000000000000e+00 6.650452178290526817e-01 4.640049813271168722e-01 4.611025365042664692e-02 3.412655796639568750e-02
6.000000000000000000e+00 6.116100360169893779e-01 3.804236507253849764e-01 4.704637546565904049e-02 3.636511013325599562e-02
