1.200000000000000000e+01 1.407790736644883023e-01 3.750536647252940003e-01 2.762520815672503405e-02 4.193625928237193490e-02
9.000000000000000000e+00 5.156292837821196962e-01 8.978743708227163722e-01 3.622169515406753471e-02 4.765678559257169322e-02
8.000000000000000000e+00 6.231974573882501645e-01 8.181432932530803281e-01 3.533586469905425353e-02 4.520221003164714979e-02
3.000000000000000000e+00 7.106875226172211235e-01 7.595975185202343827e-01 3.485514578199455649e-02 4.583408610129702243e-02
1.500000000000000000e+01 8.017970931015732106e-01 6.960433381785295914e-01 3.241036317683976264e-02 4.001586065588658148e-02
0.000000000000000000e+00 4.367619737142034997e-01 8.271322761571199278e-01 3.820062109268373973e-02 4.520514791837815238e-02
5.000000000000000000e+00 5.363367335815533155e-01 7.632871874234259391e-01 3.622270325245557920e-02 4.766496559092059382e-02
6.000000000000000000e+00 7.195915372285508482e-01 6.370938344426622102e-01 4.084734020637670326e-02 4.808940381511428441e-02
5.000000000000000000e+00 8.033727508821455476e-01 5.726952420882889250e-01 3.686183763049954987e-02 5.234173563291111275e-02
1.500000000000000000e+01 8.416038165461494636e-01 4.253033369776349493e-01 3.485520338761660675e-02 4.583408610129702243e-02
1.000000000000000000e+00 7.352454906183675254e-01 5.147651994494779615e-01 3.368863193292814806e-02 4.555726228392964483e-02
6.000000000000000000e+00 6.502502096745998994e-01 5.505868091561267885e-01 3.880383836530121311e-02 5.429001538052968812e-02
8.000000000000000000e+00 5.447105748491850585e-01 6.108389200234518590e-01 3.877013907632798073e-02 4.977321615132235255e-02
9.000000000000000000e+00 4.543410349901184087e-01 6.873479999335330159e-01 4.287937852863932253e-02 5.526614264830409518e-02
1.000000000000000000e+00 3.434856973643465317e-01 7.496021365939669057e-01 4.133502940371980294e-02 5.638789692893975136e-02
0.000000000000000000e+00 3.413517690978598029e-01 6.015625426703754552e-01 4.219125056893452408e-02 5.434197565173259914e-02
0.000000000000000000e+00 4.635505178144425642e-01 5.398929590609738982e-01 3.811686251803969583e-02 5.337431641041812114e-02
6.000000000000000000e+00 5.712178594991490499e-01 4.487020206352979601e-01 3.827622847179001919e-02 5.040296081295159158e-02
2.000000000000000000e+00 6.670141657981283334e-01 4.117477547840168173e-01 3.906047141209578744e-02 5.204558512930373970e-02
8.000000000000000000e+00 7.614541765257817341e-01 3.399058247770225805e-01 3.670998921044343888e-02 4.703418402809211862e-02
2.000000000000000000e+00 8.431270820133526245e-01 2.935513870906086842e-01 3.549497142750457357e-02 5.051166262199796586e-02
7.000000000000000000e+00 7.822045569151420130e-01 2.325481565157292707e-01 4.034519199786745780e-02 5.316215490394343712e-02
3.000000000000000000e+00 6.668816440643121624e-01 2.512022827155060423e-01 4.181361691275908843e-02 5.574401008706611482e-02
2.000000000000000000e+00 5.756045276278607403e-01 3.307114634285196475e-01 3.975335183563011299e-02 5.300440190761418480e-02
5.000000000000000000e+00 4.758635323363162861e-01 3.916727571104549055e-01 4.327380422367943513e-02 5.386681567721290920e-02
1.000000000000000000e+00 3.689573769416394367e-01 4.546804185131690379e-01 4.033643594329672233e-02 5.314337547111402937e-02
3.000000000000000000e+00 6.955021045553739789e-01 8.986608707419481423e-02 4.404842702508160457e-02 5.553706188939840777e-02
7.000000000000000000e+00 5.897794566683055573e-01 1.601339290538209004e-01 3.846039364588693665e-02 5.574925219868412385e-02
7.000000000000000000e+00 3.821401355485337659e-01 2.762266690380069667e-01 4.028735595320270813e-02 5.690980386585536843e-02
1.400000000000000000e+01 1.966234327453852126e-01 3.486574725176964651e-01 2.887565339730208125e-02 4.296066006152987615e-02
