6.000000000000000000e+00 4.217368153669716069e-01 5.362638149329599369e-01 3.712157776191937764e-02 4.771490899720010059e-02
1.400000000000000000e+01 7.114733522086523765e-01 6.158922544993097326e-01 3.067908809521968649e-02 3.950752583076400093e-02
1.200000000000000000e+01 7.435416398726175657e-01 5.993963584297183900e-01 2.527978500944139117e-02 3.226608760256133301e-02
8.000000000000000000e+00 6.838494298316725173e-01 3.044075541709002075e-01 3.823436670218627320e-02 5.157526613214791222e-02
3.000000000000000000e+00 5.976927161014438106e-01 2.224233814072782422e-01 3.797359059266391945e-02 4.526354785342368015e-02
9.000000000000000000e+00 6.075460773283410942e-01 3.457813925175357572e-01 3.910486167005045033e-02 4.975344765008304915e-02
3.000000000000000000e+00 6.349367962062867354e-01 4.631675102435759972e-01 4.011603992757506454e-02 5.109344366267420945e-02
0.000000000000000000e+00 6.384652141585653862e-01 5.930378734988455136e-01 4.159756803908709610e-02 5.248039799402137717e-02
5.000000000000000000e+00 5.648516834392697250e-01 7.828355669601660960e-01 3.980614240473001608e-02 5.488181629615895840e-02
9.000000000000000000e+00 5.299606395087266275e-01 5.032623162491712820e-01 3.527733428681589789e-02 4.883448841154947040e-02
2.000000000000000000e+00 5.051109954371835187e-01 6.463722283706270222e-01 3.734998959577456867e-02 5.277425028375204441e-02
6.000000000000000000e+00 5.262297668573920895e-01 1.127011488021085056e-01 3.562058179930793766e-02 4.569660486184531911e-02
7.000000000000000000e+00 4.831314355937165184e-01 2.609726563450396331e-01 3.413327630863699502e-02 4.431781005177465316e-02
8.000000000000000000e+00 4.684793585945984384e-01 3.832349505335400641e-01 3.617597686498968956e-02 4.763002807116906157e-02
8.000000000000000000e+00 4.073453638821845635e-01 1.751791097639763539e-01 3.613197568817300143e-02 4.674455572700203509e-02
5.000000000000000000e+00 3.872913415362037037e-01 3.234247012435241819e-01 3.535649259557582802e-02 4.456812664073456220e-02
1.500000000000000000e+01 3.698814695598652280e-01 6.820540887223405235e-01 3.505864268803854378e-02 4.817633266348253507e-02
3.000000000000000000e+00 3.122127112717246744e-01 2.198482994685756475e-01 3.207844599414494402e-02 4.491846581769171065e-02
1.000000000000000000e+00 2.975740920065239603e-01 3.312787333291761782e-01 3.556102824636681037e-02 4.669907597921574283e-02
0.000000000000000000e+00 3.181989385800636505e-01 4.541478850673825729e-01 3.509322482016025146e-02 4.894740742411468615e-02
6.000000000000000000e+00 3.024206422877049327e-01 5.833173919926026851e-01 3.616409353534533189e-02 4.751245429814399124e-02
2.000000000000000000e+00 2.564934898783817752e-01 4.698073754442417815e-01 3.610024117421492540e-02 4.598621310527445383e-02
1.500000000000000000e+01 2.149138700480086872e-01 2.738251071171084461e-01 3.254671489639743287e-02 4.267971770315115432e-02
1.000000000000000000e+00 1.670640003784192307e-01 3.927222148502766963e-01 3.415972630042599101e-02 4.494962533182828013e-02
2.000000000000000000e+00 2.378608534006784181e-01 7.348820877989309386e-01 3.551694492671844672e-02 5.392364754598788501e-02
7.000000000000000000e+00 1.870747471425961983e-01 6.153514260957726467e-01 3.468908208847695795e-02 4.625210945130264761e-02
0.000000000000000000e+00 1.420509605242663009e-01 5.091350221641797180e-01 3.363078122653320734e-02 4.364801740255813689e-02
7.000000000000000000e+00 2.315561720245316590e-01 8.593979431926115353e-01 3.474622611835662123e-02 5.348965958547424737e-02
1.000000000000000000e+00 1.675137323816643375e-01 7.521132991164460879e-01 3.569552344271018085e-02 4.974170122515797487e-02
5.000000000000000000e+00 8.764618872287377460e-02 6.240080757894077568e-01 3.390297518965401657e-02 4.603963332678628895e-02
