0.000000000000000000e+00 4.945978372115109600e-01 6.257944035300182506e-01 4.722898546741399750e-02 3.832308307615428511e-02
1.200000000000000000e+01 7.439200010979358790e-01 1.396981137101129256e-01 3.713142040882122519e-02 3.192854662107086350e-02
1.400000000000000000e+01 9.214027433210736362e-01 3.206187755862585087e-01 4.396029182598804042e-02 3.490723125031908181e-02
6.000000000000000000e+00 8.212243077429870475e-01 5.708391413420375038e-01 5.908713829922296323e-02 4.063029210853918993e-02
2.000000000000000000e+00 7.418961040232254778e-01 8.343269326146413034e-01 5.987149024202620406e-02 4.046968081023849528e-02
1.000000000000000000e+00 7.016252696770843844e-01 9.235853340353061824e-01 5.411792385800828775e-02 3.696608871968143362e-02
7.000000000000000000e+00 7.020139938626850373e-01 4.843307658681302308e-01 5.628481927270090335e-02 4.019427550721943465e-02
1.500000000000000000e+01 6.521393178372791866e-01 6.145279221874486719e-01 5.265182946826685306e-02 3.948943264761239913e-02
8.000000000000000000e+00 6.330818314147615977e-01 7.246547879760549815e-01 5.536729330334932975e-02 3.750055497243953706e-02
5.000000000000000000e+00 5.783804672490394649e-01 8.288408648789871158e-01 5.368671615485576254e-02 3.824537364196545219e-02
7.000000000000000000e+00 5.524996263661483553e-01 9.307553717003693716e-01 5.184446562012301474e-02 3.766978098402162800e-02
3.000000000000000000e+00 4.214131631639632669e-01 9.241558522730979330e-01 4.596356669322004818e-02 3.397937942600692818e-02
2.000000000000000000e+00 4.376288710427880813e-01 8.369939534387373925e-01 4.758829571759837229e-02 3.568485663617648740e-02
0.000000000000000000e+00 4.609098829149335108e-01 7.306512479711877450e-01 5.037748615709908284e-02 3.536605323988040173e-02
5.000000000000000000e+00 5.659464857397447091e-01 5.097391103792479061e-01 5.128604338385645001e-02 3.700845422746257274e-02
6.000000000000000000e+00 6.101946328995901947e-01 3.791606349874576676e-01 4.987057518586435201e-02 4.223838175520966409e-02
9.000000000000000000e+00 4.831328044292714230e-01 3.089686149757977507e-01 4.511513544477585569e-02 3.818029125327115914e-02
8.000000000000000000e+00 4.645170138283021277e-01 4.307743325004337320e-01 4.736921057777826460e-02 3.939818159220381810e-02
6.000000000000000000e+00 3.878995830552267599e-01 5.318373250681052156e-01 4.146181845729085547e-02 3.689150654442363564e-02
5.000000000000000000e+00 3.804713842649284361e-01 6.482738782864616578e-01 4.793745712747859988e-02 3.836350142271405250e-02
9.000000000000000000e+00 3.586548146457307906e-01 7.580138785433603310e-01 4.530551470780569412e-02 3.446552067754959925e-02
1.500000000000000000e+01 3.264032900327153430e-01 8.494339829487946858e-01 4.439745902257496990e-02 3.281149572752606325e-02
1.000000000000000000e+00 2.385887824136267432e-01 7.611881348655613611e-01 4.296437786626450261e-02 3.271030234891270094e-02
8.000000000000000000e+00 2.755971333825397163e-01 6.681159231688815758e-01 4.113496089412538304e-02 3.472289998805189182e-02
0.000000000000000000e+00 3.296117986909426478e-01 4.571483804699046916e-01 4.145299722691031530e-02 3.689097550045428164e-02
2.000000000000000000e+00 3.435858077114963827e-01 3.774280155299630235e-01 4.170093575573446953e-02 3.851269527567258155e-02
3.000000000000000000e+00 2.469313946655672387e-01 4.160021643938722757e-01 3.695113098121013961e-02 3.447032957571694034e-02
7.000000000000000000e+00 2.174074446403808092e-01 5.037630513232729257e-01 3.810249331175410981e-02 3.292469660033653378e-02
3.000000000000000000e+00 2.034275056288354366e-01 5.954223467832577832e-01 4.062406709312016417e-02 3.095419894699347196e-02
1.000000000000000000e+00 1.768288703139725138e-01 6.820257348740235148e-01 3.834476737157133108e-02 3.455178582013418431e-02
