5.000000000000000000e+00 7.820636266513110169e-01 7.940289255854375838e-01 3.657575729841855416e-02 5.187013123617767452e-02
1.200000000000000000e+01 2.061561969689308937e-01 6.184463057251976537e-01 2.646964302198595576e-02 3.380270834048315631e-02
1.600000000000000000e+01 1.777778003953761066e-01 7.144295922736445537e-01 2.360447902395726438e-02 3.106933790680688201e-02
1.000000000000000000e+00 3.074364494601365960e-01 7.900248474862274772e-01 3.733763763479530651e-02 5.022130713224259857e-02
1.000000000000000000e+00 4.051927164387947866e-01 8.818405429608640045e-01 3.770826314236330745e-02 4.718151080915722329e-02
6.000000000000000000e+00 4.906615744574851501e-01 9.534796210655431814e-01 3.493170281059998494e-02 4.719140117877351770e-02
3.000000000000000000e+00 6.054112667543056769e-01 8.986677778818816797e-01 3.690395370556220911e-02 4.920540816084295610e-02
2.000000000000000000e+00 5.195184103458583280e-01 7.952903573717748920e-01 3.678954144165957896e-02 4.843688547564117819e-02
1.500000000000000000e+01 4.279122268429720322e-01 7.124020957637849927e-01 3.714740895765178408e-02 4.705574510321008930e-02
6.000000000000000000e+00 3.467922053105252367e-01 6.494706395241061081e-01 3.656709590964218881e-02 5.061575145894525729e-02
2.000000000000000000e+00 7.030151986317164647e-01 8.376151992547831160e-01 3.839529269330199668e-02 5.170685235316596629e-02
5.000000000000000000e+00 5.148774129263831156e-01 6.829808211632506509e-01 3.425225197484038642e-02 4.877304099679558025e-02
9.000000000000000000e+00 4.304613379350128444e-01 5.801121401979549841e-01 3.675062371506343517e-02 4.900034392927510307e-02
8.000000000000000000e+00 3.523334458259332891e-01 4.612772570664926408e-01 3.618751639881229165e-02 5.041141876359178653e-02
8.000000000000000000e+00 3.865302912479093855e-01 3.209332340894386348e-01 3.819698785635367022e-02 5.041639320984847572e-02
9.000000000000000000e+00 4.652546487246082552e-01 4.313221365982753408e-01 3.452871414091518432e-02 4.759055659869576571e-02
2.000000000000000000e+00 5.347050436299887188e-01 5.390722270444846531e-01 3.752669585399603935e-02 4.900344564282366200e-02
7.000000000000000000e+00 6.165713491467252894e-01 6.571710823293803738e-01 3.599427379246611380e-02 5.110207673415312346e-02
5.000000000000000000e+00 6.997586920205333127e-01 7.057499150920271136e-01 3.685742800233837713e-02 4.758397277276782411e-02
0.000000000000000000e+00 8.093525024488681385e-01 6.693666688637405215e-01 3.865332014677880235e-02 5.339769589724530086e-02
0.000000000000000000e+00 7.227004284958636893e-01 5.807891038105861270e-01 4.121902248015785197e-02 5.186228916796131738e-02
7.000000000000000000e+00 6.399814736292909201e-01 4.884449758362519045e-01 3.921824167284126972e-02 5.354242302186484892e-02
3.000000000000000000e+00 5.628003356886436270e-01 4.034509140820332629e-01 3.574777534972550797e-02 4.889418339386891743e-02
1.500000000000000000e+01 8.312374324477002085e-01 5.271275281701505167e-01 3.646175469479584486e-02 4.809598959981853383e-02
8.000000000000000000e+00 7.520752651775199915e-01 4.324969544968502166e-01 3.501155730374316821e-02 4.771421548034598947e-02
3.000000000000000000e+00 6.593274169972866972e-01 3.231828981475541873e-01 3.878008074197725197e-02 5.119313836209798962e-02
6.000000000000000000e+00 5.856673969472272478e-01 2.213967444720485178e-01 3.917546143503425338e-02 5.068147267243006127e-02
1.000000000000000000e+00 8.476547729971710687e-01 3.698503145668123882e-01 3.589016155845958789e-02 5.044351857267143080e-02
0.000000000000000000e+00 7.594452877055593021e-01 2.564574610093867113e-01 3.910558509585271292e-02 5.627485708918705809e-02
7.000000000000000000e+00 6.834336128183987613e-01 1.892730141582502634e-01 3.752798335773310789e-02 5.210940210112202653e-02
