1.500000000000000000e+01 6.974347262281781479e-01 7.487836267704441884e-01 2.925882121789646906e-02 3.777354987624848004e-02
1.100000000000000000e+01 1.149014656736481177e-01 5.653222908956120341e-01 2.399622037109387651e-02 3.199441253266721574e-02
1.200000000000000000e+01 2.450779371208571256e-01 5.038612699073901080e-01 3.219748729605362292e-02 3.626917465930024065e-02
6.000000000000000000e+00 4.027086124218784979e-01 2.693786737436588696e-01 3.815284925891476719e-02 5.272061412884251896e-02
0.000000000000000000e+00 6.505031127611602404e-01 1.816873360060301534e-01 3.476896395449891042e-02 4.635882865814630605e-02
5.000000000000000000e+00 7.465048714789741524e-01 1.524462687609715594e-01 3.299115563736210177e-02 4.953032384305708358e-02
0.000000000000000000e+00 8.138568414823074137e-01 2.214843456198854199e-01 3.256379997636615897e-02 4.512931124291030827e-02
8.000000000000000000e+00 7.163604064771508240e-01 2.596454006116164503e-01 3.328206872932604199e-02 4.567127318227173771e-02
1.000000000000000000e+00 5.279354104926058389e-01 8.439192217578617150e-01 2.950770561490156929e-02 4.181038684836890784e-02
3.000000000000000000e+00 6.117904379976212281e-01 2.953641747148359475e-01 3.249946922293500684e-02 4.419451525640449852e-02
3.000000000000000000e+00 4.930190173284763056e-01 3.592224889011375044e-01 3.522947132403458914e-02 4.911496855259045446e-02
1.500000000000000000e+01 4.154053743163236834e-01 3.889036519265895442e-01 3.719060036996513219e-02 4.702224640243102272e-02
1.000000000000000000e+00 8.613296223436059940e-01 3.407200956943853276e-01 3.179802290720123992e-02 4.393664428055549243e-02
7.000000000000000000e+00 7.819672267059749604e-01 3.698694888759940236e-01 3.075590853858745088e-02 4.049577091517836402e-02
2.000000000000000000e+00 6.798045380342463417e-01 4.459389061256846531e-01 3.225025604865505713e-02 4.454055333810580386e-02
8.000000000000000000e+00 5.619501045825570085e-01 4.815173745268936933e-01 3.263371994346841998e-02 4.401577001135142941e-02
7.000000000000000000e+00 4.747606042577138807e-01 5.086076356365824003e-01 3.385723717343980255e-02 4.360304493908312429e-02
2.000000000000000000e+00 3.523184538109643826e-01 5.613073724084767235e-01 3.734898882208831372e-02 4.620876923031758121e-02
7.000000000000000000e+00 3.654683940815284804e-01 6.795108029373404523e-01 3.749277408359019681e-02 4.482165790803893657e-02
3.000000000000000000e+00 4.644860678380188235e-01 6.162127389263096777e-01 3.530539147640160413e-02 4.854823872519598016e-02
6.000000000000000000e+00 5.824287916870386494e-01 5.796498291701037697e-01 3.935979063461614302e-02 4.584826494852600742e-02
0.000000000000000000e+00 7.318260072882785128e-01 5.126102523740198036e-01 3.145039573533836563e-02 4.414876041899823411e-02
9.000000000000000000e+00 8.096811783059130185e-01 4.803821476942526925e-01 3.480228005167607108e-02 3.975758373898846676e-02
6.000000000000000000e+00 8.058981573899195450e-01 5.713494906930116635e-01 2.950721244898957263e-02 4.180183863922481979e-02
1.000000000000000000e+00 7.144042090903419684e-01 6.455745496255296256e-01 3.240384983218769221e-02 4.011975930526012757e-02
5.000000000000000000e+00 6.309956063282594618e-01 6.530910830795566557e-01 3.515692113873414293e-02 4.440904242819565528e-02
8.000000000000000000e+00 5.943308852092979988e-01 7.923907814254619320e-01 3.243612480132829212e-02 4.079720487993521161e-02
5.000000000000000000e+00 5.255486792644782357e-01 7.254528242053899234e-01 3.532229610794623831e-02 4.709613909493703954e-02
2.000000000000000000e+00 4.385933368545410493e-01 7.640620437197995773e-01 3.546169767245116455e-02 4.114773625105860866e-02
9.000000000000000000e+00 7.821707946352735030e-01 7.196720429754347448e-01 2.724555357580782378e-02 3.756576263859034981e-02
