1.200000000000000000e+01 3.506444411762268398e-01 1.167758498939408252e-01 3.267693537230781375e-02 4.423568637885377797e-02
1.500000000000000000e+01 7.775183151096980438e-01 7.890581159386260701e-01 3.531266561492474310e-02 4.730833499122710784e-02
3.000000000000000000e+00 6.888374261136480659e-01 8.618742473437783769e-01 3.543807381064212336e-02 4.679221611314277052e-02
1.000000000000000000e+00 5.967318172645839081e-01 9.467619966530026465e-01 3.531426204174437089e-02 4.731726315603301813e-02
6.000000000000000000e+00 8.598665928008351056e-01 5.527840198555310502e-01 3.599753272053252129e-02 4.932296651064116411e-02
2.000000000000000000e+00 7.695344958945065095e-01 6.375465087863358971e-01 3.490439423754221338e-02 4.653980329488849321e-02
9.000000000000000000e+00 6.921614528231887498e-01 7.303100228658323534e-01 3.627383281416174388e-02 4.736840794117935793e-02
7.000000000000000000e+00 5.815909209825356196e-01 7.997822313531181004e-01 3.516059117862824213e-02 4.621419135060955696e-02
8.000000000000000000e+00 5.260981195756613271e-01 8.898213543745907561e-01 3.547822098880903940e-02 4.632085631292648387e-02
3.000000000000000000e+00 8.519406588395839197e-01 4.127925833949798173e-01 3.602337118424225881e-02 4.769543893152011771e-02
9.000000000000000000e+00 7.587477355090750386e-01 4.957239707637051129e-01 3.682105245176847674e-02 4.875966435099993168e-02
8.000000000000000000e+00 6.685234861034483611e-01 5.820275141542362585e-01 3.627377368724238327e-02 4.736840794117935793e-02
5.000000000000000000e+00 5.812130408416447125e-01 6.675532724855670619e-01 3.595253713498769432e-02 4.727670208943146601e-02
2.000000000000000000e+00 4.326731674323076593e-01 8.309450150139559010e-01 3.522642900320677173e-02 4.663990516916916018e-02
0.000000000000000000e+00 7.495881775047088524e-01 3.561184557050621202e-01 3.617343530528449591e-02 4.855969711011542955e-02
7.000000000000000000e+00 8.678613209326271338e-01 6.959144748953074444e-01 3.560788632271205678e-02 4.655139217106041283e-02
6.000000000000000000e+00 6.509841063422512342e-01 4.320755420960449289e-01 3.632338117248834486e-02 4.942132414080435687e-02
5.000000000000000000e+00 5.763077533672915642e-01 5.277346935734268385e-01 3.562911288672088173e-02 4.717660021515046598e-02
6.000000000000000000e+00 4.816970108584914811e-01 6.036044642864154541e-01 3.585270133184326191e-02 4.846320197790854323e-02
2.000000000000000000e+00 3.990770449734263869e-01 6.956490541548192574e-01 3.458442891405111297e-02 4.644177086278133970e-02
5.000000000000000000e+00 3.242538059493337288e-01 7.783261070804148307e-01 3.536138619638212743e-02 4.544962115786044254e-02
1.000000000000000000e+00 5.646033136317274437e-01 3.835670193345354639e-01 3.624834911196739284e-02 4.899011151875498626e-02
1.500000000000000000e+01 4.777983148390846369e-01 4.738159098837573802e-01 3.619643567687075292e-02 4.694943459141365238e-02
8.000000000000000000e+00 3.892801874699845510e-01 5.400885242630519834e-01 3.721817840487340323e-02 4.929541336627341064e-02
0.000000000000000000e+00 3.054923910211936322e-01 6.451730831554527423e-01 3.652594999781966223e-02 4.704717138892455797e-02
7.000000000000000000e+00 5.456647544535311312e-01 2.350635533257230403e-01 3.634750495554017746e-02 4.780414377255096103e-02
3.000000000000000000e+00 4.765349351738599193e-01 3.128611276772155225e-01 3.568176540830786392e-02 4.923596124897317017e-02
1.000000000000000000e+00 3.817210177888063494e-01 4.082511334181969653e-01 3.699852189988050988e-02 4.799893740800165176e-02
0.000000000000000000e+00 2.835597776880296461e-01 4.841944136735362170e-01 3.771886515703498644e-02 4.863783333389687380e-02
1.100000000000000000e+01 2.973454406358069235e-01 2.844721356154302216e-01 3.077154083619765279e-02 3.640583366137473131e-02
