2 0.577901 0.143730 0.042219 0.036414
6 0.450177 0.087996 0.047708 0.035789
7 0.331344 0.138340 0.052687 0.038758
15 0.462578 0.156773 0.049656 0.036859
0 0.337932 0.221563 0.049656 0.038766
0 0.208531 0.180531 0.050667 0.038000
3 0.802531 0.215680 0.046021 0.033563
1 0.700776 0.211250 0.045177 0.035469
6 0.557422 0.241809 0.051510 0.039586
6 0.447854 0.291363 0.050250 0.036102
7 0.218927 0.296441 0.056542 0.039680
8 0.825203 0.316109 0.046615 0.036484
0 0.718042 0.319531 0.046104 0.036484
8 0.588333 0.340734 0.047625 0.036484
5 0.368052 0.358215 0.051083 0.037055
2 0.807990 0.425062 0.048563 0.036687
2 0.705458 0.399781 0.047500 0.035625
8 0.603240 0.437008 0.046875 0.037047
5 0.469604 0.445875 0.047292 0.037688
1 0.347995 0.443973 0.049823 0.037055
1 0.721797 0.530629 0.048135 0.034961
5 0.840818 0.569184 0.047427 0.040586
9 0.704026 0.603738 0.046031 0.037055
7 0.475271 0.540273 0.052896 0.036938
3 0.231016 0.528770 0.051177 0.038383
9 0.351682 0.580223 0.052531 0.039398
3 0.608552 0.627723 0.047625 0.037617
15 0.683031 0.673516 0.047625 0.036484
13 0.246729 0.680809 0.036479 0.025836
16 0.234057 0.710262 0.038510 0.023945
