6.000000000000000000e+00 8.680582307339099746e-01 4.984786996005667881e-01 3.630421659314808647e-02 4.944085959306487865e-02
1.000000000000000000e+01 2.231721870236554328e-01 4.360096530519675939e-01 3.071142723712191880e-02 3.525208396158774349e-02
1.400000000000000000e+01 2.310917127850983244e-01 3.932621800381811972e-01 2.759835725966927611e-02 3.937731043564851596e-02
3.000000000000000000e+00 3.300465853006614436e-01 6.788221624763590700e-01 4.341498181659358968e-02 5.354447660903638440e-02
2.000000000000000000e+00 8.887271187659320226e-01 3.783673364825900776e-01 3.383316279802017768e-02 4.718551887515620713e-02
3.000000000000000000e+00 3.217638407915865972e-01 5.175228179867935596e-01 4.371555221095024812e-02 5.614322513380670676e-02
5.000000000000000000e+00 4.309373709581904577e-01 3.733370470431831567e-01 4.023196041554044644e-02 5.291788407523434490e-02
8.000000000000000000e+00 4.218186837743667095e-01 2.647847956092118649e-01 3.929991969041080058e-02 5.601692016754702963e-02
7.000000000000000000e+00 3.937919932650424393e-01 8.070788197798264285e-01 3.988217604727550825e-02 5.030447490928890986e-02
2.000000000000000000e+00 4.304445227122852824e-01 6.487072979838661713e-01 4.039595249470978588e-02 5.232006781853482114e-02
6.000000000000000000e+00 4.700595508120471999e-01 4.873036667400663102e-01 3.840458506874427913e-02 5.275530900971020509e-02
3.000000000000000000e+00 5.217091122989100382e-01 3.299294227974396421e-01 3.799803840388427112e-02 5.273710583442192679e-02
1.000000000000000000e+00 4.820442979697293073e-01 8.814083522895286293e-01 3.947334036037319915e-02 5.077061789803449798e-02
8.000000000000000000e+00 5.124988506082652773e-01 7.600118122958812172e-01 3.813734174531224763e-02 4.761307549233251279e-02
5.000000000000000000e+00 5.518180362341982281e-01 6.138889019484965459e-01 3.592374842941203905e-02 4.861463163686419175e-02
8.000000000000000000e+00 5.680706104891205532e-01 4.579429260094431964e-01 3.719366515813438134e-02 5.001649413616449102e-02
0.000000000000000000e+00 6.275255600133317069e-01 3.211724147214216618e-01 3.713229756719238495e-02 5.203562957952351242e-02
1.500000000000000000e+01 6.496519555804904922e-01 1.670312781621534348e-01 3.666849810101369123e-02 5.491445630131980282e-02
7.000000000000000000e+00 5.918882663423490342e-01 8.474724560022315334e-01 3.814720634030377422e-02 4.828354094861087020e-02
1.000000000000000000e+00 6.407987268279110582e-01 5.843275175357656170e-01 3.733275049746320740e-02 4.905995542513041929e-02
9.000000000000000000e+00 6.831085197520365693e-01 4.312722903083119341e-01 3.788702083483530547e-02 5.094973387284013056e-02
1.000000000000000000e+00 7.055944007808774288e-01 2.941315978306134338e-01 3.602146787040594322e-02 5.043080712581082814e-02
2.000000000000000000e+00 7.715540151920625700e-01 1.327808320958845933e-01 3.599612512636685135e-02 5.123022082380232489e-02
9.000000000000000000e+00 7.075775658778582500e-01 7.976587855691672502e-01 3.549826283217871747e-02 4.940456224353784176e-02
0.000000000000000000e+00 7.209534116811895377e-01 6.602613002436700240e-01 3.474582858657793150e-02 4.633656420010745514e-02
0.000000000000000000e+00 7.548180757825531106e-01 5.354466235849161260e-01 3.473318446482076549e-02 4.587717927643897298e-02
1.500000000000000000e+01 7.717099411935594011e-01 4.037465277476967596e-01 3.619995708917622679e-02 5.042026127425902615e-02
5.000000000000000000e+00 8.397377960209623238e-01 2.657549458263186448e-01 3.485908067714427183e-02 5.036011994512532008e-02
7.000000000000000000e+00 7.935118133857050893e-01 7.514235650949540046e-01 3.361330768091497223e-02 4.792056745334072332e-02
6.000000000000000000e+00 8.319612796366349095e-01 6.369228130046179492e-01 3.344882509702218343e-02 4.770202034883119779e-02
