0.000000000000000000e+00 5.699258319488345048e-01 4.633477632123884637e-01 3.840224875828712747e-02 3.642679141361376827e-02
1.200000000000000000e+01 2.130283823879590699e-01 2.686421949365375150e-01 3.199503871091266549e-02 3.100728053388107641e-02
6.000000000000000000e+00 6.330313881212055183e-01 7.355743062642658980e-01 3.462051398969745453e-02 3.275475510079217667e-02
7.000000000000000000e+00 5.309969243859589128e-01 7.418006525316891420e-01 3.414283297870079892e-02 3.528171420318915175e-02
1.500000000000000000e+01 4.229593616575141324e-01 7.501783336302929595e-01 3.436078416018517601e-02 3.390844768213796545e-02
2.000000000000000000e+00 3.569611504413751080e-01 6.668581963124584622e-01 3.484191722048907147e-02 3.436187583389782585e-02
3.000000000000000000e+00 4.673433922669089635e-01 6.567994852199370293e-01 3.526598820078885588e-02 3.253594828315475862e-02
2.000000000000000000e+00 6.800412480657243020e-01 6.421019279709663241e-01 3.484268434255732849e-02 3.504909918832221916e-02
6.000000000000000000e+00 7.888096863447496832e-01 6.320974170030403405e-01 3.803255493075252680e-02 3.734598067961658607e-02
5.000000000000000000e+00 8.465903236893494999e-01 5.419438448148014009e-01 3.847099469748538336e-02 3.689355568748431402e-02
1.500000000000000000e+01 7.345887609393544349e-01 5.486157709851320341e-01 3.596952765151228970e-02 3.550335347154043308e-02
3.000000000000000000e+00 6.254228649148605435e-01 5.565700302067245753e-01 3.803037158332722711e-02 3.551958105375452313e-02
9.000000000000000000e+00 5.094047837863310280e-01 5.619846728117930956e-01 3.838658176527659505e-02 3.484651995289889115e-02
8.000000000000000000e+00 4.083850750239814698e-01 5.675029654101679810e-01 3.720621693970982413e-02 3.602688477846571757e-02
1.000000000000000000e+00 2.982238381158577312e-01 5.782557154416436695e-01 3.641200956145140832e-02 3.760514991992502942e-02
5.000000000000000000e+00 3.431722050252729028e-01 4.817142587812126564e-01 3.760476635889092867e-02 3.602735685358465778e-02
9.000000000000000000e+00 4.564045561244786109e-01 4.742182222243069845e-01 3.800189955271499054e-02 3.483327234487315627e-02
5.000000000000000000e+00 6.763098483066936062e-01 4.584440091524657479e-01 3.522848773352649232e-02 3.602461291695580048e-02
0.000000000000000000e+00 7.893958561190219658e-01 4.525475843838048240e-01 3.602594062822783716e-02 3.642404747698485545e-02
3.000000000000000000e+00 9.061790087395615867e-01 4.381927684235456533e-01 3.602647171273665183e-02 3.682156423184312910e-02
7.000000000000000000e+00 8.457241838648397181e-01 3.467099507190982699e-01 3.998647384812314964e-02 4.076876132962797827e-02
1.000000000000000000e+00 7.339829705429503637e-01 3.575207217331635157e-01 3.762226264298740297e-02 3.919967214829350732e-02
2.000000000000000000e+00 6.217597980292990378e-01 3.655827468530058466e-01 3.761199500914991223e-02 4.235906438662068174e-02
7.000000000000000000e+00 5.043076264511099360e-01 3.773732950241228679e-01 3.564084534993705589e-02 3.602511449676976119e-02
0.000000000000000000e+00 3.906146185498852175e-01 3.769680332868441397e-01 3.880250944977436944e-02 3.880247994507945997e-02
6.000000000000000000e+00 4.400121754367081195e-01 2.775013483994369645e-01 4.037617185882375059e-02 4.513604627389627977e-02
8.000000000000000000e+00 6.658087438183178941e-01 2.601500503739337389e-01 3.998517564154613346e-02 3.958709829748399689e-02
1.200000000000000000e+01 2.228891317298145602e-01 1.773784495919820126e-01 3.465344122924476911e-02 3.727390070989056170e-02
8.000000000000000000e+00 7.860043504456416530e-01 2.474776068712117305e-01 4.116672065491022714e-02 4.038543633303334768e-02
1.000000000000000000e+00 7.354312379985263881e-01 7.295557910679641989e-01 3.573431622349099168e-02 3.390998192627459051e-02
