6.000000000000000000e+00 4.718036717519127343e-01 7.631034052276699509e-01 3.648802736228395904e-02 5.126790397609548577e-02
0.000000000000000000e+00 2.526442226304130845e-01 1.858467861477907379e-01 3.228883919120761892e-02 4.588527503683176301e-02
5.000000000000000000e+00 3.386732084328084591e-01 1.774152093842019107e-01 3.298887842682368676e-02 4.462547046895604108e-02
7.000000000000000000e+00 4.375507714828792416e-01 1.627787200977518500e-01 3.417339474148545220e-02 4.494530402584204221e-02
1.000000000000000000e+00 5.462639240035591648e-01 1.488407557906971379e-01 3.418692398398037735e-02 4.777701976617594604e-02
2.000000000000000000e+00 4.834661052132873671e-01 2.799989074583620896e-01 3.512774411060770596e-02 4.841128084372087192e-02
5.000000000000000000e+00 5.952000715268283004e-01 2.648503165307846685e-01 3.631780798076955641e-02 4.779448324445897955e-02
3.000000000000000000e+00 1.844464670937946138e-01 3.006092082949323174e-01 3.062686515343865379e-02 4.366959269168574354e-02
9.000000000000000000e+00 2.946866125696958050e-01 2.752142965108386186e-01 3.323257461485795705e-02 4.431008061724089897e-02
6.000000000000000000e+00 3.882794921693174528e-01 2.826987696920806314e-01 3.275211668316418967e-02 4.462459304946370109e-02
6.000000000000000000e+00 8.583061563520574810e-02 5.014344251987790102e-01 2.944367911994261178e-02 4.397108535079630176e-02
0.000000000000000000e+00 1.851589883292856231e-01 5.050538938201086792e-01 3.156700598755593501e-02 4.398846391751570772e-02
0.000000000000000000e+00 1.428160114542391668e-01 3.906209426923414885e-01 2.990497534207783858e-02 4.177275326851509485e-02
1.000000000000000000e+00 2.356873267368277958e-01 3.864877166543910225e-01 3.228821650640656404e-02 4.555949767048150800e-02
1.500000000000000000e+01 3.317974379484150971e-01 4.022316650113770820e-01 3.323789573952123932e-02 4.683591660100255849e-02
2.000000000000000000e+00 2.854345353653487405e-01 5.058840458752826841e-01 3.346908162382611351e-02 4.778378438742342249e-02
8.000000000000000000e+00 4.337066551676554971e-01 3.919330103277207655e-01 3.512242298594453471e-02 4.589591728615821653e-02
8.000000000000000000e+00 3.799439362324308345e-01 5.348239588392752486e-01 3.323098959900083749e-02 4.715122154115403141e-02
5.000000000000000000e+00 4.693103285932224145e-01 5.114232092823657316e-01 3.513000841897512272e-02 4.589594559001280993e-02
1.000000000000000000e+00 1.236125961659302885e-01 6.511127512568370967e-01 3.329722061874539063e-02 4.669785039830431916e-02
8.000000000000000000e+00 2.279639407189774369e-01 6.270106604870001599e-01 3.531576661666030459e-02 4.595538368465534873e-02
7.000000000000000000e+00 1.632417287030898390e-01 7.722232468233646285e-01 3.165412525198912919e-02 4.670215258420218341e-02
7.000000000000000000e+00 3.170131459332872770e-01 6.364195693496397244e-01 3.446911341425928921e-02 4.822133367555625494e-02
3.000000000000000000e+00 2.691028433158391131e-01 7.531718939938494284e-01 3.418624469147013567e-02 4.746075249496850557e-02
9.000000000000000000e+00 4.340662980960247053e-01 6.305230273225548299e-01 3.534910855736933533e-02 4.784953424163973512e-02
2.000000000000000000e+00 5.188254597660189038e-01 6.468525116714063383e-01 3.617334510693359650e-02 4.936226205414684376e-02
1.400000000000000000e+01 7.754567923873367796e-01 5.319014726372658375e-01 3.246689874044383917e-02 3.912877699568784173e-02
1.400000000000000000e+01 8.229711240790471560e-01 5.636336316163641502e-01 3.647727189753913191e-02 4.255710968695980423e-02
