6.000000000000000000e+00 2.377603464894413321e-01 2.724537672889063566e-01 3.433485569842986695e-02 3.389768006074300732e-02
5.000000000000000000e+00 1.573389914500559206e-01 3.398351736072432461e-01 3.572190865399091364e-02 3.557538049374486810e-02
3.000000000000000000e+00 7.393080321959202839e-02 4.152499393092554114e-01 3.551850829682498545e-02 3.538255554509706080e-02
1.000000000000000000e+01 6.063585579068242470e-01 8.890372593962299064e-01 3.255175369386364981e-02 3.756667116544498697e-02
1.000000000000000000e+00 6.710996519198610955e-01 4.929936155999098402e-01 4.136770799595013148e-02 3.912560388556091118e-02
1.000000000000000000e+01 6.511601304247558453e-01 8.042509485551758708e-01 3.731168631561820881e-02 3.982269956371642383e-02
7.000000000000000000e+00 9.490188237530684801e-02 5.197193179888492942e-01 3.807320385733009571e-02 3.747113997516426931e-02
0.000000000000000000e+00 1.773812412884611112e-01 4.406823573648279702e-01 3.314039268243834657e-02 3.487470092714717307e-02
1.500000000000000000e+01 2.566233060854651304e-01 3.719733260115750673e-01 3.514255252400433349e-02 3.514252314786953102e-02
2.000000000000000000e+00 3.398844226971896587e-01 3.014239385670840488e-01 3.592005068303261162e-02 3.666746768005357815e-02
6.000000000000000000e+00 4.154596849115322899e-01 2.275004229706716896e-01 3.465708252075122564e-02 3.366146656103596868e-02
7.000000000000000000e+00 5.125808291106864756e-01 2.556312593261247379e-01 3.535517698748891213e-02 3.461827664671648930e-02
3.000000000000000000e+00 3.585562611603824723e-01 4.008295325749022808e-01 3.431890445724827821e-02 3.531454979309839315e-02
5.000000000000000000e+00 2.803048477563171437e-01 4.739353487718500069e-01 3.732490557626588767e-02 3.657745920311017418e-02
0.000000000000000000e+00 3.762340846632051261e-01 5.066987281406158949e-01 3.688120843665954052e-02 3.538643319488693484e-02
1.000000000000000000e+00 1.951949587907421124e-01 5.485299621671440029e-01 3.575604372259677532e-02 3.750039860539777781e-02
8.000000000000000000e+00 1.157545903959552175e-01 6.276781408374145776e-01 3.658430384251218359e-02 3.932254149307690128e-02
8.000000000000000000e+00 2.231577489672280923e-01 6.592636547063356334e-01 3.776942524764592690e-02 3.976306601012780106e-02
2.000000000000000000e+00 2.986327504335916094e-01 5.789953640171832117e-01 3.707476778867663247e-02 3.682392497385278407e-02
9.000000000000000000e+00 4.682572356816409043e-01 4.365952410458392441e-01 3.556304251714037523e-02 3.605165576681418349e-02
3.000000000000000000e+00 5.416119118043152270e-01 3.598625884975882316e-01 3.662845617307552981e-02 3.563272270882106296e-02
1.000000000000000000e+00 3.196692649295125310e-01 1.989136836916142181e-01 3.324112344857388379e-02 3.425756708784297166e-02
1.500000000000000000e+01 6.171598689013866323e-01 2.836508776353284245e-01 3.651494678831401774e-02 3.477076816232149703e-02
2.000000000000000000e+00 6.487488491542108271e-01 3.869687705841032277e-01 3.575998012465630982e-02 3.550993046547135101e-02
8.000000000000000000e+00 5.643666951753592009e-01 4.662127742060022673e-01 3.769228351773290520e-02 3.719388801517986565e-02
9.000000000000000000e+00 4.851061674776505628e-01 5.368429900853202152e-01 3.448537901300491315e-02 3.647781535396121821e-02
7.000000000000000000e+00 4.060300631540447180e-01 6.098112525311950582e-01 3.641906308441589246e-02 3.617947132921006670e-02
6.000000000000000000e+00 4.277808877430978596e-01 7.245430663890815026e-01 3.822052517321500309e-02 3.896803029864037704e-02
0.000000000000000000e+00 5.104020893230019063e-01 6.481574488089676400e-01 3.802305879527317911e-02 3.753429866492552502e-02
5.000000000000000000e+00 5.916316258941856088e-01 5.698544802883761529e-01 3.724670630550108719e-02 3.600192197064400190e-02
