9.000000000000000000e+00 1.626813007575848569e-01 7.325294177105874383e-01 4.215828050423406359e-02 3.123043404069558715e-02
1.400000000000000000e+01 5.058301857407373481e-01 2.360434167179852882e-01 3.731495824655300941e-02 2.798599469683449303e-02
1.200000000000000000e+01 6.037674899075079482e-01 5.877388829619790978e-02 3.700781459151492037e-02 2.554421663853678054e-02
8.000000000000000000e+00 8.111354026131699646e-01 4.793503428925006693e-01 5.625852614532433904e-02 4.108176579205907730e-02
7.000000000000000000e+00 7.588119830571469215e-01 6.012297049583145148e-01 5.256255483019611763e-02 3.997856849982484029e-02
3.000000000000000000e+00 7.647459872730786312e-01 7.175058372057008249e-01 5.181577857065422510e-02 3.775694272589946721e-02
2.000000000000000000e+00 7.667999859674494711e-01 8.453452141032649081e-01 5.180833096698600482e-02 3.331408315718908941e-02
0.000000000000000000e+00 6.522859679473627104e-01 8.653987549336981111e-01 5.062276205824101094e-02 3.132663692116155474e-02
5.000000000000000000e+00 6.606641300949447349e-01 7.549512685089974084e-01 4.797029521196138901e-02 3.531188884192815181e-02
1.000000000000000000e+00 6.376989962078967178e-01 5.279910344286399271e-01 5.506998939451601682e-02 3.731243838065023688e-02
0.000000000000000000e+00 6.500895688309751286e-01 4.266514213191994198e-01 5.419318805439099496e-02 3.931301591788222138e-02
0.000000000000000000e+00 5.318171148198813647e-01 3.582118633998673807e-01 5.149653955928268356e-02 3.931044005495942795e-02
9.000000000000000000e+00 5.098562174913637834e-01 4.649635465004999801e-01 4.797250709425376902e-02 3.664615783744673561e-02
3.000000000000000000e+00 4.980008923845445912e-01 6.390115663581414918e-01 4.442134407300502019e-02 3.456824841550953931e-02
1.500000000000000000e+01 5.036566894055549692e-01 7.161383899757957083e-01 4.707731073303844660e-02 3.265001449627824570e-02
2.000000000000000000e+00 5.137682813069098797e-01 8.117471420588331377e-01 4.264136679630575744e-02 3.398016771082235099e-02
6.000000000000000000e+00 5.254316906267229026e-01 8.933979089302470644e-01 4.530545302424815457e-02 3.131403759164774758e-02
3.000000000000000000e+00 4.017520103666724629e-01 8.347790803908147206e-01 4.215077690354585016e-02 3.238173277316280796e-02
2.000000000000000000e+00 3.945665847464033815e-01 7.664122626005426264e-01 4.421124325373382291e-02 3.123233793937774117e-02
6.000000000000000000e+00 3.834540181129366676e-01 6.434242435330383980e-01 4.420606352937805905e-02 3.431850170603467642e-02
6.000000000000000000e+00 3.988967643114946782e-01 5.460339462567400659e-01 4.524772009656469196e-02 3.777990150412469106e-02
7.000000000000000000e+00 3.836538014812616026e-01 4.233159308207180560e-01 4.524130843776752453e-02 3.393097432869812691e-02
5.000000000000000000e+00 3.578347374690072913e-01 2.850832830116339922e-01 5.037990298223365970e-02 3.816563697681929490e-02
1.000000000000000000e+00 3.042439933549493936e-01 7.984065799904092042e-01 4.155247674269724190e-02 3.149356403796532700e-02
1.000000000000000000e+00 2.573765174553368507e-01 6.915937481438692025e-01 4.198228187018035462e-02 3.148746036277871863e-02
5.000000000000000000e+00 2.670819069731646955e-01 5.888603832043495245e-01 4.372460115088810939e-02 3.258119415862248403e-02
8.000000000000000000e+00 2.802049346179042999e-01 4.966882522380247078e-01 4.883945295884811744e-02 3.435937953067980111e-02
8.000000000000000000e+00 2.619891879873841312e-01 3.931846342883021928e-01 4.473683128403233011e-02 3.581460208953141100e-02
1.500000000000000000e+01 1.723128162066963620e-01 4.333956604176578686e-01 4.420737945934949398e-02 3.508879671400261246e-02
7.000000000000000000e+00 1.803097086439336416e-01 5.352668672377984826e-01 4.003187766292351513e-02 3.391862698577463586e-02
