9.000000000000000000e+00 8.248940461673603952e-01 6.442845724379697714e-01 3.297213238267637792e-02 4.556447853209999455e-02
7.000000000000000000e+00 8.429117626833190213e-01 2.240259670673597492e-01 3.294902506044561363e-02 4.547932477977495447e-02
5.000000000000000000e+00 8.277171723612434251e-01 3.914853443818980261e-01 3.377216891652090602e-02 4.502990371190385144e-02
0.000000000000000000e+00 8.300322372072543864e-01 5.103724082632099535e-01 3.353668132369103105e-02 4.535978253611100408e-02
3.000000000000000000e+00 7.361238616671645918e-01 1.517368349055653876e-01 3.495429374319780624e-02 4.814696703421270096e-02
8.000000000000000000e+00 7.540644901942186173e-01 2.820066256660731518e-01 3.464152741705783800e-02 4.886242204894758467e-02
6.000000000000000000e+00 7.423989711097012112e-01 4.473280170656355192e-01 3.372622676406644704e-02 4.631200585611061626e-02
1.000000000000000000e+00 7.416750415935349228e-01 5.795583469458742698e-01 3.469460886010733436e-02 4.947048796355046907e-02
8.000000000000000000e+00 7.548575509326723720e-01 7.109761465337273156e-01 3.585847672228559269e-02 4.781139312705007249e-02
9.000000000000000000e+00 6.898130820250875095e-01 7.322206422518523494e-02 3.217629222574669434e-02 4.718062862822763187e-02
7.000000000000000000e+00 6.543137497686080106e-01 2.130784644224473501e-01 3.516127867204932311e-02 4.837427986681930303e-02
1.500000000000000000e+01 6.577500647268337275e-01 3.769669566008855832e-01 3.472883385624159214e-02 4.717384357724230259e-02
6.000000000000000000e+00 6.545650691470699112e-01 4.999089059219127273e-01 3.466855862419604417e-02 4.801303721255578694e-02
2.000000000000000000e+00 6.440953267388025427e-01 7.921049466660814442e-01 3.568419083432694539e-02 4.693500433272113082e-02
8.000000000000000000e+00 5.686470857379513077e-01 1.239096922383685351e-01 3.584888500362382047e-02 5.047838140066997215e-02
7.000000000000000000e+00 5.638883943168191415e-01 2.862103598648525482e-01 3.737800115257505773e-02 4.930298712657682492e-02
5.000000000000000000e+00 5.736633911029171973e-01 4.489016447840020740e-01 3.518607544472640569e-02 4.846749938256461609e-02
1.500000000000000000e+01 5.582881113307081034e-01 5.853320710947208516e-01 3.573263991324993061e-02 4.809549329400719664e-02
5.000000000000000000e+00 5.469669676451938134e-01 7.296991541125434910e-01 3.756035280395408904e-02 5.186950759705355463e-02
3.000000000000000000e+00 5.489388833062353035e-01 8.948598297261175505e-01 3.731205808677451330e-02 4.705359285435894989e-02
2.000000000000000000e+00 4.510237716641450345e-01 3.570962671851329873e-01 3.702068238321876148e-02 5.025169529968048776e-02
1.000000000000000000e+00 4.741486151311494757e-01 5.137128469086178484e-01 3.642997420949001253e-02 4.944757138572464239e-02
1.000000000000000000e+00 4.693378641119960726e-01 6.505737969664917575e-01 3.776559378395794031e-02 5.079501711331546598e-02
2.000000000000000000e+00 4.616477036748226626e-01 8.155288228620507507e-01 3.751342968027288061e-02 4.867944366595156058e-02
3.000000000000000000e+00 3.602490678342176178e-01 2.818173254685044649e-01 3.823896689928302228e-02 5.209613919964151130e-02
0.000000000000000000e+00 3.455382870713520349e-01 4.048360630372281888e-01 4.023464386337333165e-02 5.253046421030044266e-02
6.000000000000000000e+00 3.298544237253172584e-01 5.788100021458412181e-01 4.098647656110143700e-02 5.197441701991811769e-02
0.000000000000000000e+00 3.654135952266307497e-01 7.188968624583959022e-01 4.009689915361230872e-02 5.217524362940140215e-02
1.200000000000000000e+01 2.416516357076138877e-01 4.875503987886740109e-01 2.547315233792310507e-02 3.597262362420239334e-02
1.600000000000000000e+01 1.869268614843996590e-01 6.753185781685272504e-01 2.697537352574003178e-02 3.507517119769820724e-02
