1.300000000000000000e+01 3.451655989127156432e-01 7.449498339107524236e-01 3.729886889956457452e-02 3.062480528971334159e-02
6.000000000000000000e+00 2.332952364426102987e-01 4.649262455962783758e-01 4.716944721774082860e-02 3.445449569372704968e-02
9.000000000000000000e+00 2.839552603693953348e-01 2.464545076066899099e-01 4.970018303059087206e-02 3.536207716348657715e-02
8.000000000000000000e+00 3.193371823730825620e-01 1.499248937039003304e-01 4.680423749054551941e-02 3.471836605365205553e-02
2.000000000000000000e+00 3.325850749620363755e-01 5.235768018396660395e-01 4.685316923501853248e-02 3.513967484031477184e-02
5.000000000000000000e+00 3.650336924698898700e-01 4.285559616327820898e-01 4.788197532943883061e-02 3.438344227402695408e-02
8.000000000000000000e+00 4.040138221591065282e-01 3.343555903792031492e-01 4.600783023757870627e-02 3.297794797050307425e-02
5.000000000000000000e+00 4.429894251230636071e-01 2.347470353732690751e-01 4.730605731932563396e-02 3.433200466378535931e-02
1.000000000000000000e+00 4.730173224087516060e-01 1.207061755031615946e-01 4.611800749702249513e-02 3.382180500431623826e-02
7.000000000000000000e+00 4.329242784531034394e-01 6.030843120787117151e-01 4.481080779913593215e-02 3.246050016165991092e-02
1.500000000000000000e+01 4.748720807218957951e-01 5.196728785303534881e-01 4.492184729196252446e-02 3.331184784798602028e-02
6.000000000000000000e+00 4.886252690179540559e-01 4.238776449665566659e-01 4.611889667519852853e-02 3.382837953385986474e-02
2.000000000000000000e+00 5.280131003732613237e-01 2.978130752974958440e-01 4.333994542727970245e-02 3.403280967995936379e-02
8.000000000000000000e+00 5.586733650108417493e-01 2.131824841630711731e-01 4.435694970227299638e-02 3.326162275343891306e-02
6.000000000000000000e+00 6.086928168962013608e-01 1.068667503964283172e-01 4.600780329278542080e-02 3.297797491529629033e-02
3.000000000000000000e+00 5.349584441611709984e-01 6.832438593686942507e-01 4.589700630309778706e-02 3.633596976934072575e-02
1.000000000000000000e+00 5.610390909100613221e-01 5.808020189393292565e-01 4.611800749702255064e-02 3.382180500431619663e-02
2.000000000000000000e+00 6.002769610187472793e-01 4.898586534548364235e-01 4.521374023682789289e-02 3.543860037620871761e-02
1.500000000000000000e+01 6.119175158582261798e-01 3.751178621638576738e-01 4.702879539717419455e-02 3.641928306995229070e-02
0.000000000000000000e+00 6.653588487023360809e-01 2.777307706342862503e-01 4.498713452591518447e-02 3.373447692951614396e-02
0.000000000000000000e+00 6.890088595451591136e-01 1.825771060692636394e-01 4.566016157076424609e-02 3.463052602778096678e-02
3.000000000000000000e+00 6.580545733240494854e-01 6.457439014773884711e-01 4.384408250827609432e-02 3.364898110065450698e-02
7.000000000000000000e+00 6.740034658741599349e-01 5.401480382785939227e-01 4.390325327416966239e-02 3.408079835666988355e-02
9.000000000000000000e+00 7.633002889350544162e-01 3.667458993545459345e-01 4.617308265434783010e-02 3.424462269939887449e-02
3.000000000000000000e+00 7.769827202041380554e-01 2.448727269935765394e-01 4.600694105940261736e-02 3.297145427533901274e-02
1.000000000000000000e+00 7.939350907430494653e-01 6.267872963849895340e-01 4.606298622928362008e-02 3.339984954261643324e-02
7.000000000000000000e+00 8.217444884796281102e-01 5.210710438501237052e-01 4.634773880394793544e-02 3.552185978723376714e-02
5.000000000000000000e+00 8.435400778192222448e-01 4.217878876394142162e-01 4.503811407467228634e-02 3.416400387810852868e-02
0.000000000000000000e+00 8.667156716879618195e-01 3.331558330442494498e-01 4.384402861868952339e-02 3.364906193503419685e-02
1.100000000000000000e+01 2.703897695028517623e-01 8.451957006381330961e-01 4.098758414549308338e-02 3.383452294671229765e-02
