8.000000000000000000e+00 2.622231471203839703e-01 7.355124803113876064e-01 4.140741200016109791e-02 3.956085991466662399e-02
1.400000000000000000e+01 8.760138671816587452e-01 8.233705483590119112e-01 3.796298524846419831e-02 3.887262262204160823e-02
1.400000000000000000e+01 6.486613172088289136e-01 9.257687338571713997e-01 3.422510618084828593e-02 3.739976418036838890e-02
3.000000000000000000e+00 6.101341388056973347e-01 2.356106128954145174e-01 4.229265883794430803e-02 4.594231368490400702e-02
6.000000000000000000e+00 4.927437419583307054e-01 2.305805362025810656e-01 4.549804066455770402e-02 4.367882483174070907e-02
7.000000000000000000e+00 3.842463760102803882e-01 2.186813864952254216e-01 4.176101585483793510e-02 4.313307186476306176e-02
6.000000000000000000e+00 2.554663206477016946e-01 2.180080250728612667e-01 4.079546877481468603e-02 4.125688586742207176e-02
8.000000000000000000e+00 6.610730363824711686e-01 3.485363192199527616e-01 4.591771694892798905e-02 4.089712546445894992e-02
1.500000000000000000e+01 5.400960966723705736e-01 3.434721458541945549e-01 4.314249815878978822e-02 4.223191815580973341e-02
3.000000000000000000e+00 3.122783443607383136e-01 3.284089132709301362e-01 4.226105129578605624e-02 4.454168422121046467e-02
1.000000000000000000e+00 1.945636535416840895e-01 3.056029816884650030e-01 4.176101585483799061e-02 4.313307186476306176e-02
1.000000000000000000e+00 7.259689467527219442e-01 4.962658767214103150e-01 4.358565180672047124e-02 4.085806525858587390e-02
2.000000000000000000e+00 5.965874349169016932e-01 4.679583180874257176e-01 4.493202116542271973e-02 3.856709286690085392e-02
9.000000000000000000e+00 4.812119378749127874e-01 4.538695433777566457e-01 4.130363439436085526e-02 4.312388122808702429e-02
2.000000000000000000e+00 3.494046723714100411e-01 4.407963045636211774e-01 4.028191249337215174e-02 3.844873396252801445e-02
5.000000000000000000e+00 2.343697591154736415e-01 4.310754683057469450e-01 3.751544248237734247e-02 3.933427537199957191e-02
1.500000000000000000e+01 1.294637375486771269e-01 3.990812860779166527e-01 4.537944610283418945e-02 3.718740745024784466e-02
5.000000000000000000e+00 6.370294471228836741e-01 5.839325173573702843e-01 4.212610800535998568e-02 3.849032748492087208e-02
7.000000000000000000e+00 5.125383555424574133e-01 5.632787412584624454e-01 4.121016679765221458e-02 3.846970746673750163e-02
0.000000000000000000e+00 3.965273937258085857e-01 5.469425023954754828e-01 3.941934767559057695e-02 4.168643030335161814e-02
0.000000000000000000e+00 2.772305436401246714e-01 5.318223143762714766e-01 3.885394677700110266e-02 3.703514334454771628e-02
3.000000000000000000e+00 1.723959704363336454e-01 5.094214925081885781e-01 3.657505182453785197e-02 3.931536386960848839e-02
5.000000000000000000e+00 6.128740321420968196e-02 4.990544101518613607e-01 3.660665936669615927e-02 4.071820262096448317e-02
6.000000000000000000e+00 5.713947215011208058e-01 6.778067113673593713e-01 4.123856350840771068e-02 3.987982213879537330e-02
9.000000000000000000e+00 4.372752302586195849e-01 6.591263888372806967e-01 4.162692682230811902e-02 3.617116458266222967e-02
8.000000000000000000e+00 3.255264998434068691e-01 6.364517625848906679e-01 3.976614692426699849e-02 3.612927648858099694e-02
7.000000000000000000e+00 2.034535472525195454e-01 6.190139728933762298e-01 3.793072964859151019e-02 3.794401483173537315e-02
1.000000000000000000e+00 1.185040947840959868e-01 6.083209322353223536e-01 3.835983222698859108e-02 3.515860386118085934e-02
2.000000000000000000e+00 1.476138015825846916e-01 7.197998202554362068e-01 4.025914210186384845e-02 3.799226567428459767e-02
0.000000000000000000e+00 4.956767775304943280e-01 7.606783582463612081e-01 4.192903954586402193e-02 3.876793184400739722e-02
