8.000000000000000000e+00 7.547352597394019202e-01 6.773588810825501572e-01 3.665841220687870994e-02 3.843638817436001442e-02
1.400000000000000000e+01 7.318504922369992727e-01 1.027384705468116777e-01 3.606888632368743242e-02 3.519312155467761716e-02
1.400000000000000000e+01 8.634149491647032937e-01 2.929320524655195102e-01 3.474202961578765070e-02 3.168260392983357487e-02
3.000000000000000000e+00 2.403493653533565755e-01 4.439183109344994049e-01 4.267377279903267207e-02 3.915615179437448301e-02
6.000000000000000000e+00 2.554651663530244088e-01 5.518410396181825384e-01 4.047828202262879205e-02 4.222986620203161845e-02
7.000000000000000000e+00 2.628226559196787937e-01 6.528049559272806057e-01 4.002847415624360972e-02 3.870751871772781794e-02
6.000000000000000000e+00 2.838242218109298665e-01 7.703855627493929603e-01 3.827232742134478727e-02 3.782801101396993104e-02
8.000000000000000000e+00 3.348051923974228461e-01 3.784994203481412134e-01 3.783527831793354057e-02 4.267191499200428950e-02
1.500000000000000000e+01 3.504919275496528597e-01 4.896993752711567560e-01 3.915243618031788442e-02 4.002910253215030689e-02
3.000000000000000000e+00 3.749912113217367393e-01 7.000332519389960151e-01 4.135098687418020669e-02 3.915426666665455802e-02
1.000000000000000000e+00 3.739470964511316664e-01 8.112354608190680549e-01 4.002844683555206728e-02 3.870751871772792896e-02
1.000000000000000000e+00 4.586648864476352561e-01 2.945076777307182869e-01 3.784396629786007660e-02 4.047213486702033736e-02
2.000000000000000000e+00 4.545607038548237777e-01 4.172753500776175684e-01 3.564812035246545108e-02 4.177814588723482991e-02
9.000000000000000000e+00 4.610753637461835197e-01 5.248806806267205527e-01 4.002787310102845497e-02 3.827541465949491073e-02
2.000000000000000000e+00 4.712744511247218826e-01 6.473039346750540934e-01 3.562705609924737837e-02 3.739230062444653946e-02
5.000000000000000000e+00 4.817162008859880440e-01 7.538654508811594157e-01 3.651317541037080172e-02 3.476164587235142100e-02
1.500000000000000000e+01 4.701410249132995656e-01 8.549264102867952797e-01 3.432817577953861665e-02 4.222123286348811178e-02
5.000000000000000000e+00 5.535591286296924762e-01 3.609195251926740067e-01 3.562973352702347718e-02 3.913342097896926886e-02
7.000000000000000000e+00 5.556155844065802096e-01 4.779416970786278251e-01 3.562825820967741031e-02 3.826926750388648379e-02
0.000000000000000000e+00 5.601868825239009198e-01 5.865039211904256033e-01 3.870260099324107639e-02 3.651869419007258699e-02
0.000000000000000000e+00 5.664189235210782547e-01 6.978592625468758026e-01 3.431615467523774221e-02 3.606762957187414909e-02
3.000000000000000000e+00 5.635824073578306059e-01 7.972448351819614309e-01 3.651191865855751839e-02 3.387093668504015387e-02
5.000000000000000000e+00 5.727756288339937996e-01 9.003333723934713317e-01 3.783473190410158171e-02 3.387350483004980539e-02
6.000000000000000000e+00 6.502039441255635932e-01 4.050318553471840000e-01 3.696298327675606732e-02 3.827115263160635328e-02
9.000000000000000000e+00 6.556765518585334629e-01 5.305053826497878600e-01 3.344353178576109364e-02 3.869828432396948958e-02
8.000000000000000000e+00 6.537508802323008794e-01 6.362436990975082196e-01 3.343981617170443954e-02 3.694435056508960091e-02
7.000000000000000000e+00 6.583348824712123015e-01 7.505203054025271214e-01 3.519189212355600116e-02 3.517910603989038432e-02
1.000000000000000000e+00 6.628399825528035194e-01 8.298023296186738396e-01 3.254795951534650289e-02 3.563306665139787111e-02
2.000000000000000000e+00 7.596401161803802982e-01 7.845379268807295414e-01 3.519495204101430463e-02 3.737891348556610094e-02
0.000000000000000000e+00 7.385051843331184029e-01 4.601884521350038670e-01 3.589649275973627596e-02 3.894340556894082539e-02
