0 0.377355 0.544672 0.039008 0.047281
12 0.902242 0.592589 0.032656 0.036885
14 0.767176 0.835677 0.035461 0.044125
6 0.503270 0.838198 0.040633 0.060187
2 0.231207 0.866109 0.040383 0.061073
1 0.136055 0.862630 0.036937 0.055156
7 0.560191 0.688807 0.040383 0.057135
15 0.423375 0.692292 0.039891 0.053187
8 0.312809 0.717568 0.037430 0.056469
5 0.200027 0.706078 0.038414 0.054510
7 0.095867 0.721510 0.037922 0.052542
3 0.072996 0.592344 0.034273 0.046500
2 0.160758 0.573432 0.036047 0.048073
0 0.268613 0.553734 0.035461 0.051219
5 0.505309 0.567526 0.037227 0.052010
6 0.641238 0.558458 0.043148 0.049646
9 0.680656 0.407958 0.039000 0.044917
8 0.558914 0.438292 0.040187 0.047271
6 0.444258 0.404406 0.037828 0.040979
5 0.330195 0.443411 0.039000 0.048073
9 0.219387 0.465870 0.034867 0.045698
15 0.123937 0.470990 0.033094 0.044917
1 0.189539 0.351219 0.033094 0.043333
8 0.287645 0.350036 0.035461 0.040969
0 0.503359 0.318516 0.037828 0.040969
2 0.583437 0.300391 0.039594 0.040969
3 0.524637 0.222380 0.035461 0.036240
7 0.433328 0.228682 0.033688 0.037823
3 0.341723 0.251536 0.031320 0.040969
1 0.252184 0.260203 0.035461 0.037823
