1.400000000000000000e+01 7.780391197108198487e-01 2.569024823472603192e-01 3.517550037806016494e-02 2.638115188971928982e-02
6.000000000000000000e+00 5.278580292393776352e-01 8.304352672893635656e-01 4.413940739611788011e-02 3.282039394148883460e-02
2.000000000000000000e+00 4.182190027838003088e-01 7.816144126566930694e-01 4.246701839641148224e-02 3.270204548504307418e-02
8.000000000000000000e+00 2.948368523252407059e-01 7.227891592235908824e-01 4.328022544901855007e-02 3.082161382225312440e-02
8.000000000000000000e+00 2.006538975845434669e-01 6.739004143469639052e-01 4.208615914022173499e-02 3.155671089360612136e-02
7.000000000000000000e+00 6.581495157420562681e-01 7.937059491416077472e-01 4.630014389716208267e-02 3.472516361626287740e-02
6.000000000000000000e+00 5.268591682669768739e-01 7.440931066384033343e-01 4.575217662047137424e-02 3.246456886467408154e-02
5.000000000000000000e+00 4.053734473978490849e-01 6.999581547135870219e-01 4.337874705817251764e-02 3.168207671735157049e-02
3.000000000000000000e+00 3.030437190757856447e-01 6.289218189312122398e-01 4.219743453597624150e-02 3.431331098783241274e-02
1.000000000000000000e+00 1.954211136211281841e-01 5.828830719659687798e-01 4.821499407575605134e-02 3.472705719156610193e-02
1.500000000000000000e+01 6.557166334845783151e-01 7.049160917910922697e-01 4.799116233624800554e-02 3.427516101481331567e-02
2.000000000000000000e+00 5.340632755077322491e-01 6.441530425021935180e-01 4.667824633048400784e-02 3.427382437342296750e-02
0.000000000000000000e+00 4.173034173546938397e-01 5.852488436869681676e-01 4.466609979734414981e-02 3.410390383666261904e-02
2.000000000000000000e+00 3.151473688733012479e-01 5.389822829047408170e-01 4.457827131931368925e-02 3.402359396645360246e-02
3.000000000000000000e+00 2.008125819796152678e-01 4.645812587355746537e-01 4.471407965392196204e-02 3.378294282278232474e-02
0.000000000000000000e+00 8.131933173667196257e-01 6.583643808455701407e-01 5.065341782566512574e-02 3.373849949655005620e-02
1.000000000000000000e+00 6.393271823020815203e-01 5.905855236717948431e-01 4.852492779816519608e-02 3.373638314768179214e-02
3.000000000000000000e+00 5.496414132129252561e-01 5.289528220782382384e-01 4.734138754031824714e-02 3.515634185146365720e-02
1.500000000000000000e+01 4.487816980300461389e-01 4.903681760638068377e-01 4.544338461258312645e-02 3.408978556197606036e-02
1.000000000000000000e+00 3.252498437357568273e-01 4.223592355673534415e-01 4.639927813362015874e-02 3.586275682631351325e-02
5.000000000000000000e+00 1.936901908671985750e-01 3.816367012656455282e-01 4.576587719472338667e-02 3.491401990605441652e-02
7.000000000000000000e+00 6.736955183604871333e-01 5.043400328247289455e-01 4.799550642076677587e-02 3.673867463748892170e-02
8.000000000000000000e+00 5.652836540114679620e-01 4.296176020945522422e-01 4.602551978481717043e-02 3.877092648487684423e-02
9.000000000000000000e+00 4.230738374707196936e-01 3.794499698742266336e-01 4.876290565905566643e-02 3.692886756867092002e-02
7.000000000000000000e+00 3.329639771304013784e-01 3.532567971033864218e-01 4.970565553975331285e-02 3.657334880550838774e-02
5.000000000000000000e+00 8.188956801586153578e-01 4.285916323639515912e-01 5.538819148435758510e-02 4.012864782391623031e-02
0.000000000000000000e+00 6.771088270778558016e-01 3.982656897239881810e-01 5.018286436283758700e-02 3.728020932748832283e-02
9.000000000000000000e+00 5.714050260325722608e-01 3.196968784659388607e-01 4.817361388604346484e-02 3.875814485158074474e-02
1.600000000000000000e+01 6.533889560432066812e-01 1.932919970429765322e-01 2.891244436956863506e-02 2.490243665814911855e-02
3.000000000000000000e+00 4.255753479095882308e-01 2.955562438602560293e-01 5.010642518332153461e-02 3.787830065632080689e-02
