1.200000000000000000e+01 7.538306210000225160e-01 1.420094927648895000e-01 3.932250498498912616e-02 3.406267292002579383e-02
2.000000000000000000e+00 8.250102409502964029e-01 6.860612581079716943e-01 3.726797983498342237e-02 3.756911079936531284e-02
8.000000000000000000e+00 7.881003470147625034e-01 5.852000556736927095e-01 3.766532082814078031e-02 3.487552207024424700e-02
0.000000000000000000e+00 7.083656284948200987e-01 3.782411556597196078e-01 4.114810050368322702e-02 4.114810050368311600e-02
1.000000000000000000e+00 7.382547606037423993e-01 7.558315208880879155e-01 3.728170743471737048e-02 3.758277998378145579e-02
7.000000000000000000e+00 7.116301393345887405e-01 6.802411647278989726e-01 3.620143295861344424e-02 3.434949213149351976e-02
8.000000000000000000e+00 6.736549252443632119e-01 5.774569884397904307e-01 3.508242912666337254e-02 3.663347265067340430e-02
9.000000000000000000e+00 6.436753370154901788e-01 4.744397934481086043e-01 3.461481450593062448e-02 3.554215767946394822e-02
6.000000000000000000e+00 5.996806288571381316e-01 3.540417923563721203e-01 3.783192131512769230e-02 3.938314008509169462e-02
5.000000000000000000e+00 6.750977251840861726e-01 8.407413400542089743e-01 3.659538586332578003e-02 3.474332820556991219e-02
3.000000000000000000e+00 6.334359203737539579e-01 7.508228162752832446e-01 3.613612463306958844e-02 3.364839148464315866e-02
0.000000000000000000e+00 6.058224446011941655e-01 6.589928264601772057e-01 3.641026772052724514e-02 3.609914773676414779e-02
0.000000000000000000e+00 5.664749086524341060e-01 5.540021867798984312e-01 3.552089450370543577e-02 3.738387582593083458e-02
7.000000000000000000e+00 5.292439933367331095e-01 4.522004831217025789e-01 3.827815592946604006e-02 3.735107562486367216e-02
5.000000000000000000e+00 4.924683085943452054e-01 3.432182809497753562e-01 3.989491668624606246e-02 3.927104108981555042e-02
1.500000000000000000e+01 5.588552145701854990e-01 8.247224286784226033e-01 3.495590154783678738e-02 3.558024446681162800e-02
5.000000000000000000e+00 5.426881911555647697e-01 7.294106814558396490e-01 3.879764335259883179e-02 3.569678302625711730e-02
2.000000000000000000e+00 5.000687986407954533e-01 6.354603032196626256e-01 3.616203182661037463e-02 3.399824082425206839e-02
9.000000000000000000e+00 4.552768236183062367e-01 5.248635162615514771e-01 3.710722087979823058e-02 3.618075393603503720e-02
2.000000000000000000e+00 4.137540326610270602e-01 4.280577242615143385e-01 3.684665935377956503e-02 3.684665935377967605e-02
1.000000000000000000e+00 3.807030692375819592e-01 3.111737112289713059e-01 3.974794374611323455e-02 4.098757520977014401e-02
1.000000000000000000e+00 4.579362393863869451e-01 8.105074699460043108e-01 3.405613040440774730e-02 3.374425102151046296e-02
3.000000000000000000e+00 4.261739908975631930e-01 7.095370308670320147e-01 3.683296096170440848e-02 3.683296096170440848e-02
1.500000000000000000e+01 3.387805276552771638e-01 5.244499650176439598e-01 3.500976047104920053e-02 3.593710364458269080e-02
8.000000000000000000e+00 2.906703435119313284e-01 4.259592707923590682e-01 4.106643588909425491e-02 4.045351316479184334e-02
3.000000000000000000e+00 2.262274116967481208e-01 5.131698794854198109e-01 3.543519923217325340e-02 3.668522862243733806e-02
6.000000000000000000e+00 2.733198695657573785e-01 6.074556200623372204e-01 3.977805684255147911e-02 3.822675044961032498e-02
7.000000000000000000e+00 3.087031521840423176e-01 6.947647315854055261e-01 3.621294077626296959e-02 3.435089409912583935e-02
6.000000000000000000e+00 3.628381753971133272e-01 7.957587996605159919e-01 3.309280339497533419e-02 3.433173387481591732e-02
1.200000000000000000e+01 6.646206166133352689e-01 1.536139585580669209e-01 3.565659328746095813e-02 3.256706553281474292e-02
