6.000000000000000000e+00 1.170717983944171425e-01 4.700147029325248971e-01 3.781829167010412884e-02 5.155036030141507686e-02
1.000000000000000000e+01 7.848695450132292528e-01 5.903059343478992416e-01 3.209178972153814424e-02 3.660771691703379460e-02
1.400000000000000000e+01 7.745692936433609121e-01 6.340926668377135922e-01 2.872060627743278083e-02 4.109121141023497348e-02
3.000000000000000000e+00 6.854130446319649517e-01 3.285655494566731560e-01 4.531251789329338031e-02 5.570776697697554791e-02
2.000000000000000000e+00 8.977735062059541415e-02 5.931819652836817225e-01 3.522600427952703173e-02 4.921983492226411627e-02
3.000000000000000000e+00 6.862469229198560061e-01 4.970597426577034739e-01 4.559424504457332272e-02 5.846329707577396784e-02
5.000000000000000000e+00 5.657282507896606027e-01 6.376784116354400345e-01 4.194178884781896155e-02 5.513411710513049790e-02
8.000000000000000000e+00 5.699764519916969974e-01 7.513767307123624395e-01 4.089900078928121463e-02 5.845406710357980984e-02
7.000000000000000000e+00 6.252926693482394604e-01 1.896853954415548549e-01 4.160922584968518301e-02 5.236401785022237743e-02
2.000000000000000000e+00 5.795260368229939729e-01 3.512801134276724024e-01 4.212564989392630910e-02 5.449247783810762247e-02
6.000000000000000000e+00 5.305315836217538994e-01 5.157746898777906264e-01 3.999849630210550178e-02 5.501503626386866630e-02
3.000000000000000000e+00 4.692131721471849426e-01 6.750457126641807859e-01 3.956622120436043000e-02 5.500609029081893198e-02
1.000000000000000000e+00 5.370784738988501061e-01 1.047984913684984754e-01 4.116862957700806458e-02 5.287030312500730356e-02
8.000000000000000000e+00 4.995428607771596474e-01 2.284633486206204822e-01 3.979591971237972370e-02 4.955163112270782877e-02
5.000000000000000000e+00 4.515933398279977640e-01 3.770882516790916572e-01 3.742722484821664475e-02 5.068200451738946732e-02
8.000000000000000000e+00 4.271638186234111290e-01 5.379095121952968128e-01 3.875565924622748071e-02 5.213644933578631679e-02
0.000000000000000000e+00 3.587202378138467651e-01 6.750790825636520109e-01 3.865713994302288903e-02 5.428365326720441253e-02
1.500000000000000000e+01 3.282678189536043512e-01 8.335192232531249967e-01 3.811302598219917792e-02 5.735340001940614219e-02
7.000000000000000000e+00 4.211813766458801789e-01 1.306774732064971412e-01 3.979674330989863007e-02 5.026390097695174197e-02
1.000000000000000000e+00 3.576092899606445052e-01 4.002062932345902824e-01 3.892012315076998075e-02 5.111351281744458408e-02
9.000000000000000000e+00 3.062144617906794597e-01 5.557857531420373753e-01 3.947815306967106253e-02 5.310926000513516154e-02
1.000000000000000000e+00 2.762083191860027487e-01 6.965111347982956280e-01 3.750143382465753739e-02 5.260862631332452466e-02
2.000000000000000000e+00 1.998126913324621556e-01 8.586912034210090194e-01 3.746218514289659240e-02 5.345761335569954031e-02
9.000000000000000000e+00 2.984379688178358525e-01 1.725712803988637134e-01 3.696112545236929225e-02 5.153261035488782005e-02
0.000000000000000000e+00 2.778956575027937692e-01 3.143451158965911985e-01 3.621165171020440665e-02 4.829181091799256142e-02
0.000000000000000000e+00 2.366479483640177017e-01 4.412730381185321904e-01 3.620600012723010352e-02 4.780290639084716631e-02
1.500000000000000000e+01 2.127231788388359579e-01 5.768189001784072012e-01 3.769120205296930259e-02 5.259283596089392443e-02
5.000000000000000000e+00 1.353031802712742204e-01 7.145233261354775323e-01 3.626544114816043773e-02 5.256318645021484937e-02
7.000000000000000000e+00 2.068184106273081302e-01 2.132947981167983009e-01 3.498094141779373167e-02 5.000554695525885607e-02
6.000000000000000000e+00 1.612991839567374797e-01 3.291009020438910304e-01 3.480943433446923030e-02 4.977777964142171552e-02
