1.200000000000000000e+01 1.385361705628824769e-01 2.660576554766836410e-01 3.361120242142029424e-02 3.841397358284029395e-02
2.000000000000000000e+00 6.688821166008122043e-01 1.736804862912793568e-01 3.685025532237107271e-02 3.657352120638102111e-02
8.000000000000000000e+00 5.715470739030719116e-01 2.140517154251440624e-01 3.431566082189518863e-02 3.686243425985649691e-02
0.000000000000000000e+00 3.719896811918612656e-01 3.008096518082736814e-01 4.037102853960028437e-02 4.037105719592376518e-02
1.000000000000000000e+00 7.408784070309899494e-01 2.558232644629100383e-01 3.686372379441371638e-02 3.658698967842360927e-02
7.000000000000000000e+00 6.678875988939221298e-01 2.850624145932003084e-01 3.376448509579443868e-02 3.545744337522560574e-02
8.000000000000000000e+00 5.687118459128110981e-01 3.265577739851225347e-01 3.589032579793938194e-02 3.447327060111710084e-02
9.000000000000000000e+00 4.689754892751694104e-01 3.602251141442693871e-01 3.483995691655772386e-02 3.399407955963562600e-02
6.000000000000000000e+00 3.527839552786748989e-01 4.083528363274663286e-01 3.858774552851329531e-02 3.717114883286687377e-02
5.000000000000000000e+00 8.267347295079998659e-01 3.142047779908865857e-01 3.415082964915261421e-02 3.584390255387759350e-02
3.000000000000000000e+00 7.403235632954818790e-01 3.587793453113051756e-01 3.310149239541670951e-02 3.537221946915175552e-02
0.000000000000000000e+00 6.514551173432771014e-01 3.896625517049825405e-01 3.542706767232095544e-02 3.571311509344693436e-02
0.000000000000000000e+00 5.501734684611736537e-01 4.325947534851002363e-01 3.661710747441671021e-02 3.491397620014496939e-02
7.000000000000000000e+00 4.519298340425426108e-01 4.733196876198624281e-01 3.667851797566629157e-02 3.752456727052938534e-02
5.000000000000000000e+00 3.466286343046196539e-01 5.138967407972292456e-01 3.855060693326395338e-02 3.912224327433999616e-02
1.500000000000000000e+01 8.158618612785983881e-01 4.288162882788433272e-01 3.488861535385201496e-02 3.431726557601083583e-02
5.000000000000000000e+00 7.231047808844607294e-01 4.486238256417459658e-01 3.513162097708866227e-02 3.796395467867647033e-02
2.000000000000000000e+00 6.327812527941558685e-01 4.943045843617142054e-01 3.343207174325379949e-02 3.540941537704805908e-02
9.000000000000000000e+00 5.262304224294296340e-01 5.428065867860779603e-01 3.553034506219654443e-02 3.637564929264880398e-02
2.000000000000000000e+00 4.330623243874046624e-01 5.875310266783748681e-01 3.615086909115483582e-02 3.615086909115483582e-02
1.000000000000000000e+00 3.198607052153964458e-01 6.247852501930534208e-01 4.017140859013484944e-02 3.904143244208446717e-02
1.000000000000000000e+00 8.061206026076866982e-01 5.283320485382212439e-01 3.311662293422212855e-02 3.340341541975877515e-02
3.000000000000000000e+00 7.084645804304801064e-01 5.636618279922771535e-01 3.613740061911219215e-02 3.613740061911230317e-02
1.500000000000000000e+01 5.306651317718812377e-01 6.570185132992218957e-01 3.522744772285557602e-02 3.438157036593347815e-02
8.000000000000000000e+00 4.361191087427662705e-01 7.082702332445377502e-01 3.971024237613163255e-02 4.027204959824892683e-02
3.000000000000000000e+00 5.242841422503037307e-01 7.678166693070667126e-01 3.595021751404359200e-02 3.480998240218202699e-02
6.000000000000000000e+00 6.147505507695540938e-01 7.177372795559269214e-01 3.755863963916483694e-02 3.897512170951733523e-02
7.000000000000000000e+00 6.988647120596921392e-01 6.794255517353163798e-01 3.376626178785113730e-02 3.546839009080060556e-02
6.000000000000000000e+00 7.956143060684318646e-01 6.221640849392993111e-01 3.364177871858919922e-02 3.251117213142207252e-02
1.200000000000000000e+01 1.536177786958165814e-01 3.530230349855927319e-01 3.206080935137628485e-02 3.488334259032893625e-02
