2.000000000000000000e+00 2.574631680308673287e-01 5.915512724821202495e-01 4.014400726219549687e-02 4.826577016845945423e-02
1.100000000000000000e+01 3.035328596619940589e-01 1.879924618798188840e-01 3.672945067223931659e-02 4.986085019062799772e-02
1.200000000000000000e+01 3.216262635160542782e-01 2.544136554746493362e-01 2.936601284675710577e-02 4.266044009126573888e-02
6.000000000000000000e+00 8.963053782955895388e-01 6.235067156472552385e-01 3.475218069442553848e-02 5.247251927900409285e-02
2.000000000000000000e+00 8.952379739228718547e-01 4.677713679751721587e-01 3.893963356942453657e-02 5.280861895942373652e-02
8.000000000000000000e+00 8.815414663215619395e-01 3.427685433203210286e-01 4.124041257543253902e-02 5.673503507614735542e-02
1.000000000000000000e+00 7.826734404547956991e-01 4.591077826192038747e-01 3.908862766969323221e-02 5.562230435541792861e-02
6.000000000000000000e+00 7.706826691472360435e-01 2.600789538381170773e-01 4.413812996493171603e-02 5.885142468765280910e-02
3.000000000000000000e+00 8.171448637513927249e-01 5.823849664323479391e-01 3.745489858923256588e-02 5.081134540605181105e-02
8.000000000000000000e+00 8.120204682956126963e-01 7.252168053913240486e-01 3.380530705986672935e-02 4.770861258728054111e-02
6.000000000000000000e+00 7.139144739712945942e-01 7.054585353494454703e-01 3.663336560491836646e-02 4.798136289616561356e-02
1.500000000000000000e+01 7.074159998069043942e-01 5.628345694733924987e-01 3.605176235290152853e-02 5.069426648715480432e-02
7.000000000000000000e+00 6.753545122270701029e-01 4.146538111918152691e-01 3.758974588924746119e-02 5.362517227004848230e-02
5.000000000000000000e+00 6.226073752615475243e-01 3.917093987968715552e-01 4.048429439549006137e-02 5.573570510624903385e-02
5.000000000000000000e+00 5.997239638692963837e-01 5.244312128079728907e-01 4.044445700597665283e-02 5.479683856063349845e-02
5.000000000000000000e+00 6.085107961490722195e-01 6.529281839510056029e-01 3.876987196638403965e-02 4.905855685465865257e-02
5.000000000000000000e+00 6.460513677606389837e-01 7.844382820800046563e-01 3.590520150227671792e-02 4.787390380144096458e-02
9.000000000000000000e+00 5.642043475547258158e-01 9.147545600292217305e-01 3.727115994754159889e-02 4.706125500768620906e-02
7.000000000000000000e+00 5.397973823623871681e-01 7.526920135034160797e-01 3.661022143970393827e-02 4.794305336107940185e-02
3.000000000000000000e+00 4.939814701810056330e-01 6.322883701981381055e-01 4.086484332230588823e-02 4.831607619016053956e-02
1.500000000000000000e+01 4.406614726860229592e-01 8.643145115426201786e-01 3.511920528019912835e-02 4.594518564209693068e-02
7.000000000000000000e+00 4.186169241083962378e-01 7.426608569669540527e-01 3.723021910760820896e-02 4.613486593989390983e-02
0.000000000000000000e+00 4.560644522146966029e-01 5.047574840444084554e-01 3.754266533800426631e-02 5.269077611331307587e-02
8.000000000000000000e+00 4.812123702171059447e-01 2.097068665799326492e-01 4.193586927588827118e-02 5.680359047017524698e-02
2.000000000000000000e+00 4.352132569724431743e-01 3.341175344697779881e-01 3.784931138029640207e-02 5.835051478428127103e-02
3.000000000000000000e+00 4.211009466180860583e-01 6.035641410916755545e-01 3.599709911672260843e-02 4.975271204949116566e-02
9.000000000000000000e+00 3.148905899518156248e-01 6.731814788273502437e-01 3.806428615694673612e-02 4.899517918952345230e-02
0.000000000000000000e+00 3.856148440733156435e-01 6.502336429067452350e-01 3.520773595618476026e-02 4.781516628678894598e-02
1.000000000000000000e+00 3.337429413458688487e-01 8.482784344090075201e-01 3.305725255606872803e-02 4.672801298091755484e-02
1.000000000000000000e+00 3.501169289503336390e-01 4.571654127976152449e-01 4.057950236119528542e-02 5.761878568797573763e-02
