0.000000000000000000e+00 1.425046974440722924e-01 5.022401280863117989e-01 4.807713432365005868e-02 3.701015169735238919e-02
1.400000000000000000e+01 7.881333009107789334e-01 2.722439729108026008e-01 3.746816601762403831e-02 3.038924724124497656e-02
1.100000000000000000e+01 6.823646292844389727e-01 2.108339707501560023e-01 3.718589934901517235e-02 2.903384947154546980e-02
6.000000000000000000e+00 5.168218310445691355e-01 2.479273277036457002e-01 5.336020995769186204e-02 4.279530945905890560e-02
5.000000000000000000e+00 6.198211245809561731e-01 3.398660524431278418e-01 5.458887278560176082e-02 4.293059617337258160e-02
2.000000000000000000e+00 7.445064333805959667e-01 4.472580628344159370e-01 5.732799970744362206e-02 4.140381390125719152e-02
9.000000000000000000e+00 3.664108125323368714e-01 3.056118548798792411e-01 5.065110150266821654e-02 3.838474732373808873e-02
9.000000000000000000e+00 4.715277750995076067e-01 3.862601019448099748e-01 4.757880450433776831e-02 4.083753530434081069e-02
7.000000000000000000e+00 5.650398950888921856e-01 4.852482796594241865e-01 5.313838744998278241e-02 3.866907921632384282e-02
3.000000000000000000e+00 6.629551016845546263e-01 5.689244650386757751e-01 5.269654586958627540e-02 3.952786333874813707e-02
8.000000000000000000e+00 2.410349481013999151e-01 3.067678858166599243e-01 4.655395892157873639e-02 3.888313531837367387e-02
3.000000000000000000e+00 3.336511535682694651e-01 3.791873061212073237e-01 5.109864426474730603e-02 3.752494513315612901e-02
1.000000000000000000e+00 4.274266477900240391e-01 4.851206720877848655e-01 4.757004911818241144e-02 3.805643488674442798e-02
7.000000000000000000e+00 4.933349550173452558e-01 5.896169621307620901e-01 5.396718219325041810e-02 3.651333443644577681e-02
1.500000000000000000e+01 5.824265503472955130e-01 6.890515918201434165e-01 5.155130645527594702e-02 3.985952085683119872e-02
6.000000000000000000e+00 6.857140153476051214e-01 7.734124425792090474e-01 5.485327962996000561e-02 3.796230721365922989e-02
1.000000000000000000e+00 1.849394798808649543e-01 4.260045956436636638e-01 4.688055518653538867e-02 3.516599394902214515e-02
6.000000000000000000e+00 2.701020156825446050e-01 5.036709792503200056e-01 5.088534444190018213e-02 3.750097689996007011e-02
2.000000000000000000e+00 3.514253437427770077e-01 5.907148468319132206e-01 4.992396813685184842e-02 3.777178302988060121e-02
8.000000000000000000e+00 4.320547856344538196e-01 6.810621419712725721e-01 5.603700202062733560e-02 3.632851143434978614e-02
5.000000000000000000e+00 5.217857277673740857e-01 7.981882365254415745e-01 5.737110762200231528e-02 3.969808433469823594e-02
0.000000000000000000e+00 6.033658271607829082e-01 8.999260563515825151e-01 5.266676010406101671e-02 3.806603381508733008e-02
0.000000000000000000e+00 4.734258613725289000e-01 9.061183832010037964e-01 5.330279091360357047e-02 3.759812968985631887e-02
8.000000000000000000e+00 3.810309402916281507e-01 7.720949460326337332e-01 5.178860359898074250e-02 3.655876936393620547e-02
3.000000000000000000e+00 2.929034700507519018e-01 6.985419650099268241e-01 5.052294126545781028e-02 3.446620298515257197e-02
1.000000000000000000e+00 2.224827066093653660e-01 6.273396742754464572e-01 4.818167537960429958e-02 3.375704579423299823e-02
2.000000000000000000e+00 9.560994747865383947e-02 6.037308482267734755e-01 4.722329510370538996e-02 3.636993226453300032e-02
5.000000000000000000e+00 1.571072707995604389e-01 7.089533699180561310e-01 4.781072043063808175e-02 3.919457691161298829e-02
1.500000000000000000e+01 2.292930299181089038e-01 8.004365091570142532e-01 5.052689718744160507e-02 3.837093068445651678e-02
7.000000000000000000e+00 3.236602398968889127e-01 8.986462865021613844e-01 5.149493456700682259e-02 3.576060392838120716e-02
