1.600000000000000000e+01 1.290426808393134728e-01 6.692637238712070280e-01 2.806451879432639296e-02 3.611297574417671186e-02
1.600000000000000000e+01 1.684932664025088345e-01 3.112431512264056677e-01 2.824272899510033019e-02 4.131175266001069213e-02
0.000000000000000000e+00 4.876478626721550413e-01 1.829182674186105029e-01 4.040791540644173008e-02 5.576555964974200252e-02
8.000000000000000000e+00 5.397745383399294994e-01 1.092828312246659495e-01 3.809540550701984163e-02 5.518114240309458796e-02
6.000000000000000000e+00 6.958486107632666506e-01 4.809414470045200729e-02 3.830134385667982588e-02 5.294963177139830335e-02
2.000000000000000000e+00 7.596700392535622459e-01 9.538060473870539624e-02 3.936918764796193404e-02 5.625997114792896658e-02
9.000000000000000000e+00 6.746836172714478774e-01 2.118518820744246800e-01 4.090206113962324697e-02 5.139653060988938482e-02
0.000000000000000000e+00 5.675877910864703946e-01 2.527494252089579341e-01 4.040791540644150803e-02 5.576553012029697443e-02
0.000000000000000000e+00 3.876678649745517458e-01 3.900928377653815060e-01 4.052715530548473000e-02 5.277688451795542468e-02
7.000000000000000000e+00 4.803535139248340524e-01 3.567163261629647253e-01 4.098997029748646659e-02 5.590541110141822312e-02
1.000000000000000000e+00 5.531655806029243116e-01 3.940630273558962671e-01 4.123149162841099891e-02 5.371600945833893137e-02
6.000000000000000000e+00 4.588956621619009191e-01 4.827151755855131343e-01 3.866313861722375789e-02 5.153714982713636372e-02
5.000000000000000000e+00 4.467237725665371695e-01 6.080810170596123720e-01 3.767006338076511751e-02 4.804818683760125886e-02
8.000000000000000000e+00 4.905357538080440394e-01 6.166013840705344418e-01 3.606112203869882293e-02 4.763890872944442911e-02
1.500000000000000000e+01 6.607196742453684823e-01 4.610357939259426274e-01 3.486907740160816171e-02 4.779284572640130069e-02
2.000000000000000000e+00 7.685774487005314626e-01 7.318885306604318020e-01 3.438514885640786556e-02 4.456737397489529684e-02
1.000000000000000000e+00 7.295787079405080533e-01 3.791368083045276172e-01 3.641990479584944485e-02 4.770895257306262405e-02
2.000000000000000000e+00 8.628093922752426703e-01 1.638346863893854755e-01 3.396583073693959509e-02 4.528118924967719505e-02
9.000000000000000000e+00 8.807170222149198757e-01 2.963854995464034747e-01 3.436595471713643768e-02 4.473486498712225812e-02
6.000000000000000000e+00 7.215613454962774842e-01 4.923785683547713399e-01 3.329356339131905873e-02 4.574689812729210159e-02
5.000000000000000000e+00 6.316529851455132683e-01 5.921864093878325130e-01 3.991123014098718613e-02 4.692848934084126178e-02
3.000000000000000000e+00 6.828537945937240838e-01 5.913093258114632267e-01 3.476826387626541504e-02 4.527165123893162058e-02
3.000000000000000000e+00 7.929269270741504672e-01 4.925716909252869646e-01 3.469916497488845231e-02 4.699882847890973769e-02
3.000000000000000000e+00 8.490031069561942978e-01 4.391792060667293329e-01 3.402577551035645964e-02 4.682696710881789626e-02
7.000000000000000000e+00 8.637134657643719127e-01 5.701914613139171806e-01 2.997829259746798147e-02 4.420563827324142103e-02
7.000000000000000000e+00 7.361357507395234201e-01 6.169994409895789289e-01 3.477422882416214556e-02 4.745145581237508736e-02
0.000000000000000000e+00 4.673780395417881373e-01 7.197310514342440957e-01 3.700668439809950971e-02 4.890648968692956622e-02
1.500000000000000000e+01 5.662825305571232981e-01 8.090188800270856628e-01 3.636249955470527429e-02 4.717523738353679441e-02
1.000000000000000000e+00 7.029887715133479320e-01 7.369242459807936463e-01 3.433447632873121158e-02 4.403631643542238461e-02
5.000000000000000000e+00 6.492268437679827864e-01 8.303672513725590676e-01 3.620776526273261631e-02 4.609847569985459081e-02
