3.000000000000000000e+00 6.356156828117330848e-01 8.583647823517451814e-01 3.766054194505463748e-02 4.963571419912815585e-02
1.000000000000000000e+01 2.352223797612517375e-01 2.686962886909905479e-01 3.091640005257939583e-02 4.243641680827306417e-02
1.000000000000000000e+01 3.213136296349989873e-01 1.913343859581460582e-01 3.301641479455419415e-02 4.685535891891592919e-02
2.000000000000000000e+00 5.428904638198435162e-01 1.972679401122982012e-01 4.531813104087167865e-02 6.139062201332629032e-02
8.000000000000000000e+00 7.738772966008601317e-01 3.903182177327591540e-01 3.755066656962169347e-02 5.875804695017039503e-02
3.000000000000000000e+00 4.456001717123369010e-01 2.707756477275443663e-01 4.283668869146345370e-02 6.051475521644428257e-02
1.000000000000000000e+00 5.409770804057758564e-01 3.671637397173835859e-01 4.131681809467624422e-02 5.556998481426672631e-02
2.000000000000000000e+00 6.653975060606591718e-01 4.083099995428868256e-01 3.710148608550645211e-02 5.091896341653801006e-02
6.000000000000000000e+00 7.545557496817301146e-01 5.260147254546441165e-01 3.759527640462778653e-02 5.109853827963506401e-02
1.500000000000000000e+01 8.513767463249732881e-01 5.938546589054513047e-01 3.502472253026212012e-02 4.767585544786334673e-02
5.000000000000000000e+00 8.488110049055355155e-01 7.156166357928752664e-01 3.409716239730031795e-02 4.546299134145492804e-02
7.000000000000000000e+00 7.321024301275946833e-01 6.687289415026458350e-01 3.538700846303832748e-02 4.718238956390563565e-02
7.000000000000000000e+00 6.606741356214296257e-01 5.871840826863403695e-01 3.859761884281776023e-02 5.146325747613900159e-02
7.000000000000000000e+00 5.440968219034612030e-01 5.316661156433171165e-01 4.039363783642424544e-02 5.337109845616039294e-02
0.000000000000000000e+00 4.394143421821598006e-01 4.321530776750418523e-01 4.140536185809734482e-02 5.375033612623891788e-02
5.000000000000000000e+00 3.336077081368382657e-01 3.686762699685925959e-01 4.398289108848213447e-02 5.718153538105730238e-02
9.000000000000000000e+00 7.401010005804395941e-01 7.795220899412050874e-01 3.439499387755873272e-02 4.423619384252552855e-02
6.000000000000000000e+00 6.311931719142898078e-01 7.276008922315315708e-01 3.654140284793971905e-02 4.709922601694882527e-02
8.000000000000000000e+00 5.605973239656008023e-01 6.623898028394978876e-01 3.496583754805404620e-02 4.702741770072094152e-02
5.000000000000000000e+00 4.598135275337174588e-01 6.107488089661896602e-01 3.914139921340942241e-02 5.218355761203619103e-02
2.000000000000000000e+00 3.487686174081422452e-01 5.083139755044693286e-01 4.094125735645276487e-02 5.337131474626949368e-02
1.000000000000000000e+00 2.424572163206616116e-01 4.523038943906704246e-01 4.439092237933733864e-02 5.816749384348146590e-02
3.000000000000000000e+00 2.668383296173848507e-01 6.046257441220528328e-01 3.982076644615589744e-02 5.192552351185597548e-02
1.500000000000000000e+01 3.759530532910398959e-01 6.851522550320933158e-01 3.662683744104228145e-02 5.000416440001442808e-02
0.000000000000000000e+00 4.556401287694532565e-01 7.706370815123948503e-01 3.734273066596621726e-02 4.803841174327583285e-02
6.000000000000000000e+00 5.488200301251087154e-01 7.975493298110967189e-01 4.077933717351267529e-02 4.797184846219415544e-02
1.000000000000000000e+00 5.383874118930165320e-01 9.047899402436212490e-01 3.874431760932861568e-02 4.642294091825738267e-02
9.000000000000000000e+00 4.669184818826006000e-01 8.581989689468410010e-01 3.566607677633060192e-02 4.232591959877640697e-02
0.000000000000000000e+00 3.610294007513088488e-01 7.927264118491447187e-01 3.919368734728922998e-02 4.875660305060924848e-02
8.000000000000000000e+00 2.800868287801121514e-01 7.214780166412402274e-01 3.904228427090516984e-02 4.797460616108539799e-02
