5.000000000000000000e+00 5.518829720806222028e-01 5.091896848485870652e-01 4.251529934437303648e-02 5.465953633540970857e-02
3.000000000000000000e+00 1.084410797794283926e-01 5.663554988699751602e-01 4.263810104340251539e-02 4.585419536123191975e-02
2.000000000000000000e+00 1.441167134525205840e-01 4.402653668700629574e-01 3.433601599608782085e-02 4.701211097677648887e-02
2.000000000000000000e+00 2.177593774454790743e-01 3.107220329612565557e-01 3.523592813727247086e-02 4.209764488763595436e-02
8.000000000000000000e+00 2.527448328151074008e-01 1.809786893311684519e-01 3.524110458421889081e-02 4.332542791422636097e-02
3.000000000000000000e+00 1.480370531415045599e-01 6.825062239552204257e-01 3.711898500726670824e-02 5.072221965516909847e-02
8.000000000000000000e+00 2.261467568855585197e-01 5.500016114474804985e-01 3.986299906176374308e-02 4.582518386196143823e-02
6.000000000000000000e+00 2.683817384673221618e-01 4.014819055830725070e-01 3.435549347442873325e-02 5.070148462192031191e-02
3.000000000000000000e+00 3.137394482263696216e-01 2.892490343224581872e-01 3.616844896967352785e-02 4.457260068276874820e-02
7.000000000000000000e+00 3.621011057148302292e-01 1.419394033568096014e-01 3.524800651348086733e-02 4.333522514432275319e-02
1.500000000000000000e+01 2.097129269900234183e-01 8.329025673104999417e-01 3.807320597319477362e-02 5.686873860849417373e-02
0.000000000000000000e+00 2.586205387812897660e-01 6.638135768586648222e-01 3.894866890733278408e-02 4.951145748802998625e-02
9.000000000000000000e+00 4.340146463321601367e-01 2.614464547548465689e-01 3.619158213088624620e-02 4.947513462301569853e-02
9.000000000000000000e+00 4.571129615757596465e-01 1.429162018201538265e-01 3.711892651634068896e-02 5.071245167053571590e-02
1.000000000000000000e+00 3.150544850917440520e-01 8.089176612341006933e-01 3.868797485037916983e-02 5.668016386323559974e-02
0.000000000000000000e+00 3.633771437553283690e-01 6.584017916716449204e-01 3.712328409032394916e-02 5.153506805307905836e-02
7.000000000000000000e+00 4.284457398953104290e-01 5.283176214160534290e-01 3.865121330342041750e-02 4.953888973229980675e-02
5.000000000000000000e+00 4.937566054505722057e-01 3.765112665543903225e-01 3.864241041906496532e-02 4.745754862333928514e-02
8.000000000000000000e+00 5.517529467522381825e-01 2.063445223010234031e-01 3.709833771040682571e-02 4.641798939645200295e-02
5.000000000000000000e+00 5.998515851694388168e-01 8.429554299764235870e-02 4.095739353172800357e-02 4.850430223411821701e-02
1.500000000000000000e+01 4.540598522230863687e-01 7.906935264543945019e-01 4.560344476168964878e-02 5.672882831362491274e-02
6.000000000000000000e+00 4.602609870785161483e-01 6.234900494914434876e-01 3.790834929840813938e-02 5.462134176076527403e-02
0.000000000000000000e+00 5.805056529209614569e-01 3.664792392584836911e-01 4.098453332136808847e-02 5.463540882845585589e-02
1.000000000000000000e+00 6.589245250768490658e-01 1.941159560175001186e-01 4.018314914494425238e-02 4.746219865195222543e-02
6.000000000000000000e+00 5.664911393272502593e-01 7.894829982509590227e-01 4.557882008186509015e-02 5.980381327260286817e-02
2.000000000000000000e+00 6.703728077854844702e-01 6.407675086346690252e-01 4.332884963339445061e-02 6.182683892839269113e-02
1.000000000000000000e+00 6.812073744536024655e-01 4.668684583965119206e-01 4.097037851728868585e-02 5.156987015401853780e-02
7.000000000000000000e+00 7.358062849442662534e-01 3.239546544796162442e-01 4.636552303587593293e-02 5.674672653696521962e-02
1.600000000000000000e+01 7.577237122611548692e-01 7.384467115689079542e-01 3.401797158624153550e-02 4.433898792452939386e-02
1.200000000000000000e+01 7.818575654804824637e-01 6.665577078950137846e-01 3.784228379754905891e-02 4.028773092054060978e-02
