9.000000000000000000e+00 4.614062219942622889e-01 3.715971214328076533e-01 4.754181057480938444e-02 3.516532895677221271e-02
1.100000000000000000e+01 6.658590360713280143e-01 2.814522486723967098e-01 3.926377218256171808e-02 2.699370115339289056e-02
1.000000000000000000e+01 3.477893948389902956e-01 2.392555008563992947e-01 3.210965830192952231e-02 2.449079098330772530e-02
2.000000000000000000e+00 6.764759171980573305e-01 8.319715119573622975e-01 4.720852726292212864e-02 3.601302967033881419e-02
1.500000000000000000e+01 7.458549384740240651e-01 7.687831919330596619e-01 4.746577863039747047e-02 3.512567743020644784e-02
1.000000000000000000e+00 5.426728363568109614e-01 8.073250161990037643e-01 4.316885021638994235e-02 3.474298615444204597e-02
6.000000000000000000e+00 6.092098045995337774e-01 7.517784896987833587e-01 4.209683677793274459e-02 3.038968089276394835e-02
5.000000000000000000e+00 4.129856920618977245e-01 7.926949113397352420e-01 4.357691391804857650e-02 3.296373056639334553e-02
7.000000000000000000e+00 2.875632486489982931e-01 7.669459950540393756e-01 3.933266457663792126e-02 3.035025692158732635e-02
7.000000000000000000e+00 5.016075792691193636e-01 7.354172003274318525e-01 4.362302232878251251e-02 3.328919166177746192e-02
1.000000000000000000e+00 3.640856602578819157e-01 6.860147831129396190e-01 4.295517570594398205e-02 3.099207689678773470e-02
1.500000000000000000e+01 3.152891092670986328e-01 3.458397855977118907e-01 4.726114944667147988e-02 3.790043095709855203e-02
8.000000000000000000e+00 2.603371849988224129e-01 6.794696927870412795e-01 4.248049516410107307e-02 3.185468248834610883e-02
0.000000000000000000e+00 8.731827600494288522e-01 6.947292158527995642e-01 4.894966732328220882e-02 3.475191770346786058e-02
5.000000000000000000e+00 7.410882504034650431e-01 6.743706031817282565e-01 5.106724088620373525e-02 3.881474851084953936e-02
0.000000000000000000e+00 5.855635285543441260e-01 6.474430637577411884e-01 4.494577336169969239e-02 3.272491118544240685e-02
2.000000000000000000e+00 4.535282686428399046e-01 6.462127571016811345e-01 4.754183901923297872e-02 3.516538584561945679e-02
3.000000000000000000e+00 2.069543262500457559e-01 5.920148091710504268e-01 4.569502792501956012e-02 3.280154046275085555e-02
9.000000000000000000e+00 3.993541002503792070e-01 5.442257881103137462e-01 4.679545734270146307e-02 3.509120278874466869e-02
3.000000000000000000e+00 5.752342774395464708e-01 5.578619594740396037e-01 4.605237521931315747e-02 3.502981972251162368e-02
1.000000000000000000e+00 6.966759522072893951e-01 5.781422646468072912e-01 5.022875616589894676e-02 3.816814987247629798e-02
2.000000000000000000e+00 8.188249544578947159e-01 5.942483506491862411e-01 4.921215246470866944e-02 3.641836270732734526e-02
5.000000000000000000e+00 1.613508182581146200e-01 5.006557008539407327e-01 4.969587833327171467e-02 3.233448302644564842e-02
0.000000000000000000e+00 2.867672314532005995e-01 5.112753553119757655e-01 4.465285268696933541e-02 3.419557322133071064e-02
3.000000000000000000e+00 6.427986582644460434e-01 4.634631662681775177e-01 4.843180814634118203e-02 3.634708098166461454e-02
7.000000000000000000e+00 7.083150405866678323e-01 3.951615202045256625e-01 5.146386992955576112e-02 3.663138299602947123e-02
6.000000000000000000e+00 5.712023657206704019e-01 3.706922189832841941e-01 5.013693756636239396e-02 3.760250406380616361e-02
