0.000000000000000000e+00 3.012115287906909078e-01 5.638096799151126604e-01 3.356760545669351670e-02 4.527855624211130081e-02
1.100000000000000000e+01 2.397696891004291175e-01 3.314793425194911825e-01 2.411966743721230544e-02 3.103399224507225052e-02
1.300000000000000000e+01 2.775061643327392247e-01 3.610544617495559105e-02 2.122202123554894904e-02 3.205962088028465468e-02
2.000000000000000000e+00 8.754114740528414762e-01 5.436322500640002886e-01 3.274351717894319336e-02 4.387255039597748318e-02
9.000000000000000000e+00 8.073374775651817048e-01 6.694345814230215908e-01 3.288445730899036690e-02 4.447947347130498663e-02
1.000000000000000000e+00 7.331271757135604528e-01 7.564357899646746430e-01 3.229353315410110614e-02 4.384941526642283094e-02
3.000000000000000000e+00 6.829443460813746647e-01 8.633781277555723221e-01 3.281821717437061192e-02 4.218593039136675493e-02
8.000000000000000000e+00 8.316167313562612406e-01 4.276604064506571712e-01 3.398441186415235293e-02 4.846242773441972185e-02
1.500000000000000000e+01 7.903206402016396126e-01 5.196686872012072911e-01 3.293435322273119414e-02 4.469459564611766300e-02
0.000000000000000000e+00 7.221785619770073605e-01 6.396190105594491415e-01 3.236972945143978819e-02 4.346618932686241443e-02
1.000000000000000000e+00 6.526321180833364322e-01 7.317899997553549696e-01 3.265460231535710633e-02 4.479628662602508360e-02
0.000000000000000000e+00 6.118799614485761484e-01 8.770447451393004190e-01 3.228530349358804674e-02 4.330775397446562369e-02
6.000000000000000000e+00 7.452583859108481423e-01 3.934114800610949425e-01 3.453625951912253633e-02 4.567639990034561004e-02
5.000000000000000000e+00 6.771573984387081468e-01 4.977762076091662991e-01 3.361229308878077582e-02 4.406194768792737193e-02
9.000000000000000000e+00 5.875465818133523976e-01 6.309025339743897787e-01 3.422347486954868678e-02 4.487685672895125322e-02
6.000000000000000000e+00 5.697275827500707379e-01 7.326429206199378541e-01 3.269160701262963098e-02 4.332858710107934108e-02
2.000000000000000000e+00 4.884964884545801578e-01 8.323949522254170397e-01 3.311304620100657958e-02 4.384325740855643527e-02
8.000000000000000000e+00 6.969906500751420486e-01 2.909493867185863891e-01 3.370425810626342944e-02 4.714208517271828436e-02
1.500000000000000000e+01 6.237334925411364139e-01 3.741737134228766415e-01 3.309100452284896576e-02 4.285607222245452208e-02
7.000000000000000000e+00 5.763947299921681200e-01 4.953763839309576200e-01 3.333714618728811363e-02 4.482111948274841717e-02
1.000000000000000000e+00 5.337174658481360634e-01 6.053170949396944334e-01 3.269160701262951996e-02 4.332864465115282560e-02
5.000000000000000000e+00 4.491869539002300016e-01 7.146702340853248181e-01 3.290146335571519920e-02 4.480894764219922610e-02
3.000000000000000000e+00 3.879483235195625435e-01 8.094885554381245907e-01 3.362544328057975873e-02 4.451757161997449419e-02
7.000000000000000000e+00 5.340070865931185740e-01 3.522658247986509839e-01 3.695255690587595510e-02 4.565441577226148073e-02
2.000000000000000000e+00 4.793711617597259944e-01 4.508852709572833684e-01 3.442055509631325450e-02 4.668513758898040766e-02
3.000000000000000000e+00 4.259015323287437815e-01 5.856261646350722216e-01 3.520985435462131719e-02 4.563375529586832791e-02
5.000000000000000000e+00 3.531344568333045775e-01 6.968074681911321511e-01 3.438726237878270142e-02 4.553321531743126371e-02
7.000000000000000000e+00 5.161135457971119944e-01 2.059141894009586249e-01 3.519696313815329214e-02 4.819551049344023008e-02
8.000000000000000000e+00 4.318595044023894047e-01 3.456346319649844512e-01 3.545015468659834523e-02 4.819833044704263658e-02
6.000000000000000000e+00 3.577367074375532585e-01 4.282196924526296966e-01 3.815489304182734243e-02 4.867044247515284194e-02
