6.000000000000000000e+00 7.594626103503974157e-01 4.611906513773974536e-01 5.083906726170728252e-02 3.647657149671529320e-02
0.000000000000000000e+00 3.141564648044260499e-01 8.101889185467399113e-01 4.546647253360591723e-02 3.230950134899679416e-02
5.000000000000000000e+00 2.682917854065526297e-01 7.315093506545808921e-01 4.437477769437087050e-02 3.287549437874326408e-02
7.000000000000000000e+00 2.109337254976976217e-01 6.423059696122087603e-01 4.478808672231546217e-02 3.398330570608121270e-02
1.000000000000000000e+00 1.498929212667326205e-01 5.436947576937272153e-01 4.739568941631028265e-02 3.416081248064328779e-02
2.000000000000000000e+00 3.007366990664296358e-01 5.701113158840495077e-01 4.807345536267365604e-02 3.506029284113831856e-02
5.000000000000000000e+00 2.372267192499497024e-01 4.689642224611997312e-01 4.762501126363730131e-02 3.611741612285152003e-02
3.000000000000000000e+00 4.519884325151557469e-01 8.457436100185512506e-01 4.326130305565389911e-02 3.065519456143550592e-02
9.000000000000000000e+00 3.795172485903394177e-01 7.485414356062718433e-01 4.410868658659888863e-02 3.308151493994915260e-02
6.000000000000000000e+00 3.452594554242925384e-01 6.588110284975213782e-01 4.435032120543125345e-02 3.265865435699244479e-02
6.000000000000000000e+00 6.840415878526626692e-01 8.885031324157647292e-01 4.342959638334586980e-02 2.959578904976378766e-02
0.000000000000000000e+00 6.436250140012758081e-01 7.943467770252201632e-01 4.364638005373955298e-02 3.153529005512145655e-02
0.000000000000000000e+00 5.548631176653500141e-01 8.624957696043257238e-01 4.144078794061001325e-02 2.988087056484611814e-02
1.000000000000000000e+00 5.100158901938591782e-01 7.763255003526842168e-01 4.516493642227842331e-02 3.228949661726043807e-02
1.500000000000000000e+01 4.824024432686150332e-01 6.821823030040001790e-01 4.643450431989609717e-02 3.323546684728351241e-02
2.000000000000000000e+00 6.001717218723098268e-01 6.999931355338053773e-01 4.733305488300043606e-02 3.350375565797869548e-02
8.000000000000000000e+00 4.277798472827964993e-01 5.890562194735565749e-01 4.575938688731173709e-02 3.491034188015107453e-02
8.000000000000000000e+00 5.856539217674153752e-01 6.040785896290632451e-01 4.672558725449937889e-02 3.324797684853841861e-02
5.000000000000000000e+00 5.242626684472435628e-01 5.259798069978640633e-01 4.576017580630986625e-02 3.491738579977665680e-02
1.000000000000000000e+00 8.079068576421561954e-01 8.158910841862780927e-01 4.631337707801641557e-02 3.328161860866996058e-02
8.000000000000000000e+00 7.392470681874895311e-01 7.238970994180411456e-01 4.583427784076987699e-02 3.509173689834643728e-02
7.000000000000000000e+00 9.041353087810881650e-01 7.486332037911525017e-01 4.616269354938806746e-02 3.178165818794198572e-02
7.000000000000000000e+00 7.088004299983250434e-01 6.379552222163362707e-01 4.783283506826740972e-02 3.444578129301167913e-02
3.000000000000000000e+00 8.395516383839358721e-01 6.539685028090765906e-01 4.710432472492198652e-02 3.414131491112004646e-02
9.000000000000000000e+00 6.516307385880946157e-01 5.295183622852405181e-01 4.757835234003815472e-02 3.522951596622081460e-02
2.000000000000000000e+00 6.295740567134794352e-01 4.458871865653165623e-01 4.905323640689918108e-02 3.607470179424260293e-02
1.400000000000000000e+01 4.084448232487519204e-01 2.334611102573656005e-01 3.928568664335585492e-02 3.209229504342553385e-02
1.400000000000000000e+01 4.172786873780989225e-01 1.809768651279318186e-01 4.285909524503911383e-02 3.598386340675244210e-02
