1.500000000000000000e+01 3.808811425726011946e-01 7.025029678539329581e-01 4.892536946601411252e-02 3.770395392150971414e-02
1.300000000000000000e+01 7.802732258241675822e-01 3.205469747832853100e-01 3.795927918592190142e-02 2.817005084773871459e-02
1.200000000000000000e+01 7.358060662772867300e-01 3.457982683795773338e-01 3.994729651022754791e-02 3.386746823379771509e-02
5.000000000000000000e+00 8.078327175113693137e-01 5.876083875878728158e-01 6.502537283109244282e-02 4.575630690450649407e-02
1.000000000000000000e+00 6.442210958848676450e-01 8.182074917892705468e-01 6.439332018784504896e-02 4.754156423352540184e-02
6.000000000000000000e+00 5.543700581157737783e-01 9.242079246582080021e-01 5.994823716083674814e-02 4.194344962261975507e-02
3.000000000000000000e+00 4.258085078771393639e-01 9.376942916753900903e-01 5.591756002060976893e-02 4.293982401038631824e-02
1.000000000000000000e+00 4.704426530319767430e-01 8.166590666744391047e-01 5.500069709371535609e-02 4.074818118142287116e-02
9.000000000000000000e+00 5.203227658850178017e-01 7.130847142727262389e-01 5.530022103666737410e-02 4.147532445421853176e-02
1.500000000000000000e+01 6.163769381655807011e-01 6.153997203852230591e-01 5.750761613618093904e-02 4.363315471709261484e-02
7.000000000000000000e+00 7.088114637061515566e-01 4.774735318554510499e-01 5.942056494771841280e-02 4.506389940779581549e-02
8.000000000000000000e+00 6.305911985636798445e-01 3.955948451531714483e-01 5.372464777790220136e-02 4.380844921500998135e-02
2.000000000000000000e+00 5.384467917642308254e-01 5.041822566813819462e-01 4.971439665882837478e-02 3.854251710065109693e-02
7.000000000000000000e+00 4.741484323795284173e-01 6.208418702074947060e-01 5.281306445817030015e-02 3.859958301850496820e-02
2.000000000000000000e+00 3.455149583121732149e-01 8.203119778245855365e-01 5.003708740260781607e-02 3.729191376034213246e-02
9.000000000000000000e+00 2.913865936882200636e-01 8.972927181466956448e-01 5.021783460956169565e-02 3.766321728045318729e-02
3.000000000000000000e+00 2.343810451129351158e-01 7.892407684159414849e-01 4.384136742141606091e-02 3.388734609901578043e-02
2.000000000000000000e+00 2.841544550857018070e-01 7.044472192543842493e-01 4.526262035935174621e-02 3.520719018899587383e-02
0.000000000000000000e+00 3.497988113685411848e-01 6.109900655417965787e-01 4.796895276087015381e-02 3.748388373880529034e-02
8.000000000000000000e+00 4.092796878942543959e-01 5.062311914402420898e-01 4.876853916800916178e-02 3.733048662797139317e-02
5.000000000000000000e+00 4.592060622231693978e-01 4.163188034819084171e-01 4.911996482290220678e-02 4.010458841323044643e-02
3.000000000000000000e+00 5.573730582793203769e-01 3.015678977714155717e-01 5.720855379822686881e-02 4.291022358990198571e-02
6.000000000000000000e+00 3.978097846093680001e-01 3.334344525912812385e-01 4.845274364888435548e-02 3.859883291038357367e-02
7.000000000000000000e+00 3.444889690787660275e-01 4.181199429078831797e-01 4.653993908890879938e-02 3.616089496477770115e-02
1.000000000000000000e+00 2.317168485926228150e-01 6.021159979620784863e-01 4.054097823803223810e-02 3.316499197807243338e-02
0.000000000000000000e+00 1.823085248976530071e-01 6.977016988704918266e-01 4.195931729441931823e-02 3.146951682112675286e-02
8.000000000000000000e+00 1.333976238632889055e-01 5.949327029383906229e-01 3.880491069159207329e-02 3.211535991368374976e-02
0.000000000000000000e+00 1.841787463965808835e-01 5.293769748151301302e-01 3.719699623266806143e-02 3.040990254866060560e-02
6.000000000000000000e+00 2.278155651033436369e-01 4.302857157269638355e-01 3.973224628187421725e-02 3.231116698369101981e-02
5.000000000000000000e+00 2.863300571409914674e-01 3.346815938941065660e-01 3.951309930916524493e-02 3.363577137521095439e-02
