1.400000000000000000e+01 8.148602580393031758e-01 2.413027007157068082e-01 4.130695612122436966e-02 3.365779206270855251e-02
1.200000000000000000e+01 7.781473446239264291e-01 3.583577687252549326e-01 4.053320976730834246e-02 3.572427303091035844e-02
5.000000000000000000e+00 7.717413175444678419e-01 5.588940393186416777e-01 5.607147770374065754e-02 4.009941205555600519e-02
1.500000000000000000e+01 6.609580404838828471e-01 7.541736433806371931e-01 5.361234152612015524e-02 3.820098774942892739e-02
9.000000000000000000e+00 5.701517146305651318e-01 8.454219896350863017e-01 5.192108250363647315e-02 3.827414934609274511e-02
0.000000000000000000e+00 7.259839978657292026e-01 4.509772702252033971e-01 5.299090378606929885e-02 3.807247554051534921e-02
6.000000000000000000e+00 6.035661092765722824e-01 5.556805948761314173e-01 5.253531449469106551e-02 3.839240498486262698e-02
5.000000000000000000e+00 5.513013009236371609e-01 6.456697655489186394e-01 5.099630597519333453e-02 3.724669089445264980e-02
6.000000000000000000e+00 4.991616924595124183e-01 7.386284893050431011e-01 4.900443937563070396e-02 3.642052852767663218e-02
1.000000000000000000e+00 4.106905086957438611e-01 8.480094927444228325e-01 4.824298347262362396e-02 3.584929858708374439e-02
3.000000000000000000e+00 6.152705700817051593e-01 3.353271344095747342e-01 5.256506726474030611e-02 4.009092786722162627e-02
8.000000000000000000e+00 5.570956528907171634e-01 4.515489505251085167e-01 5.378388484093510336e-02 4.033778288122358280e-02
9.000000000000000000e+00 4.747327070069597421e-01 5.545423189782339168e-01 4.977443757785104950e-02 3.699344368376067393e-02
3.000000000000000000e+00 4.204348459689688511e-01 6.537908771112519446e-01 4.808076695388868727e-02 3.538935097978035405e-02
5.000000000000000000e+00 3.455243152351451519e-01 7.528586813551330081e-01 4.856105336884286583e-02 3.675327142084394705e-02
2.000000000000000000e+00 2.737814375711778991e-01 8.359787102982525475e-01 4.517167824015316802e-02 3.353724104421806906e-02
8.000000000000000000e+00 4.667489840903077392e-01 3.734557305314866182e-01 5.102518708205755482e-02 3.896226931979901442e-02
7.000000000000000000e+00 3.969576150204360832e-01 4.419173338294282716e-01 5.013911239903012795e-02 3.643900778719944000e-02
0.000000000000000000e+00 3.538124810468903370e-01 5.454204218577225483e-01 4.992604886116802643e-02 3.698019440334798791e-02
1.500000000000000000e+01 2.729607521547477433e-01 6.723876658867741218e-01 4.682653079694190645e-02 3.373127326920699609e-02
6.000000000000000000e+00 2.096507218635216274e-01 7.560693655308906580e-01 4.577762943094990100e-02 3.366607286296630086e-02
7.000000000000000000e+00 3.661817448355294546e-01 2.731084409537322122e-01 5.179596978114447969e-02 3.951815798833518967e-02
0.000000000000000000e+00 3.073337583884971358e-01 3.663894767002431330e-01 5.180358230629378280e-02 3.951966887118923966e-02
3.000000000000000000e+00 2.555102585784253533e-01 4.721024197629576369e-01 4.872704709471301077e-02 3.721199869968838669e-02
2.000000000000000000e+00 1.995554384642818369e-01 5.781677326682226337e-01 4.715596137000610533e-02 3.436177630638215241e-02
8.000000000000000000e+00 1.253644656897044685e-01 6.725416016052514490e-01 4.682798356891700042e-02 3.471811221642451262e-02
1.000000000000000000e+00 2.128793623008909952e-01 3.034840869872299507e-01 5.112040175730289682e-02 3.945618273587925273e-02
2.000000000000000000e+00 1.624720536675453852e-01 3.958089518029168641e-01 4.902849727953761949e-02 3.621438018441586193e-02
1.000000000000000000e+00 1.245598188758789832e-01 4.762194302630750609e-01 4.728156803496966210e-02 3.657777656625693652e-02
7.000000000000000000e+00 8.615484741343210073e-02 6.028278105588478208e-01 4.577338733678275318e-02 3.409870835713857407e-02
