9.000000000000000000e+00 4.954343637528116351e-01 6.363377936393521672e-01 4.934627754157105972e-02 3.637059688808774727e-02
1.100000000000000000e+01 2.595868108366090610e-01 6.880895303515121020e-01 4.109931736082020337e-02 2.762402456467438761e-02
1.000000000000000000e+01 5.649170118036886956e-01 7.908775374960258508e-01 3.319668048485491241e-02 2.542976292914445047e-02
2.000000000000000000e+00 4.347453698090844032e-01 1.329514455150602736e-01 4.880558120076844419e-02 3.739469568075140526e-02
1.500000000000000000e+01 3.437093148151304511e-01 1.832655447500492474e-01 4.926443333910685007e-02 3.633184099098998865e-02
1.000000000000000000e+00 5.608617303033393009e-01 1.831196280606720572e-01 4.428817615175528744e-02 3.630254565888724194e-02
6.000000000000000000e+00 4.752606814824973380e-01 2.262954362853091816e-01 4.382546315978980145e-02 3.132534536225281552e-02
5.000000000000000000e+00 6.862237359959473260e-01 2.224425548787383189e-01 4.510249207328465015e-02 3.419195550005729722e-02
7.000000000000000000e+00 8.035477686304816070e-01 2.721271139312508303e-01 4.059890946970035053e-02 3.155950171391941339e-02
7.000000000000000000e+00 5.778489557641734997e-01 2.631644664294556790e-01 4.509665658459605098e-02 3.456775507716253193e-02
1.000000000000000000e+00 6.993455101717983569e-01 3.389117326286573695e-01 4.472182958893888838e-02 3.194384821890178250e-02
1.500000000000000000e+01 6.335481058524412568e-01 6.899601286699869052e-01 4.851283418489626964e-02 3.958583326678155601e-02
8.000000000000000000e+00 8.013752279806254375e-01 3.651864183227805372e-01 4.401667856691549030e-02 3.300522930040855618e-02
0.000000000000000000e+00 1.907828478035015485e-01 2.334939831371943830e-01 5.105663569843332805e-02 3.573703375507608637e-02
5.000000000000000000e+00 3.166299358613811066e-01 2.790295834126082508e-01 5.282125211123250841e-02 4.028526668877685513e-02
0.000000000000000000e+00 4.638007395436823943e-01 3.356138562990419461e-01 4.674353169784734030e-02 3.377289078459488891e-02
2.000000000000000000e+00 5.960450410206414862e-01 3.619194730304305940e-01 4.934624806940579589e-02 3.637062636025284457e-02
3.000000000000000000e+00 8.254905028744414786e-01 4.631906215180024988e-01 4.760220322784192160e-02 3.378476806712754632e-02
9.000000000000000000e+00 6.160500098818788572e-01 4.746747011600288557e-01 4.848760601157631189e-02 3.635866066122500628e-02
3.000000000000000000e+00 4.439410684563552256e-01 4.275797728377735973e-01 4.762911131457225888e-02 3.636048793546070579e-02
1.000000000000000000e+00 3.287707584942650696e-01 3.841455084613503157e-01 5.195571356677103347e-02 3.961294765866729684e-02
2.000000000000000000e+00 2.114807514743311523e-01 3.447708432574626558e-01 5.107688307585248055e-02 3.766902259344029336e-02
5.000000000000000000e+00 8.404717348903620877e-01 5.636403955005053756e-01 5.230678599736293677e-02 3.278477750551023195e-02
0.000000000000000000e+00 7.180468956987918761e-01 5.291577560361323540e-01 4.613885128662698065e-02 3.552456891691813112e-02
3.000000000000000000e+00 3.441932772381283145e-01 5.095964464121276460e-01 5.017812940133081767e-02 3.766374707588854287e-02
7.000000000000000000e+00 2.553121974836349284e-01 5.657814598780417370e-01 5.366336028444465556e-02 3.768428917495869612e-02
6.000000000000000000e+00 3.848136277079340362e-01 6.163999918423624935e-01 5.194890549663444546e-02 3.896143597711376749e-02
