6.000000000000000000e+00 4.197889684501822649e-01 7.589005713390796215e-01 3.967404175886046769e-02 4.114343402768394498e-02
1.100000000000000000e+01 5.602642011421830048e-01 9.239388299104098756e-01 3.530224287814420769e-02 4.043547228994659459e-02
0.000000000000000000e+00 5.116916316401090015e-01 6.959045343854816101e-01 3.979719736818526643e-02 3.943141901410696093e-02
5.000000000000000000e+00 6.110406337971777679e-01 6.256459767993267640e-01 4.193034600057132799e-02 4.046081295030157232e-02
1.000000000000000000e+00 7.128020245855990478e-01 5.544227284297503777e-01 4.282222461990670137e-02 4.429209554564783602e-02
2.000000000000000000e+00 7.054945665153463663e-01 4.281515553050343481e-01 4.273967037972825622e-02 4.384381926396968554e-02
8.000000000000000000e+00 5.946317115287027555e-01 5.065110433497321818e-01 3.951093237504277322e-02 4.024612124451709683e-02
9.000000000000000000e+00 4.989137866720319558e-01 5.731709033681646748e-01 3.781693738660718562e-02 3.800012220468385049e-02
7.000000000000000000e+00 4.090350397902170476e-01 6.381408369819628890e-01 3.827399843054163364e-02 3.808160650586933649e-02
8.000000000000000000e+00 2.212526375491087882e-01 6.604514582656471067e-01 3.672759871052866387e-02 3.672757055423925276e-02
2.000000000000000000e+00 3.003065582345433304e-01 5.890785310622411730e-01 3.610137468058061128e-02 3.684616484470026876e-02
0.000000000000000000e+00 3.869225824705080363e-01 5.244385610025530386e-01 3.759402404435191469e-02 3.796047814937297815e-02
9.000000000000000000e+00 4.928266925700372503e-01 4.599213945985735630e-01 3.856417714789450724e-02 3.856423346047310741e-02
3.000000000000000000e+00 5.853885930390966275e-01 3.811209086729772655e-01 4.301802345558214391e-02 4.173150628565325260e-02
1.500000000000000000e+01 6.863481771775995499e-01 2.995202234655862106e-01 4.285533641610372868e-02 4.285530825981442860e-02
7.000000000000000000e+00 5.680126148589002000e-01 2.512553177365099422e-01 4.074243215571227150e-02 4.212040095323310585e-02
3.000000000000000000e+00 3.791190387393742478e-01 4.040927944886227308e-01 3.879083527662446906e-02 3.923097439069966885e-02
5.000000000000000000e+00 2.902206938504010569e-01 4.754738588596316151e-01 3.732707426565773368e-02 3.809971099987852217e-02
1.000000000000000000e+00 2.004974963887313222e-01 5.426015074682155603e-01 3.583709974936821752e-02 3.675707834540820063e-02
8.000000000000000000e+00 1.186768824057490151e-01 6.121077008484332449e-01 3.600634720424969459e-02 3.570386418848003895e-02
7.000000000000000000e+00 1.019769226530980177e-01 4.982732029345493530e-01 3.610565443655160134e-02 3.626118977855202763e-02
0.000000000000000000e+00 1.884717059074091372e-01 4.252783186088388567e-01 3.686060902110258053e-02 3.747644338030520217e-02
1.500000000000000000e+01 2.747323133037516962e-01 3.584684418811053819e-01 3.734250391218485454e-02 3.917896972439355308e-02
2.000000000000000000e+00 3.688311529796248767e-01 2.871232908570772180e-01 3.890807806519985812e-02 3.891663757714186600e-02
6.000000000000000000e+00 4.597506267040708527e-01 2.055551261638083049e-01 4.079730876352527513e-02 4.141210134002437648e-02
1.000000000000000000e+00 3.553105169439672584e-01 1.606338501778376282e-01 3.885545396052947353e-02 4.053565236721629050e-02
6.000000000000000000e+00 2.614202309028148541e-01 2.410898555225640394e-01 3.804615773766181763e-02 3.910356718169322177e-02
5.000000000000000000e+00 1.732843724057759049e-01 3.092323835002168675e-01 3.627259307571178981e-02 3.720121565256168106e-02
3.000000000000000000e+00 8.579254679165670971e-02 3.848897969312720102e-01 3.480066674085290079e-02 3.694138941505614726e-02
