1.200000000000000000e+01 8.329780791858483191e-01 2.258699970206753393e-01 4.286104377096977558e-02 2.674228465925407305e-02
9.000000000000000000e+00 1.384783022694563992e-01 3.752052082073690231e-01 4.747172198763263684e-02 3.627977360708584120e-02
8.000000000000000000e+00 1.423611247873357577e-01 4.981056648083027616e-01 4.474929395840616941e-02 3.558329236289536901e-02
3.000000000000000000e+00 1.399453637104318415e-01 5.958702059480783797e-01 4.565096787582710591e-02 3.491474747396394740e-02
1.500000000000000000e+01 1.397167085266825537e-01 6.985803882459198366e-01 3.928248585148508276e-02 3.284423486575993589e-02
0.000000000000000000e+00 2.498830925348576593e-01 3.301084935919808006e-01 4.388910739864065880e-02 3.898171689383606031e-02
5.000000000000000000e+00 2.446687473706732341e-01 4.404058418526159979e-01 4.748130263263902751e-02 3.627983114849725466e-02
6.000000000000000000e+00 2.427609331033439288e-01 6.464232129774452051e-01 4.662203673545667337e-02 4.171510656194388211e-02
5.000000000000000000e+00 2.478179168925654929e-01 7.429470893595951919e-01 5.291231998163822836e-02 3.631024178444852701e-02
1.500000000000000000e+01 3.544781732329184143e-01 8.281050121329738278e-01 4.565105418794429548e-02 3.491468993255253395e-02
1.000000000000000000e+00 3.412410592359111927e-01 7.028842556567314048e-01 4.563747441484206080e-02 3.355210930941732173e-02
6.000000000000000000e+00 3.622067328289976240e-01 6.152427592530552714e-01 5.473810896694564221e-02 3.835658699984367814e-02
8.000000000000000000e+00 3.742927740460069153e-01 5.009224463669543770e-01 4.931468708425784664e-02 3.901514845388853736e-02
9.000000000000000000e+00 3.626070340431021277e-01 3.943533068516325013e-01 5.480563381328223960e-02 4.311813879732823152e-02
1.000000000000000000e+00 3.762150024369044221e-01 2.746348039917644868e-01 5.658205226756546358e-02 4.109193307594061206e-02
0.000000000000000000e+00 5.084485608921996969e-01 3.243234095529771155e-01 5.388088578986982569e-02 4.243169852943590170e-02
0.000000000000000000e+00 4.872979204320073698e-01 4.538692374501501758e-01 5.382294158853961896e-02 3.767020427336281729e-02
6.000000000000000000e+00 5.012533382534973825e-01 5.808499123809425235e-01 5.021621714815016624e-02 3.833126877880566052e-02
2.000000000000000000e+00 4.745995810557590566e-01 6.784374129830392786e-01 5.198043682320613312e-02 3.902239867173118437e-02
8.000000000000000000e+00 4.796370726918519622e-01 7.869801078282723239e-01 4.657965748592379773e-02 3.695602904515149500e-02
2.000000000000000000e+00 4.700434233264451089e-01 8.753531281957118715e-01 5.108221539047208548e-02 3.494507179779804407e-02
7.000000000000000000e+00 5.617218525332163814e-01 8.427321252356718695e-01 5.297239321519209287e-02 4.039809873667687956e-02
3.000000000000000000e+00 6.166525238335794912e-01 7.342528122551512659e-01 5.568046466226173052e-02 4.176815974330061465e-02
2.000000000000000000e+00 6.028758440214059267e-01 6.258359029353480762e-01 5.294540629322208591e-02 3.970904033456368332e-02
5.000000000000000000e+00 6.107433085847253640e-01 5.163962525684331339e-01 5.298603052970574101e-02 4.379028002447526990e-02
1.000000000000000000e+00 6.212390058867276466e-01 3.999075203625460651e-01 5.295225372118472773e-02 4.039038818754264737e-02
3.000000000000000000e+00 7.415961896429843492e-01 8.157700611553846404e-01 5.479898778025982242e-02 4.447295132991768707e-02
7.000000000000000000e+00 7.449386551512899857e-01 6.977984867764319699e-01 5.656079071603481445e-02 3.769319206723698024e-02
7.000000000000000000e+00 7.708813155863296629e-01 4.737367475910668757e-01 5.747708015196417719e-02 3.973447363842458335e-02
1.400000000000000000e+01 8.217324446684187711e-01 2.844495130746092504e-01 4.377106119305107512e-02 2.810860547413351895e-02
