1.000000000000000000e+00 1.705316541045771017e-01 7.535626425034689380e-01 4.117883104204492217e-02 3.089128761749226904e-02
1.100000000000000000e+01 6.097995192163051525e-01 2.461442357858979746e-01 3.135567502888791935e-02 2.954206664385222725e-02
1.200000000000000000e+01 7.419868199543389053e-01 2.826200921338765104e-01 4.067183140633867655e-02 2.828039593224596082e-02
1.500000000000000000e+01 7.660073224917587353e-01 5.047669760952970819e-01 5.033669366615989293e-02 3.965013480006074342e-02
2.000000000000000000e+00 7.920147895782225778e-01 6.538737110745693748e-01 4.829662304419346519e-02 3.279695945011273928e-02
0.000000000000000000e+00 7.958035950039643591e-01 7.983709053759781016e-01 4.879822347019169282e-02 3.242062068933937447e-02
5.000000000000000000e+00 6.999910746393502858e-01 8.635622924262829070e-01 4.447403794745818928e-02 3.019060863867195632e-02
1.500000000000000000e+01 6.722877019394846165e-01 7.546528675406558584e-01 4.659562279188766976e-02 3.336811277245155249e-02
8.000000000000000000e+00 6.950900043255110461e-01 7.175343806402814106e-01 4.703270958393923618e-02 3.463701011858988377e-02
8.000000000000000000e+00 7.106512742867725496e-01 6.203575215148448008e-01 4.854144259413140094e-02 3.508843942668637972e-02
3.000000000000000000e+00 6.334351273221836554e-01 5.911767312210933767e-01 4.930691208944748549e-02 3.621939388684980443e-02
2.000000000000000000e+00 5.436627720785166540e-01 7.484827614394036210e-01 4.448516862593310250e-02 3.145928447877111012e-02
0.000000000000000000e+00 5.378561020112483382e-01 8.265475257288114053e-01 4.491068172743117870e-02 3.114131255935403964e-02
6.000000000000000000e+00 4.785821242037351375e-01 8.087262296485570046e-01 4.532835905278909117e-02 3.241026528200219303e-02
8.000000000000000000e+00 4.441817240675015599e-01 7.633139474951275982e-01 4.575384446603231181e-02 3.272989849671414930e-02
2.000000000000000000e+00 4.938117304035251065e-01 6.908841584042745287e-01 4.702152352895461185e-02 3.336102457919376540e-02
9.000000000000000000e+00 4.828150769265312503e-01 5.875333168218981328e-01 4.880218289064419679e-02 3.508124048040917042e-02
5.000000000000000000e+00 4.950330593277236235e-01 4.825109352904428661e-01 4.880509015741008039e-02 3.698829672577502725e-02
1.000000000000000000e+00 4.244144974319837837e-01 3.567748318175347766e-01 5.033431247623748606e-02 3.812733615637298179e-02
3.000000000000000000e+00 4.277798663753458186e-01 5.008751842054075532e-01 4.590319491303124222e-02 3.574595241609784813e-02
7.000000000000000000e+00 3.786781380989288071e-01 4.991051017570946602e-01 4.625320214338252134e-02 3.706496550362819997e-02
3.000000000000000000e+00 3.412517716480527596e-01 4.630586348663019991e-01 4.519708903624808372e-02 3.521547314022577257e-02
6.000000000000000000e+00 2.474588325967698177e-01 3.866106154695007069e-01 4.913341748416458210e-02 3.685029846329018755e-02
7.000000000000000000e+00 2.746078449009011768e-01 5.502900389566320882e-01 4.589430698320434709e-02 3.600674808912041058e-02
6.000000000000000000e+00 3.205892729781882333e-01 6.398381747120163165e-01 4.941074304537007578e-02 3.432075487097741018e-02
1.000000000000000000e+00 3.325937927781312808e-01 7.618103368120943131e-01 4.321123201740056929e-02 3.279264008234639149e-02
7.000000000000000000e+00 3.171004974826803213e-01 8.072724301361116073e-01 4.320968147512549429e-02 3.177742252771764697e-02
0.000000000000000000e+00 2.225244792059569154e-01 4.872234762765815796e-01 4.941284735274339979e-02 3.569791329382437928e-02
9.000000000000000000e+00 1.283376470402861069e-01 4.545393049328557700e-01 4.659955452408530430e-02 3.600732954247359840e-02
5.000000000000000000e+00 1.621924639575927640e-01 5.652811246844767767e-01 4.442525124230212175e-02 3.603421483799373881e-02
