0.000000000000000000e+00 4.529460901702584419e-01 5.543309217706204883e-01 3.468605835604932075e-02 3.344845530280993184e-02
1.200000000000000000e+01 8.201714420445394005e-01 6.005329604764996221e-01 2.898894777571203729e-02 2.837083119489514083e-02
6.000000000000000000e+00 3.088687478537537334e-01 3.446588716921433759e-01 3.125888502635049138e-02 3.008983027461653581e-02
7.000000000000000000e+00 3.932568642460405606e-01 3.054232018601718002e-01 3.124728123863479423e-02 3.195978603712051891e-02
1.500000000000000000e+01 4.820157809688254691e-01 2.623665820135204774e-01 3.121765397509229656e-02 3.093368350349490203e-02
2.000000000000000000e+00 5.656714216918704574e-01 3.110032538598032081e-01 3.165180217150043163e-02 3.135053346080846071e-02
3.000000000000000000e+00 4.754851853588187849e-01 3.562646873846005979e-01 3.173026204167977982e-02 3.002179232488555449e-02
2.000000000000000000e+00 3.001442171165845108e-01 4.395101664446403600e-01 3.174874214804179751e-02 3.187880126868830599e-02
6.000000000000000000e+00 2.113074180269440272e-01 4.841885230670351925e-01 3.452741953602911362e-02 3.409713926885937774e-02
5.000000000000000000e+00 1.923515697989202078e-01 5.798123829636943061e-01 3.480212309382571534e-02 3.381542508931800750e-02
1.500000000000000000e+01 2.850371733658819129e-01 5.368818602962819320e-01 3.268029530028049301e-02 3.238762198789646440e-02
3.000000000000000000e+00 3.748931180886425629e-01 4.938084659926204045e-01 3.427565494746670494e-02 3.270366403943009148e-02
9.000000000000000000e+00 4.714006386525935177e-01 4.506065301933261380e-01 3.446287346686072173e-02 3.224732897113957719e-02
8.000000000000000000e+00 5.551645411033885313e-01 4.123085511651974344e-01 3.370615608832872034e-02 3.296826800421492898e-02
1.000000000000000000e+00 6.449325172965917341e-01 3.665325890395031427e-01 3.332086735917694220e-02 3.406743142345775022e-02
5.000000000000000000e+00 6.389763091785107818e-01 4.632984013226065789e-01 3.401371018403331892e-02 3.302679729456775570e-02
9.000000000000000000e+00 5.455220621178648033e-01 5.073368842622174579e-01 3.416138987121097870e-02 3.217888811211289113e-02
5.000000000000000000e+00 3.644321422992486958e-01 5.938935256354191949e-01 3.218557640642122353e-02 3.268416322951905872e-02
0.000000000000000000e+00 2.705694929461887055e-01 6.365278562492651115e-01 3.285341199432562087e-02 3.310356494570521058e-02
3.000000000000000000e+00 1.763892033347221611e-01 6.875600521736504600e-01 3.291180698157991635e-02 3.340982973166373160e-02
7.000000000000000000e+00 2.580643434148376936e-01 7.449584567154039494e-01 3.651483678853453818e-02 3.700506995890184836e-02
1.000000000000000000e+00 3.491518341210926302e-01 6.986074221519813499e-01 3.447866751125144846e-02 3.546525807328049229e-02
2.000000000000000000e+00 4.415625326756098534e-01 6.544252214666002043e-01 3.495149500004529619e-02 3.792133941852426915e-02
7.000000000000000000e+00 5.371631715665278195e-01 6.053432408364188833e-01 3.250081263936355214e-02 3.274228961057623621e-02
0.000000000000000000e+00 6.336375192651342303e-01 5.678467289792628048e-01 3.532466958970670312e-02 3.532466958970681414e-02
6.000000000000000000e+00 6.248848251681966559e-01 6.685720383535214140e-01 3.746718006043037175e-02 4.044575418031592928e-02
8.000000000000000000e+00 4.393277022549353372e-01 7.584258073660852251e-01 3.634550744186881843e-02 3.609519332677091352e-02
1.200000000000000000e+01 8.421907036598097474e-01 6.811485565514477925e-01 3.193211959881692152e-02 3.357244392340130723e-02
8.000000000000000000e+00 3.416958901620008593e-01 8.091682040643958240e-01 3.736747344005880711e-02 3.687791178518429192e-02
1.000000000000000000e+00 2.241017892810461820e-01 3.838400413267189504e-01 3.227819182318894531e-02 3.113537989691372854e-02
