1.600000000000000000e+01 7.052514703860102152e-01 3.103972397918716153e-01 4.087534184858776509e-02 3.252234324680264299e-02
1.000000000000000000e+01 6.807154043230863039e-01 1.464810047656944225e-01 3.403315994363598218e-02 2.986206648540926101e-02
5.000000000000000000e+00 1.221784300489006381e-01 5.011000000255872999e-01 4.375749081579911881e-02 3.389745276420780273e-02
1.000000000000000000e+00 1.571202368734319621e-01 6.075022842762809461e-01 4.437000700402918274e-02 3.237642655185868357e-02
7.000000000000000000e+00 2.267909561212052005e-01 7.544819458020941561e-01 4.029457643247078003e-02 3.291952898312422437e-02
8.000000000000000000e+00 3.294510286793963516e-01 8.186161515340009132e-01 4.069545730175389009e-02 3.016651807007642017e-02
8.000000000000000000e+00 2.895711556506200268e-01 7.091801083792559357e-01 4.369442721325722534e-02 3.169208792740041414e-02
9.000000000000000000e+00 2.127934092643033459e-01 4.544989538535074702e-01 4.639264067305473582e-02 3.685782906478057841e-02
3.000000000000000000e+00 3.186820152906465475e-01 5.796958886857079829e-01 4.646769292920477357e-02 3.571058607999744172e-02
3.000000000000000000e+00 2.290524869790264983e-01 3.723391094520795974e-01 4.830682903250077542e-02 3.802644907802948948e-02
1.500000000000000000e+01 2.610364082963146926e-01 3.245194768577056577e-01 4.770268847898323505e-02 3.470529094364399603e-02
7.000000000000000000e+00 3.080530611268128549e-01 3.418923634467496697e-01 4.592464524064970854e-02 3.983235635602772051e-02
1.000000000000000000e+00 3.592761164638359483e-01 4.754338801889898547e-01 4.857380923180354415e-02 3.901332329228612839e-02
2.000000000000000000e+00 4.206502084160024801e-01 5.852519727205923727e-01 4.646049426276877004e-02 3.897823321483007142e-02
7.000000000000000000e+00 3.929903453758669674e-01 6.615669516033606534e-01 4.416899177092692419e-02 3.363912191317031120e-02
3.000000000000000000e+00 4.226878689590710669e-01 7.775722568796610279e-01 4.347674282479557784e-02 3.415759012469299361e-02
0.000000000000000000e+00 4.485829091254684431e-01 8.655146148524437422e-01 4.340664478394939962e-02 3.203598163501142349e-02
2.000000000000000000e+00 4.362397417237906527e-01 3.787693524602191442e-01 4.999186440562713996e-02 3.903716374272625522e-02
6.000000000000000000e+00 4.846304229031608291e-01 4.895517925806912030e-01 4.921262929244801798e-02 3.692321923252028792e-02
6.000000000000000000e+00 5.165599710232053887e-01 5.583358578315285037e-01 4.917696441653129913e-02 3.584508891979376610e-02
1.500000000000000000e+01 5.397732342286447604e-01 6.808797966828374904e-01 4.698342400520050255e-02 3.351584132903473456e-02
3.000000000000000000e+00 5.624619801530468255e-01 7.750587453252248960e-01 4.697931830191004465e-02 3.482435633906810768e-02
2.000000000000000000e+00 6.029031028216327304e-01 8.804129803826337142e-01 4.520346477199799207e-02 3.304209791202306068e-02
5.000000000000000000e+00 6.882103930512255552e-01 8.392577937977663272e-01 4.771500558885466425e-02 3.423614591431778376e-02
1.000000000000000000e+00 5.902985116057719583e-01 3.967270964829930913e-01 5.212923879594411058e-02 3.961519202331625911e-02
5.000000000000000000e+00 6.475881814961739202e-01 6.183231116405566441e-01 5.184840869087481430e-02 3.846261162425546054e-02
8.000000000000000000e+00 6.939492356252471295e-01 7.360361157721471148e-01 4.938104524142383767e-02 3.488336898103006067e-02
9.000000000000000000e+00 7.959763182214663058e-01 6.638652148199540859e-01 5.203951549336938154e-02 3.717911403293872041e-02
0.000000000000000000e+00 7.712437258277045071e-01 5.579853128845868593e-01 5.714033177604926905e-02 3.727524223264666592e-02
0.000000000000000000e+00 7.346203597921660000e-01 4.393282843954147143e-01 5.639188943754880334e-02 4.042976355614880113e-02
