1.400000000000000000e+01 2.739106472163090888e-01 6.750246781184250366e-01 3.988907614796083356e-02 3.321599402564523462e-02
1.400000000000000000e+01 2.105784897907395647e-01 6.960018758655126536e-01 4.064453155873257173e-02 3.018902008649171353e-02
3.000000000000000000e+00 2.233629732594804573e-01 4.856502650871377114e-01 5.456802131158136615e-02 3.883328481230424734e-02
2.000000000000000000e+00 2.714339492310232083e-01 2.588699679330094816e-01 5.662448514893145268e-02 3.995068902175777370e-02
6.000000000000000000e+00 2.992812910075380306e-01 1.431895835020089436e-01 5.023051256510113749e-02 3.587476664016117645e-02
9.000000000000000000e+00 3.558626927640997639e-01 5.410188512349493051e-01 5.075913277456384209e-02 3.843081535184844633e-02
5.000000000000000000e+00 3.862649159352241623e-01 4.444262880650350911e-01 5.022163022136127974e-02 3.587463246578437293e-02
1.000000000000000000e+00 4.149083142889108400e-01 3.391004488877820133e-01 4.682049761524303966e-02 3.601787703038733524e-02
5.000000000000000000e+00 4.300192606933068151e-01 2.376398649032129828e-01 4.843281743072314072e-02 3.573726473888261257e-02
5.000000000000000000e+00 4.379956456240429175e-01 1.197358621963251490e-01 4.717294686805190151e-02 3.299208382574898846e-02
1.000000000000000000e+00 4.703728753684013886e-01 6.032306526147771519e-01 4.831313388667513031e-02 3.767713104284964309e-02
1.500000000000000000e+01 4.778103086626662721e-01 5.202025285655674791e-01 4.731393730312555279e-02 3.620335968878651833e-02
7.000000000000000000e+00 5.090946746910761656e-01 4.158009361650193414e-01 4.926998503692692211e-02 3.695226738997353655e-02
1.500000000000000000e+01 5.392143937119838748e-01 2.856199243170797208e-01 4.677941342108660194e-02 3.328514749941469120e-02
7.000000000000000000e+00 5.512271061657419979e-01 1.937590473776193978e-01 4.482374137554034910e-02 3.361800729322023118e-02
7.000000000000000000e+00 5.621833295770846117e-01 1.042600554092722731e-01 4.385054778620200988e-02 3.538505699995182774e-02
8.000000000000000000e+00 5.712452523027995444e-01 6.819780236788657302e-01 4.563914589783735209e-02 3.752782179641833693e-02
8.000000000000000000e+00 6.010341643978658333e-01 5.726380628379403870e-01 4.724537419661367643e-02 3.693096049894784016e-02
1.000000000000000000e+00 6.060425986977744373e-01 4.802081792016199557e-01 4.476974960634183542e-02 3.417915137160354444e-02
0.000000000000000000e+00 6.297044647140879192e-01 3.756289801785870353e-01 4.435134022992970326e-02 3.355698478668089901e-02
6.000000000000000000e+00 6.539698739118333659e-01 2.645933369819156722e-01 4.236196358094734826e-02 3.536412579718109517e-02
3.000000000000000000e+00 6.547204453752919484e-01 1.663581708396920655e-01 4.349203385156463764e-02 3.112858957701988838e-02
0.000000000000000000e+00 7.093016157757934259e-01 6.548114156027187160e-01 4.452657196594633771e-02 3.546786942527291320e-02
9.000000000000000000e+00 7.117026394126002575e-01 5.458557570116391311e-01 4.521418881184058325e-02 3.661328924458884249e-02
6.000000000000000000e+00 7.635475112437080103e-01 3.425758335939856902e-01 4.042233879085854742e-02 3.307419854431103978e-02
3.000000000000000000e+00 7.476889586295794032e-01 2.362608206591252091e-01 4.074532335053626664e-02 3.205643222702142525e-02
0.000000000000000000e+00 8.536001469427789701e-01 3.075473450002085274e-01 4.049940855285549812e-02 3.080512198958590409e-02
2.000000000000000000e+00 8.450269409668855758e-01 4.014193616725577618e-01 4.137701631620727127e-02 3.269451189302491345e-02
2.000000000000000000e+00 8.252477593947940004e-01 5.165696231410762396e-01 4.113324830855391578e-02 3.445018361260943074e-02
8.000000000000000000e+00 8.281599337372126390e-01 6.009302060907710796e-01 3.968040815726170401e-02 3.247062852800408628e-02
