1.000000000000000000e+00 4.431908390201745873e-01 5.341934260295736481e-01 4.740414025496508810e-02 3.769942685370608615e-02
1.600000000000000000e+01 4.849153873817180771e-01 2.278915336397821512e-01 3.171017689986876942e-02 2.656484332511266366e-02
1.000000000000000000e+01 4.455338416177506700e-01 2.330291629978186174e-01 3.604993916013032873e-02 2.765705482933170090e-02
9.000000000000000000e+00 2.861169435834621799e-01 3.466065131476391836e-01 5.178528052277497906e-02 4.439213001571273853e-02
7.000000000000000000e+00 4.426157984506139398e-01 3.340378756552154216e-01 5.058510166509050388e-02 4.000630493422085987e-02
1.000000000000000000e+00 6.143166841564202674e-01 3.683099821827809928e-01 5.047905698082411075e-02 3.966285122366114413e-02
8.000000000000000000e+00 7.281736066556707687e-01 3.388600247855438341e-01 5.943420019298772949e-02 4.534961927676883775e-02
6.000000000000000000e+00 2.238022328924881843e-01 4.241326107647076515e-01 4.983249853303353682e-02 3.923512502652382050e-02
8.000000000000000000e+00 3.794836419318534659e-01 4.524322974638883554e-01 4.907185268615860130e-02 3.681684045186373044e-02
6.000000000000000000e+00 5.178729703939599638e-01 4.650491641653720087e-01 4.889613155331751226e-02 3.946359770301938186e-02
7.000000000000000000e+00 6.207544847104085051e-01 5.057669650225804503e-01 5.229838948025256062e-02 3.664566873346519760e-02
5.000000000000000000e+00 7.151571361790648451e-01 5.378827845036469046e-01 5.142127320768041798e-02 3.782215272426170394e-02
1.500000000000000000e+01 8.825824117842182570e-01 5.654302201087929580e-01 5.048019433443473591e-02 3.674648700709237659e-02
8.000000000000000000e+00 1.674356243265099353e-01 5.110408737150324843e-01 4.045141639369206898e-02 3.342684969601472655e-02
1.500000000000000000e+01 2.629548320826222141e-01 5.424582497597858488e-01 4.509940148243199443e-02 3.489774579287496792e-02
1.000000000000000000e+00 2.186574138348416629e-01 6.004320066771919873e-01 4.267589049713266247e-02 3.263110836629767864e-02
5.000000000000000000e+00 3.650283785180394869e-01 5.998218435449413910e-01 4.495704272216921593e-02 3.340905823596296287e-02
2.000000000000000000e+00 4.696782475202974094e-01 6.011673870260023644e-01 4.786782849007636953e-02 3.620900618653000169e-02
3.000000000000000000e+00 6.111158461379568863e-01 6.013489574059838194e-01 4.731938033112603748e-02 3.765772388798327430e-02
9.000000000000000000e+00 7.696670014357793743e-01 6.498740138039120762e-01 5.224802096321090605e-02 3.995653217383232647e-02
0.000000000000000000e+00 8.700853327897961620e-01 6.985997589544195030e-01 5.005439080649620731e-02 3.531114675048796503e-02
0.000000000000000000e+00 8.820340448648114062e-01 7.321037049773255756e-01 4.937566149943384275e-02 3.471040740529685031e-02
6.000000000000000000e+00 7.899181511497010977e-01 7.976351495574640627e-01 4.941010706592707802e-02 3.394664737591679415e-02
7.000000000000000000e+00 6.972110231160026927e-01 7.218669267250785726e-01 4.638317583049700321e-02 3.612105084064209937e-02
3.000000000000000000e+00 6.175209342357156350e-01 7.788850087312360060e-01 4.519718681309758956e-02 3.352701805329294515e-02
3.000000000000000000e+00 4.720076154144700054e-01 7.907739826618459533e-01 4.057438598287860243e-02 3.042626715256435688e-02
5.000000000000000000e+00 5.364365852280459368e-01 7.055366681845353094e-01 4.390780693652307498e-02 3.330144292051984145e-02
2.000000000000000000e+00 3.438640421741801512e-01 7.837947747093541029e-01 3.913016353617215781e-02 2.972311182272147079e-02
2.000000000000000000e+00 4.084093334742898707e-01 6.925523414873532291e-01 4.247704317420902820e-02 3.445401540564541065e-02
0.000000000000000000e+00 2.813452848294910602e-01 6.941235955004269043e-01 4.056149597529151718e-02 3.227565828313072593e-02
