1.300000000000000000e+01 3.870817434736125717e-01 2.272398421752301959e-02 2.170407030950199934e-02 3.175606819569688072e-02
6.000000000000000000e+00 5.956963127035410643e-01 8.745222089484505634e-01 3.003494535775486085e-02 3.930075960875889507e-02
0.000000000000000000e+00 5.180744451898786629e-01 8.113574460434391789e-01 2.924240487627627338e-02 3.899010562688265402e-02
9.000000000000000000e+00 4.398640865961472857e-01 7.738044168317675942e-01 3.035141974319427449e-02 3.990710082049253593e-02
3.000000000000000000e+00 3.513096370526195278e-01 7.045290884939192644e-01 3.069723754567504903e-02 3.980523034707095231e-02
5.000000000000000000e+00 6.613927097592505744e-01 8.041320185179849922e-01 2.924095648091973310e-02 3.898307822718882765e-02
9.000000000000000000e+00 5.787625325013379118e-01 7.484979190487847100e-01 2.965203254086068441e-02 3.979471606966678010e-02
2.000000000000000000e+00 5.139193475992709370e-01 6.980634516216004393e-01 3.021127408136520254e-02 3.981252596812701050e-02
7.000000000000000000e+00 4.210964098842010506e-01 6.415096211008942673e-01 3.173804372014682462e-02 4.141123257629142351e-02
3.000000000000000000e+00 3.365980440153686359e-01 5.969184096968267461e-01 3.263438586885564208e-02 4.257016343874309161e-02
6.000000000000000000e+00 7.539906365734432292e-01 7.367695376478882174e-01 2.969248032230342726e-02 3.997726752888375312e-02
1.000000000000000000e+00 6.763629218340814209e-01 6.794692202536193326e-01 2.954227635938622143e-02 3.954580664540396917e-02
1.000000000000000000e+00 5.767239428589157058e-01 6.218673147595215056e-01 3.177688217341545496e-02 4.142641390540069413e-02
1.500000000000000000e+01 5.119871747823621089e-01 5.681650260083910275e-01 3.059796881946852398e-02 4.157892457203415937e-02
3.000000000000000000e+00 4.255011679188862028e-01 5.194186231362389883e-01 3.170891488019533799e-02 4.180940718870340689e-02
8.000000000000000000e+00 3.373302883345902781e-01 4.748729825416350692e-01 3.321234926045224523e-02 4.315362536826805595e-02
8.000000000000000000e+00 8.236187564691934693e-01 6.784699615681759610e-01 2.863000186175368444e-02 3.948685158995890454e-02
2.000000000000000000e+00 7.465953981034838538e-01 6.242776323880278033e-01 3.048384062978748421e-02 4.214905589985007417e-02
2.000000000000000000e+00 6.812179162476111882e-01 5.936885685177893945e-01 3.016932426029339531e-02 4.153992518594806782e-02
5.000000000000000000e+00 5.784079438603080270e-01 4.925862676671064477e-01 3.102285827957074194e-02 4.113579605929196248e-02
0.000000000000000000e+00 4.932976577754052405e-01 4.535681060857218450e-01 3.146928591506981121e-02 4.218175208392088704e-02
1.500000000000000000e+01 4.111247174738945631e-01 3.912008189352563226e-01 3.255713811649812994e-02 4.318640201874757167e-02
8.000000000000000000e+00 8.466375674305375298e-01 5.587714579224986045e-01 3.021282976526684649e-02 4.140785298712579277e-02
1.000000000000000000e+00 7.595322240303221673e-01 5.108589686769677840e-01 3.146376055500532676e-02 4.217957949088579905e-02
5.000000000000000000e+00 6.768743663278147249e-01 4.281428130613531557e-01 3.113486752048899575e-02 4.264287825007689881e-02
0.000000000000000000e+00 5.794182800880166573e-01 3.811835691265542669e-01 3.243638485916711112e-02 4.459931168921055233e-02
7.000000000000000000e+00 5.038296377895293832e-01 3.137504521606819807e-01 3.358329940458543161e-02 4.552883282044239976e-02
6.000000000000000000e+00 8.350946879238438925e-01 4.280688912538889168e-01 3.131130353264421906e-02 4.344271435261137793e-02
7.000000000000000000e+00 7.329149552716599514e-01 3.605579230375938193e-01 3.190825699669552762e-02 4.473414656806495859e-02
1.300000000000000000e+01 3.626492181777182244e-01 2.690064886907548303e-01 2.236620156460489284e-02 3.091339714159480057e-02
