0.000000000000000000e+00 4.977763464900314405e-01 4.592037757081888216e-01 3.900060952557127258e-02 4.835282188384532054e-02
1.000000000000000000e+01 1.296479883060429605e-01 3.320278894585511620e-01 3.079178911984487010e-02 3.557834114169722284e-02
1.300000000000000000e+01 3.390698542804734816e-01 1.857895137028800214e-01 3.010579420454628785e-02 4.379969848765374874e-02
2.000000000000000000e+00 4.906805389603546841e-01 1.844345177522738743e-01 4.133745492823681644e-02 6.716711735410732520e-02
2.000000000000000000e+00 7.393013195252580161e-01 2.108884249119194754e-01 4.219612031620034731e-02 5.398070036026941798e-02
6.000000000000000000e+00 8.651399656972071917e-01 2.096723417095971431e-01 3.818631225406432517e-02 5.854339898833391120e-02
0.000000000000000000e+00 8.888302970379367007e-01 3.351872415282183271e-01 3.968660444086979933e-02 5.200084145521166601e-02
2.000000000000000000e+00 7.891330977939572389e-01 3.364400872949540044e-01 3.968660444086968830e-02 5.839292695112224818e-02
1.000000000000000000e+00 6.721143903550530485e-01 3.438523806793162274e-01 3.695033097229416530e-02 5.200087020966170925e-02
1.500000000000000000e+01 5.619578174073389665e-01 3.366830623980378578e-01 4.105865178036693930e-02 5.109585264818694572e-02
6.000000000000000000e+00 4.165592441203859186e-01 3.307805789234538052e-01 4.037262811061825829e-02 6.021158840909268672e-02
8.000000000000000000e+00 9.210092295835650145e-01 4.485953389352959619e-01 3.558610484321589329e-02 4.471440629880185647e-02
3.000000000000000000e+00 8.381901161599947248e-01 4.602102821011825329e-01 3.695038848119447383e-02 4.835279312939516627e-02
5.000000000000000000e+00 7.163637509328873998e-01 4.785535509248626806e-01 3.420635131110016935e-02 5.108619115296375579e-02
0.000000000000000000e+00 5.983491906247400127e-01 4.663457341302263970e-01 3.490008117346743433e-02 5.108619115296370028e-02
7.000000000000000000e+00 3.667375730408859447e-01 4.579064899388713417e-01 3.968663319531978706e-02 5.200084145521166601e-02
6.000000000000000000e+00 3.025174130110103721e-01 6.036894095826730311e-01 3.900066703447135907e-02 4.653309651122228274e-02
5.000000000000000000e+00 4.332791948426401585e-01 5.748799522505918524e-01 3.761320730973716220e-02 4.470379590672612924e-02
7.000000000000000000e+00 5.440829010663843501e-01 5.920865001541403272e-01 3.900834447263978877e-02 4.561841745452421826e-02
7.000000000000000000e+00 6.505118046160405232e-01 5.746123920926988760e-01 3.695033097229416530e-02 4.471443505325212175e-02
3.000000000000000000e+00 7.438818171579152372e-01 5.958737775271915060e-01 3.626436481144579282e-02 4.652343501599909281e-02
1.000000000000000000e+00 8.664039825677947171e-01 5.715968841595023830e-01 3.489237498084885036e-02 4.470379590672646231e-02
7.000000000000000000e+00 7.922977550596621565e-01 6.972847707497391578e-01 3.352809134287026982e-02 4.105577633535983928e-02
3.000000000000000000e+00 7.013085822290587856e-01 6.837848439867979522e-01 3.490008117346732330e-02 4.014103976976191035e-02
8.000000000000000000e+00 4.792397614985366427e-01 6.999927498394467040e-01 3.557836989614737710e-02 4.110592409628044397e-02
1.000000000000000000e+00 3.892374557715297945e-01 7.138875902196371026e-01 4.037262811061820278e-02 4.197039788315770625e-02
5.000000000000000000e+00 4.506847379178919311e-01 8.030007077099321489e-01 3.278225841697812726e-02 3.737779462702162103e-02
9.000000000000000000e+00 5.526749032737314771e-01 7.944980455789495410e-01 3.230660230393500587e-02 3.928714762050966591e-02
1.500000000000000000e+01 6.536519343358364598e-01 7.941627111822437968e-01 2.993982351874757697e-02 3.802034156826561428e-02
9.000000000000000000e+00 7.365815223565721492e-01 7.880717997963568866e-01 3.041455948938842635e-02 3.547804561985612448e-02
