1.500000000000000000e+01 6.244346136625660293e-01 8.520996841337995509e-01 3.151763960099518425e-02 4.048866074652313074e-02
1.100000000000000000e+01 9.546543686694483610e-02 3.641417435511072886e-01 2.578600338508744982e-02 3.438063122606133115e-02
1.200000000000000000e+01 2.437863041036587852e-01 3.706624395731830113e-01 3.497849124188395775e-02 3.836809195997692434e-02
6.000000000000000000e+00 4.704321036260217248e-01 2.184004099811056587e-01 4.088372061514861100e-02 5.680468042880174040e-02
0.000000000000000000e+00 7.441528578740039812e-01 2.601321490689092464e-01 3.736204070711279801e-02 4.981640758651137424e-02
5.000000000000000000e+00 8.488080681558156648e-01 2.810356976906820403e-01 3.508454323523535479e-02 5.365765671604522113e-02
0.000000000000000000e+00 8.959100216815191198e-01 3.853087880958390166e-01 3.488592392730960334e-02 4.863532049231639176e-02
8.000000000000000000e+00 7.871374796656047668e-01 3.725497057513682542e-01 3.568416980286270856e-02 4.918504197145662227e-02
1.000000000000000000e+00 4.268692305436321277e-01 8.587273743101891954e-01 3.155108631516717610e-02 4.512821463667049393e-02
3.000000000000000000e+00 6.720049389567963605e-01 3.536508401177433925e-01 3.486990719094562596e-02 4.756358295484169885e-02
3.000000000000000000e+00 5.343914955196611416e-01 3.554882600925016733e-01 3.772229950518257713e-02 5.295280254590861713e-02
1.500000000000000000e+01 4.480063614778017067e-01 3.446331820045672178e-01 4.012042302280155459e-02 5.031233756319397621e-02
1.000000000000000000e+00 9.083666261932037411e-01 5.294231863386307246e-01 3.407413448791907218e-02 4.734011415152772351e-02
7.000000000000000000e+00 8.203880182595710835e-01 5.171223033685438120e-01 3.308221564949387350e-02 4.347377998636492435e-02
2.000000000000000000e+00 6.958045137223860532e-01 5.398566768383368242e-01 3.456028954461487501e-02 4.798914528463094076e-02
8.000000000000000000e+00 5.674205379598290522e-01 5.138760141656195657e-01 3.503643414108315035e-02 4.734114464008049028e-02
7.000000000000000000e+00 4.722151579689857215e-01 4.954248958081998166e-01 3.647738100577213594e-02 4.672806283620606349e-02
2.000000000000000000e+00 3.342084653788250925e-01 4.841788650845861852e-01 4.035134078622593101e-02 4.934735863979272663e-02
7.000000000000000000e+00 3.126245587719430064e-01 6.093260321389051271e-01 4.059371169385184164e-02 4.771073672018599776e-02
3.000000000000000000e+00 4.303074556001536544e-01 5.977275596089580700e-01 3.784734193043626238e-02 5.229105223981056483e-02
6.000000000000000000e+00 5.590691054173233532e-01 6.227692558336005435e-01 4.268136373176778520e-02 4.867668724707985284e-02
0.000000000000000000e+00 7.282621944238040212e-01 6.337511428985934669e-01 3.365581502052994445e-02 4.762134919886040763e-02
9.000000000000000000e+00 8.156376132436693460e-01 6.421839251517126312e-01 3.778024240438171422e-02 4.212272116601289973e-02
6.000000000000000000e+00 7.851154844697694202e-01 7.312304430939093880e-01 3.155102743010695932e-02 4.511843971668361153e-02
1.000000000000000000e+00 6.717493189106340523e-01 7.576940074237483724e-01 3.500699161100218060e-02 4.284753737154434194e-02
5.000000000000000000e+00 5.860802124790768231e-01 7.216327082530795689e-01 3.792910383647085659e-02 4.751235295250089141e-02
8.000000000000000000e+00 5.084505360987580103e-01 8.418600432521459176e-01 3.500410624305433371e-02 4.363170971771879181e-02
5.000000000000000000e+00 4.593001774277366556e-01 7.389410295266742867e-01 3.795677981474687712e-02 5.060876495604837988e-02
2.000000000000000000e+00 3.609435339998051662e-01 7.321383329514838945e-01 3.846304411948775481e-02 4.366868953550040455e-02
9.000000000000000000e+00 7.177791521459717661e-01 8.672462759637951102e-01 2.920098356411016116e-02 4.046946421691044460e-02
