3.000000000000000000e+00 1.615597076206485849e-01 4.457798777504494159e-01 3.238808913975371739e-02 4.627704040689117893e-02
1.600000000000000000e+01 7.581424358445802980e-01 4.659708257671332232e-01 3.195355414359335455e-02 3.873483057203130908e-02
1.300000000000000000e+01 8.007198619527307049e-01 6.489750362116246674e-01 2.999101345058186041e-02 3.546949187998571507e-02
5.000000000000000000e+00 5.972732686367101529e-01 2.889241140414723352e-01 4.109449653612440301e-02 5.317371632625078615e-02
2.000000000000000000e+00 6.140347564825638926e-01 4.027067583744764478e-01 3.997145543641089649e-02 5.114393611967249509e-02
7.000000000000000000e+00 5.975560607957819403e-01 5.486895641797631118e-01 3.968849035102905987e-02 5.292565353445188858e-02
0.000000000000000000e+00 6.043228690562771899e-01 7.197514980611796620e-01 4.003071151866233190e-02 5.176185946766465040e-02
2.000000000000000000e+00 5.116169157106735810e-01 1.910316395199703754e-01 3.660558891610982135e-02 4.880712524956062892e-02
9.000000000000000000e+00 5.078221054782379174e-01 3.453971202586463285e-01 3.772269287917756619e-02 4.850753041736016735e-02
6.000000000000000000e+00 4.936002566536851766e-01 4.857640576811763644e-01 3.743007274148324459e-02 4.946006617534232097e-02
5.000000000000000000e+00 4.932036933931116529e-01 6.174839446632680584e-01 3.753426084330196977e-02 5.050001618306620976e-02
7.000000000000000000e+00 4.402851586584244359e-01 1.440001504432849300e-01 3.556543716102417152e-02 4.607782929768781954e-02
0.000000000000000000e+00 4.315163536851692738e-01 2.444324513229237938e-01 3.673977973272596342e-02 4.629643697467103469e-02
8.000000000000000000e+00 4.120098624142778387e-01 3.980286117291391701e-01 3.713555041437832660e-02 4.637312979318808370e-02
1.000000000000000000e+00 3.878899854011712556e-01 5.357197162506605048e-01 3.743776796228154291e-02 4.946983651186154241e-02
6.000000000000000000e+00 3.977171858552246420e-01 6.909382857085011320e-01 3.604432775571808634e-02 5.075727289035070200e-02
9.000000000000000000e+00 3.828439524416807904e-01 8.331906675108022853e-01 3.621399728695079423e-02 5.231724113351388095e-02
5.000000000000000000e+00 3.634094561578828930e-01 1.828554386008075516e-01 3.514583146963351501e-02 4.763044817267295117e-02
3.000000000000000000e+00 3.288381579429391355e-01 3.345067112081644423e-01 3.487822800479650764e-02 4.495308775592515849e-02
1.000000000000000000e+00 3.176011757460204810e-01 4.514856822249694313e-01 3.609032615419727197e-02 5.044891645843979644e-02
8.000000000000000000e+00 3.126962218344974120e-01 5.929554427794605509e-01 3.600296954655907156e-02 4.954696164615379761e-02
3.000000000000000000e+00 2.986613207616588550e-01 7.572983248830135183e-01 3.590964698122334209e-02 4.865639114928077547e-02
1.000000000000000000e+00 2.755566941149873994e-01 8.990159897135190370e-01 3.268249618265200995e-02 4.899279046447502228e-02
7.000000000000000000e+00 2.588874912766090941e-01 2.307392382282624221e-01 3.572980361874800170e-02 5.305010283560065987e-02
0.000000000000000000e+00 2.408557588095927293e-01 3.835068222197659527e-01 3.514666728013221553e-02 4.763897920396981123e-02
8.000000000000000000e+00 2.465154496014268226e-01 5.338747078063945661e-01 3.353023859673037732e-02 4.470675422722703019e-02
2.000000000000000000e+00 2.269849503944870173e-01 6.251457906836463962e-01 3.648560687797117175e-02 4.787799218554156244e-02
1.500000000000000000e+01 1.969472900717633423e-01 7.962269770275842706e-01 3.106249368884200779e-02 4.606007552985369458e-02
3.000000000000000000e+00 1.409683631435179052e-01 6.812901504485278092e-01 3.057501442074786469e-02 4.153591976363590899e-02
0.000000000000000000e+00 1.328928773894464122e-01 5.737635621086940585e-01 3.564112124273255411e-02 4.597038441702949729e-02
