8.000000000000000000e+00 4.990998063874991786e-01 5.555074055954900558e-01 3.853074742706213973e-02 4.035708397319048846e-02
1.000000000000000000e+00 7.969672673497575355e-01 2.871564956099664778e-01 3.937748252238781888e-02 3.716455940455315465e-02
6.000000000000000000e+00 7.669357681313611064e-01 3.897380106870996230e-01 3.977605243227755327e-02 3.922400249271273953e-02
7.000000000000000000e+00 7.362829721894943447e-01 4.979485166474219016e-01 4.124484232112890503e-02 3.958356095129061947e-02
1.500000000000000000e+01 7.062520852584504016e-01 6.150371309048594526e-01 4.178645421916182823e-02 4.085717695742063782e-02
2.000000000000000000e+00 5.861737301721913207e-01 6.490411796223449770e-01 4.045038490308416890e-02 4.174645144546984543e-02
3.000000000000000000e+00 6.169802102395172128e-01 5.299459830848407549e-01 3.890386367701503811e-02 4.056584480382763314e-02
2.000000000000000000e+00 6.783296535603007271e-01 3.152007724912492259e-01 3.839793938466662393e-02 3.766838442597902903e-02
6.000000000000000000e+00 7.093397045940383894e-01 2.083954514264773072e-01 3.712292386458804216e-02 3.665942233880059575e-02
5.000000000000000000e+00 6.334405060740648796e-01 1.368340318113158427e-01 3.599619850995938730e-02 3.554380562613740357e-02
1.500000000000000000e+01 5.996843754212310973e-01 2.369418768281019161e-01 3.606180072629083799e-02 3.606180072629094902e-02
3.000000000000000000e+00 5.685533247440375249e-01 3.399496022156056063e-01 3.944483413115495996e-02 3.944483413115495996e-02
9.000000000000000000e+00 5.299983482317436323e-01 4.550792614020330307e-01 3.937870709709279105e-02 3.891450581433103517e-02
1.000000000000000000e+00 4.658253709417822241e-01 6.726156422047457895e-01 3.975788790748879808e-02 4.251268533222174462e-02
3.000000000000000000e+00 5.519991156922438025e-01 6.409366747732579694e-02 3.692395963158978667e-02 3.463391746388979481e-02
0.000000000000000000e+00 5.254778307087726308e-01 1.656212610816878983e-01 3.620781668157457833e-02 3.759289814238694905e-02
5.000000000000000000e+00 4.906664519605710151e-01 2.662835031395563434e-01 3.641631510334630839e-02 3.457878244563075687e-02
0.000000000000000000e+00 4.566268468418337445e-01 3.645106638185509063e-01 3.943212187945693836e-02 3.943212187945693836e-02
9.000000000000000000e+00 4.238891104170599000e-01 4.752933306333393393e-01 3.769447952980869987e-02 3.724217411560842850e-02
5.000000000000000000e+00 3.870620525481268670e-01 5.859527819075868171e-01 3.965761856439370403e-02 4.148485896328035771e-02
0.000000000000000000e+00 3.112760980318117765e-01 5.020034333736829169e-01 3.892695565716375317e-02 3.937993167179759668e-02
7.000000000000000000e+00 3.522974700475750565e-01 3.994941973606768171e-01 3.877158045235024053e-02 3.785253713635666761e-02
2.000000000000000000e+00 3.853380700377458945e-01 2.923608069011661703e-01 3.468908163868944516e-02 3.743370343075586026e-02
1.000000000000000000e+00 4.181182438073510754e-01 1.925399351351546884e-01 3.616790137750441891e-02 3.708706131966021946e-02
7.000000000000000000e+00 4.481820338944529913e-01 9.657978295679257863e-02 3.724217411560848401e-02 3.769450868634932617e-02
8.000000000000000000e+00 3.433541094126154603e-01 1.266683852599380655e-01 3.278486797264040797e-02 3.370417369749918735e-02
8.000000000000000000e+00 3.111872726308989034e-01 2.287680156124405340e-01 3.657072814232043001e-02 3.650480520404239537e-02
6.000000000000000000e+00 2.407163367904104900e-01 4.227041011377882795e-01 3.632630886253954139e-02 3.528486638914185569e-02
1.100000000000000000e+01 1.722438631334340386e-01 6.538310161107623308e-01 3.829186788999364155e-02 3.609031582298971585e-02
1.100000000000000000e+01 7.837735466534567763e-02 5.902016770984048755e-01 4.003577889586904665e-02 3.509193756004613807e-02
