1.500000000000000000e+01 3.685688874924772929e-01 1.645694624963142116e-01 3.586769377952309101e-02 4.452568031129736092e-02
8.000000000000000000e+00 5.788799031344769030e-01 2.460843793213605690e-01 4.407632538898720309e-02 6.206954442549747486e-02
6.000000000000000000e+00 7.977064697989151298e-01 4.042524843849336635e-01 3.911252570649159654e-02 5.398383621694741175e-02
0.000000000000000000e+00 4.566901949648258241e-01 2.971378686498095667e-01 4.012211159409362349e-02 5.440583960175049416e-02
1.000000000000000000e+00 5.711420984130159972e-01 3.839840728064385367e-01 3.944679665697281568e-02 5.167074349390698984e-02
5.000000000000000000e+00 6.734441405112708834e-01 4.778717559246019597e-01 3.909154370511624954e-02 5.212208709491900072e-02
2.000000000000000000e+00 7.754451139469350496e-01 5.752201867160290361e-01 3.842801673305396015e-02 4.940880880993381297e-02
0.000000000000000000e+00 8.667760479689446962e-01 6.358763570131724663e-01 3.654580439539856229e-02 5.102021498698250390e-02
7.000000000000000000e+00 3.535813689744045085e-01 3.809780264308355036e-01 3.980055089444545224e-02 5.123340710809887177e-02
7.000000000000000000e+00 4.689164042840511248e-01 4.685260756513241476e-01 3.857362259974062013e-02 5.188526140082472260e-02
3.000000000000000000e+00 5.662403224488714581e-01 5.501320537859104576e-01 3.926314650207840540e-02 5.281008346144233645e-02
6.000000000000000000e+00 6.695743158647657900e-01 6.068193978229168284e-01 4.031904842843048176e-02 5.146614015906769701e-02
2.000000000000000000e+00 7.564973003121415740e-01 6.941728591556510786e-01 3.689846341851343858e-02 4.690537936013206011e-02
9.000000000000000000e+00 8.265868112633085740e-01 7.627821014383652232e-01 3.617758179983454614e-02 4.777751584586775735e-02
0.000000000000000000e+00 2.756704135105801923e-01 4.578004252875960134e-01 3.985513868373768975e-02 4.947420463564888848e-02
8.000000000000000000e+00 3.812076035351689152e-01 5.341191264149129925e-01 3.858319131465348661e-02 5.190307304484942375e-02
6.000000000000000000e+00 4.778868151220175831e-01 6.163002073729089147e-01 3.944679665697276016e-02 5.167077231533734327e-02
1.000000000000000000e+00 5.756592812090952638e-01 6.877058777674864842e-01 3.772396682976419946e-02 5.029829579680689111e-02
0.000000000000000000e+00 6.675399551957090782e-01 7.498434695903013480e-01 3.395222151111609854e-02 4.618426717000956305e-02
5.000000000000000000e+00 7.578730912951749943e-01 8.329568950022649965e-01 3.412267145085967623e-02 4.503688602337574398e-02
2.000000000000000000e+00 2.687356891274715887e-01 5.960603290105697116e-01 3.645887896112948168e-02 4.670282234685552147e-02
3.000000000000000000e+00 3.610055100681634488e-01 6.748543442822743099e-01 3.777780526186436116e-02 4.731712231569129568e-02
5.000000000000000000e+00 4.718384938327226941e-01 7.450331728464384407e-01 3.575200455765453755e-02 4.538233968887572800e-02
9.000000000000000000e+00 5.567140615030432560e-01 8.317782426035813526e-01 3.229856311701262417e-02 4.230155934408863505e-02
1.500000000000000000e+01 6.518896590627659693e-01 9.114851190422623706e-01 3.287032265448863733e-02 4.305910182231331707e-02
1.500000000000000000e+01 3.074913190605703672e-01 7.529088016483616030e-01 3.650874003582621485e-02 4.524491910844008480e-02
7.000000000000000000e+00 3.937538892503735788e-01 8.112587963657751366e-01 3.537035117549608421e-02 4.372747079469285758e-02
3.000000000000000000e+00 4.537560148260761927e-01 8.815370588650280892e-01 3.287032265448858182e-02 4.305898653659134823e-02
8.000000000000000000e+00 5.504636731647893910e-01 9.439460332770592821e-01 3.289747244198248932e-02 4.157174308196698309e-02
1.300000000000000000e+01 2.684887903434314271e-01 1.972449955130353705e-01 2.884082728323211775e-02 3.625931937662077442e-02
