2.000000000000000000e+00 5.961685624020192087e-01 8.893658954163359276e-01 3.093167696380971776e-02 4.268026868212759783e-02
1.300000000000000000e+01 3.440804363040142477e-01 1.286223277775025986e-01 3.201609184749998338e-02 4.119018892572383350e-02
1.600000000000000000e+01 4.042953318782607774e-01 1.193150983246179520e-01 3.141864734264376846e-02 4.249180489124902704e-02
9.000000000000000000e+00 5.766947075315216331e-01 2.254022450428521673e-01 3.579933193966233773e-02 4.862991231635516165e-02
3.000000000000000000e+00 5.809842738889221536e-01 3.762393654274360788e-01 3.419931721841762418e-02 4.663741521327680051e-02
6.000000000000000000e+00 6.637930961729876511e-01 4.350436401243540363e-01 3.375273001205336687e-02 4.603616962209339247e-02
1.000000000000000000e+00 7.630388131843071076e-01 3.638982220919811938e-01 3.276789819852554686e-02 4.524786205910258374e-02
3.000000000000000000e+00 7.614042921474675207e-01 4.993564841722127889e-01 3.196476370305234571e-02 4.452279810266307480e-02
5.000000000000000000e+00 8.449531131526910599e-01 4.174925149000912050e-01 3.219083398631761295e-02 4.482397353846551136e-02
5.000000000000000000e+00 8.398217274850682257e-01 5.580032024929628687e-01 3.129221404565907250e-02 4.362045794985447422e-02
0.000000000000000000e+00 4.925896743727720684e-01 3.073851397925106976e-01 3.732523895655492918e-02 4.935004294798689406e-02
5.000000000000000000e+00 3.976383896485132796e-01 3.834102360950762400e-01 3.710717521683015718e-02 4.927035492540976502e-02
1.000000000000000000e+00 3.056167315553566799e-01 4.675855489137914489e-01 3.796541198501890424e-02 4.853890190897341972e-02
6.000000000000000000e+00 4.121319992095001661e-01 5.296476106947316520e-01 3.591074959775147901e-02 4.725337990470623861e-02
7.000000000000000000e+00 4.951347577704331426e-01 4.587863171258066419e-01 3.420656893630452666e-02 4.664728186289224254e-02
1.500000000000000000e+01 5.903483713673908229e-01 4.969059157296110696e-01 3.336900899941364074e-02 4.449201199921809513e-02
8.000000000000000000e+00 5.140182041894888476e-01 5.781050723072891362e-01 3.357213797441999104e-02 4.351381186821867697e-02
9.000000000000000000e+00 5.953989906900740703e-01 6.438955684463254503e-01 3.281847151731942525e-02 4.548800444919631758e-02
0.000000000000000000e+00 6.624222519118001529e-01 5.697660819825818290e-01 3.350919090651816035e-02 4.485211775212250007e-02
1.500000000000000000e+01 6.880378265873177135e-01 7.010261116095031220e-01 3.214020675140560890e-02 4.216159562584043119e-02
8.000000000000000000e+00 7.634085429642953891e-01 6.348917654271746258e-01 3.149294375340916385e-02 4.302915988246358570e-02
2.000000000000000000e+00 8.328373796280543750e-01 6.800003082370623675e-01 2.890998428277091747e-02 4.078894517469611181e-02
8.000000000000000000e+00 7.586623610025607922e-01 7.557964497440434748e-01 3.071083654400186269e-02 4.164578012381381367e-02
1.000000000000000000e+00 3.100029155964231231e-01 6.077251049076037859e-01 3.471524055268077058e-02 4.594116942197101761e-02
6.000000000000000000e+00 3.331521513647898169e-01 7.338705706957551200e-01 3.481148082351986917e-02 4.642107678933182768e-02
3.000000000000000000e+00 4.128697334536970964e-01 6.614043695178664084e-01 3.442471355020648716e-02 4.503462381194911490e-02
0.000000000000000000e+00 4.227916336111763318e-01 7.992497138116165800e-01 3.319766357603731732e-02 4.440973600297148938e-02
7.000000000000000000e+00 5.909627724913948388e-01 7.587586282314588981e-01 3.246003716407663831e-02 4.413999366403131841e-02
7.000000000000000000e+00 5.178651326961771773e-01 8.391472638054817690e-01 3.079974422277709234e-02 4.207754039769595611e-02
2.000000000000000000e+00 6.779982679810773183e-01 8.290447850893987169e-01 3.065880749001870242e-02 4.203591715450938349e-02
