8.000000000000000000e+00 4.612835436982268833e-01 5.335717220982223452e-01 3.710188904027850176e-02 3.572464890183535413e-02
1.000000000000000000e+00 8.292537037179419368e-01 5.730641880324454096e-01 3.449791151595549277e-02 3.616662962476024923e-02
6.000000000000000000e+00 7.402294146869530245e-01 6.156037964272769170e-01 3.625286188856813308e-02 3.667094303275963973e-02
7.000000000000000000e+00 6.469524539942074215e-01 6.611835496583129412e-01 3.668278516636624964e-02 3.793455251645982962e-02
1.500000000000000000e+01 5.479547200397720808e-01 7.126594473841761923e-01 3.779384643806182886e-02 3.849377036208978531e-02
2.000000000000000000e+00 4.506125029065639609e-01 6.510495361687376192e-01 3.842688922115261585e-02 3.745107049803186872e-02
3.000000000000000000e+00 5.514675274905185276e-01 5.988708616412050656e-01 3.730788833715259489e-02 3.605536739673853575e-02
2.000000000000000000e+00 7.368963385276260381e-01 5.087737829612215545e-01 3.483277475762114328e-02 3.538321865880622585e-02
6.000000000000000000e+00 8.294273255449782223e-01 4.643052524855212360e-01 3.387808347741205761e-02 3.422941805036672225e-02
5.000000000000000000e+00 8.318753098729747553e-01 3.680443836342324193e-01 3.284738723060087739e-02 3.319029774033105396e-02
1.500000000000000000e+01 7.422574877228367285e-01 4.064995459493706553e-01 3.328834522380541561e-02 3.328839905168534674e-02
3.000000000000000000e+00 6.522628704124899812e-01 4.485457814528187592e-01 3.641122351161574233e-02 3.641125042555576341e-02
9.000000000000000000e+00 5.493614309425314257e-01 4.929546033525961102e-01 3.595987673756562142e-02 3.631180341720058324e-02
1.000000000000000000e+00 3.602744368076870041e-01 5.828297496832165470e-01 3.901641216323931127e-02 3.694035157230901589e-02
3.000000000000000000e+00 8.317200971809086685e-01 2.672469817958498250e-01 3.216953273738532015e-02 3.389536222690170408e-02
0.000000000000000000e+00 7.455825704419791755e-01 3.115507585877488328e-01 3.458618923920442345e-02 3.354308566604641273e-02
5.000000000000000000e+00 6.549335945080498878e-01 3.496219531776644240e-01 3.207743323465439556e-02 3.346374337088253714e-02
0.000000000000000000e+00 5.664341003934116880e-01 3.867238018470328109e-01 3.639948903376921674e-02 3.639948903376927225e-02
9.000000000000000000e+00 4.701044798823547088e-01 4.324544884536725142e-01 3.441512423646969632e-02 3.475800783225962975e-02
5.000000000000000000e+00 3.713406953514989395e-01 4.752977937476322579e-01 3.814278567035522816e-02 3.676503416705184657e-02
0.000000000000000000e+00 3.823753300157932689e-01 3.714842543075384529e-01 3.631387579058176218e-02 3.597040008811136502e-02
7.000000000000000000e+00 4.781192897351557169e-01 3.365448330626082951e-01 3.501966515708454519e-02 3.571151489910806553e-02
2.000000000000000000e+00 5.721265332762658362e-01 2.932701780520294843e-01 3.433007618602257338e-02 3.226168606799639793e-02
1.000000000000000000e+00 6.609459533958612631e-01 2.543207950563973196e-01 3.415648127292636449e-02 3.346476610060308832e-02
7.000000000000000000e+00 7.454378541865189778e-01 2.158819022179980507e-01 3.475806166013972742e-02 3.441515115040971740e-02
8.000000000000000000e+00 6.601813014460976570e-01 1.623450426215528597e-01 3.103430274755636376e-02 3.034221078007282024e-02
8.000000000000000000e+00 5.701729849402834560e-01 2.031197559429364086e-01 3.370271224427490164e-02 3.375277217270269969e-02
6.000000000000000000e+00 3.934321552236299535e-01 2.741280419255226475e-01 3.266060448689744877e-02 3.344466138741197803e-02
1.100000000000000000e+01 1.923532244921006273e-01 3.694184882986638052e-01 3.350551380578561944e-02 3.516553871196548275e-02
1.100000000000000000e+01 1.782805981068028844e-01 2.656907774132775124e-01 3.283799426553579703e-02 3.656202231751926046e-02
