3.000000000000000000e+00 1.785626931265946182e-01 3.709785499941329334e-01 4.555299445737112651e-02 3.552879659856938988e-02
8.000000000000000000e+00 6.172246581926192910e-01 8.549281344497000612e-01 4.748462578151835256e-02 3.257924331230555026e-02
1.000000000000000000e+00 6.496148781738908529e-01 7.635745578137271838e-01 4.593871355133138934e-02 3.369185633133220392e-02
7.000000000000000000e+00 7.439673545285829803e-01 5.552191822927861065e-01 5.041488759334911141e-02 3.705536215697147195e-02
5.000000000000000000e+00 4.832045636118381671e-01 8.619887036975442118e-01 4.581178724100487543e-02 3.284076836485050332e-02
9.000000000000000000e+00 5.212613299234177822e-01 7.819701792281745778e-01 4.626183884841839067e-02 3.203913722552798049e-02
8.000000000000000000e+00 5.492379144621932774e-01 6.727571958512343908e-01 4.768797282532921678e-02 3.427650668096415831e-02
1.500000000000000000e+01 5.947002748680070283e-01 5.816918597860487594e-01 4.550690466866802453e-02 3.453598943149471800e-02
7.000000000000000000e+00 6.325426132674141222e-01 4.839129112267197552e-01 4.817486866502929121e-02 3.635405220443677088e-02
5.000000000000000000e+00 3.643826734512513044e-01 8.733933045273400975e-01 4.261870323886357559e-02 2.998342225466876787e-02
6.000000000000000000e+00 3.843813915522885649e-01 7.850524821453734869e-01 4.403506728451633823e-02 3.280356534977768579e-02
1.000000000000000000e+00 4.120547356399414385e-01 6.961727956170435938e-01 4.494822467302989066e-02 3.239339382899653064e-02
3.000000000000000000e+00 4.597906887632708939e-01 5.971552598826788127e-01 4.443613124226042377e-02 3.335548366982765689e-02
1.000000000000000000e+00 5.098671337944250537e-01 5.086753401743270286e-01 4.405333760794244435e-02 3.395724519849901979e-02
1.500000000000000000e+01 5.318278417630667443e-01 3.997355008924731168e-01 4.764226941808846760e-02 3.811332979777531937e-02
1.600000000000000000e+01 7.280685025240747343e-01 2.242679080807272185e-01 4.116717848015227776e-02 3.151103656275400233e-02
1.200000000000000000e+01 7.010072556692065193e-01 2.515775154197503194e-01 3.739052047673796508e-02 3.120171060360207860e-02
2.000000000000000000e+00 2.643919670076936290e-01 7.982640510804114298e-01 4.267188588726519849e-02 2.883868437692949094e-02
5.000000000000000000e+00 3.023547874266114821e-01 7.215587476492456576e-01 4.330320559779338163e-02 2.994610884489246061e-02
2.000000000000000000e+00 3.315016110196303822e-01 6.214757374342404495e-01 4.389442443228236401e-02 3.386666634429347233e-02
0.000000000000000000e+00 3.647622932378443705e-01 5.228699463451815799e-01 4.442614052159549187e-02 3.427142852460407507e-02
2.000000000000000000e+00 4.097822330701227367e-01 4.200850671605087516e-01 4.746031134807687790e-02 3.559558539417495560e-02
3.000000000000000000e+00 4.402498740929322030e-01 3.139998417199254543e-01 5.023408866772405279e-02 3.830461622023095813e-02
8.000000000000000000e+00 1.725774510866766032e-01 7.325363141673036926e-01 3.999357238745265830e-02 2.999573126410681745e-02
0.000000000000000000e+00 2.121856631629552292e-01 6.410438057970009318e-01 4.457257909576214927e-02 3.216879580476572631e-02
0.000000000000000000e+00 2.756206538774934600e-01 4.599387694586518638e-01 4.729598883194641168e-02 3.452067216638693425e-02
6.000000000000000000e+00 3.029319033377309012e-01 3.477722585861225957e-01 4.846068055233992977e-02 3.600244507385186310e-02
9.000000000000000000e+00 7.718351109935080168e-02 6.517443092079990841e-01 4.360811576880612578e-02 3.208257754134757889e-02
7.000000000000000000e+00 1.217471206254551741e-01 5.623638723046822108e-01 4.271253873682183400e-02 3.234879436879056769e-02
6.000000000000000000e+00 1.545902624764306232e-01 4.733656218648144010e-01 4.454365568345031168e-02 3.499418264828990655e-02
