7.000000000000000000e+00 7.492333170596582326e-01 3.832574609692559475e-01 3.812676725007557721e-02 3.812671001840312046e-02
1.500000000000000000e+01 4.922148185199076709e-01 2.210605833533638709e-01 3.985502067898955003e-02 3.694355965377238427e-02
1.500000000000000000e+01 7.830836478965013114e-01 4.998780536139197372e-01 3.959287100331643217e-02 4.039511597193301551e-02
1.400000000000000000e+01 2.214458955881568880e-01 9.225809561938600467e-01 3.929566692826541585e-02 3.699232103870275790e-02
1.100000000000000000e+01 2.221608765642000827e-01 7.822209948976099891e-01 3.815541170213851419e-02 3.627675343801683994e-02
1.000000000000000000e+00 3.013250851540721365e-01 2.701928867528984313e-01 3.775785188944047466e-02 3.619296626954493501e-02
2.000000000000000000e+00 3.260659365340036753e-01 3.762456940027818497e-01 3.687797215714072596e-02 3.724293853237647944e-02
7.000000000000000000e+00 3.543056462093785997e-01 4.897866932764782799e-01 3.798597733584008207e-02 3.728156991128273035e-02
0.000000000000000000e+00 3.734972001648759754e-01 6.047102666774697433e-01 3.944744532361210698e-02 4.102469298475741599e-02
6.000000000000000000e+00 2.643370278749671565e-01 5.703361801901687400e-01 3.985562161155026262e-02 3.810931158997721280e-02
8.000000000000000000e+00 2.199273533150306603e-01 3.557623496604188640e-01 3.700104886875188459e-02 3.578756571772084838e-02
8.000000000000000000e+00 1.945790163478416934e-01 2.459454868528608007e-01 3.722493917138988695e-02 3.512748422347861110e-02
7.000000000000000000e+00 2.759581192774995806e-01 1.688553540727028013e-01 3.621408475668036475e-02 3.498843987525288024e-02
3.000000000000000000e+00 3.558551508173022349e-01 9.022352880791111029e-02 3.440439065786510264e-02 3.464773972913731681e-02
0.000000000000000000e+00 3.867163715573267990e-01 1.931978730123581067e-01 3.595785855910615947e-02 3.522921352126467953e-02
5.000000000000000000e+00 4.103857887972567342e-01 3.007533264383437932e-01 3.610551627403602026e-02 3.828755963383356775e-02
0.000000000000000000e+00 4.315074093666571575e-01 4.047545785416235553e-01 3.837008770551153525e-02 3.788430526972641488e-02
9.000000000000000000e+00 4.615175379056260518e-01 5.207562106487030329e-01 3.867235678357450190e-02 3.891570585484682709e-02
5.000000000000000000e+00 4.891510353984556136e-01 6.371254560958692359e-01 3.903958380987232468e-02 4.122185609635975467e-02
1.000000000000000000e+00 6.066887655941863855e-01 6.706392074670133319e-01 3.961072728512182728e-02 4.252175907279553968e-02
8.000000000000000000e+00 5.714080721835499421e-01 5.523713299020391876e-01 3.797287128284809743e-02 4.015511495349932680e-02
9.000000000000000000e+00 5.461388293876916489e-01 4.474986683539827759e-01 3.783717498746097530e-02 3.735047684491660247e-02
3.000000000000000000e+00 5.197915994253359262e-01 3.282563929496518651e-01 3.809139807649930543e-02 3.736255272780431014e-02
5.000000000000000000e+00 4.678425820343309338e-01 1.157942680542542735e-01 3.806839094417308056e-02 3.686706952353828448e-02
6.000000000000000000e+00 5.737976375876636670e-01 1.449972153928574814e-01 3.601674995006065583e-02 3.650347670844134029e-02
2.000000000000000000e+00 6.028886111591116315e-01 2.530103934272079913e-01 3.831116769872078276e-02 3.661379075709542130e-02
3.000000000000000000e+00 6.620249536718418870e-01 4.722271863085005239e-01 4.103745564771454912e-02 4.055075750517023181e-02
2.000000000000000000e+00 6.977100460800346182e-01 5.898469724146115922e-01 4.002972035915375315e-02 4.075879463453857543e-02
1.000000000000000000e+00 6.913942448664309737e-01 1.719468659394585708e-01 3.837011632134779138e-02 3.788430526972644263e-02
6.000000000000000000e+00 7.186321713471803818e-01 2.770879869550761376e-01 3.941322078348508118e-02 3.844199930194935888e-02
