8.000000000000000000e+00 1.248757840365270211e-01 3.422704261246994895e-01 3.315727571549602348e-02 4.623543446726380290e-02
8.000000000000000000e+00 2.333793199977683142e-01 2.322685503136267260e-01 3.370731596358839122e-02 4.668348843443131946e-02
5.000000000000000000e+00 3.109328209066547499e-01 1.511478011990182169e-01 3.388519965991576566e-02 4.604980215489454243e-02
5.000000000000000000e+00 3.951673708885801162e-01 6.239102789329338539e-02 3.338502370714313550e-02 4.499833168164870528e-02
5.000000000000000000e+00 4.899951987994458080e-01 1.043334921552618033e-01 3.649341726686239351e-02 4.842179846344335514e-02
8.000000000000000000e+00 4.097521755606126082e-01 2.020661591547908698e-01 3.462377098321300917e-02 4.719955183736171400e-02
1.000000000000000000e+00 3.376036130681048797e-01 2.900146235928418026e-01 3.339898793965012658e-02 4.695633448635061491e-02
2.000000000000000000e+00 2.602300166277150550e-01 3.857394931741482957e-01 3.570135819470066085e-02 4.876460504149582320e-02
0.000000000000000000e+00 1.497857450115485378e-01 4.665062030047156805e-01 3.472260764682588707e-02 5.045188012096607499e-02
3.000000000000000000e+00 1.421121762671647970e-01 6.227493108087237550e-01 3.761364973929964828e-02 5.015132858578930097e-02
0.000000000000000000e+00 2.607426238134181729e-01 5.328755382660324003e-01 3.857553729183160751e-02 5.282471261110222027e-02
1.500000000000000000e+01 3.304581626778677061e-01 4.217088475675622172e-01 3.736873215239444601e-02 5.016760625402111318e-02
1.500000000000000000e+01 4.387350794926047626e-01 3.243603363255750938e-01 3.642967235719440922e-02 4.982025642267795540e-02
7.000000000000000000e+00 5.195401979307464613e-01 2.384061789094724659e-01 3.693441943597730592e-02 4.799785439870821180e-02
3.000000000000000000e+00 5.957291898528406238e-01 1.478970895331491453e-01 3.721899990283783488e-02 5.046004682780158568e-02
1.000000000000000000e+00 6.980481874311914581e-01 1.937884352772600571e-01 3.730256231612349982e-02 4.807525694096786983e-02
1.000000000000000000e+00 6.157574112306249958e-01 2.964400658910185671e-01 3.710215746237954804e-02 4.946950611954664678e-02
6.000000000000000000e+00 5.318811511224760258e-01 3.900950236985296637e-01 3.855187335291243578e-02 5.001190924247533864e-02
0.000000000000000000e+00 4.391328510736589585e-01 4.682534601767112670e-01 3.781756655571005821e-02 5.146483049575933943e-02
9.000000000000000000e+00 2.650905032762762570e-01 6.847912251833503383e-01 3.810044678667640072e-02 5.321080552265455843e-02
3.000000000000000000e+00 7.318895433032157616e-01 3.600267839390081104e-01 3.834104410204741686e-02 5.077174745080836882e-02
7.000000000000000000e+00 6.292449087420706189e-01 4.264479206496548658e-01 3.869313229571835766e-02 5.076388734388820323e-02
6.000000000000000000e+00 5.437448118642039807e-01 5.221567912899253150e-01 3.867445757360310488e-02 5.075992941770857136e-02
9.000000000000000000e+00 4.548596150030375096e-01 6.291081651798358099e-01 3.849308978732879361e-02 5.506679417371207474e-02
7.000000000000000000e+00 4.819598979004182104e-01 7.651591460785989174e-01 3.818347961829016146e-02 5.258032460586892221e-02
2.000000000000000000e+00 5.479651318259272097e-01 6.770094684779364158e-01 4.040267767812899535e-02 5.304306749625242734e-02
6.000000000000000000e+00 6.478975277906720009e-01 5.919932977573301169e-01 4.268355806638735039e-02 5.450153542073188362e-02
2.000000000000000000e+00 7.486043672688071915e-01 4.790239667930690226e-01 4.328365771883613267e-02 5.530811617979214390e-02
1.300000000000000000e+01 6.623204895164924721e-01 8.220881445198338078e-01 2.279358537769471393e-02 3.454918358563052738e-02
1.200000000000000000e+01 7.338715445194717857e-01 7.824317589083243929e-01 2.844149029060827338e-02 4.001095447722247123e-02
