3.000000000000000000e+00 8.804810624243896156e-01 4.666569264564134345e-01 5.126764999614352725e-02 3.920640362887556352e-02
8.000000000000000000e+00 8.643385499943226913e-01 3.614622688094192848e-01 4.415996001080468858e-02 3.463238033357507462e-02
7.000000000000000000e+00 8.756560441963441299e-01 2.614805243677553737e-01 4.263530400744719451e-02 3.160150595022337416e-02
2.000000000000000000e+00 7.713292816928959406e-01 2.109486378214880387e-01 4.567820292777513558e-02 3.380462226517735869e-02
2.000000000000000000e+00 7.482439674684400188e-01 3.106024994002933859e-01 4.689973002887692921e-02 3.562803963782013028e-02
1.000000000000000000e+00 7.387886732261363942e-01 4.076496486822565046e-01 4.810909437993393656e-02 3.472105783844797733e-02
5.000000000000000000e+00 7.604808273607883695e-01 5.198082823657632634e-01 4.812037256633916460e-02 3.745148465307668317e-02
9.000000000000000000e+00 7.583707007984505921e-01 6.126068863078892868e-01 4.751002365499445990e-02 3.653933368493544886e-02
6.000000000000000000e+00 6.437408174467269539e-01 1.335508396975989276e-01 4.517256423727145087e-02 3.274192962261661399e-02
3.000000000000000000e+00 6.295630590733474197e-01 2.654355189709970420e-01 4.568467129938980076e-02 3.540148077561983131e-02
0.000000000000000000e+00 6.574111680023234650e-01 3.684150357660609387e-01 4.909919751881752781e-02 3.421152153940726359e-02
7.000000000000000000e+00 6.308441836496693211e-01 4.828853659512863383e-01 4.735793399420540339e-02 3.486350022704221008e-02
6.000000000000000000e+00 6.478521863158869243e-01 5.627127425031817065e-01 5.000388498124941350e-02 3.880680200467256924e-02
0.000000000000000000e+00 6.318152963129145538e-01 6.885195020808392297e-01 4.825040342136488469e-02 4.011755946292205888e-02
3.000000000000000000e+00 4.998793261697248580e-01 6.348512569371942416e-01 5.480819889160476466e-02 4.056548037593987743e-02
8.000000000000000000e+00 5.065701517185809966e-01 5.217517516098721941e-01 4.897895214905534367e-02 3.781410046009747727e-02
1.500000000000000000e+01 5.294012368244844779e-01 4.036022862852078341e-01 4.969666497216029821e-02 3.672561725891876350e-02
8.000000000000000000e+00 5.092440079241937756e-01 3.013985179807928128e-01 4.898163348258782746e-02 3.837076741556233461e-02
2.000000000000000000e+00 5.080862799756002968e-01 1.810884921450248430e-01 4.969890402387305839e-02 3.727490363651547733e-02
6.000000000000000000e+00 5.223910008738804622e-01 8.287966202070354282e-02 4.676270559257544868e-02 3.289827624592124578e-02
5.000000000000000000e+00 3.821292689709673285e-01 1.246898892932855885e-01 5.053628172185181677e-02 3.472860427199864208e-02
0.000000000000000000e+00 3.843404707504398665e-01 2.455101424934377496e-01 5.086039136793502058e-02 3.618708385806640448e-02
7.000000000000000000e+00 3.879505822833738682e-01 3.672460849162896279e-01 5.086152471509830519e-02 3.421693949170001581e-02
5.000000000000000000e+00 3.793618563391567555e-01 4.541769635975423380e-01 4.911887905979933633e-02 3.880472880864216378e-02
9.000000000000000000e+00 3.985828160908193030e-01 5.729765555547210454e-01 5.175322014907302037e-02 4.012568639136127047e-02
1.500000000000000000e+01 2.441076392001902684e-01 1.684750845683314069e-01 4.998113511014262711e-02 3.552766930733580741e-02
1.000000000000000000e+00 2.544411254596574135e-01 2.829264657418390505e-01 5.348652260092845445e-02 3.553847756930761381e-02
1.000000000000000000e+00 2.440222097024316028e-01 5.272650709200048524e-01 5.524929207902906647e-02 4.013375803457286395e-02
1.100000000000000000e+01 1.824777822689053197e-01 6.485561054747364107e-01 3.945673513889089157e-02 2.697996500190658065e-02
1.100000000000000000e+01 4.437001918497619490e-01 8.574589668575536283e-01 3.423518361676736177e-02 3.024599510033121330e-02
