1.600000000000000000e+01 5.060681630077358273e-01 1.433747115259106919e-01 3.967164493498370748e-02 3.061334749789637599e-02
9.000000000000000000e+00 3.450063837570289116e-01 8.322913486999776733e-01 4.220345302010186650e-02 3.179927730672760244e-02
6.000000000000000000e+00 2.786365493133037829e-01 7.348783915678728240e-01 4.429743916804806947e-02 3.471070581619062345e-02
2.000000000000000000e+00 2.022074641508685433e-01 6.568840802969093673e-01 4.456725179870002496e-02 3.342559386516086306e-02
7.000000000000000000e+00 1.627945693313867792e-01 5.813194919394122362e-01 4.185613232152007868e-02 3.219499122445002026e-02
3.000000000000000000e+00 1.733471941334106536e-01 5.410097442197254747e-01 4.070940750268514652e-02 3.423652554897138600e-02
2.000000000000000000e+00 2.276763616098657073e-01 4.734657752858703605e-01 4.411172983728803287e-02 3.605072166406664280e-02
3.000000000000000000e+00 3.536363293336077240e-01 6.496196859534953960e-01 4.419397294354965311e-02 3.479086325080604780e-02
6.000000000000000000e+00 3.918876318775881273e-01 7.291025185304886858e-01 4.755387722643084070e-02 3.257943124138229507e-02
9.000000000000000000e+00 4.638835796790807819e-01 8.301088906155834612e-01 4.302255828198509047e-02 3.174628997301565114e-02
1.000000000000000000e+00 5.973367173780136374e-01 8.397087016923572289e-01 4.436888751430334565e-02 3.302773790628865669e-02
8.000000000000000000e+00 5.573044485415160620e-01 7.552550089638756514e-01 4.441973280686539738e-02 3.331499689841288525e-02
7.000000000000000000e+00 4.622747658516238589e-01 6.629369812614509527e-01 4.600315217279332680e-02 3.420259110759416021e-02
2.000000000000000000e+00 4.179592320728081623e-01 5.804918466976808356e-01 4.865437905202751878e-02 3.648499232248991753e-02
0.000000000000000000e+00 2.758641702777072657e-01 3.633102944928263134e-01 5.047917263386508813e-02 4.041958369813125618e-02
1.500000000000000000e+01 3.771474998280794910e-01 4.403213102292792280e-01 4.814967469841996417e-02 3.824989330638173257e-02
7.000000000000000000e+00 4.329821558312529906e-01 3.789479135994591186e-01 4.843555263769749875e-02 3.974019025178582298e-02
0.000000000000000000e+00 5.325777683410156671e-01 4.853833876260196800e-01 4.896768075497615058e-02 3.921739128741064118e-02
1.500000000000000000e+01 5.964281537133633293e-01 5.807090102116443386e-01 5.037381803098439637e-02 3.813667515770002847e-02
6.000000000000000000e+00 6.227339973822436647e-01 6.701859867302866203e-01 4.804057152352669835e-02 3.710460590989761442e-02
8.000000000000000000e+00 7.037718672799264663e-01 7.893204248836098724e-01 5.078711923393874894e-02 3.417637928825800753e-02
3.000000000000000000e+00 7.357080097422424858e-01 8.781498567256378340e-01 4.636177495691695682e-02 3.370287545508610094e-02
5.000000000000000000e+00 8.388357071846986868e-01 8.060837288917286347e-01 5.111840280864687891e-02 3.620134097861849032e-02
1.000000000000000000e+00 7.527190013507132349e-01 6.860659806115243509e-01 4.927489455149847153e-02 3.738662253815416836e-02
5.000000000000000000e+00 7.278026941389283966e-01 6.014545096414894987e-01 5.415170218564757665e-02 3.812156813064171423e-02
0.000000000000000000e+00 9.575956827232886548e-01 7.293428499105754081e-01 5.382272976060109571e-02 3.609829752539972514e-02
8.000000000000000000e+00 8.916677710981477656e-01 6.283845891971011621e-01 5.549588937681593226e-02 3.628606434305392536e-02
5.000000000000000000e+00 7.965167812357571986e-01 4.837642863640920221e-01 5.340785021153637846e-02 3.684592625627536311e-02
1.000000000000000000e+00 7.248780469807893923e-01 3.725871505891000246e-01 5.904564614899732167e-02 4.426716874442748750e-02
1.300000000000000000e+01 7.186472438617848013e-01 1.561050734663729789e-01 3.720798758013987850e-02 3.136224454261102301e-02
