1.000000000000000000e+01 5.652641366647734866e-01 1.047586650426338417e-01 3.262662428229246014e-02 3.007290391612484071e-02
6.000000000000000000e+00 7.017418463901303749e-02 6.053854608524756875e-01 5.068220528058507007e-02 3.438634866513790023e-02
3.000000000000000000e+00 6.299251761402260841e-02 6.836664653150841264e-01 4.494875639640695530e-02 3.272651828084727210e-02
1.000000000000000000e+00 1.468560209898096269e-01 8.267757367809520641e-01 4.223085039247626016e-02 3.057539838117317998e-02
9.000000000000000000e+00 1.815698047842932428e-01 7.215218548746695770e-01 4.601711522178072999e-02 3.371577995511632064e-02
9.000000000000000000e+00 1.958440609246631936e-01 6.322595964775091781e-01 5.129689326477149258e-02 3.531408393199231277e-02
1.500000000000000000e+01 1.901235452600211762e-01 4.663765960694988277e-01 5.024218777138020342e-02 3.531224044412972773e-02
1.000000000000000000e+00 2.575120568482121008e-01 5.677981835589075432e-01 5.235260691558774049e-02 3.530820781443022582e-02
6.000000000000000000e+00 3.204512960777634589e-01 8.055872057691626509e-01 4.706859461141243983e-02 3.213533476690899615e-02
3.000000000000000000e+00 3.461875244173567845e-01 7.202020039785398398e-01 4.653833261043366365e-02 3.332524857322294309e-02
5.000000000000000000e+00 3.413913162843247306e-01 3.406482178487089119e-01 5.130645635805880511e-02 3.926191318975524869e-02
3.000000000000000000e+00 3.312820321087837083e-01 4.302867926080718997e-01 5.341748039672122861e-02 3.967229087066925786e-02
7.000000000000000000e+00 3.675333999986690747e-01 5.470989545521496300e-01 4.935947393467010613e-02 3.635790132519522988e-02
8.000000000000000000e+00 4.772867461011002232e-01 4.395346782753141168e-01 5.140298023036476982e-02 3.760435836079506489e-02
8.000000000000000000e+00 4.425239370512705217e-01 4.903137530821793377e-01 5.140548622167795401e-02 3.855410026400940549e-02
1.000000000000000000e+00 3.886225986996119097e-01 6.231262086892332963e-01 4.823641536787320883e-02 3.712473466704224734e-02
2.000000000000000000e+00 4.261712635638079671e-01 8.006522175654740003e-01 4.587626122727878064e-02 3.372332673355371568e-02
7.000000000000000000e+00 4.291122748058603387e-01 8.704112673157353708e-01 4.666564849094462231e-02 3.139701787793669485e-02
8.000000000000000000e+00 4.197859688932127908e-01 9.088040335872693554e-01 4.586877205783690403e-02 3.009194368920586893e-02
6.000000000000000000e+00 5.415985340556036531e-01 9.300258625985771133e-01 4.388549596715329848e-02 2.857463796029269254e-02
5.000000000000000000e+00 5.550758993606169645e-01 8.407748667600773995e-01 4.494832432893902663e-02 3.253082052243294608e-02
0.000000000000000000e+00 5.215331912308515117e-01 7.588204246862555458e-01 4.600864669941190366e-02 3.451418302661013460e-02
2.000000000000000000e+00 5.306393731709051487e-01 6.581020125984382574e-01 4.823203708419943059e-02 3.570121638313905610e-02
5.000000000000000000e+00 5.669021908486870931e-01 4.861532026077710622e-01 4.950686655018465832e-02 3.855150785920274936e-02
2.000000000000000000e+00 6.643529054820503932e-01 6.347657606177212752e-01 5.583988105717629935e-02 3.476460933094560612e-02
0.000000000000000000e+00 7.439877501482552447e-01 8.566584734022500980e-01 4.811053971225487391e-02 3.016332123488596473e-02
0.000000000000000000e+00 7.744833312658772062e-01 7.615825167898928605e-01 5.129280302607630571e-02 3.333348665960911283e-02
1.500000000000000000e+01 7.855478301992249168e-01 6.279405348514147667e-01 4.918650292506188126e-02 3.530267735084247072e-02
7.000000000000000000e+00 7.487629021933563944e-01 5.381735352383735238e-01 5.182320904954440532e-02 3.688963235556452780e-02
1.300000000000000000e+01 8.408558362035425393e-01 3.107787456986720320e-01 3.491312532187651474e-02 2.578679463557448370e-02
