3.000000000000000000e+00 4.138761908071343365e-01 7.060973287122691566e-01 3.600041282432470124e-02 4.927186526206306372e-02
8.000000000000000000e+00 1.862540529015663249e-01 3.145763598923028148e-01 3.403224411227556701e-02 4.749611208447351851e-02
0.000000000000000000e+00 2.683981710635525153e-01 2.460388819117928505e-01 3.442373143330135221e-02 4.696393446562130425e-02
1.500000000000000000e+01 3.601913770119959946e-01 1.754713203455654791e-01 3.703773253585235237e-02 4.858952611441352820e-02
0.000000000000000000e+00 4.514037736494352915e-01 1.099892526794305769e-01 3.807390866221638248e-02 4.917662514381783423e-02
5.000000000000000000e+00 1.601992389707480313e-01 4.526830789138627242e-01 3.412505044671093613e-02 4.657265240347113755e-02
2.000000000000000000e+00 2.571262186390778637e-01 4.044689272987460060e-01 3.457031559312515046e-02 4.636179289291042505e-02
7.000000000000000000e+00 4.536140305438219889e-01 2.628510792750931579e-01 3.791797056220774786e-02 5.135102038038000249e-02
1.000000000000000000e+00 5.687826010619355666e-01 2.034843479329697946e-01 3.984309355578896650e-02 5.154255623394454755e-02
1.000000000000000000e+00 1.513079816140899536e-01 5.963878965544509025e-01 3.294821334521691458e-02 4.499632288480570619e-02
6.000000000000000000e+00 2.561750490098791966e-01 5.224303087226924713e-01 3.535774728504517683e-02 4.846988951267694468e-02
5.000000000000000000e+00 3.438490465374767768e-01 4.798836625492290953e-01 3.640031575924707052e-02 4.747502906568717984e-02
2.000000000000000000e+00 4.478873519006234538e-01 4.068503114499303353e-01 3.778839356635632640e-02 4.878889112794465577e-02
1.000000000000000000e+00 5.470055433719606119e-01 3.511181136781371670e-01 3.871880272643024590e-02 5.029053573861413939e-02
3.000000000000000000e+00 6.527311939827369347e-01 2.734344468175629039e-01 4.190975720539524829e-02 5.429000492828561786e-02
6.000000000000000000e+00 1.409240084078478283e-01 7.461792263083872889e-01 3.541263937290080321e-02 4.721728256341639618e-02
8.000000000000000000e+00 2.375282624784539331e-01 6.767022051478424061e-01 3.487231004442045701e-02 4.745045664601676982e-02
3.000000000000000000e+00 3.325418189091077781e-01 6.445408077179189954e-01 3.665533525074293753e-02 4.791193724359765760e-02
8.000000000000000000e+00 4.242565133376616782e-01 5.831046857154145169e-01 3.723876894308419949e-02 4.996857253099951102e-02
1.500000000000000000e+01 5.384419085033422814e-01 5.030206629190177026e-01 3.835742981471412794e-02 5.177763629181764138e-02
7.000000000000000000e+00 6.365757370530381598e-01 4.416720251815330345e-01 4.182917843540212566e-02 5.196269182945473242e-02
7.000000000000000000e+00 2.234740259961914832e-01 8.178533384725883426e-01 3.493796356189307617e-02 4.784959719082992891e-02
2.000000000000000000e+00 3.262542703885278894e-01 7.857663034009991776e-01 3.601264038876694773e-02 5.119267781925807004e-02
5.000000000000000000e+00 5.144584791762674136e-01 6.667837737326469671e-01 3.730225258101549368e-02 5.227843862541048381e-02
0.000000000000000000e+00 6.305603911241053350e-01 5.819652057292665770e-01 4.019009834621811716e-02 5.453341263196576083e-02
9.000000000000000000e+00 2.974493980433796647e-01 9.425644967434565480e-01 3.559065746337691793e-02 5.032038624365520185e-02
9.000000000000000000e+00 4.205514146981944590e-01 8.812350213881373628e-01 3.900804180474631844e-02 5.233426903955429310e-02
6.000000000000000000e+00 6.193689148401861910e-01 7.492987213759718657e-01 4.143115215305592791e-02 5.524202491568297457e-02
1.100000000000000000e+01 7.509068953430404481e-01 6.779935180564882202e-01 3.422504084178978889e-02 4.783646062279622857e-02
1.300000000000000000e+01 8.419429306223562559e-01 5.541051839722205274e-01 3.706541316135225639e-02 4.574293738319212821e-02
