7.000000000000000000e+00 1.715851513753649527e-01 4.417954172583244965e-01 3.620450802884422892e-02 5.047611766699483526e-02
6.000000000000000000e+00 5.665150242195084174e-02 4.397068313952514629e-01 3.567239185679258601e-02 5.140280933797547469e-02
6.000000000000000000e+00 1.267380252321736456e-01 2.973527186106203479e-01 3.186255506165779072e-02 4.184401720138919423e-02
1.500000000000000000e+01 2.017728242459620180e-01 2.020427392776020792e-01 3.399736734301544994e-02 4.905895345077920799e-02
0.000000000000000000e+00 2.791749339306082711e-01 9.876883616790191334e-02 3.813095985340198002e-02 4.255728172686633337e-02
6.000000000000000000e+00 3.571889032053013335e-01 9.608722001016084535e-02 3.386845142650629636e-02 4.515763161354675870e-02
0.000000000000000000e+00 3.079405893803607297e-01 2.111598186315898074e-01 3.534527732543407685e-02 4.620447212170675222e-02
5.000000000000000000e+00 2.253054726657323092e-01 3.399154797620678181e-01 3.832383559865829015e-02 4.925131683425654217e-02
3.000000000000000000e+00 1.229625451407762304e-01 5.637990040776670320e-01 3.520036433560225220e-02 4.923796696345883461e-02
5.000000000000000000e+00 1.116185849401959695e-01 7.154045488605611514e-01 3.345158819019007634e-02 5.071624455409373677e-02
9.000000000000000000e+00 2.902097122620955205e-01 4.700624166066494913e-01 3.555432093127264270e-02 5.067969608052397268e-02
8.000000000000000000e+00 3.378788132259350485e-01 3.416727810381919861e-01 3.790848098313581716e-02 5.107330378498142753e-02
2.000000000000000000e+00 3.916206110142060881e-01 2.224136743204214728e-01 3.567720236460664163e-02 4.650972588382731865e-02
0.000000000000000000e+00 4.699547210071545189e-01 1.040375235028839218e-01 3.738917385555956541e-02 4.771263748278427308e-02
3.000000000000000000e+00 2.421703160547436506e-01 7.229243688330091455e-01 3.969747752820074194e-02 5.830215919603476404e-02
7.000000000000000000e+00 3.144712237770597163e-01 5.924875917764924615e-01 3.659341908366081642e-02 5.494152135838092921e-02
2.000000000000000000e+00 3.459069672445252985e-01 4.965230560385093805e-01 4.019865274170841829e-02 5.431820478966431498e-02
1.000000000000000000e+00 4.333807147420097872e-01 3.543506608981693562e-01 3.693823856093869651e-02 5.109749864676838005e-02
2.000000000000000000e+00 5.093297806536376537e-01 2.255997391141472408e-01 3.838224484146612880e-02 5.117665854162639638e-02
8.000000000000000000e+00 5.818520428967604019e-01 8.669154393883302112e-02 4.055576890168277604e-02 5.131294677484470046e-02
1.500000000000000000e+01 3.477736719927410625e-01 7.524602890561542523e-01 4.063655127550769297e-02 5.419136678481450975e-02
3.000000000000000000e+00 4.167607802833681596e-01 6.115569571133510074e-01 3.847663326697819963e-02 5.406378870183947694e-02
9.000000000000000000e+00 4.654304526402681663e-01 4.953047878184535513e-01 3.687510420394657373e-02 4.916711871523821165e-02
7.000000000000000000e+00 6.449337120192613071e-01 2.147337128274876550e-01 4.124375691272830213e-02 5.038568581299843196e-02
5.000000000000000000e+00 4.723577262152838241e-01 7.617253555706479107e-01 3.929663982975040160e-02 5.700076027733369521e-02
1.000000000000000000e+00 5.437080178179934942e-01 6.429836346237822742e-01 4.352644249641879348e-02 5.532032750033344382e-02
1.000000000000000000e+00 6.317594105245037950e-01 5.103803500169672436e-01 4.495621650530678970e-02 5.349019969023088850e-02
8.000000000000000000e+00 6.861562059181605111e-01 3.644504786088534898e-01 4.433711268899565017e-02 5.727937122694531924e-02
1.400000000000000000e+01 8.216412551187808333e-01 6.287679008840878492e-01 3.321664184996764302e-02 4.352126194954208938e-02
1.400000000000000000e+01 6.967733382383913820e-01 6.076877148163934983e-01 3.188347650096756691e-02 4.250194665473261413e-02
