1.400000000000000000e+01 4.828502576118871847e-02 7.344444182484448636e-01 4.002146789322325038e-02 3.618147380574876504e-02
3.000000000000000000e+00 6.033522171819898361e-01 9.826876560087226264e-02 3.689280500702274423e-02 3.569174119942064571e-02
6.000000000000000000e+00 7.527903931111534774e-01 2.692698465489926085e-01 3.722758304318374289e-02 3.642612373220899258e-02
1.000000000000000000e+00 8.331652219110431412e-01 3.559984041553949652e-01 3.938615704056047662e-02 3.698417367649203813e-02
6.000000000000000000e+00 7.999285196434691159e-01 4.586914080715058795e-01 3.817127397414055157e-02 3.817127397414060708e-02
2.000000000000000000e+00 7.203913860398883928e-01 3.761699925436314818e-01 3.810237963164198050e-02 3.770196732865371825e-02
1.500000000000000000e+01 6.449518790524718659e-01 2.886023549300157365e-01 3.875595267810783007e-02 3.735394703821859341e-02
0.000000000000000000e+00 5.728294557849482604e-01 2.040303373799741693e-01 3.827005715199427449e-02 3.726837726441178944e-02
7.000000000000000000e+00 4.933966734530663700e-01 1.201091665299302003e-01 3.857200362962798224e-02 3.777074627024347431e-02
8.000000000000000000e+00 3.805284107883614708e-01 1.424108104659790597e-01 3.703203620337858215e-02 3.504038962044743466e-02
1.000000000000000000e+00 4.585311306344246329e-01 2.240498850709883305e-01 3.739811673602638775e-02 3.599683235181652674e-02
5.000000000000000000e+00 5.337495439058708158e-01 3.099575238881851491e-01 3.679217541462964647e-02 3.659195483802191173e-02
3.000000000000000000e+00 6.091657976101827465e-01 3.949334013433628554e-01 3.894319065248597056e-02 3.874299892610549856e-02
7.000000000000000000e+00 7.662102493838582884e-01 5.645261584518420639e-01 3.817144707550357285e-02 3.657002866536740449e-02
1.500000000000000000e+01 7.309790732110899025e-01 6.776841639480846169e-01 3.898958181778666710e-02 3.897942653782027200e-02
3.000000000000000000e+00 6.484795982809834491e-01 5.908849665604396506e-01 4.018825105653300866e-02 3.775606150461041643e-02
9.000000000000000000e+00 5.674463207462350223e-01 5.096413275942307530e-01 3.945020454489311934e-02 3.744831613131421877e-02
0.000000000000000000e+00 4.955915843115723529e-01 4.112147241232690931e-01 3.743279470909305351e-02 3.783320701208142678e-02
2.000000000000000000e+00 4.233609871172490102e-01 3.280336914263352055e-01 3.605378270026377008e-02 3.625394557641714588e-02
8.000000000000000000e+00 3.429966742251652212e-01 2.518178104004743512e-01 3.884108969850702531e-02 3.803986118934971072e-02
7.000000000000000000e+00 3.865999122475159422e-01 4.403194103038837737e-01 3.817150477595798730e-02 3.657002866536746000e-02
9.000000000000000000e+00 4.592707062081048397e-01 5.249643900784557449e-01 3.701198529549060146e-02 3.800359645378825757e-02
8.000000000000000000e+00 5.323399218060067550e-01 6.112014119393314182e-01 4.015264987619659998e-02 3.915091228815981150e-02
2.000000000000000000e+00 6.152072948330731261e-01 7.072186608131810770e-01 3.941166064138479364e-02 3.881174901746797801e-02
1.000000000000000000e+00 4.986433757674599843e-01 7.263871556527035089e-01 3.909777016969995245e-02 4.129990801011385049e-02
5.000000000000000000e+00 4.203491532260014152e-01 6.368558417514046388e-01 3.827452893720678651e-02 3.887441171089633940e-02
0.000000000000000000e+00 3.410686423931591493e-01 5.476810878077853495e-01 4.013709960374839403e-02 4.213904571778159802e-02
6.000000000000000000e+00 2.674017799141738538e-01 4.603510318149715008e-01 3.921233442181951134e-02 3.901211384521169334e-02
1.100000000000000000e+01 1.201870477181942870e-01 6.168865800063597638e-01 3.873264169454895822e-02 3.489204175230375959e-02
5.000000000000000000e+00 6.821472075416717962e-01 1.849682566033938325e-01 3.895778886743772595e-02 3.714602345095452396e-02
