3.000000000000000000e+00 3.243819207824908957e-01 8.151026255074800275e-01 4.680846022801465889e-02 3.209064781674741962e-02
1.600000000000000000e+01 5.612883063928405525e-01 2.442025855178396321e-01 3.820194212531147215e-02 3.242263397562838989e-02
1.300000000000000000e+01 7.532028431730493079e-01 2.406825417905209541e-01 3.481659000781267554e-02 3.051922163893580620e-02
5.000000000000000000e+00 3.320007389143737608e-01 3.629641584381547714e-01 5.302838565162704132e-02 4.135103167414322378e-02
2.000000000000000000e+00 4.477838788222567867e-01 3.701359055336912451e-01 5.091290874584492032e-02 4.028155517014453402e-02
7.000000000000000000e+00 5.824889014952064903e-01 4.159491869342142323e-01 5.302688410511380290e-02 3.976271309805851084e-02
0.000000000000000000e+00 7.498400720050371060e-01 4.444981774166218425e-01 5.161473736127508705e-02 4.028432725601494013e-02
2.000000000000000000e+00 2.064229389114073943e-01 4.254572970903870432e-01 4.889942149937995253e-02 3.667478269374352395e-02
9.000000000000000000e+00 3.538310017718548917e-01 4.607633912614901850e-01 4.832687026355397819e-02 3.799002193569445129e-02
6.000000000000000000e+00 4.839455368710221528e-01 5.032499386103166383e-01 4.948771009769958873e-02 3.755029981449420351e-02
5.000000000000000000e+00 6.107643795050630153e-01 5.306376705581086206e-01 5.066258361656428288e-02 3.755494883350607438e-02
7.000000000000000000e+00 1.350905280089847171e-01 4.845707144245449127e-01 4.596124148385827279e-02 3.578133364251850912e-02
0.000000000000000000e+00 2.287000562360262390e-01 5.136136848338879179e-01 4.597256083449594022e-02 3.709980698465153992e-02
8.000000000000000000e+00 3.696399331700365165e-01 5.639063682421141532e-01 4.597645908025121964e-02 3.754414924896909422e-02
1.000000000000000000e+00 4.935675913068282572e-01 6.153849557608978005e-01 4.949735464645721450e-02 3.755806743011036453e-02
6.000000000000000000e+00 6.467629465017836754e-01 6.377358509959230037e-01 5.124200731527750463e-02 3.580362583305995994e-02
9.000000000000000000e+00 7.784574117296879647e-01 6.812368662697563249e-01 5.298934544228472987e-02 3.581228860140506232e-02
5.000000000000000000e+00 1.445227956282956749e-01 5.666365551896684893e-01 4.783410312418691357e-02 3.512660161099145917e-02
3.000000000000000000e+00 2.780971682147826973e-01 6.310512835541708387e-01 4.480213420338163832e-02 3.511458923888621797e-02
1.000000000000000000e+00 3.867562062530276457e-01 6.658657656216863119e-01 5.088120301370163689e-02 3.589233258091439893e-02
8.000000000000000000e+00 5.213296125989199670e-01 6.995979791639466150e-01 4.986734148247895515e-02 3.589504691499589839e-02
3.000000000000000000e+00 6.746224383757055687e-01 7.468199710768647082e-01 4.886303787233026164e-02 3.589106204155712021e-02
1.000000000000000000e+00 8.028013500778834466e-01 7.981455163548840659e-01 4.984060240418675125e-02 3.209798229394644764e-02
7.000000000000000000e+00 1.525809604947504505e-01 6.772013733879536090e-01 5.390808977707775562e-02 3.515559300905335416e-02
0.000000000000000000e+00 2.932596838390486571e-01 7.259026484993852391e-01 4.784377654883897879e-02 3.512660161099145917e-02
8.000000000000000000e+00 4.402605388354847715e-01 7.512760702377193622e-01 4.479124799116118716e-02 3.359375362821026556e-02
2.000000000000000000e+00 5.211172159570438556e-01 7.888138379140074985e-01 4.785443175390347026e-02 3.663987173731253488e-02
1.500000000000000000e+01 6.750722381840806863e-01 8.528422356862104259e-01 4.679777614705571409e-02 3.057090949006191494e-02
3.000000000000000000e+00 5.438825235917541523e-01 8.832351252867793878e-01 4.172809310431335739e-02 3.054659598690634414e-02
0.000000000000000000e+00 4.372954176104096868e-01 8.689737541396185261e-01 4.582130889918950567e-02 3.587910742124067465e-02
