6.000000000000000000e+00 5.053542279043371499e-01 1.499892191447605716e-01 3.338216728207427098e-02 4.061761954021880783e-02
2.000000000000000000e+00 4.313117827416320660e-01 1.887075416304422326e-01 3.181297191262882906e-02 4.519066129928456244e-02
8.000000000000000000e+00 2.040765409559275878e-01 7.326630997336542883e-01 3.496796923612155439e-02 4.718063199742050795e-02
6.000000000000000000e+00 3.342721078457401296e-01 2.152281585587829671e-01 3.118787074589085551e-02 4.103695694732248378e-02
2.000000000000000000e+00 2.469582244238364699e-01 2.533611059858829062e-01 3.087493953621933684e-02 4.394838163180700419e-02
0.000000000000000000e+00 2.091000187007318323e-01 3.703459092685567056e-01 3.468991467356818958e-02 4.015460878922999521e-02
5.000000000000000000e+00 3.058241121001058493e-01 6.855029369729417343e-01 3.685663694873181351e-02 5.025327306688576190e-02
0.000000000000000000e+00 3.031909393399611630e-01 3.447610973478928420e-01 3.308155708678495177e-02 4.409995548379308516e-02
3.000000000000000000e+00 4.823468481364189819e-01 2.737746725727806529e-01 3.522211482797465987e-02 4.251669103842858899e-02
9.000000000000000000e+00 5.852743044290187324e-01 2.211372409311559428e-01 3.475591809386202602e-02 4.189624197094229952e-02
5.000000000000000000e+00 6.611499304478034578e-01 3.085625632760459758e-01 3.678231613886662199e-02 4.848716702365485354e-02
8.000000000000000000e+00 5.415374946322757399e-01 3.508362032744734016e-01 3.801503785697235571e-02 4.623969558329626972e-02
1.000000000000000000e+00 4.579280637473144844e-01 3.976931337475909656e-01 3.442996100628537004e-02 4.479652981176346360e-02
3.000000000000000000e+00 3.660361199380613439e-01 4.235387169772243388e-01 3.305736617067545069e-02 4.351094332943267196e-02
1.500000000000000000e+01 2.786227238839804610e-01 4.664934806951979152e-01 3.271874973422594923e-02 4.584282922530585891e-02
7.000000000000000000e+00 1.771131287624377326e-01 4.934603326226800757e-01 3.349906184872875059e-02 4.355537792592262258e-02
1.000000000000000000e+00 1.346845597616547208e-01 6.345598280733654173e-01 3.349909004326961925e-02 4.355543431500441542e-02
2.000000000000000000e+00 2.360415660277382088e-01 5.932750411113558719e-01 3.445409553331296726e-02 4.538249695570462094e-02
8.000000000000000000e+00 3.268266767440936027e-01 5.585125536894595122e-01 3.321012419338026378e-02 4.705200850174340310e-02
0.000000000000000000e+00 4.270807971530081737e-01 5.204474000360017616e-01 3.452850092680098681e-02 4.714840563714889354e-02
7.000000000000000000e+00 5.293442297151298437e-01 4.976991703909501852e-01 3.458765307365119224e-02 4.832665550219716888e-02
8.000000000000000000e+00 6.419431606986355510e-01 4.617994984528556168e-01 3.857295143269801052e-02 4.922061981114872475e-02
1.500000000000000000e+01 6.057316430406949337e-01 5.840109352449330826e-01 3.860390903862809253e-02 4.979821317643651213e-02
6.000000000000000000e+00 4.933658245215161164e-01 5.997334236272033881e-01 3.458049166025750631e-02 4.832617619500156891e-02
7.000000000000000000e+00 3.993305881006038449e-01 6.620123450654655795e-01 3.501995996957812940e-02 4.835831797165035528e-02
5.000000000000000000e+00 2.613870344905319665e-01 8.233987149334245359e-01 3.322895814671475434e-02 4.764223302136316729e-02
1.000000000000000000e+00 3.605925435335486373e-01 8.009887915848724615e-01 3.465887248401522402e-02 5.009651141937032648e-02
3.000000000000000000e+00 5.789534266892384373e-01 7.310215853667489938e-01 3.841060726608047649e-02 5.565269682031770415e-02
1.600000000000000000e+01 7.064833689023071184e-01 7.318964619714977138e-01 3.422450738660121061e-02 3.952587052671319157e-02
1.600000000000000000e+01 9.151995480836946362e-01 4.996816554384718723e-01 2.717654882557485330e-02 3.956455343685555404e-02
