3.000000000000000000e+00 6.465028122049598647e-01 6.266989073257335230e-01 4.697695407461588424e-02 3.390548974895302159e-02
8.000000000000000000e+00 1.995692730449344365e-01 7.345781743054669022e-01 4.547551711370684258e-02 3.189077117340222145e-02
0.000000000000000000e+00 1.739104449104451056e-01 6.447753190063825190e-01 4.474487800769486046e-02 3.244693510605756170e-02
1.500000000000000000e+01 1.506017929144248257e-01 5.458833854864657553e-01 4.587435324190683450e-02 3.523525848019914974e-02
0.000000000000000000e+00 1.315736466767223334e-01 4.487418592747841606e-01 4.624789908534185368e-02 3.634572431355492794e-02
5.000000000000000000e+00 3.113859177600729611e-01 7.912746294796058066e-01 4.437555647556123972e-02 3.216251667277769677e-02
2.000000000000000000e+00 3.102057507902441502e-01 6.932281696334470222e-01 4.400131584408317753e-02 3.271995901543245377e-02
7.000000000000000000e+00 2.687189145610370811e-01 4.838327963826927758e-01 4.884512795613851766e-02 3.580456780262808447e-02
1.000000000000000000e+00 2.654645690549379822e-01 3.668300869655203300e-01 4.849253692008009820e-02 3.802146969869008020e-02
1.000000000000000000e+00 4.355878263380921211e-01 8.340364712465103691e-01 4.287984456812649059e-02 3.104813223485947127e-02
6.000000000000000000e+00 4.148937312266606225e-01 7.226744541394242161e-01 4.622866735231173640e-02 3.328657256025446820e-02
5.000000000000000000e+00 4.147749502628305107e-01 6.342460285469896375e-01 4.475894051768508630e-02 3.467353624319979843e-02
2.000000000000000000e+00 3.945470857197693748e-01 5.238464596285798969e-01 4.587871651081687485e-02 3.607617434439513993e-02
1.000000000000000000e+00 3.876131010506941310e-01 4.220250495957069137e-01 4.736345076717218827e-02 3.691581179859182438e-02
3.000000000000000000e+00 3.639693388857772050e-01 3.089947074397847437e-01 5.109526851217732757e-02 3.998166130862679246e-02
6.000000000000000000e+00 5.645691818638636228e-01 8.796038115479791752e-01 4.475196484573351619e-02 3.356354286571339163e-02
8.000000000000000000e+00 5.443057163814795096e-01 7.766898612132597801e-01 4.518206643586819560e-02 3.289121037226938604e-02
3.000000000000000000e+00 5.566030756611606289e-01 6.842400024279788884e-01 4.519473936977214112e-02 3.489970364695504923e-02
8.000000000000000000e+00 5.413962219726398128e-01 5.876319205799467316e-01 4.743084520734253129e-02 3.524081678454316080e-02
1.500000000000000000e+01 5.192600664864537308e-01 4.664824243112110636e-01 4.921547777457574435e-02 3.624764803340585484e-02
7.000000000000000000e+00 5.068978278993179210e-01 3.641763579310675070e-01 4.836086069017203615e-02 4.025429613669745388e-02
7.000000000000000000e+00 6.640071909940516992e-01 8.234325049682564845e-01 4.562762011207921464e-02 3.289926991356795227e-02
2.000000000000000000e+00 6.797182662611336301e-01 7.240809552621385592e-01 4.919866390393534683e-02 3.357921728396329186e-02
5.000000000000000000e+00 6.548280960343688673e-01 5.275535985022977714e-01 5.009716380113460321e-02 3.491710113955170947e-02
0.000000000000000000e+00 6.292997213028319603e-01 4.035487596047933612e-01 5.189444151075028877e-02 3.793239787157831611e-02
9.000000000000000000e+00 8.070028799071105041e-01 7.877592243142323980e-01 4.830733421933974814e-02 3.323549174333351175e-02
9.000000000000000000e+00 8.054192078334329041e-01 6.632123256813453605e-01 4.967445475577725311e-02 3.691658996120017466e-02
6.000000000000000000e+00 7.735622867334854824e-01 4.540885172850755991e-01 5.235767059477469676e-02 3.926775269869015039e-02
1.100000000000000000e+01 7.667266840512980686e-01 3.196070667575979796e-01 4.581532404977417539e-02 3.205907662893692223e-02
1.300000000000000000e+01 6.955853909226719090e-01 2.084625599952514008e-01 4.249345904165691135e-02 3.571669101095026333e-02
