6.000000000000000000e+00 5.235776847568901493e-01 5.807067993349306345e-01 4.749732399105227598e-02 3.707617665398965645e-02
1.400000000000000000e+01 6.480672716004396428e-01 3.008767187849269442e-01 3.933099018337959940e-02 3.063905563413166222e-02
1.200000000000000000e+01 6.367855588517943310e-01 2.676620829974040716e-01 3.210778888560228417e-02 2.525657639318690251e-02
8.000000000000000000e+00 3.352948027950817256e-01 3.006266966555449782e-01 5.145743206152370020e-02 3.810646332321537821e-02
3.000000000000000000e+00 2.405441973806755895e-01 3.786708572415252716e-01 4.487379812845565530e-02 3.804150726273708427e-02
9.000000000000000000e+00 3.642410008303547109e-01 3.798457865044390647e-01 4.950146009662931279e-02 3.907438780575234194e-02
3.000000000000000000e+00 4.847874763027384959e-01 3.631266726503462605e-01 5.083735970613811883e-02 4.008291323908025339e-02
0.000000000000000000e+00 6.139361792471522694e-01 3.711414013610010443e-01 5.219261780529771411e-02 4.158017910223626989e-02
5.000000000000000000e+00 7.902699310822862699e-01 4.608497209079510659e-01 5.480718797733674652e-02 3.963081468952173170e-02
9.000000000000000000e+00 5.079501412532940741e-01 4.706231779597528364e-01 4.877662254407894027e-02 3.511498963758136194e-02
2.000000000000000000e+00 6.457375087704977368e-01 5.079100590772611667e-01 5.275835533077499750e-02 3.714001325314819635e-02
6.000000000000000000e+00 1.206432142268153429e-01 4.397077792032585419e-01 4.548384993983295432e-02 3.558003025215322745e-02
7.000000000000000000e+00 2.606665419065489764e-01 4.955212263873489675e-01 4.413757483516575486e-02 3.407683943518297065e-02
8.000000000000000000e+00 3.794179065448949895e-01 5.208634279195270000e-01 4.746843642821674258e-02 3.609481863561592174e-02
8.000000000000000000e+00 1.637777653714806436e-01 5.629591872193302482e-01 4.654627334011499085e-02 3.607761715680091186e-02
5.000000000000000000e+00 3.074058267605442318e-01 5.959527157442413570e-01 4.432176717816138645e-02 3.534303209958844505e-02
1.500000000000000000e+01 6.597646321459160745e-01 6.449712784530525767e-01 4.810379898699368439e-02 3.490993708853062927e-02
3.000000000000000000e+00 1.930205797005771773e-01 6.611144021542156857e-01 4.488755931150781309e-02 3.191262036088649001e-02
1.000000000000000000e+00 3.010487335730788194e-01 6.854834368484081786e-01 4.653486029544079416e-02 3.548517638325809909e-02
0.000000000000000000e+00 4.259584051028363350e-01 6.759494762591895523e-01 4.890546981158500062e-02 3.491861973974208500e-02
6.000000000000000000e+00 5.513716157949900554e-01 7.030189246958893357e-01 4.734638784043276871e-02 3.608635441588148307e-02
2.000000000000000000e+00 4.317429347811677087e-01 7.384355955071675304e-01 4.575607016806693128e-02 3.607024509445133642e-02
1.500000000000000000e+01 2.311381693771531465e-01 7.622392203230985430e-01 4.252666999609092113e-02 3.247923161227161959e-02
1.000000000000000000e+00 3.413275525431097024e-01 8.201544697869275202e-01 4.479592730689863078e-02 3.408404767392458901e-02
2.000000000000000000e+00 6.912747379025271366e-01 7.803745210064716442e-01 5.405474614687810764e-02 3.517505829376144089e-02
7.000000000000000000e+00 5.649192001665492846e-01 8.200688992558056167e-01 4.612300774552291482e-02 3.459222850520760062e-02
0.000000000000000000e+00 4.526547043169523166e-01 8.552373773013218772e-01 4.346966598631318845e-02 3.357570301903400889e-02
7.000000000000000000e+00 8.135725286978064963e-01 7.976511675536861468e-01 5.364622467698487718e-02 3.438187899283884352e-02
1.000000000000000000e+00 6.972541084583587789e-01 8.515566157860223750e-01 4.969709278823375431e-02 3.551957934088834090e-02
5.000000000000000000e+00 5.578269212353098583e-01 9.192864283752345544e-01 4.594755266160799323e-02 3.377868046905319055e-02
