8.000000000000000000e+00 8.490704578050103368e-01 4.985350895390114889e-01 4.677817306628362370e-02 3.721449453766195736e-02
2.000000000000000000e+00 5.566689388598096144e-01 7.889594551295796288e-02 4.692998123634739560e-02 3.216077634722919187e-02
2.000000000000000000e+00 6.812249148346245509e-01 1.448058007817424331e-01 4.961966064620848549e-02 3.509068583873356517e-02
7.000000000000000000e+00 7.677431720372263069e-01 2.143676286146370680e-01 4.579144948404378912e-02 3.465055433361624582e-02
9.000000000000000000e+00 8.850660585057876784e-01 3.020862981460601393e-01 4.668747787016613859e-02 3.562853905581347957e-02
6.000000000000000000e+00 4.328857024888947413e-01 1.040453514043382793e-01 4.912650551731934101e-02 3.380858288241955778e-02
3.000000000000000000e+00 5.464213559633289696e-01 1.883210724564534089e-01 4.975375491078071200e-02 3.762235721160853141e-02
2.000000000000000000e+00 6.440648019868222551e-01 2.491311386189387911e-01 4.798242340796166072e-02 3.597897915279107961e-02
6.000000000000000000e+00 7.545426515721019856e-01 3.172835890845614459e-01 4.538379347232801564e-02 3.495056884629416105e-02
5.000000000000000000e+00 8.703555456901985732e-01 3.781606138098055347e-01 4.833239113412601817e-02 3.473073927914205328e-02
8.000000000000000000e+00 3.063450310196129678e-01 1.294459404755909926e-01 5.048061549945725979e-02 3.542934618855921036e-02
9.000000000000000000e+00 4.128181503745031455e-01 1.949643774793604067e-01 5.017044501429746006e-02 3.763469789910109387e-02
5.000000000000000000e+00 5.171519170783960284e-01 2.808752691474151186e-01 5.007989743405893979e-02 3.573502915099441291e-02
1.500000000000000000e+01 6.241478180691101274e-01 3.452966249377313890e-01 4.761113994885546319e-02 3.692708642105896333e-02
1.000000000000000000e+00 2.676531377175909165e-01 2.345887160048780173e-01 5.186926759730381420e-02 3.715597960318761661e-02
7.000000000000000000e+00 3.772480229220486203e-01 3.220519657806986125e-01 5.075721813371020241e-02 3.893850038964241644e-02
1.500000000000000000e+01 4.990369097200037518e-01 3.871148454199849764e-01 5.131219479276538653e-02 3.804914424125538375e-02
1.000000000000000000e+00 6.017729411948961049e-01 4.616565539805876917e-01 5.124018776694172495e-02 3.668346117419635233e-02
0.000000000000000000e+00 7.076493085969464136e-01 5.257582032999544852e-01 4.935554631532723668e-02 3.571170584209704124e-02
3.000000000000000000e+00 8.262573684321071754e-01 5.930102264262577805e-01 4.751518962744194496e-02 3.520119108582597800e-02
5.000000000000000000e+00 3.612957210467269142e-01 4.289961716905528188e-01 5.067222091052575594e-02 3.756871360114449887e-02
1.000000000000000000e+00 4.582008219661499737e-01 4.999825222799147983e-01 5.249923312294063615e-02 3.762752376737688031e-02
0.000000000000000000e+00 5.720598723085111859e-01 5.560849999652754949e-01 5.068172737313969556e-02 3.756906787925440305e-02
6.000000000000000000e+00 7.031264466309243844e-01 6.346865880486987077e-01 5.017103547781376349e-02 3.938161373551740674e-02
3.000000000000000000e+00 2.081012902621815486e-01 4.442824750041499682e-01 5.136164611226312626e-02 3.896397889037467310e-02
7.000000000000000000e+00 3.315391645223598749e-01 5.188109571819856658e-01 5.370584531868416445e-02 3.721508500117831630e-02
8.000000000000000000e+00 4.539875252601834332e-01 6.077460406035243290e-01 5.070602494683917882e-02 3.803016083920351953e-02
0.000000000000000000e+00 5.440534496467248626e-01 6.621680295980624242e-01 5.313917748200436275e-02 3.810792488431213876e-02
1.200000000000000000e+01 2.587205023105234591e-01 6.474518483327158513e-01 3.680852134696779854e-02 2.971649357478012288e-02
1.600000000000000000e+01 2.522299206761308143e-01 7.301816325678058828e-01 4.432955038698896399e-02 3.342554919933704571e-02
