8.000000000000000000e+00 4.427246015266899093e-01 8.333387090747033099e-01 4.148115733693713558e-02 4.036031853822652504e-02
1.400000000000000000e+01 8.722958505627720349e-01 7.629012097897698297e-01 3.525203245194774571e-02 3.717862484762834985e-02
3.000000000000000000e+00 4.353310397441659818e-01 2.178643777505949730e-01 4.350232887905874923e-02 4.571733259696786345e-02
6.000000000000000000e+00 3.358227032650250021e-01 2.826612595022606200e-01 4.561927036581381323e-02 4.451602561039735839e-02
7.000000000000000000e+00 2.395952539659192138e-01 3.365861388712279578e-01 4.248556584237422884e-02 4.331701091034756423e-02
6.000000000000000000e+00 1.332771891730702152e-01 4.116547565217194005e-01 4.132173922891337059e-02 4.160223174316179939e-02
8.000000000000000000e+00 5.435411489001349405e-01 2.808342773753845778e-01 4.543686985267425538e-02 4.239271335331240564e-02
1.500000000000000000e+01 4.410628128790713420e-01 3.477092657077517357e-01 4.341840737644070414e-02 4.286617471465897777e-02
3.000000000000000000e+00 2.448353316421550963e-01 4.690991441435257148e-01 4.318033704780085968e-02 4.456449109683302545e-02
1.000000000000000000e+00 1.346218831469976618e-01 5.194656952385776627e-01 4.248559561232904958e-02 4.331704068030239885e-02
1.000000000000000000e+00 6.836685941346919426e-01 3.642347760141521062e-01 4.351271859328842417e-02 4.185762818550292641e-02
2.000000000000000000e+00 5.606283884839025067e-01 4.169272090238144712e-01 4.419951145082523514e-02 4.034388552316958698e-02
9.000000000000000000e+00 4.574578712434810290e-01 4.730900596308291739e-01 4.211597185337040417e-02 4.322040740697929984e-02
2.000000000000000000e+00 3.413683695274167262e-01 5.397373226938539936e-01 4.034653504914798017e-02 3.923388298801067098e-02
5.000000000000000000e+00 2.410429222135449523e-01 5.992928317762493684e-01 3.828791290387165147e-02 3.939190190815822223e-02
1.500000000000000000e+01 1.359691522220164706e-01 6.345804690941535542e-01 4.433234498920098077e-02 3.937392085545132758e-02
5.000000000000000000e+00 6.619948762326086644e-01 4.885685159715228432e-01 4.186584469303122891e-02 3.965953380192749345e-02
7.000000000000000000e+00 5.474715569542809579e-01 5.446845235546392550e-01 4.111022369996675252e-02 3.944733356402019275e-02
0.000000000000000000e+00 4.424585920954580698e-01 5.993719900860972061e-01 4.030646468996956777e-02 4.168234269156367855e-02
0.000000000000000000e+00 3.354570389100564598e-01 6.569892071805707445e-01 3.890656233484135473e-02 3.780266264041920454e-02
3.000000000000000000e+00 2.360754480135320299e-01 7.001254846952482680e-01 3.753318500945154734e-02 3.919583698575956898e-02
5.000000000000000000e+00 1.385999528987993390e-01 7.568437980041419211e-01 3.786172623076818067e-02 4.035531718581775174e-02
6.000000000000000000e+00 6.631347380324450480e-01 6.043229717311437987e-01 4.140506533243504261e-02 4.058168792221616972e-02
9.000000000000000000e+00 5.418508108658506295e-01 6.677160959185329814e-01 4.102722506594791430e-02 3.772145020368911084e-02
8.000000000000000000e+00 4.366215226303788999e-01 7.146873390122259195e-01 3.948228349097065992e-02 3.727579398013802781e-02
7.000000000000000000e+00 3.259756506565846257e-01 7.720284993157178199e-01 3.833536621184363558e-02 3.834346363955265513e-02
1.000000000000000000e+00 2.498248356087297006e-01 8.131175863477674293e-01 3.814326069343507153e-02 3.620038413247184117e-02
2.000000000000000000e+00 3.392306337272248395e-01 8.877160322169191931e-01 4.024028608042024002e-02 3.886455692860013578e-02
0.000000000000000000e+00 6.495201339076634994e-01 7.169488136295981695e-01 4.175569586022309654e-02 3.983785583125754037e-02
