1.600000000000000000e+01 2.656210307451735697e-01 3.788071866025601309e-01 3.312344028183833444e-02 4.256784036791405601e-02
1.000000000000000000e+01 1.108587982367079949e-01 4.718989527189676458e-01 2.995007249223535783e-02 3.622544357007795313e-02
5.000000000000000000e+00 5.906111946507388577e-01 8.696605382818665131e-01 3.468596505310284073e-02 4.532172688598146149e-02
1.000000000000000000e+00 6.865653731672713977e-01 7.906048707666155639e-01 3.350119600006973286e-02 4.544169137346887322e-02
7.000000000000000000e+00 8.140404039014688120e-01 6.604331747154044141e-01 3.338004820857254362e-02 4.219735351717246452e-02
8.000000000000000000e+00 8.525402986482401024e-01 5.328458146219745561e-01 3.112010659295383341e-02 4.179621345779149788e-02
8.000000000000000000e+00 7.547843425591884703e-01 6.180170226520069754e-01 3.283240384319496830e-02 4.470201367161563688e-02
9.000000000000000000e+00 5.234862461638520870e-01 8.005241138475504004e-01 3.754843380103789485e-02 4.829897612288402975e-02
3.000000000000000000e+00 6.210397163976733026e-01 6.440491192194111036e-01 3.659316937812961967e-02 4.805341236690952034e-02
3.000000000000000000e+00 4.391473516353109341e-01 8.192090476431264090e-01 3.880087657387959466e-02 5.019699575488101306e-02
1.500000000000000000e+01 3.847226501309883862e-01 8.080224859675102511e-01 3.593178695826965141e-02 4.882920901497189714e-02
7.000000000000000000e+00 3.905998816703325494e-01 7.546447408599165074e-01 4.001607344431201696e-02 4.874643408208378936e-02
1.000000000000000000e+00 5.092821747410893884e-01 6.482061789020667764e-01 3.967156293397977596e-02 5.068305196392985934e-02
2.000000000000000000e+00 6.023188608732232829e-01 5.418176819734010774e-01 3.935652232827691055e-02 4.893773489702946122e-02
7.000000000000000000e+00 6.836336811347529796e-01 5.367636215033757541e-01 3.452633170737651191e-02 4.559698593782535170e-02
3.000000000000000000e+00 7.902379901757138336e-01 4.587997773285649172e-01 3.486532013232879201e-02 4.515989597566522074e-02
0.000000000000000000e+00 8.702522184607581757e-01 3.963834490625062212e-01 3.307638986048955232e-02 4.454570484667913499e-02
2.000000000000000000e+00 3.963487388115470855e-01 6.135339627146036978e-01 3.988895278495485641e-02 5.186274971406312773e-02
6.000000000000000000e+00 4.934068413607171633e-01 5.194581243574258878e-01 3.800290706258258044e-02 5.065885057953550819e-02
6.000000000000000000e+00 5.532230703691473073e-01 4.592013399965207965e-01 3.709821479914809927e-02 5.035510770973739003e-02
1.500000000000000000e+01 6.677694060120930031e-01 3.848350076641258166e-01 3.483940013972941507e-02 4.792586909897739167e-02
3.000000000000000000e+00 7.546529394662714330e-01 3.229322333383955468e-01 3.592522243840479135e-02 4.825003804990013467e-02
2.000000000000000000e+00 8.482773050827868699e-01 2.389308199308892711e-01 3.417855302406436202e-02 4.630972938649915993e-02
5.000000000000000000e+00 7.877450503657503766e-01 1.726996604062022156e-01 3.554600167711330361e-02 4.872231721940437077e-02
1.000000000000000000e+00 3.774327930819288413e-01 4.550485909213300428e-01 4.067599082111195141e-02 5.379209872841927975e-02
5.000000000000000000e+00 5.809380224560682926e-01 3.055709095996895774e-01 3.967274623798966449e-02 5.325811870696645078e-02
8.000000000000000000e+00 6.852663871033708443e-01 2.105635574215179995e-01 3.633368771308553846e-02 5.028715225087887486e-02
9.000000000000000000e+00 5.903882263665739538e-01 1.410197664948160678e-01 3.863527036029323902e-02 5.309755562237508664e-02
0.000000000000000000e+00 4.925264209164396667e-01 2.098541244066815803e-01 3.951153515358341028e-02 5.745321316137125267e-02
0.000000000000000000e+00 3.849656641485604269e-01 2.957198191949480526e-01 4.198328818698737752e-02 5.757419190943852128e-02
