6.000000000000000000e+00 2.509282902508848112e-01 4.450877508081116929e-01 4.998880421604495750e-02 3.571235926581994846e-02
0.000000000000000000e+00 8.499119253373238481e-01 2.939034365514203162e-01 4.472358427941758308e-02 3.161689330029526790e-02
5.000000000000000000e+00 8.419870702726864886e-01 3.779534249820877267e-01 4.356781980274604393e-02 3.223945344969947335e-02
7.000000000000000000e+00 8.376593952879395344e-01 4.750762780155209919e-01 4.392303131351726897e-02 3.336428068473390463e-02
1.000000000000000000e+00 8.308186431000423866e-01 5.816337317996467249e-01 4.659320003318379033e-02 3.345291767909364111e-02
2.000000000000000000e+00 7.157634285129387264e-01 5.071412636695540321e-01 4.723389676034828177e-02 3.435446594767505024e-02
5.000000000000000000e+00 7.095284269633506113e-01 6.167461739910408136e-01 4.670638776085311861e-02 3.545872364939595123e-02
3.000000000000000000e+00 7.517154339007514618e-01 2.159142859941187431e-01 4.255941502037785540e-02 2.999353135462673459e-02
9.000000000000000000e+00 7.556646460608605897e-01 3.251520964992902218e-01 4.328150516968665151e-02 3.246107358282057653e-02
6.000000000000000000e+00 7.309403434900796359e-01 4.148411229578938819e-01 4.355620796942372142e-02 3.201683801657917439e-02
6.000000000000000000e+00 5.760065267828102797e-01 9.947401469306293986e-02 4.279480347015252040e-02 2.889181719734784659e-02
0.000000000000000000e+00 5.539467528983679223e-01 1.951137324918045812e-01 4.290273822560464190e-02 3.088570721488395621e-02
0.000000000000000000e+00 6.724808174543641659e-01 1.662091699250244914e-01 4.073845837767609002e-02 2.926231762199324460e-02
1.000000000000000000e+00 6.591221220449274831e-01 2.564217794775714987e-01 4.441653422971147958e-02 3.160713383086005690e-02
1.500000000000000000e+01 6.259430501016829407e-01 3.476760395971771334e-01 4.566292630074075820e-02 3.253505754941643513e-02
2.000000000000000000e+00 5.344063874309588069e-01 2.919622974338337285e-01 4.656704576098658066e-02 3.277879546029421887e-02
8.000000000000000000e+00 6.168555740492693840e-01 4.472736093129640600e-01 4.486292627928423205e-02 3.428324670329885304e-02
8.000000000000000000e+00 4.887699609926926536e-01 3.802821228604145176e-01 4.595988511434545565e-02 3.253737991608096625e-02
5.000000000000000000e+00 4.946920512814690918e-01 4.691317658295438564e-01 4.486328569317277193e-02 3.429040733384752793e-02
1.000000000000000000e+00 4.242532603405522740e-01 1.202648363731641801e-01 4.553550025364050402e-02 3.258692373825573807e-02
8.000000000000000000e+00 4.280531636771931492e-01 2.236740871422474297e-01 4.492833960699937901e-02 3.446701778923405568e-02
7.000000000000000000e+00 2.997711585777487753e-01 1.458440601722935936e-01 4.546834515092701423e-02 3.104351755917733602e-02
7.000000000000000000e+00 4.023175533657134539e-01 3.087684632149708674e-01 4.702493905499272042e-02 3.373046814271679628e-02
3.000000000000000000e+00 2.984064363957216193e-01 2.501819120168770061e-01 4.629499709458023693e-02 3.344340703465825682e-02
9.000000000000000000e+00 3.861447025034145941e-01 4.225428925866336893e-01 4.671440545528998678e-02 3.454683531971336485e-02
2.000000000000000000e+00 3.545207315142372417e-01 5.027627039723558955e-01 4.817788351500029709e-02 3.536339602726512599e-02
1.400000000000000000e+01 4.176881647815579024e-01 7.629293684011297927e-01 3.837362557993950762e-02 3.160934560863581932e-02
1.400000000000000000e+01 3.781341686971925187e-01 8.055258030520277002e-01 4.179872934888362312e-02 3.548156025492965604e-02
