1.000000000000000000e+00 1.851735863006717109e-01 6.584765946652288982e-01 4.380623218085261117e-02 3.608325234606146736e-02
1.100000000000000000e+01 4.142456593869339176e-01 1.632144234101818026e-01 4.105232110968687342e-02 3.032949879759166967e-02
1.000000000000000000e+00 5.097538738723568219e-01 2.403992393566695418e-01 3.215352703972584880e-02 2.776684798634215801e-02
8.000000000000000000e+00 8.044680509034030091e-01 4.401169451313773351e-01 5.532779165574419622e-02 4.016722838638053794e-02
8.000000000000000000e+00 8.743296697718481170e-01 7.850623973825052726e-01 5.707430993949025311e-02 3.816767854763625234e-02
3.000000000000000000e+00 6.611629064024565627e-01 4.297932399370749668e-01 5.563025799718035458e-02 4.393646074452639549e-02
3.000000000000000000e+00 6.783331668066436837e-01 5.216359286136383888e-01 5.562996215764459684e-02 4.392873933264124231e-02
9.000000000000000000e+00 7.099410178225249446e-01 6.434590698114404095e-01 5.006806054816270724e-02 3.755061644379498187e-02
2.000000000000000000e+00 7.227633245685689545e-01 7.561012747739574991e-01 5.077635956485504476e-02 3.642429616297027106e-02
2.000000000000000000e+00 7.167268667596566889e-01 8.402338970114688887e-01 4.622806337304541380e-02 3.632240902682914996e-02
5.000000000000000000e+00 5.075773380313003402e-01 3.588875589707434255e-01 5.396408973136668230e-02 3.809076026831959005e-02
0.000000000000000000e+00 5.282798041575236248e-01 4.695889530343558826e-01 4.892730329798911093e-02 3.761502071074601661e-02
9.000000000000000000e+00 5.556552268540047024e-01 5.942900064447683706e-01 5.140330270919291067e-02 3.624986917264272357e-02
7.000000000000000000e+00 5.775987990009561202e-01 6.953837897025398895e-01 4.888884415833083530e-02 3.666706208607495299e-02
1.000000000000000000e+00 2.231728877764884711e-01 7.646855026654666432e-01 4.302577790137054881e-02 3.226189306170168525e-02
5.000000000000000000e+00 5.847407795713240874e-01 7.954068705122232519e-01 5.140194184732815863e-02 3.621235671949918355e-02
8.000000000000000000e+00 6.217001015348488924e-01 8.913494366041567751e-01 4.421061524238323326e-02 3.039573726966471323e-02
2.000000000000000000e+00 3.446517900903948162e-01 3.322229499270092923e-01 5.157151706926788037e-02 4.051960285751166069e-02
6.000000000000000000e+00 3.913958863657943654e-01 4.266833303604641303e-01 5.017296524756914566e-02 3.716993012908459404e-02
1.500000000000000000e+01 4.002170373495758104e-01 5.426217498472829526e-01 4.768167093236269638e-02 3.806383887055875270e-02
6.000000000000000000e+00 4.518137007793895377e-01 6.460822198077680323e-01 4.886958500454802179e-02 3.619212129524818078e-02
5.000000000000000000e+00 4.561025752822267521e-01 7.581457922221483958e-01 4.696307669982341393e-02 3.614863288348058035e-02
1.000000000000000000e+00 4.697125252084735081e-01 8.437756879344660010e-01 4.502213267312776823e-02 3.223236827602538046e-02
0.000000000000000000e+00 3.467455056533947921e-01 7.994926215897572019e-01 4.302613290881357466e-02 3.226958488963327376e-02
0.000000000000000000e+00 3.349685331152413292e-01 7.166756865199577220e-01 4.559339881682206164e-02 3.327526180774531550e-02
1.500000000000000000e+01 3.161551947210124447e-01 6.119461241186545664e-01 4.693423234507965169e-02 3.520094051439193183e-02
7.000000000000000000e+00 2.915286242396344374e-01 4.963180403049249900e-01 4.699198022247436102e-02 3.662386951384344336e-02
7.000000000000000000e+00 2.495114964437110394e-01 4.057556563875875932e-01 4.959675858362649903e-02 3.905315586233920611e-02
3.000000000000000000e+00 1.456377090677132280e-01 4.490208128493777262e-01 4.440548474463669459e-02 3.514579602491263444e-02
6.000000000000000000e+00 1.873314694589939544e-01 5.629401866720409320e-01 4.440548474463668072e-02 3.514579602491263444e-02
