1.600000000000000000e+01 4.450157947143414949e-01 9.154540300479783177e-01 3.600281667029087140e-02 3.030517520238573681e-02
1.400000000000000000e+01 4.386217980212696599e-01 7.553842717408278951e-01 3.641357074170203934e-02 2.598750932652604817e-02
6.000000000000000000e+00 2.403986924650194923e-01 5.342435948027703940e-01 5.566244627274341550e-02 3.990006754776243003e-02
1.500000000000000000e+01 1.690741544763113002e-01 3.309816296826696425e-01 4.703178030962082423e-02 3.412132369571851953e-02
1.000000000000000000e+00 1.458624600151054163e-01 2.344298726192860505e-01 4.513170651810716194e-02 3.192250220493250690e-02
3.000000000000000000e+00 3.747667209971985436e-01 5.814555568896739857e-01 5.035264162049446490e-02 4.007451314965271294e-02
6.000000000000000000e+00 3.485385667623380757e-01 4.459871981772901561e-01 4.705804595483936703e-02 3.436679906754153135e-02
8.000000000000000000e+00 3.302838609980163209e-01 3.658254095738817657e-01 4.354245658458705259e-02 3.265703455914720221e-02
3.000000000000000000e+00 2.625375848987417937e-01 2.569791211600980230e-01 4.410040256331998476e-02 3.169719950733704272e-02
9.000000000000000000e+00 2.497043333632091577e-01 1.702697353584292084e-01 4.265208689123883845e-02 3.061152539248934712e-02
1.500000000000000000e+01 3.569123124486679455e-01 1.485698799087593058e-01 3.980812406658995606e-02 2.894800708283407076e-02
9.000000000000000000e+00 3.888249753288243182e-01 2.269305094389064692e-01 4.063674067556860559e-02 3.048403958053524931e-02
5.000000000000000000e+00 4.261900101486774117e-01 2.958929096130324954e-01 4.254784768482294810e-02 2.960596561243039604e-02
2.000000000000000000e+00 4.517029264374617936e-01 3.920561025466551275e-01 4.684805802216751580e-02 3.235049224833658199e-02
5.000000000000000000e+00 4.825273078503192203e-01 4.774227978963300201e-01 4.477669489752023058e-02 3.174130493248467078e-02
8.000000000000000000e+00 5.064851167997859172e-01 5.971160567483527748e-01 4.772146620167549980e-02 3.437736570642258016e-02
6.000000000000000000e+00 6.572321903574606106e-01 6.368390713417739768e-01 4.467871333698725245e-02 3.673183241563504620e-02
0.000000000000000000e+00 6.202917148541020609e-01 5.295657300472367268e-01 4.250204061912843390e-02 3.510001402262297177e-02
7.000000000000000000e+00 5.711906573017948574e-01 4.260360528478903119e-01 4.298365978558049694e-02 3.362156284536943485e-02
3.000000000000000000e+00 5.409579664975514568e-01 3.382671076246082653e-01 4.371201683135839122e-02 3.416756989445757231e-02
7.000000000000000000e+00 5.282923540017208097e-01 2.608639528061575397e-01 3.986120427333261773e-02 2.943212381847626347e-02
7.000000000000000000e+00 4.733849146613874348e-01 1.602211911323658811e-01 3.918735461669170528e-02 2.939051596251882059e-02
0.000000000000000000e+00 5.948906951541954591e-01 2.019971252625691327e-01 3.898936050529533404e-02 2.871150649260620358e-02
0.000000000000000000e+00 6.252754357750645031e-01 2.834676812902911514e-01 3.817647034846938237e-02 2.835792205441367564e-02
5.000000000000000000e+00 6.853486166832662985e-01 4.522418936349318352e-01 4.112228459360511845e-02 3.057315614273431459e-02
2.000000000000000000e+00 7.420633355136672105e-01 5.729084908798802722e-01 4.065312582728808355e-02 3.315355680329390431e-02
2.000000000000000000e+00 7.058624149487188193e-01 2.298880430471648140e-01 3.658840058500612002e-02 2.899587258467425932e-02
1.000000000000000000e+00 7.432001960740035607e-01 3.058147090641541999e-01 3.693355915790907940e-02 2.918159841664275111e-02
1.000000000000000000e+00 8.366909899742636103e-01 4.848925607649350877e-01 3.943744088548084559e-02 3.158980403216460342e-02
8.000000000000000000e+00 7.831207656457767063e-01 4.136885922427316897e-01 3.555440694032174775e-02 3.088011014077413074e-02
