2.000000000000000000e+00 5.023633060728914801e-01 6.215468463837540147e-01 3.863024877006054902e-02 5.325922395999072023e-02
2.000000000000000000e+00 5.789986510249602869e-01 1.908065570151092349e-01 3.579983839448441785e-02 4.712711773458372333e-02
2.000000000000000000e+00 4.930599700383054840e-01 2.393179122925582492e-01 3.669134509923271947e-02 4.525708200581840535e-02
6.000000000000000000e+00 2.882649861106119094e-01 3.422398108410816819e-01 3.324937768703400964e-02 4.555275827410926182e-02
8.000000000000000000e+00 2.078908780030845893e-01 3.735062072163438662e-01 3.144691508590924389e-02 4.009597869560138639e-02
3.000000000000000000e+00 1.630753412027692861e-01 4.885045296615617705e-01 3.106777723800954738e-02 4.203755292117422604e-02
1.500000000000000000e+01 2.612540917463306300e-01 4.321291324806214584e-01 3.114662604124046608e-02 4.336255270423966524e-02
9.000000000000000000e+00 3.495711310235310454e-01 4.108702353830312459e-01 3.222107923367667492e-02 4.412376870778855764e-02
6.000000000000000000e+00 4.507731518532738235e-01 3.725158225477766538e-01 3.598332438818169221e-02 4.712981526462922677e-02
9.000000000000000000e+00 5.470550936823679322e-01 3.355443119780148753e-01 3.803263796377320816e-02 4.689167731220955648e-02
8.000000000000000000e+00 6.723627555297027047e-01 2.910797373242736130e-01 3.846316375904024198e-02 5.040369957969087489e-02
3.000000000000000000e+00 6.574365934546559931e-01 4.552036831012590823e-01 3.951126208293154196e-02 5.148700067067646380e-02
1.500000000000000000e+01 5.195921337454060263e-01 4.811081720297147868e-01 3.629931305771538774e-02 4.717990839757485455e-02
7.000000000000000000e+00 4.222165862605523623e-01 5.320038471391099755e-01 3.381941973625596232e-02 4.692596291908834871e-02
6.000000000000000000e+00 3.146653080367370903e-01 5.607624577322418702e-01 3.438946178547802601e-02 4.830003077368194564e-02
5.000000000000000000e+00 2.228258475137298855e-01 5.862870804796855850e-01 3.512140958803294799e-02 4.376850400079179693e-02
0.000000000000000000e+00 1.385846412588277177e-01 6.181740706172230704e-01 3.366331367252101137e-02 4.427116174947642868e-02
5.000000000000000000e+00 6.134216431089043464e-01 6.097007780652978770e-01 3.868711270342040098e-02 5.421528255872876123e-02
8.000000000000000000e+00 3.864158846564532679e-01 6.559914456833626506e-01 3.686833004552020343e-02 4.739673586263470906e-02
7.000000000000000000e+00 2.883681666348536510e-01 6.688786526981926883e-01 3.424379516301928605e-02 5.093044627168230587e-02
0.000000000000000000e+00 1.793561354284314846e-01 7.327329114674228094e-01 3.247100539239536343e-02 4.504713324237452632e-02
3.000000000000000000e+00 2.537680142651691506e-01 8.250768910348460494e-01 3.418366721830431998e-02 4.997848791861347895e-02
5.000000000000000000e+00 3.589534507378501771e-01 8.042165944644339426e-01 4.133654578824164094e-02 5.071539917645218054e-02
1.000000000000000000e+00 5.768122489724547552e-01 7.650485121538950217e-01 3.957745947024904343e-02 5.716994116820184324e-02
1.200000000000000000e+01 8.347262527360226336e-01 7.577241785742636626e-01 3.064912057494273423e-02 3.822594296683601289e-02
1.200000000000000000e+01 7.655653049600181781e-01 4.395300084752947756e-01 3.507166713399323399e-02 3.610374212941430683e-02
0.000000000000000000e+00 4.050131693210666795e-01 1.738604035160660755e-01 3.358932042337198220e-02 4.295258208791949417e-02
1.000000000000000000e+00 3.147625674825287878e-01 2.176726749418467499e-01 3.558293000352319435e-02 4.317256566313271149e-02
7.000000000000000000e+00 2.375117810505715799e-01 2.292807266967352153e-01 3.301574460979037062e-02 4.158164336817868345e-02
1.000000000000000000e+00 5.207195664279364866e-01 1.176523880744510669e-01 3.701993123407920638e-02 4.204219267285255746e-02
