0.000000000000000000e+00 3.360823357543959999e-01 4.651188943884371207e-01 5.172778080144813107e-02 3.759799683899461842e-02
1.600000000000000000e+01 5.912144184876733100e-01 7.181445553682834770e-01 3.566026627262297577e-02 2.824766031170300451e-02
1.600000000000000000e+01 3.355626910164039023e-01 8.945648048837258060e-01 3.409710018630701667e-02 2.659174325783075776e-02
1.000000000000000000e+00 2.100803944045206983e-01 5.311530303775481299e-01 5.366536544118730157e-02 3.963291454254735946e-02
0.000000000000000000e+00 1.488401817725061860e-01 3.295489231610493341e-01 5.259718249198709616e-02 3.764781619129736745e-02
6.000000000000000000e+00 2.129511068951698283e-01 1.670392903988521804e-01 4.976401692385559739e-02 3.492071009959743511e-02
2.000000000000000000e+00 2.563741592684936066e-01 2.560902735978141109e-01 5.185248970150088677e-02 3.889613097553759613e-02
7.000000000000000000e+00 2.889924535546776196e-01 3.778759275723024835e-01 4.907600203739526101e-02 3.679324064661076976e-02
8.000000000000000000e+00 3.999837102329269478e-01 5.845631117680072375e-01 5.358452208683528450e-02 3.899037039474440025e-02
2.000000000000000000e+00 5.285930394652776920e-01 5.942390689828459527e-01 4.933557633111629315e-02 3.940415995359036749e-02
9.000000000000000000e+00 4.741564517718330762e-01 4.905060278884327829e-01 4.901506307570324683e-02 3.615837223967210967e-02
5.000000000000000000e+00 4.305944918371235608e-01 3.981954960941169186e-01 4.734373616944909102e-02 3.724178992929538801e-02
3.000000000000000000e+00 3.773491178366593646e-01 2.899004090614978324e-01 5.033648710277810467e-02 3.740840895817476586e-02
3.000000000000000000e+00 3.388871623705145275e-01 1.965212127600948211e-01 4.605135154222267380e-02 3.418801247829489354e-02
8.000000000000000000e+00 3.128950608305599568e-01 9.147024987778448746e-02 4.505368034180040615e-02 3.414140351190496359e-02
2.000000000000000000e+00 6.884074802902816481e-01 6.355053695072223618e-01 4.365465253161282533e-02 3.674315862636967633e-02
0.000000000000000000e+00 6.300777451562464826e-01 5.184476070886674393e-01 4.734122623137182462e-02 3.795464152859090445e-02
1.000000000000000000e+00 5.826140281096344742e-01 4.183426960777352210e-01 4.928502734565132215e-02 3.601661910895448404e-02
6.000000000000000000e+00 5.369168405042572534e-01 3.220463826165784749e-01 4.948646446902238427e-02 3.811498571227683874e-02
7.000000000000000000e+00 4.963976697451281117e-01 2.268317211327928740e-01 4.492120814490352387e-02 3.519356371686721552e-02
6.000000000000000000e+00 4.613154918267752258e-01 1.356196228785747082e-01 4.657160917207087136e-02 3.743082328891203514e-02
9.000000000000000000e+00 5.778984673541391892e-01 1.568353414426477965e-01 4.010034673146534168e-02 3.216007006777094057e-02
5.000000000000000000e+00 6.255209233914806877e-01 2.451228948715228340e-01 4.248980778110789114e-02 3.228442874390594075e-02
5.000000000000000000e+00 6.769522104612095692e-01 3.496209709289793688e-01 4.394621394315678664e-02 3.505099339700812333e-02
1.500000000000000000e+01 7.305078390748287465e-01 4.479502174914883339e-01 4.597523621076071709e-02 3.740058729067780030e-02
1.500000000000000000e+01 7.691318168809321287e-01 5.417956931614131832e-01 4.524093339650159251e-02 3.601498473067155093e-02
8.000000000000000000e+00 8.279927541422458237e-01 4.643011361331060849e-01 4.513895986577742825e-02 3.511149457880291536e-02
7.000000000000000000e+00 8.148101215800762631e-01 3.745690257847333893e-01 4.316620690762884571e-02 3.321517799070772270e-02
1.000000000000000000e+00 7.502413516482437927e-01 2.687229524604412001e-01 4.088432297139465987e-02 3.399069048595765308e-02
0.000000000000000000e+00 7.190908603940995292e-01 1.911016581518909518e-01 4.334989935249955462e-02 3.502075739877388849e-02
