1.000000000000000000e+00 4.976549498641849589e-01 5.752394491417567313e-01 3.938245255125838451e-02 4.842413048671945219e-02
1.600000000000000000e+01 2.804119716932758077e-01 2.650407860555362149e-01 2.797635153550670495e-02 3.200147268845932036e-02
1.000000000000000000e+01 2.643286203791805344e-01 3.003657825537420223e-01 2.871218747855885933e-02 3.710568364604382996e-02
9.000000000000000000e+00 2.714723796567013459e-01 5.274805497339751792e-01 4.690363430124361299e-02 5.195414972775325158e-02
7.000000000000000000e+00 3.414974972092348349e-01 3.942171721974045973e-01 4.175281069546321611e-02 5.173628808915825550e-02
1.000000000000000000e+00 4.557510889925408537e-01 2.915837216711607560e-01 4.134816251707051915e-02 5.170020178073503336e-02
8.000000000000000000e+00 4.908836018495027487e-01 1.762209168342985244e-01 4.703364579567120840e-02 6.124020112033287666e-02
6.000000000000000000e+00 3.000633742499507761e-01 6.462946502282511663e-01 4.091666657314024791e-02 5.101607368225835604e-02
8.000000000000000000e+00 4.014964021083309298e-01 5.507209162348529752e-01 3.806400049913383210e-02 5.072715925019699590e-02
6.000000000000000000e+00 4.818982510300597322e-01 4.543940170315958205e-01 4.132344241595509171e-02 4.978656360209676723e-02
7.000000000000000000e+00 5.660741427051345642e-01 4.111952203988089583e-01 3.735713998604139885e-02 5.471734191369104217e-02
5.000000000000000000e+00 6.392274448765513650e-01 3.668000744557033399e-01 3.895456803772889831e-02 5.335238919570861604e-02
1.500000000000000000e+01 7.460639704886351531e-01 2.613992184080540238e-01 3.776632344912334016e-02 5.247399973637198456e-02
8.000000000000000000e+00 3.389938660850078112e-01 7.689831436485208283e-01 3.513177097397263138e-02 4.096123554366748465e-02
1.500000000000000000e+01 4.121727282250750579e-01 7.230853347072672133e-01 3.628507707311945385e-02 4.633773155611897732e-02
1.000000000000000000e+00 4.347266149983778361e-01 8.101420000231883689e-01 3.385562025003069353e-02 4.395502735914869064e-02
5.000000000000000000e+00 5.088989144522929609e-01 6.956074725494041378e-01 3.447687026571594204e-02 4.655906464719228310e-02
2.000000000000000000e+00 5.633168855831112154e-01 6.153349772258671635e-01 3.749482227062250761e-02 4.940391995312254370e-02
3.000000000000000000e+00 6.355897546175226509e-01 5.053599226264263722e-01 3.934348269763143779e-02 4.833023329629965170e-02
9.000000000000000000e+00 7.542361335650469290e-01 4.258887449180916995e-01 4.145709333636793392e-02 5.381238464466198135e-02
0.000000000000000000e+00 8.433917118378411182e-01 3.918684126466430717e-01 3.605025011031626203e-02 5.231207327561204767e-02
0.000000000000000000e+00 8.755755197681623914e-01 4.129399472183540865e-01 3.540954316340205743e-02 5.163315235585264062e-02
6.000000000000000000e+00 8.796278526292510280e-01 5.440858227299423255e-01 3.444845474744639979e-02 5.185510134978488228e-02
7.000000000000000000e+00 7.733464514622583330e-01 5.475833670929537433e-01 3.759857390678711386e-02 4.759350149454333323e-02
3.000000000000000000e+00 7.771062864564695083e-01 6.613344101388631824e-01 3.458675293488644442e-02 4.682295102670874787e-02
3.000000000000000000e+00 7.121544307428535614e-01 7.854269661086645815e-01 3.145387905559893227e-02 4.194712804749212154e-02
5.000000000000000000e+00 6.786367731889316746e-01 6.579751079721229967e-01 3.450058252578913631e-02 4.529405616588222383e-02
2.000000000000000000e+00 6.413678472896562344e-01 8.788866695295589615e-01 3.080186189254607854e-02 4.035389933347988123e-02
2.000000000000000000e+00 6.032333259131616998e-01 7.458997203943615872e-01 3.610579334996832923e-02 4.319987446279027754e-02
0.000000000000000000e+00 5.396557454471674342e-01 8.462710297082933764e-01 3.371978567402678095e-02 4.142915374303490772e-02
