0.000000000000000000e+00 7.421111776437432361e-01 5.525375138957442367e-01 3.730718737466920398e-02 3.788062252060253599e-02
1.600000000000000000e+01 8.221068094661605485e-01 2.997018858039649514e-01 3.976242899334558878e-02 3.919894056278466765e-02
1.600000000000000000e+01 8.919516921661820863e-01 4.326242563012592246e-01 3.602067080276150079e-02 3.318795834044141468e-02
3.000000000000000000e+00 2.814639387340613919e-01 3.423960321012291530e-01 4.214168331036205473e-02 4.043280959051159806e-02
6.000000000000000000e+00 2.477630661074158580e-01 4.516414094401748347e-01 4.593359536155511291e-02 4.252769992355087680e-02
7.000000000000000000e+00 2.166814578368790878e-01 5.512720675490753175e-01 4.055357112080426596e-02 4.020742542585376000e-02
6.000000000000000000e+00 1.891094990522988462e-01 6.731520849712565591e-01 4.449112550017872425e-02 4.040551916580037428e-02
8.000000000000000000e+00 3.989924503038878578e-01 3.163601964065643757e-01 4.189506080696614454e-02 4.428471014201929012e-02
1.500000000000000000e+01 3.668282471360304053e-01 4.285885656666991173e-01 3.986324105506111604e-02 4.089066670571200879e-02
3.000000000000000000e+00 3.065121496490220143e-01 6.403256547109468233e-01 3.919756763587411985e-02 3.886139667521237850e-02
1.000000000000000000e+00 2.597341481996633394e-01 7.459071804567511954e-01 4.054281185685243427e-02 4.020591240436044433e-02
1.000000000000000000e+00 5.466238413705488686e-01 2.883819213037612794e-01 4.083011782706635895e-02 4.225174161453609800e-02
2.000000000000000000e+00 4.939467232231378180e-01 4.023557709982077402e-01 3.910692644086322112e-02 4.137853208052827414e-02
9.000000000000000000e+00 4.595807375556362206e-01 5.065038489737619942e-01 3.886747678010171736e-02 3.971717844313155110e-02
2.000000000000000000e+00 4.188413309708721166e-01 6.261210166676973721e-01 3.976242899334569980e-02 3.919896858170113241e-02
5.000000000000000000e+00 3.882448982591635289e-01 7.314641574715687877e-01 3.858154373679822946e-02 3.773184207376845123e-02
1.500000000000000000e+01 3.351641956378924592e-01 8.228194145705540752e-01 4.091381033077506890e-02 3.807059077475205555e-02
5.000000000000000000e+00 6.114684402057030121e-01 3.889490696696781269e-01 3.957145205820045142e-02 4.241475567097313659e-02
7.000000000000000000e+00 5.663972390763709619e-01 4.981397680929936511e-01 3.853682554599846544e-02 3.967209600641674605e-02
0.000000000000000000e+00 5.285520324662764668e-01 6.029856571850076286e-01 3.802105333030725287e-02 4.057811569169444965e-02
0.000000000000000000e+00 4.886724984112467141e-01 7.100967355847986884e-01 3.632509633098202073e-02 3.774669209953529503e-02
3.000000000000000000e+00 4.472624170306930269e-01 8.045930533226403059e-01 3.656348127291503269e-02 3.713610387026866633e-02
5.000000000000000000e+00 4.153751248150128195e-01 9.058458525952379770e-01 3.811388000080834226e-02 3.670225896654388809e-02
6.000000000000000000e+00 6.847071702096161339e-01 4.653663075944051153e-01 3.649783295145891948e-02 4.104617169251595366e-02
9.000000000000000000e+00 6.385612755174279176e-01 5.849836434018396147e-01 3.665658813258165782e-02 3.779185859299982742e-02
8.000000000000000000e+00 5.940158213380757335e-01 6.841361727094221745e-01 3.660923616362687927e-02 3.745815329699364593e-02
7.000000000000000000e+00 5.547721345655747260e-01 7.932817886960226161e-01 3.547435796804021546e-02 3.633392228969256621e-02
1.000000000000000000e+00 5.250343975891058612e-01 8.704639850707003301e-01 3.912012335055414791e-02 3.684935827838542455e-02
2.000000000000000000e+00 6.352830342631856642e-01 8.625764359130071446e-01 3.556738077095722428e-02 3.698922870975929200e-02
8.000000000000000000e+00 6.713698857468175518e-01 7.602810527559098475e-01 3.542694996125250739e-02 3.600027303151953628e-02
