1.200000000000000000e+01 1.086291172820999795e-01 6.952406319733533957e-01 3.966989747765704843e-02 3.338567227866295895e-02
2.000000000000000000e+00 3.018776075135835568e-01 1.836878756963006842e-01 3.711155398788612558e-02 3.747224525611106416e-02
8.000000000000000000e+00 2.868901736005340375e-01 2.896737926713550682e-01 3.780077093226202889e-02 3.447155937977364193e-02
0.000000000000000000e+00 2.596508947756432373e-01 5.090281248577021023e-01 4.100883027279397797e-02 4.100885938192705416e-02
1.000000000000000000e+00 4.109180913703409654e-01 1.631671594453684704e-01 3.712523528044248122e-02 3.748592654866741980e-02
7.000000000000000000e+00 3.987740230237973305e-01 2.421104152350467276e-01 3.625667696704604204e-02 3.404578008994021965e-02
8.000000000000000000e+00 3.838186237117228727e-01 3.502869836851369434e-01 3.480762432139705709e-02 3.665893607733583526e-02
9.000000000000000000e+00 3.617274551755539358e-01 4.549090067834223872e-01 3.440565630243835882e-02 3.551258930677930747e-02
6.000000000000000000e+00 3.437801318362045944e-01 5.813939391506839360e-01 3.754822009349850775e-02 3.939961917683643122e-02
5.000000000000000000e+00 5.063395907701476739e-01 1.182471969403117162e-01 3.664927184514699121e-02 3.443837496804119658e-02
3.000000000000000000e+00 5.006727848387416691e-01 2.168514161802880813e-01 3.624910859244051542e-02 3.328105405430650809e-02
0.000000000000000000e+00 4.817623276125585496e-01 3.105301663360473530e-01 3.631844654748134227e-02 3.594564587988741122e-02
0.000000000000000000e+00 4.669753828537256957e-01 4.212908835224004056e-01 3.521229948973392254e-02 3.743620814933495966e-02
7.000000000000000000e+00 4.518278195995006907e-01 5.282541687503738981e-01 3.823962022285676277e-02 3.713248345458397548e-02
5.000000000000000000e+00 4.329041613814573752e-01 6.413133139770603730e-01 3.982272042642481802e-02 3.907528521585168502e-02
1.500000000000000000e+01 6.009561789760781148e-01 1.869777317008397555e-01 3.477493476492732327e-02 3.552222442983493655e-02
5.000000000000000000e+00 5.703500795987355154e-01 2.783343298727902759e-01 3.895791719119812146e-02 3.525610873504736453e-02
2.000000000000000000e+00 5.636291300758629053e-01 3.809317545458009713e-01 3.624669253439327665e-02 3.366322786275810497e-02
9.000000000000000000e+00 5.509906722127725365e-01 4.991787149187557060e-01 3.707240220386842644e-02 3.596631336438738114e-02
2.000000000000000000e+00 5.419635225110291943e-01 6.037697513448576636e-01 3.672204467789352833e-02 3.672198645962743146e-02
1.000000000000000000e+00 5.160515619371690565e-01 7.220212964062755479e-01 3.949043967210419392e-02 4.096935828831227422e-02
1.000000000000000000e+00 6.829553843312815564e-01 2.469183998580777584e-01 3.397233774713237509e-02 3.359854736901307648e-02
3.000000000000000000e+00 6.633930280693549619e-01 3.505799962189075636e-01 3.670830516707102031e-02 3.670830516707102031e-02
1.500000000000000000e+01 6.531674553579416287e-01 5.543154009587637487e-01 3.479921178193168263e-02 3.590617389540562421e-02
8.000000000000000000e+00 6.491368592434422213e-01 6.634842269833529649e-01 4.098926893535170812e-02 4.025490372553985896e-02
3.000000000000000000e+00 7.467700560215151384e-01 6.171470572242571118e-01 3.519061318557548113e-02 3.668222338381466052e-02
6.000000000000000000e+00 7.497179961486779565e-01 5.121518259305143372e-01 3.979323287459590741e-02 3.794180468212476898e-02
7.000000000000000000e+00 7.596751244346557908e-01 4.187926067287784937e-01 3.626904834861288673e-02 3.404612939953732820e-02
6.000000000000000000e+00 7.595884665454211149e-01 3.045912191193024809e-01 3.285693398505984408e-02 3.433547418253757311e-02
1.200000000000000000e+01 1.924785719098839887e-01 7.269871980763665809e-01 3.582565803325490905e-02 3.213625006780440607e-02
