6.000000000000000000e+00 8.297465012777400784e-01 3.069296611153966570e-01 4.008024812661048486e-02 3.322552254317584497e-02
1.400000000000000000e+01 3.970409167002216799e-01 7.468622633657462373e-01 3.591584440232947761e-02 2.967006451447462556e-02
1.200000000000000000e+01 2.370737290322141033e-01 6.625524498807022766e-01 4.335186177680111497e-02 2.745405749983742538e-02
1.000000000000000000e+00 1.768556445135950894e-01 4.831479960674005536e-01 6.049560320641431121e-02 4.854262281452298433e-02
0.000000000000000000e+00 2.397375305729928796e-01 2.255988840900718939e-01 5.848350175310718102e-02 3.942173252723979449e-02
5.000000000000000000e+00 2.511455499107869693e-01 1.085940104089117703e-01 6.543213305490314102e-02 4.021692223175463154e-02
1.000000000000000000e+00 4.152588079959140810e-01 8.540127125327384716e-02 5.317241264288591340e-02 3.672164223419412121e-02
5.000000000000000000e+00 4.196137381657647492e-01 2.171136977298898096e-01 5.679624970883206947e-02 4.132772471726586794e-02
9.000000000000000000e+00 3.831228296988767879e-01 3.210005023516020461e-01 5.842539496582899172e-02 3.812986414244995403e-02
0.000000000000000000e+00 3.690046297516526574e-01 4.444278694088061865e-01 5.757397378942508137e-02 3.875367241223248715e-02
6.000000000000000000e+00 3.360619719446199527e-01 5.295173802540689145e-01 5.679624970883201396e-02 4.132775270704780457e-02
8.000000000000000000e+00 4.552719086356843414e-01 6.476570156740688589e-01 5.420025341476880643e-02 4.127854667042207826e-02
3.000000000000000000e+00 4.655364054328958723e-01 5.254366659777462978e-01 5.328812240136765466e-02 3.993750023878839261e-02
3.000000000000000000e+00 4.744626827664482072e-01 4.074814412359651361e-01 5.166107637801503616e-02 4.189670100425557653e-02
9.000000000000000000e+00 8.253276424459707883e-01 3.974573766654970752e-01 4.266863119998987042e-02 3.327136980597045213e-02
0.000000000000000000e+00 5.143831792127165903e-01 2.999554611478113531e-01 5.497313526308866827e-02 3.745133584900234291e-02
1.000000000000000000e+00 8.131857310260796057e-01 4.820050613122383032e-01 4.010465521644990261e-02 3.387849616572519151e-02
3.000000000000000000e+00 8.058134463850532558e-01 5.927498523269796316e-01 3.834868825754667032e-02 3.319621724149934838e-02
1.500000000000000000e+01 5.247062166388261062e-01 1.682419290748092544e-01 4.889047982429806094e-02 3.793080081339300635e-02
8.000000000000000000e+00 5.366993903575629776e-01 6.749034389596271499e-02 4.622977115442206131e-02 3.593510137229444235e-02
0.000000000000000000e+00 6.423898985112530546e-01 1.371352890029878258e-01 4.452077104959051290e-02 3.654888930014746351e-02
6.000000000000000000e+00 6.290219786634436705e-01 2.464902194064166052e-01 4.449669983713422372e-02 3.590316503111695701e-02
1.500000000000000000e+01 6.158198702837631711e-01 3.508053236711590195e-01 4.800034877949055367e-02 3.727038190885140212e-02
8.000000000000000000e+00 6.006087953063514728e-01 4.666826709721072497e-01 4.370408519255664093e-02 3.784755920194537993e-02
5.000000000000000000e+00 5.680233710860390639e-01 5.818284913275311165e-01 4.718231941292416742e-02 3.855161417650954103e-02
2.000000000000000000e+00 5.798337155492360173e-01 6.911616176908396136e-01 4.723079771521998538e-02 3.985022809874338989e-02
7.000000000000000000e+00 7.535187933033633545e-01 2.340712651250229093e-01 4.188480534693705959e-02 3.520644337941747359e-02
7.000000000000000000e+00 7.186658048901062301e-01 3.259985537407640854e-01 4.542025068156130274e-02 3.719550924219960919e-02
2.000000000000000000e+00 7.049721119704612793e-01 5.341392489741468852e-01 4.541101405352565568e-02 3.721644559908021677e-02
2.000000000000000000e+00 6.947325540689457402e-01 6.351016391955682794e-01 4.452105094740976821e-02 3.655622262301205794e-02
