9.000000000000000000e+00 7.927260716130374307e-02 6.270884813702188865e-01 4.165935933115153672e-02 3.097490519741297188e-02
1.400000000000000000e+01 6.282706043996161283e-01 2.570012206762949947e-01 3.694073486968885156e-02 2.770541256159064769e-02
1.200000000000000000e+01 8.015157125348568723e-01 1.184252769369418257e-01 3.622017422740275716e-02 2.562364201847310008e-02
8.000000000000000000e+00 7.978433368041113471e-01 5.623378920055599473e-01 5.548017589741582878e-02 4.083485568191946857e-02
7.000000000000000000e+00 6.926379073909280093e-01 6.615447566288132908e-01 5.214562879831285969e-02 3.949618062499371529e-02
3.000000000000000000e+00 6.440094604844563975e-01 7.708149396944299347e-01 5.108363616681033115e-02 3.754232927575784640e-02
2.000000000000000000e+00 5.864041074442223334e-01 8.897812036293357707e-01 5.027410031057832906e-02 3.384922037989335220e-02
0.000000000000000000e+00 4.709853074638480352e-01 8.783742208657130401e-01 4.891865578186532781e-02 3.207176724297922110e-02
5.000000000000000000e+00 5.301590773244939658e-01 7.782511055657632681e-01 4.736014819478229221e-02 3.505667778485044295e-02
1.000000000000000000e+00 6.145326373394217612e-01 5.619854559166745922e-01 5.377113111813947022e-02 3.754975773598756561e-02
0.000000000000000000e+00 6.731837956202100237e-01 4.713503137270401711e-01 5.339399817080381361e-02 3.911644217295046078e-02
0.000000000000000000e+00 5.954760867816715209e-01 3.769806101703710999e-01 5.111628813005886229e-02 3.881611617821406623e-02
9.000000000000000000e+00 5.254398153459218790e-01 4.701235090637236880e-01 4.762341504277556314e-02 3.618170145576521390e-02
3.000000000000000000e+00 4.334393332533131860e-01 6.282547496262900211e-01 4.422367488971590266e-02 3.404152880181154917e-02
1.500000000000000000e+01 4.027768668757127912e-01 7.011847389391501206e-01 4.610346338173565428e-02 3.272541630692693548e-02
2.000000000000000000e+00 3.676390442501064615e-01 7.924028489480088311e-01 4.261533009556905949e-02 3.335328750515198504e-02
6.000000000000000000e+00 3.404360921840935417e-01 8.710967967545877322e-01 4.434884998821425617e-02 3.140436998397932999e-02
3.000000000000000000e+00 2.531476792139760734e-01 7.844090773511458448e-01 4.188018971417548086e-02 3.194581603669555125e-02
2.000000000000000000e+00 2.783154272039833343e-01 7.191935994231535290e-01 4.340011365708018598e-02 3.120923431227240474e-02
6.000000000000000000e+00 3.252707797525145050e-01 6.023497408175473300e-01 4.399306000497132940e-02 3.380675619678907839e-02
6.000000000000000000e+00 3.849111012646052599e-01 5.161723538600760941e-01 4.558161405059563132e-02 3.686237570151895682e-02
7.000000000000000000e+00 4.279144713937056421e-01 3.984970759305090926e-01 4.478762806820296705e-02 3.359072105115218365e-02
5.000000000000000000e+00 4.683422031060184842e-01 2.636800162218159160e-01 4.995007531025813519e-02 3.772651628406648028e-02
1.000000000000000000e+00 1.797488792216536679e-01 7.251827123289853461e-01 4.120095681145138911e-02 3.112907346531545993e-02
1.000000000000000000e+00 1.860520385991387693e-01 6.139612279825696906e-01 4.156140344140546450e-02 3.117159308469019674e-02
5.000000000000000000e+00 2.428644728051848056e-01 5.213318491207339367e-01 4.324419914666088882e-02 3.228602842796413075e-02
8.000000000000000000e+00 2.979268116737446292e-01 4.393811174433155387e-01 4.791755989336554666e-02 3.435732151598153150e-02
8.000000000000000000e+00 3.292321170425704380e-01 3.387273523043042855e-01 4.474338992444670815e-02 3.513279178407019421e-02
1.500000000000000000e+01 2.274393860106460330e-01 3.524974585422464557e-01 4.415163545636846543e-02 3.445993405243868990e-02
7.000000000000000000e+00 1.874273570307799230e-01 4.489632906360591091e-01 4.043294272172770487e-02 3.303646921998021346e-02
