6.000000000000000000e+00 6.405470071371290874e-01 1.774254926657672926e-01 3.428429461821702606e-02 3.486452756389737950e-02
5.000000000000000000e+00 5.510074178785595578e-01 1.200819846078233638e-01 3.603130486544203759e-02 3.622511279137216600e-02
3.000000000000000000e+00 4.527938224149128388e-01 6.228546912976939270e-02 3.583752671031453785e-02 3.601734235895025227e-02
1.000000000000000000e+01 1.560308392350374662e-01 7.207881922590553270e-01 3.880269866463795236e-02 3.212352975431365110e-02
1.000000000000000000e+00 5.586440158054606364e-01 6.633348894805537466e-01 3.928543223129810080e-02 4.226620408626480252e-02
1.000000000000000000e+01 2.516034519009531789e-01 7.384099174297320545e-01 4.073988479985704569e-02 3.740040454250437296e-02
7.000000000000000000e+00 3.581259146738960952e-01 1.142349096344802695e-01 3.787902973838463971e-02 3.867888189598300830e-02
0.000000000000000000e+00 4.595606961101512122e-01 1.700351737046507383e-01 3.560906556997844863e-02 3.330391231271684349e-02
1.500000000000000000e+01 5.500266783234262213e-01 2.258357950244542223e-01 3.561528766775412524e-02 3.561522812614856259e-02
2.000000000000000000e+00 6.434906845718637580e-01 2.849650302586049788e-01 3.727685571107441920e-02 3.628325516915126281e-02
6.000000000000000000e+00 7.378875886954088248e-01 3.356389704901127646e-01 3.395360054122276150e-02 3.527804401415390867e-02
7.000000000000000000e+00 7.401263232917256740e-01 4.380860634178220803e-01 3.496562921005086366e-02 3.594529701628507157e-02
3.000000000000000000e+00 5.530226035169947263e-01 3.331559664571972501e-01 3.594437412139972476e-02 3.461987110686304270e-02
5.000000000000000000e+00 4.586051128833453783e-01 2.796462232947347082e-01 3.694952573479132196e-02 3.794312627671447835e-02
0.000000000000000000e+00 4.560026683897797639e-01 3.823450730159354549e-01 3.562061664144711148e-02 3.760778795449054579e-02
1.000000000000000000e+00 3.606687877911504136e-01 2.199554362936319007e-01 3.827218295955725491e-02 3.595413894470300686e-02
8.000000000000000000e+00 2.600477019357743114e-01 1.671276975660651032e-01 4.026652903606439682e-02 3.662407131908185232e-02
8.000000000000000000e+00 2.620626047515833834e-01 2.805650991217446544e-01 4.060284979477921108e-02 3.795295064162335086e-02
2.000000000000000000e+00 3.625647562499562104e-01 3.292186884805393121e-01 3.728042820740479213e-02 3.761225357490372012e-02
9.000000000000000000e+00 5.516916997798659850e-01 4.500826549496887985e-01 3.661249047681047752e-02 3.596363583078149295e-02
3.000000000000000000e+00 6.481319824920542816e-01 4.977576482511484324e-01 3.595151911406047063e-02 3.727593281618890586e-02
1.000000000000000000e+00 7.364932433776106846e-01 2.343404946742678741e-01 3.487637634339346704e-02 3.352415671149275300e-02
1.500000000000000000e+01 7.447334145595514432e-01 5.477114625348336041e-01 3.495514988748116281e-02 3.727328321474387973e-02
2.000000000000000000e+00 6.543978135769387139e-01 6.095796860493822855e-01 3.594883974181284358e-02 3.627971244362349079e-02
8.000000000000000000e+00 5.521860141887975360e-01 5.520021497109872666e-01 3.761493294715168023e-02 3.827667835077297465e-02
9.000000000000000000e+00 4.598565881187257620e-01 4.967660870092139858e-01 3.727236031985842191e-02 3.462350314479900604e-02
7.000000000000000000e+00 3.653221280010549021e-01 4.424171346879118838e-01 3.662904304314185122e-02 3.694604255086919586e-02
6.000000000000000000e+00 2.609664586795732433e-01 4.982316589726016876e-01 3.960835612877350309e-02 3.861478535765311415e-02
0.000000000000000000e+00 3.598803527364081711e-01 5.549728590346230117e-01 3.796152463281654565e-02 3.861034950804265176e-02
5.000000000000000000e+00 4.602264456867431464e-01 6.097869801489602670e-01 3.628501164651365407e-02 3.794134002854931964e-02
