1.200000000000000000e+01 2.171069090576268068e-01 3.521277171209229451e-01 3.056664499403885515e-02 4.161158814569571041e-02
1.500000000000000000e+01 8.298623734107346550e-01 4.758868880886781838e-01 3.309661300207866752e-02 4.441905530296491600e-02
3.000000000000000000e+00 8.009072535579528918e-01 6.003016875430770005e-01 3.330366963291486737e-02 4.381496910783067023e-02
1.000000000000000000e+00 7.751194955715696722e-01 7.360635841797998902e-01 3.309716766757786477e-02 4.442859554955047585e-02
6.000000000000000000e+00 7.786901824556820007e-01 2.411929532925896069e-01 3.359442528757405899e-02 4.649636079714089543e-02
2.000000000000000000e+00 7.540975067537871723e-01 3.754069865207212420e-01 3.274295827981477114e-02 4.365805423811847108e-02
9.000000000000000000e+00 7.423639741181990992e-01 5.046113086937221714e-01 3.415607957202260181e-02 4.426222363307757979e-02
7.000000000000000000e+00 6.963952943436833021e-01 6.446745114766870843e-01 3.306971172536943282e-02 4.323673032495700674e-02
8.000000000000000000e+00 6.988601723553967693e-01 7.539507145294345181e-01 3.340805767985655095e-02 4.328188009658884283e-02
3.000000000000000000e+00 7.082979999565148788e-01 1.488049002922162412e-01 3.383698051035621823e-02 4.468354754623893310e-02
9.000000000000000000e+00 6.808365665596938232e-01 2.840791350220782108e-01 3.458522426872212563e-02 4.568194544472548024e-02
8.000000000000000000e+00 6.570333462627522270e-01 4.192932994783812317e-01 3.415607957202260181e-02 4.426222363307769081e-02
5.000000000000000000e+00 6.349288722568106058e-01 5.515603736046393868e-01 3.381185416324439252e-02 4.423446262484476144e-02
2.000000000000000000e+00 6.056019601199423841e-01 7.892229197521403172e-01 3.308851488579089839e-02 4.369449576141326563e-02
0.000000000000000000e+00 6.097514404524271292e-01 1.929788073111902424e-01 3.389050573102514452e-02 4.561053226170874719e-02
7.000000000000000000e+00 8.505837057946979973e-01 3.357422188105243510e-01 3.352231877268319060e-02 4.350812815369575759e-02
6.000000000000000000e+00 5.752388773640949582e-01 3.277777491748227190e-01 3.394519574924226291e-02 4.653133245686286168e-02
5.000000000000000000e+00 5.667509144302869117e-01 4.568090711786358948e-01 3.346624209071835665e-02 4.419799336827501257e-02
6.000000000000000000e+00 5.350194164214638892e-01 5.882605651549304149e-01 3.354661312154649799e-02 4.557636486696059475e-02
2.000000000000000000e+00 5.192460330892998410e-01 7.212741219765943512e-01 3.239984220203495635e-02 4.362383137682057654e-02
5.000000000000000000e+00 5.046457811544949879e-01 8.412538992995410858e-01 3.338850572101109693e-02 4.233373489232616915e-02
1.000000000000000000e+00 4.917562008189218514e-01 3.645793335783600320e-01 3.391785074013375922e-02 4.607051636016140650e-02
1.500000000000000000e+01 4.721948542599875287e-01 4.997676090224897338e-01 3.412399217289624476e-02 4.381244537980938381e-02
8.000000000000000000e+00 4.403261597399474314e-01 6.194252782234375143e-01 3.495698881953346326e-02 4.618560945123684203e-02
0.000000000000000000e+00 4.297629574409477238e-01 7.626130088296283471e-01 3.447606609848757886e-02 4.384103838629105354e-02
7.000000000000000000e+00 4.096435896565843171e-01 2.752384464307173761e-01 3.418228751685781219e-02 4.472944611629436906e-02
3.000000000000000000e+00 3.968076177415049699e-01 3.870861342041168052e-01 3.325186387529333043e-02 4.647087391745452489e-02
1.000000000000000000e+00 3.739670887515414988e-01 5.324966313316381594e-01 3.487900285035167025e-02 4.479356544799706352e-02
0.000000000000000000e+00 3.397610476846821825e-01 6.669214235828128112e-01 3.559549200889056131e-02 4.533358777797857897e-02
1.100000000000000000e+01 2.570638052195933776e-01 5.144667023492448532e-01 2.942894285543848354e-02 3.328819446548819672e-02
