2.000000000000000000e+00 3.558037163084798449e-01 2.854855036805609148e-01 4.565507590289014095e-02 3.849070474026383692e-02
1.100000000000000000e+01 7.445328852125073782e-01 2.738106446232315139e-01 4.757375430894805746e-02 3.496420219726903422e-02
1.200000000000000000e+01 6.867488570971874706e-01 2.997572551576362931e-01 4.086444704688441121e-02 2.781711569690048513e-02
6.000000000000000000e+00 4.800748966025314424e-01 8.875899182086690598e-01 5.036532164159468472e-02 3.281605035000556558e-02
2.000000000000000000e+00 6.255393109320943612e-01 8.654503421732617774e-01 5.038314560688683663e-02 3.707050412905088521e-02
8.000000000000000000e+00 7.391994208870640293e-01 8.356655254244618192e-01 5.417778961866537291e-02 3.922151428239750715e-02
1.000000000000000000e+00 6.064806113422240852e-01 7.589472958248000278e-01 5.322031101110569207e-02 3.708414849582519768e-02
6.000000000000000000e+00 7.898187272927852387e-01 7.207096859986557025e-01 5.608800096708066452e-02 4.206558276545868669e-02
3.000000000000000000e+00 4.994488053335268685e-01 8.079369632858364181e-01 4.847865087063801814e-02 3.565634371182480056e-02
8.000000000000000000e+00 3.645639525632515809e-01 8.225312584253068326e-01 4.562738269206539909e-02 3.209111921094842668e-02
6.000000000000000000e+00 3.593758708533501545e-01 7.280510294520732284e-01 4.567573120911383455e-02 3.495276897293642104e-02
1.500000000000000000e+01 4.912612954188829706e-01 7.026094087966555657e-01 4.847298818877504578e-02 3.423279942179746627e-02
7.000000000000000000e+00 6.221770261631234256e-01 6.524941350070351254e-01 5.131657129910527360e-02 3.565558868757645605e-02
5.000000000000000000e+00 6.309167014897025805e-01 6.000238057609418307e-01 5.322591976266510816e-02 3.850035826458242383e-02
5.000000000000000000e+00 5.012060298936129588e-01 5.966284886811039634e-01 5.227693517789966382e-02 3.850548164341083268e-02
5.000000000000000000e+00 3.830915869724138001e-01 6.222936234791955901e-01 4.658623652236326684e-02 3.706926373207131142e-02
5.000000000000000000e+00 2.690968799322265292e-01 6.752726503126386115e-01 4.562587264356859906e-02 3.421915505502304278e-02
9.000000000000000000e+00 1.274074115711048005e-01 6.163783590400677692e-01 4.468257770581787747e-02 3.564059606321556828e-02
7.000000000000000000e+00 2.731596788953646326e-01 5.715410283284825255e-01 4.563868109063945466e-02 3.493098113034009966e-02
3.000000000000000000e+00 3.747649773225808500e-01 5.123263775708066792e-01 4.564000238307408530e-02 3.921593249598986919e-02
1.500000000000000000e+01 1.447897146431937898e-01 4.939318296679983677e-01 4.373410545893538504e-02 3.351042997215458730e-02
7.000000000000000000e+00 2.533013142484230595e-01 4.567903937073269360e-01 4.374311181961257344e-02 3.563849278138075949e-02
0.000000000000000000e+00 4.849454232031075174e-01 4.595352034668772068e-01 5.037659307501690664e-02 3.565332361483120049e-02
8.000000000000000000e+00 7.670940883603344362e-01 4.430135606250682478e-01 5.419057110058433935e-02 3.992603280159623402e-02
2.000000000000000000e+00 6.395817103111467450e-01 4.168605992670645910e-01 5.606259979415284533e-02 3.567697205289677154e-02
3.000000000000000000e+00 3.840539867201638868e-01 4.402325771144748323e-01 4.752389574340282197e-02 3.422346947929949534e-02
9.000000000000000000e+00 2.932810885974133641e-01 3.503016793370086757e-01 4.658340518143178066e-02 3.635751855220925588e-02
0.000000000000000000e+00 3.318213148388257649e-01 4.133634482917258879e-01 4.562309523294061364e-02 3.351466350097592750e-02
1.000000000000000000e+00 1.339919915238503567e-01 3.917109842397100139e-01 4.469355252257121991e-02 3.137732467955534066e-02
1.000000000000000000e+00 5.039091110808640028e-01 3.539392648225471172e-01 5.512394286249933106e-02 3.850461875855554217e-02
