1.500000000000000000e+01 6.218163490122792236e-01 8.529324841293938197e-01 3.145761198919927448e-02 4.041670913195583026e-02
1.100000000000000000e+01 9.714864584701379813e-02 3.595300915495290850e-01 2.573926444566163041e-02 3.431834333327665743e-02
1.200000000000000000e+01 2.451454049261697077e-01 3.678233412244374390e-01 3.490472522522949927e-02 3.831383957456135914e-02
6.000000000000000000e+00 4.723940586128725361e-01 2.185761454630429368e-01 4.081133330101033296e-02 5.669601407909710677e-02
0.000000000000000000e+00 7.453156989862363968e-01 2.635229801841715846e-01 3.729439380450394470e-02 4.972620126783414141e-02
5.000000000000000000e+00 8.496318414666854668e-01 2.856464727621225164e-01 3.503044775987473880e-02 5.354654409479325805e-02
0.000000000000000000e+00 8.959390833526711395e-01 3.902895731806724222e-01 3.482420167569055813e-02 4.854188793831926141e-02
8.000000000000000000e+00 7.874582276242783063e-01 3.762456342957055111e-01 3.562062072405058899e-02 4.909194606850930676e-02
1.000000000000000000e+00 4.245790426499264081e-01 8.571702269469011481e-01 3.149613986271954102e-02 4.503858454655218502e-02
3.000000000000000000e+00 6.726709085591457971e-01 3.559969444845662023e-01 3.480750920264752413e-02 4.747480396614406351e-02
3.000000000000000000e+00 5.353047862032858095e-01 3.561748897737845865e-01 3.765592690903984963e-02 5.285007416759468502e-02
1.500000000000000000e+01 4.491561671303530567e-01 3.443007813614036294e-01 4.004165747530763486e-02 5.022424236054834346e-02
1.000000000000000000e+00 9.073967028073637309e-01 5.342818432425731068e-01 3.401379386471004018e-02 4.724951435637547714e-02
7.000000000000000000e+00 8.196674123346123775e-01 5.209454536199056296e-01 3.302117948177996087e-02 4.339563964254633532e-02
2.000000000000000000e+00 6.951651327347003750e-01 5.421377089803324223e-01 3.449905110923101592e-02 4.789734688412639052e-02
8.000000000000000000e+00 5.671993706954393533e-01 5.146611489533674533e-01 3.497343473574843209e-02 4.725395196804721420e-02
7.000000000000000000e+00 4.722985764915397233e-01 4.950991722013803886e-01 3.640769433855872705e-02 4.664523507695206295e-02
2.000000000000000000e+00 3.346284777361700491e-01 4.822136409857390449e-01 4.026962140734180462e-02 4.926348473955272089e-02
7.000000000000000000e+00 3.122382141651752763e-01 6.068648597641415066e-01 4.050998714153131175e-02 4.763561595996779197e-02
3.000000000000000000e+00 4.297774843121157651e-01 5.967044041609455007e-01 3.778009187137643110e-02 5.219177945603525881e-02
6.000000000000000000e+00 5.581266001623115258e-01 6.232483751151750573e-01 4.259237315365993481e-02 4.860477859379863652e-02
0.000000000000000000e+00 7.269259717254117348e-01 6.362455519383705127e-01 3.359683469651331134e-02 4.752805530620407559e-02
9.000000000000000000e+00 8.140793424900187869e-01 6.457138870615692916e-01 3.770100834151890457e-02 4.206221080560046399e-02
6.000000000000000000e+00 7.830120933871429489e-01 7.342250494450813791e-01 3.149605169824909456e-02 4.502882767850602264e-02
1.000000000000000000e+00 6.696808105489842067e-01 7.592743975225032527e-01 3.493605300034197114e-02 4.277463850192297912e-02
5.000000000000000000e+00 5.844174803104719151e-01 7.222502572076199279e-01 3.785453207246480822e-02 4.742925232315675643e-02
8.000000000000000000e+00 5.061205391629592931e-01 8.413164918978890405e-01 3.493478930960119966e-02 4.355565815613737790e-02
5.000000000000000000e+00 4.577596087999270535e-01 7.380002226750910221e-01 3.788803457117806417e-02 5.051706595456528781e-02
2.000000000000000000e+00 3.596346546113026732e-01 7.300268043102675630e-01 3.838272541402099058e-02 4.360485393056379166e-02
9.000000000000000000e+00 7.148821760958634641e-01 8.691737608016798511e-01 2.914923105153965910e-02 4.039231696184020226e-02
