6.000000000000000000e+00 8.841468178701414882e-01 6.810617725514258591e-01 3.169237663405255478e-02 4.467940578505247284e-02
9.000000000000000000e+00 8.032085463617909538e-01 7.351544480679115257e-01 3.069655819751115899e-02 4.214425826292556021e-02
3.000000000000000000e+00 7.220845276461957951e-01 8.165857710066488639e-01 3.115060692633131456e-02 4.153431104663429796e-02
3.000000000000000000e+00 6.513380916765758588e-01 9.169549694138042772e-01 3.125489492749633502e-02 4.268108594366659680e-02
8.000000000000000000e+00 5.551120808999789880e-01 8.807081779609695626e-01 3.225571155041562221e-02 4.431644759898389907e-02
7.000000000000000000e+00 6.295983396275850463e-01 7.976093140321451891e-01 3.443025958116929797e-02 4.285467464135150895e-02
3.000000000000000000e+00 7.074599747030747565e-01 7.177098509791255410e-01 3.286914064935209101e-02 4.557048694524901133e-02
5.000000000000000000e+00 7.904257970192121174e-01 6.333683761414281577e-01 3.297286705654212113e-02 4.542357396137841619e-02
7.000000000000000000e+00 8.819606729238034237e-01 5.209206391566956196e-01 3.356579797538972176e-02 4.596281649621203336e-02
8.000000000000000000e+00 8.665771818828127415e-01 4.005903691382972087e-01 3.408319450459429412e-02 4.979513378188726858e-02
1.000000000000000000e+00 7.728165686566428327e-01 5.477429289985962235e-01 3.534683710783259603e-02 4.843742418782970294e-02
6.000000000000000000e+00 7.006225680569588832e-01 5.736614175767655865e-01 3.473509279082120926e-02 4.718535042047733441e-02
6.000000000000000000e+00 6.299396202862170835e-01 6.773925702358011280e-01 3.515392957740615110e-02 4.730940652956383552e-02
5.000000000000000000e+00 5.379066386054638382e-01 7.464382469317103475e-01 3.477861632388679070e-02 4.418559620279960409e-02
2.000000000000000000e+00 4.497976263471122893e-01 8.319375319880495390e-01 3.478271595990456433e-02 4.506814113457535687e-02
7.000000000000000000e+00 6.768664128405859071e-01 4.583747107294092737e-01 3.591960680297612285e-02 5.001117898408524720e-02
1.000000000000000000e+00 5.042953234383971139e-01 6.309472602759331750e-01 3.384294460207198929e-02 4.425259436402184665e-02
1.500000000000000000e+01 4.281463815085878588e-01 7.174067306310975001e-01 3.452033925476571952e-02 4.605182914125593996e-02
0.000000000000000000e+00 6.713708507587325958e-01 3.588496723058356430e-01 3.597234047723241179e-02 5.110971295866167941e-02
1.000000000000000000e+00 5.953238100556945689e-01 4.236425241874089975e-01 3.727877654136879659e-02 5.152576985507023588e-02
2.000000000000000000e+00 4.975206608791427065e-01 5.130977754828778270e-01 3.557509697898769696e-02 4.743346263865017010e-02
0.000000000000000000e+00 4.154505107539477327e-01 5.974875474024285982e-01 3.684915715046288565e-02 4.781804219275798129e-02
2.000000000000000000e+00 3.395090497182171596e-01 8.005589740672494070e-01 3.751913876268597736e-02 4.697205702875706379e-02
0.000000000000000000e+00 5.618942266989508383e-01 2.692864545686652900e-01 3.864002417746903451e-02 5.369492658366353810e-02
5.000000000000000000e+00 4.590262018600041460e-01 3.568050490412076337e-01 3.876854495865700301e-02 5.047752662095872367e-02
9.000000000000000000e+00 4.058094444663887246e-01 4.640963986253124895e-01 3.765731896024471226e-02 4.948058499646718067e-02
1.500000000000000000e+01 3.178215680284533495e-01 6.701954345689732362e-01 3.538134705759876653e-02 4.787296608351665483e-02
8.000000000000000000e+00 2.933975231374143511e-01 5.618261053497783930e-01 3.763561335310938727e-02 5.018089268334258168e-02
1.100000000000000000e+01 3.629158092430188054e-01 2.539186319995783148e-01 3.126034238905422979e-02 4.077792820135120455e-02
1.100000000000000000e+01 3.121247447057949875e-01 2.789296970328775660e-01 3.063135713700898544e-02 3.956348123032649156e-02
