7.000000000000000000e+00 4.447571052011168868e-01 7.132675909854464535e-01 3.354837537841098838e-02 4.234546292853336169e-02
1.300000000000000000e+01 3.300192107575118383e-01 3.873208167066336527e-01 2.442848956565329965e-02 2.898961354061857509e-02
5.000000000000000000e+00 5.580674135356942234e-01 2.760353350718141030e-01 3.511308762297904451e-02 4.791595255340452830e-02
6.000000000000000000e+00 6.768417252653456950e-01 3.323411644475252058e-01 3.876897004066282015e-02 5.169195100388312980e-02
0.000000000000000000e+00 7.863739173712895880e-01 4.017908210366268884e-01 3.530189569080388612e-02 5.040787151586284542e-02
5.000000000000000000e+00 8.795189864723687023e-01 4.463399000130091610e-01 3.503304646911864495e-02 4.718431450283405715e-02
1.000000000000000000e+00 4.942792024281233987e-01 3.407076099551161197e-01 3.566050612506121986e-02 4.804671177897879009e-02
3.000000000000000000e+00 5.698147289618322731e-01 4.244788499218437039e-01 3.711878644183641551e-02 5.044740337475739356e-02
1.000000000000000000e+00 6.746586217994988699e-01 4.900833273074015617e-01 3.309734293338650879e-02 4.460331310285320372e-02
1.500000000000000000e+01 7.808927002409549178e-01 5.376365832007494738e-01 3.309739723539040224e-02 4.460328595185114597e-02
3.000000000000000000e+00 8.299556468733424452e-01 5.961395259593331719e-01 3.014315101108056005e-02 4.352837778314644357e-02
9.000000000000000000e+00 8.661826858058851997e-01 7.075338695366235608e-01 2.628749152076947926e-02 3.647785988890783759e-02
8.000000000000000000e+00 7.962470262811981447e-01 6.590392748288508296e-01 3.031756904785143369e-02 4.233036697142811278e-02
2.000000000000000000e+00 6.755087468227450875e-01 6.138405945544047615e-01 3.050816908180720155e-02 4.115576032342349588e-02
7.000000000000000000e+00 6.052660366165759642e-01 5.524160682269029232e-01 3.419565526580492509e-02 4.320805026169205476e-02
7.000000000000000000e+00 5.007207504987732927e-01 5.207125762825741688e-01 3.217448037581438491e-02 4.243625587918142816e-02
2.000000000000000000e+00 4.186117220247527193e-01 4.706802710017103930e-01 3.405066891518898631e-02 4.681639127489473085e-02
1.500000000000000000e+01 3.306873018879294968e-01 5.411723224346360883e-01 3.342402378930603435e-02 4.224218051697115062e-02
2.000000000000000000e+00 4.228102036416654386e-01 5.988366521948166321e-01 3.116291549474770051e-02 4.221166279073651495e-02
6.000000000000000000e+00 5.054988109796227924e-01 6.470433105265066542e-01 3.252890955576581700e-02 4.105492150204015367e-02
8.000000000000000000e+00 6.007102070869982935e-01 6.583906373913576138e-01 2.961582425046971334e-02 3.948776566729295112e-02
5.000000000000000000e+00 6.920965971853070275e-01 7.273816592548780768e-01 2.972209327225072695e-02 3.998267413153011596e-02
8.000000000000000000e+00 7.692028906370274033e-01 7.780757294826963211e-01 2.788397043766344119e-02 3.883842230374812132e-02
0.000000000000000000e+00 6.714095156935995234e-01 8.329589278072424552e-01 2.871701748065913495e-02 3.828443325918506890e-02
3.000000000000000000e+00 6.076816612634479142e-01 7.850603790461121445e-01 3.111314770810369446e-02 4.048529348033202968e-02
0.000000000000000000e+00 3.494420737191532567e-01 6.823161546451832482e-01 3.123673906915303000e-02 4.021964807688149790e-02
1.000000000000000000e+00 3.500791041032965678e-01 7.670492731593395730e-01 2.956904307404445431e-02 3.611658865645561711e-02
9.000000000000000000e+00 4.441646296112358727e-01 8.077917680815038803e-01 2.921939247044302856e-02 3.764024858601799917e-02
6.000000000000000000e+00 5.939511008970967954e-01 8.866286120979350871e-01 2.736647233977229643e-02 3.648861168569506042e-02
