8.000000000000000000e+00 6.827937134404756803e-01 2.483963526416187173e-01 3.851276144281001734e-02 3.672752672431572885e-02
1.400000000000000000e+01 1.067213976949219628e-01 2.597510208389232633e-01 3.526042500435472293e-02 3.613968417195803640e-02
1.400000000000000000e+01 2.998919898150540497e-01 1.317890297548754697e-01 3.174054150621402615e-02 3.481259710416512165e-02
3.000000000000000000e+00 4.385936932472798699e-01 7.589693213827590768e-01 3.922827326940270254e-02 4.276017366535411757e-02
6.000000000000000000e+00 5.470069289276533464e-01 7.460004334306788998e-01 4.231349544559281917e-02 4.055486761701210252e-02
7.000000000000000000e+00 6.482931177058925964e-01 7.406630967887062322e-01 3.878112970280145344e-02 4.010742294363200955e-02
6.000000000000000000e+00 7.664994270817357958e-01 7.219926698589551606e-01 3.790091246817439696e-02 3.834698847437800762e-02
8.000000000000000000e+00 3.749637676793944885e-01 6.630334442113268167e-01 4.275968094517046403e-02 3.790244537541231917e-02
1.500000000000000000e+01 4.866713578805454965e-01 6.495585600040505447e-01 4.010755981034958007e-02 3.922736994906605990e-02
3.000000000000000000e+00 6.978613156411829221e-01 6.292519462113390638e-01 3.922775317587556820e-02 4.143338770434001894e-02
1.000000000000000000e+00 8.092343077776660287e-01 6.325368295552543652e-01 3.878112970280134242e-02 4.010736819694482591e-02
1.000000000000000000e+00 2.933209913267645907e-01 5.372689714593861243e-01 4.055333470977423582e-02 3.791448964656651821e-02
2.000000000000000000e+00 4.162177504902233593e-01 5.438520689655168550e-01 4.186555805202912817e-02 3.570858138466670439e-02
9.000000000000000000e+00 5.241398673276107534e-01 5.394927271412688352e-01 3.834770018130984059e-02 4.010720395688360806e-02
2.000000000000000000e+00 6.469796625631787368e-01 5.317409521063669597e-01 3.746660699968984432e-02 3.569423775265578858e-02
5.000000000000000000e+00 7.539351992670946245e-01 5.234267369819054494e-01 3.482715972292438344e-02 3.658573280481802747e-02
1.500000000000000000e+01 8.549374443528725553e-01 5.370566638069489418e-01 4.231130557811024762e-02 3.438289035739383603e-02
5.000000000000000000e+00 3.617580318724004096e-01 4.435481863066086383e-01 3.921294419702459066e-02 3.569481259286988450e-02
7.000000000000000000e+00 4.790234099376619037e-01 4.438443658836288552e-01 3.834619464741545469e-02 3.569453885943457694e-02
0.000000000000000000e+00 5.878649289509428888e-01 4.414510049652194956e-01 3.658710147199473184e-02 3.877989790234243062e-02
0.000000000000000000e+00 6.995378508125101868e-01 4.374502813145891844e-01 3.613932831849209215e-02 3.438078260994192892e-02
3.000000000000000000e+00 7.990377373118573434e-01 4.422927489655116284e-01 3.393374853671482505e-02 3.658545907138271991e-02
5.000000000000000000e+00 9.024892123101941888e-01 4.351592967009907387e-01 3.393418651021118393e-02 3.791221765905322671e-02
6.000000000000000000e+00 4.078923122949135172e-01 3.476248461265141754e-01 3.834665999425557192e-02 3.703320485154171227e-02
9.000000000000000000e+00 5.336924251401333752e-01 3.446690998652321425e-01 3.877883034194462564e-02 3.350116758887267121e-02
8.000000000000000000e+00 6.395743519373660035e-01 3.487271022372039342e-01 3.701954555311914863e-02 3.350053800197144716e-02
7.000000000000000000e+00 7.541403624768697744e-01 3.464360765635903228e-01 3.524723105277227653e-02 3.526006915088880644e-02
1.000000000000000000e+00 8.336498794213349495e-01 3.435194878702313437e-01 3.570540607681693679e-02 3.260761953594548679e-02
2.000000000000000000e+00 7.902563960800159659e-01 2.456410340016807470e-01 3.745357728816844922e-02 3.526086297785124835e-02
0.000000000000000000e+00 4.649219088369144215e-01 2.602818584033747551e-01 3.902206987257322846e-02 3.596282499939537636e-02
