5.000000000000000000e+00 7.895970190398317046e-01 6.783155112385405028e-01 3.303522635285505160e-02 4.188921623342345413e-02
8.000000000000000000e+00 8.360701304428534986e-01 2.749708525594136699e-01 2.832106931735689503e-02 4.276830910638734773e-02
8.000000000000000000e+00 8.303325333986337764e-01 4.566714788533288161e-01 3.197022942199545525e-02 4.160460776537838745e-02
0.000000000000000000e+00 8.131192046602551127e-01 5.602812186321065591e-01 2.964121392281815481e-02 4.161353202032658238e-02
2.000000000000000000e+00 7.076167164238915674e-01 7.347648644621455061e-01 3.156992820305637437e-02 4.245499249290674015e-02
1.000000000000000000e+00 7.271778231010674887e-01 6.026065943859773011e-01 3.180314156429153716e-02 4.369901212844895522e-02
0.000000000000000000e+00 7.505702307007389162e-01 4.721468895814148192e-01 3.240009895552153907e-02 4.381965085196481979e-02
5.000000000000000000e+00 7.752196679943710311e-01 3.407004497986478864e-01 3.231666254781362380e-02 4.661270072815942855e-02
8.000000000000000000e+00 7.895674776055305877e-01 1.701686360934765441e-01 3.132537136113422438e-02 4.523922563529717000e-02
1.500000000000000000e+01 7.308338914392048524e-01 1.142434081262159035e-01 3.234703727098042769e-02 4.742010387839237784e-02
6.000000000000000000e+00 7.086149427243561005e-01 2.271999609488730143e-01 3.291189960074025755e-02 4.775272053721260623e-02
1.000000000000000000e+00 6.857874512150163859e-01 3.732506885915575223e-01 3.492792104986874868e-02 4.620828682546423982e-02
7.000000000000000000e+00 6.565340391781526730e-01 5.170225727888622114e-01 3.439423985185541266e-02 4.894311400220796582e-02
6.000000000000000000e+00 6.522619015654473884e-01 6.357240744139567301e-01 3.268368597269899478e-02 4.460917861201552093e-02
6.000000000000000000e+00 6.334071819237603318e-01 7.856606968399794111e-01 3.198044393067089874e-02 4.624586546527598152e-02
3.000000000000000000e+00 6.322579959371850133e-01 1.314648681511061123e-01 3.457084333079907257e-02 5.181607896864599827e-02
7.000000000000000000e+00 6.212608408547630745e-01 2.821006199354005317e-01 3.245450465436194865e-02 4.670860958856593026e-02
3.000000000000000000e+00 6.067911022663603493e-01 4.284836147931874173e-01 3.405350534666684581e-02 4.840884143790297189e-02
5.000000000000000000e+00 5.648697103306089540e-01 5.739636874044815595e-01 3.331607158086158371e-02 4.442096284952501417e-02
9.000000000000000000e+00 5.479047016741909193e-01 6.857796828123657873e-01 3.469954614011150351e-02 4.368793745062182765e-02
1.500000000000000000e+01 5.286407834389026394e-01 8.238188487373576674e-01 3.536090869656949298e-02 4.285685276843309577e-02
2.000000000000000000e+00 5.223682418232282743e-01 3.235503838133428900e-01 3.383910818562341216e-02 5.048859604510985699e-02
1.000000000000000000e+00 5.039786855305700142e-01 4.574224871635581557e-01 3.519860552977177592e-02 4.585002637381108137e-02
0.000000000000000000e+00 4.890299402458543332e-01 6.153006750425598081e-01 3.485394650282880313e-02 4.538929827197024647e-02
7.000000000000000000e+00 4.655444193355191551e-01 7.598155437847262661e-01 3.542531386179764707e-02 4.509060453406754654e-02
9.000000000000000000e+00 4.347814104375478661e-01 2.264728223326013534e-01 3.619145577303850558e-02 4.979997687865958533e-02
2.000000000000000000e+00 3.818413591905837623e-01 5.305477246874903408e-01 3.820430534842034209e-02 5.051139052762809722e-02
3.000000000000000000e+00 4.007970411864432703e-01 6.828352700457707147e-01 3.770476211361228902e-02 5.285045925376485876e-02
1.000000000000000000e+01 7.807922240331262309e-02 4.894253895731723869e-01 2.816067465086419253e-02 3.076548188428218644e-02
1.300000000000000000e+01 2.747771935390104225e-01 5.809643353267233135e-01 2.738566224524718873e-02 3.393195269342730302e-02
