3.000000000000000000e+00 5.881125104822714222e-01 8.450128509494694296e-01 3.368564047530853145e-02 4.336835792345017371e-02
1.000000000000000000e+01 2.080862052526558648e-01 3.853042804371012986e-01 2.953509951295835156e-02 4.204808122417758032e-02
2.000000000000000000e+00 2.445235382467282337e-01 3.481897584201381624e-01 3.267091892062137792e-02 3.913315358352120743e-02
9.000000000000000000e+00 4.980013248010140003e-01 1.902892110500288281e-01 3.806329758538645747e-02 5.784685746905646186e-02
6.000000000000000000e+00 6.619666462006410512e-01 2.031222468779868007e-01 3.910350665165129858e-02 5.706296899086876762e-02
2.000000000000000000e+00 7.731432602008661004e-01 2.181766491374538264e-01 3.911725338821980813e-02 5.769859331027232807e-02
5.000000000000000000e+00 8.961711245932006964e-01 2.747385407305694138e-01 3.411497524788009716e-02 5.360690372014145777e-02
2.000000000000000000e+00 8.917459438938268868e-01 4.029732175937111860e-01 3.515919623726349030e-02 5.139341363769628357e-02
7.000000000000000000e+00 7.853909829952954169e-01 3.889217076156180619e-01 3.643203784554438496e-02 5.596361355803763926e-02
1.500000000000000000e+01 6.582662371123233491e-01 3.620627083200139706e-01 3.937608142824611246e-02 5.095578952397505912e-02
7.000000000000000000e+00 5.582303501201097973e-01 3.726437720529652831e-01 3.689482497706153552e-02 5.141190978325088645e-02
3.000000000000000000e+00 4.419955713005126463e-01 3.295495376264315768e-01 4.380999396029006121e-02 5.545153287114268359e-02
0.000000000000000000e+00 9.255032974948823599e-01 5.424065583546083813e-01 3.288673678486020435e-02 4.976212439841942725e-02
8.000000000000000000e+00 7.150649796666163072e-01 5.183085586494148300e-01 3.745000433804812623e-02 5.067808184574307262e-02
9.000000000000000000e+00 4.844485765150504664e-01 4.993092412371488154e-01 3.858166165187171259e-02 4.996496251139198597e-02
5.000000000000000000e+00 4.019615934796672008e-01 8.508495795990664856e-01 3.648941424602886174e-02 4.505802654399115870e-02
1.000000000000000000e+00 3.462374858319297033e-01 4.759272370611892788e-01 4.316082940036092275e-02 5.090100907374373040e-02
6.000000000000000000e+00 2.654938161390827944e-01 5.727853122004493702e-01 4.061024927763987047e-02 4.882073843838774518e-02
5.000000000000000000e+00 4.195811190831605364e-01 5.848973670947096304e-01 3.588464633531779358e-02 5.231193753583851525e-02
3.000000000000000000e+00 5.080810161418651827e-01 6.288369225721863742e-01 3.725990998086448069e-02 5.233854602593446259e-02
8.000000000000000000e+00 6.370232811953524532e-01 6.185071350239790267e-01 3.781957325592477659e-02 4.598950069396490203e-02
7.000000000000000000e+00 7.248695297800540338e-01 6.504414530602311562e-01 3.376918287436880828e-02 4.858202901282437924e-02
0.000000000000000000e+00 8.268009914469895971e-01 6.631535559556511750e-01 3.575071890179604139e-02 4.499896867572883430e-02
3.000000000000000000e+00 7.326627789364558163e-01 7.676186060709224712e-01 3.350598891800737889e-02 4.424472712941118768e-02
2.000000000000000000e+00 6.645083764929531345e-01 7.541564210494767773e-01 3.515683628248789105e-02 4.430620395131845690e-02
8.000000000000000000e+00 5.496649237610947702e-01 7.437775464419347227e-01 3.616955187561576857e-02 4.521590751848625356e-02
0.000000000000000000e+00 4.968747708893929138e-01 8.405108832215809622e-01 3.449746491815375293e-02 4.446078098912753518e-02
1.000000000000000000e+00 4.329470032000397595e-01 7.389410846240234143e-01 3.685898316390545659e-02 4.700445824412968765e-02
1.500000000000000000e+01 3.273874798083796223e-01 7.241852018939667346e-01 3.822902540951089723e-02 4.968035196544107190e-02
1.000000000000000000e+00 6.752331024728759346e-01 8.713922484357794485e-01 3.170038751910952968e-02 4.277565528152982299e-02
