6.000000000000000000e+00 3.218884477230881669e-01 7.492418254903211450e-01 3.225840537367841154e-02 4.075770929529198838e-02
2.000000000000000000e+00 3.948891883078278209e-01 7.866690007549095309e-01 3.171561286334251273e-02 4.389346795770021625e-02
8.000000000000000000e+00 8.305460271761830882e-01 5.930437082289395923e-01 3.447155262606804715e-02 4.628489358989584801e-02
6.000000000000000000e+00 4.785058241633554088e-01 8.532982855358264285e-01 3.058721885069243251e-02 4.046580964014456772e-02
2.000000000000000000e+00 5.608454128906297242e-01 9.028945267429222543e-01 3.079491454946781115e-02 4.267074998733633162e-02
0.000000000000000000e+00 6.465486266666939930e-01 8.515082097915951387e-01 3.323957416132550247e-02 4.079225593000990191e-02
5.000000000000000000e+00 7.332393584915213314e-01 5.372250802240901013e-01 3.641403836311318809e-02 4.919418603049152683e-02
0.000000000000000000e+00 5.655375445813464186e-01 7.868093776502373959e-01 3.253100771119810108e-02 4.336961232658775867e-02
3.000000000000000000e+00 4.002006086286138409e-01 6.797788017034851471e-01 3.398803837016844964e-02 4.274466758617967432e-02
9.000000000000000000e+00 2.993113208387238044e-01 6.268905656488789058e-01 3.353028159713650203e-02 4.213480580667572362e-02
5.000000000000000000e+00 2.877714001303324221e-01 4.963069065239574251e-01 3.608748116912346982e-02 4.779443735172017593e-02
8.000000000000000000e+00 3.956090531156178924e-01 5.714805638899983498e-01 3.673322043283716587e-02 4.640278467402247919e-02
1.000000000000000000e+00 4.796031372951715666e-01 6.114681826722094815e-01 3.369037170055771968e-02 4.427869343344259523e-02
3.000000000000000000e+00 5.591483857066827934e-01 6.740318886126197562e-01 3.242282073794722219e-02 4.290253960711509773e-02
1.500000000000000000e+01 6.439603462138729917e-01 7.202173289290531022e-01 3.251670107916393437e-02 4.464223715288517802e-02
7.000000000000000000e+00 7.310426527755585768e-01 7.904783356162300434e-01 3.277510768877367475e-02 4.305824899762700220e-02
1.000000000000000000e+00 8.320659404736291398e-01 7.256380452643328427e-01 3.277510768877367475e-02 4.305819354556472689e-02
2.000000000000000000e+00 7.379673122143857178e-01 6.659016736166636363e-01 3.379781007096960277e-02 4.474121908381911705e-02
8.000000000000000000e+00 6.547866404714659527e-01 6.107878690477466233e-01 3.308874455228283384e-02 4.572338600858494306e-02
0.000000000000000000e+00 5.630908886952515902e-01 5.496911751374932154e-01 3.412469997733214022e-02 4.614138365305664458e-02
7.000000000000000000e+00 4.775615171340212850e-01 4.757019322298874364e-01 3.435316247338193740e-02 4.708595407968602098e-02
8.000000000000000000e+00 3.779858886964178044e-01 4.021095874571060103e-01 3.760337419206388754e-02 4.885626116376157180e-02
1.500000000000000000e+01 4.650959212891774275e-01 3.454734574260394098e-01 3.771206023387402295e-02 4.931340796410987881e-02
6.000000000000000000e+00 5.544587216327314660e-01 4.335007780308515191e-01 3.434750636304284566e-02 4.708368054513795142e-02
7.000000000000000000e+00 6.536947893677714783e-01 4.715237995662360793e-01 3.469385994321938504e-02 4.722311475540919012e-02
5.000000000000000000e+00 8.341254023357754788e-01 4.764869116216547407e-01 3.319781875852800823e-02 4.619628119458318860e-02
1.000000000000000000e+00 7.509833529541418695e-01 4.049582292047275156e-01 3.469081007980134856e-02 4.850466736371206178e-02
3.000000000000000000e+00 5.577052457892804904e-01 2.624943123399809952e-01 3.846709551208138400e-02 5.386078204658925617e-02
1.600000000000000000e+01 4.656005766437710802e-01 1.490041395366215882e-01 3.278156785401381557e-02 4.017657168398058865e-02
1.600000000000000000e+01 1.985583342175936683e-01 1.328076319093502433e-01 2.724684207895786137e-02 3.825756989525513907e-02
