1.200000000000000000e+01 7.893582784381323325e-01 8.115118048249532201e-01 2.677977049011637245e-02 4.302927544989920694e-02
9.000000000000000000e+00 6.087338469403371644e-01 1.281317987029083616e-01 3.638872290629813211e-02 4.760161999487218243e-02
8.000000000000000000e+00 4.858698470255297108e-01 1.418100090745924857e-01 3.569971458018367239e-02 4.485935012152753032e-02
3.000000000000000000e+00 3.878876779607015601e-01 1.471800699681531654e-01 3.501976645819843137e-02 4.577567146716254864e-02
1.500000000000000000e+01 2.850523124499733107e-01 1.551336884649553993e-01 3.296119574676509290e-02 3.936485569195741219e-02
0.000000000000000000e+00 6.588733051325825762e-01 2.360686217943365750e-01 3.913194496670102662e-02 4.395713845684523502e-02
5.000000000000000000e+00 5.482188968959387232e-01 2.396353702434338429e-01 3.638872290629824313e-02 4.761128613622014893e-02
6.000000000000000000e+00 3.418854869632335647e-01 2.541380447637939244e-01 4.187733108859970077e-02 4.669095406327952724e-02
5.000000000000000000e+00 2.454802262291765347e-01 2.668903974921847944e-01 3.639160832162599557e-02 5.309536421645710824e-02
1.500000000000000000e+01 1.650066852377799764e-01 3.804542132850335934e-01 3.501970874989179805e-02 4.577567146716260416e-02
1.000000000000000000e+00 2.897743811963034988e-01 3.572264323446129319e-01 3.364359647177911361e-02 4.577483469671755900e-02
6.000000000000000000e+00 3.784534518696919259e-01 3.712334935012011616e-01 3.844830351309624916e-02 5.492076451525446101e-02
8.000000000000000000e+00 4.934433120529002625e-01 3.742255826336229330e-01 3.914155339974256798e-02 4.943772518453559695e-02
9.000000000000000000e+00 5.996080284666347460e-01 3.540368076788532048e-01 4.325612680296719859e-02 5.494451148340195878e-02
1.000000000000000000e+00 7.200703096521556823e-01 3.581225125017237776e-01 4.120044150686175133e-02 5.675715824645050089e-02
0.000000000000000000e+00 6.762517865476558310e-01 4.944625128820463456e-01 4.256783983068468391e-02 5.401699472629512000e-02
0.000000000000000000e+00 5.456131648759033892e-01 4.836086624497815123e-01 3.775992997835375675e-02 5.400294275364897478e-02
6.000000000000000000e+00 4.191157778450040894e-01 5.076957489289607439e-01 3.844602403498720289e-02 5.035407538432384866e-02
2.000000000000000000e+00 3.202246596707032933e-01 4.887865835366670408e-01 3.913471496541565120e-02 5.212929831057167007e-02
8.000000000000000000e+00 2.117862359786982507e-01 5.024768837985743586e-01 3.707646164966854618e-02 4.669493593643186946e-02
2.000000000000000000e+00 1.228844256690838077e-01 4.999128460300251708e-01 3.502268072767940332e-02 5.125977840155276910e-02
7.000000000000000000e+00 1.596502435045663026e-01 5.890950754282674451e-01 4.051887755229285903e-02 5.311813014339317185e-02
3.000000000000000000e+00 2.707125484790182668e-01 6.354450888164194788e-01 4.188815139607876548e-02 5.584017325529022635e-02
2.000000000000000000e+00 3.786333863695307000e-01 6.130158321408782918e-01 3.982303079185156580e-02 5.309741286133973226e-02
5.000000000000000000e+00 4.885480606785982394e-01 6.121734639900935360e-01 4.394363471311130143e-02 5.310168327602482474e-02
1.000000000000000000e+00 6.056374788979705936e-01 6.134006888372941502e-01 4.051111578506116917e-02 5.309775911117919911e-02
3.000000000000000000e+00 1.947030768224206898e-01 7.670227111982831358e-01 4.462453502215485424e-02 5.492578513792478745e-02
7.000000000000000000e+00 3.129564283037792882e-01 7.609706102566244912e-01 3.776959611970176489e-02 5.676483345122229629e-02
7.000000000000000000e+00 5.384314238334287905e-01 7.690921599255020613e-01 3.982565651979985688e-02 5.767379698777175268e-02
1.400000000000000000e+01 7.302092263015862450e-01 8.049204197585372311e-01 2.815588276822922342e-02 4.393679627878444016e-02
