7.000000000000000000e+00 8.209737552795161042e-01 4.069167019443652444e-01 3.585846541289039457e-02 5.009230579131479510e-02
6.000000000000000000e+00 9.286891034855211391e-01 3.572918340306365792e-01 3.530390680064832143e-02 5.104388885938526688e-02
6.000000000000000000e+00 8.992564625215586638e-01 5.215016343763412277e-01 3.160210812122898894e-02 4.147263053926930620e-02
1.500000000000000000e+01 8.533348325996779060e-01 6.440579870311921029e-01 3.364480289751847764e-02 4.871767775644997300e-02
0.000000000000000000e+00 8.072156217696898617e-01 7.751038277178199376e-01 3.793017221225292168e-02 4.199637093244956709e-02
6.000000000000000000e+00 7.351358995464345458e-01 8.126109549632787310e-01 3.358011850366326989e-02 4.477317149101123217e-02
0.000000000000000000e+00 7.520206712004384730e-01 6.831946417204606270e-01 3.505961879313834739e-02 4.578926962206308904e-02
5.000000000000000000e+00 7.965885007849522470e-01 5.260361176284936713e-01 3.802663436678965780e-02 4.878902249801475577e-02
3.000000000000000000e+00 8.355255425956260584e-01 2.713172718386390181e-01 3.486133233972299461e-02 4.886668892554105192e-02
5.000000000000000000e+00 8.078392391566984188e-01 1.248382625259962242e-01 3.305925673534038101e-02 5.040841831119903527e-02
9.000000000000000000e+00 7.032087325908134012e-01 4.337835568405414843e-01 3.519700257555025136e-02 5.031554032682811206e-02
8.000000000000000000e+00 6.911580187268221431e-01 5.749108215487357398e-01 3.757632712928660190e-02 5.065098478815677208e-02
2.000000000000000000e+00 6.711393841446846587e-01 7.102478734652499792e-01 3.539071709536878441e-02 4.608859016361221972e-02
0.000000000000000000e+00 6.279628052424968132e-01 8.557963955145374557e-01 3.710440198354036934e-02 4.725742474298244566e-02
3.000000000000000000e+00 6.841874568563421910e-01 1.764060611094356301e-01 3.926692657497399264e-02 5.791683148102319545e-02
7.000000000000000000e+00 6.496816629083255190e-01 3.304952514471567460e-01 3.617415460558970342e-02 5.459899055832434511e-02
2.000000000000000000e+00 6.445861864707200795e-01 4.340984276006832898e-01 3.984361108808132101e-02 5.387222244725753395e-02
1.000000000000000000e+00 5.988921654652634707e-01 6.059406759813930066e-01 3.659149876629397280e-02 5.070127605772511981e-02
2.000000000000000000e+00 5.605585342239713942e-01 7.600946494893126015e-01 3.805553350261348111e-02 5.074089948223337032e-02
8.000000000000000000e+00 5.279845233297960627e-01 9.221836935258287404e-01 4.025344824670629151e-02 5.081371175803928164e-02
1.500000000000000000e+01 5.782458213333300234e-01 1.962466160557844175e-01 4.029047526448037431e-02 5.373029495306078096e-02
3.000000000000000000e+00 5.494723007962842853e-01 3.586100748844703867e-01 3.810221238020361501e-02 5.366078462929729787e-02
9.000000000000000000e+00 5.334249832012970538e-01 4.888668478093178837e-01 3.656118853985379502e-02 4.874852419732428332e-02
7.000000000000000000e+00 4.368356611783613674e-01 8.310762327730789600e-01 4.096345260125033860e-02 4.985168661940753143e-02
5.000000000000000000e+00 4.597190495971802404e-01 2.435089372832057175e-01 3.888364614174949496e-02 5.660979468668350667e-02
1.000000000000000000e+00 4.231479269793869680e-01 3.862646852281538812e-01 4.319825325405557415e-02 5.478756870829903924e-02
1.000000000000000000e+00 3.744999147666683292e-01 5.494419341262195555e-01 4.467236317737616202e-02 5.288468479028141100e-02
8.000000000000000000e+00 3.606021961730685454e-01 7.099462387350899961e-01 4.398888732642031174e-02 5.674819445433909593e-02
1.400000000000000000e+01 1.675329398717798901e-01 5.242358764419126071e-01 3.294653881690301489e-02 4.313252465314409978e-02
1.400000000000000000e+01 2.893066170053425479e-01 4.878650581371162254e-01 3.161221153004228901e-02 4.213993529176135455e-02
