6.000000000000000000e+00 2.220114227562437759e-01 6.460230725920546035e-01 3.738239707661139555e-02 2.868283007683558594e-02
1.600000000000000000e+01 4.779929736853478772e-01 2.462052716587133927e-01 3.302524412692336986e-02 2.476869338260606623e-02
1.100000000000000000e+01 8.212648356255956017e-01 2.900799896349188223e-01 3.651104867384635799e-02 2.607590775682289141e-02
3.000000000000000000e+00 7.678982937025111699e-01 7.189309571657067632e-01 5.287506263157959463e-02 3.585004464121344103e-02
7.000000000000000000e+00 7.950920565881283153e-01 8.089080490328017792e-01 5.360225473379265360e-02 3.368161828217242082e-02
2.000000000000000000e+00 7.084058486905283614e-01 8.707369109844004251e-01 5.070115712770539851e-02 3.422668361014236105e-02
0.000000000000000000e+00 6.690774511393644541e-01 7.583750194642917553e-01 4.998322478025940541e-02 3.802586784577910439e-02
8.000000000000000000e+00 6.394975754704976811e-01 6.495885165091227487e-01 4.708212717417226134e-02 3.477268039273395672e-02
1.000000000000000000e+00 6.302100688344349777e-01 5.406188183464680774e-01 4.852812828700447945e-02 3.747987106318739770e-02
3.000000000000000000e+00 6.380897092057018494e-01 4.121687467173729136e-01 5.215723986703035830e-02 3.803323729557928079e-02
6.000000000000000000e+00 5.169632269345136866e-01 3.855616084732829130e-01 4.708215456989645054e-02 3.694118893894771105e-02
3.000000000000000000e+00 5.112871479385285856e-01 5.102192215170235912e-01 4.490816687884990888e-02 3.639606881952928141e-02
0.000000000000000000e+00 5.283556703388672116e-01 5.969447011852129226e-01 4.418108435953327362e-02 3.585738669528948375e-02
2.000000000000000000e+00 5.372841286140346284e-01 7.064588893656301716e-01 4.491830329679058487e-02 3.639609621525341510e-02
1.500000000000000000e+01 2.474607629057082869e-01 7.269754650049935485e-01 3.562945427024377665e-02 3.259691197961667175e-02
9.000000000000000000e+00 5.537277271504648102e-01 8.274067378174059240e-01 4.490816687884990888e-02 3.368161828217253184e-02
6.000000000000000000e+00 5.480842079726486737e-01 9.009984744576438054e-01 3.911517662999419720e-02 3.205086040557691973e-02
1.000000000000000000e+00 4.420330995859602097e-01 8.451742347240687181e-01 3.998660721993185785e-02 2.868277528538720755e-02
7.000000000000000000e+00 4.303855471981899994e-01 7.336404337582700386e-01 4.345301559414654902e-02 3.389672950830924236e-02
9.000000000000000000e+00 4.094156271153582272e-01 6.364118580792681446e-01 3.998657982420772417e-02 3.128975239684816945e-02
5.000000000000000000e+00 4.139511536250790602e-01 5.562443257679081654e-01 4.606733475968355362e-02 3.651099388239797960e-02
8.000000000000000000e+00 4.034999177201092913e-01 4.466729079197119257e-01 4.084886024227452062e-02 3.390407156238534059e-02
1.000000000000000000e+00 3.875204164488820768e-01 3.220822500258284093e-01 4.519587677402181480e-02 3.911057414833463142e-02
8.000000000000000000e+00 3.400777478468475223e-01 7.772510569535330260e-01 4.085801041414532930e-02 2.933638247249570341e-02
0.000000000000000000e+00 3.260184402780100799e-01 6.852667899598270385e-01 4.085803780986940748e-02 3.194335958395666530e-02
5.000000000000000000e+00 3.119951991800348212e-01 5.880649799033336178e-01 4.084790139192878700e-02 3.194330479250839794e-02
1.500000000000000000e+01 2.993293340272208947e-01 4.850087857801325675e-01 4.346222055746573609e-02 3.194330479250828692e-02
5.000000000000000000e+00 2.782401740549645952e-01 4.017920271821295852e-01 4.171938677331465950e-02 3.650359703687366952e-02
2.000000000000000000e+00 1.848387125523848207e-01 4.528866280024185231e-01 3.824371864433243062e-02 3.129712184664840136e-02
7.000000000000000000e+00 2.079653336243156014e-01 5.517544953260931084e-01 3.911517662999425271e-02 3.324312232120085753e-02
