3.000000000000000000e+00 4.076378960367536552e-01 8.830856503623696341e-01 4.672856813592307645e-02 3.396411241513597190e-02
9.000000000000000000e+00 1.640598629154097488e-01 3.564695911163676678e-01 4.559447148895787172e-02 3.897642162494330265e-02
2.000000000000000000e+00 1.520693968724695644e-01 4.689527305902578824e-01 4.529514429311035095e-02 3.397114575437654160e-02
6.000000000000000000e+00 1.110940709297700141e-01 5.572781081075273146e-01 4.493644399184024141e-02 3.490857265282676369e-02
5.000000000000000000e+00 1.183457807009915541e-01 6.816393560299891519e-01 4.704084839820528441e-02 3.467418662263399565e-02
3.000000000000000000e+00 1.938740560811653968e-01 7.245603673568578040e-01 4.857001357143053699e-02 3.823247016676978305e-02
0.000000000000000000e+00 2.475839753584597180e-01 6.413244606419812310e-01 4.468708281018110573e-02 3.387408567285632444e-02
9.000000000000000000e+00 2.463183699204855581e-01 5.331660628559702353e-01 5.096214016389613577e-02 3.605020083389531838e-02
2.000000000000000000e+00 2.824415563017921293e-01 4.150801653430249427e-01 5.227078084634867450e-02 4.029306273078203660e-02
5.000000000000000000e+00 3.202901966322967420e-01 3.045863912205458712e-01 4.995062875877842590e-02 4.289161782995898342e-02
3.000000000000000000e+00 4.420797773253869467e-01 2.537356855252428378e-01 5.381670881143058027e-02 4.036275140042427934e-02
8.000000000000000000e+00 4.244571597464821266e-01 3.399536987725499948e-01 4.938617397914080165e-02 4.210338564014987073e-02
6.000000000000000000e+00 3.792422101735045681e-01 5.187323905943297397e-01 5.154573148738422761e-02 3.721240153224270042e-02
1.000000000000000000e+00 3.688106837732414434e-01 5.933568232709272028e-01 5.249341533889356759e-02 3.610887060539391680e-02
7.000000000000000000e+00 3.377384313564051332e-01 7.060250274835854212e-01 4.431818416701210905e-02 3.577461115798485913e-02
1.000000000000000000e+00 2.891054987043515379e-01 8.131425789787294356e-01 4.729850305905231034e-02 3.474979501947050853e-02
1.000000000000000000e+00 5.684576594416074213e-01 3.058693455619801438e-01 5.513598741948433357e-02 4.291614660056053410e-02
2.000000000000000000e+00 5.288970603815725813e-01 4.385860979327339537e-01 5.350776938528756244e-02 4.064809983453104847e-02
7.000000000000000000e+00 4.906076641253243609e-01 5.691894490840108123e-01 4.999230129377896237e-02 3.676297115476889754e-02
1.500000000000000000e+01 4.717273243095108093e-01 6.781841695168884243e-01 5.506266485790128895e-02 3.622585848142922949e-02
0.000000000000000000e+00 4.281834082233573202e-01 7.936471003823758474e-01 5.301054160655799263e-02 3.613126006864320061e-02
5.000000000000000000e+00 5.388263477488972608e-01 8.774162514340100305e-01 4.961464028213924404e-02 3.510152059266025137e-02
6.000000000000000000e+00 5.616007690992144141e-01 7.813660988176389655e-01 5.236713759394473477e-02 4.014430760584353219e-02
7.000000000000000000e+00 6.047988060754219131e-01 6.558773186981696757e-01 5.114304351028009510e-02 3.835772221641253754e-02
1.500000000000000000e+01 6.348187976779152697e-01 5.167241964076598748e-01 5.350823827457040771e-02 4.065557275747411214e-02
7.000000000000000000e+00 6.859211357373404816e-01 4.173456625235797413e-01 5.746068187198105637e-02 4.465308833718495407e-02
0.000000000000000000e+00 7.215556076109566064e-01 7.634757747638890590e-01 5.482317965675920224e-02 3.851216262390400047e-02
8.000000000000000000e+00 7.930310091704801945e-01 4.811359540867605755e-01 6.024031615102298787e-02 4.257570367573576542e-02
1.600000000000000000e+01 7.302537968609561503e-01 2.857721940991740928e-01 3.413777728321820693e-02 2.849809421315008251e-02
1.400000000000000000e+01 6.585426026033915914e-01 1.231333014581116048e-01 3.723613905217970643e-02 2.823085662758782755e-02
