0.000000000000000000e+00 5.384610181621820590e-01 5.037053917382119383e-01 4.598233833368225998e-02 3.687127968618481022e-02
1.000000000000000000e+01 7.491960516104456680e-01 1.796864515245888694e-01 3.395349256717061781e-02 2.904340077909117745e-02
1.300000000000000000e+01 8.323905206377695265e-01 3.949376790435813467e-01 4.138701034783431876e-02 2.864972113660152475e-02
2.000000000000000000e+00 7.955201677697432139e-01 5.359834424090841321e-01 6.325097781847099920e-02 3.957088290695176536e-02
2.000000000000000000e+00 7.084163524906283982e-01 7.632224358426820121e-01 5.126323916322317320e-02 3.993784837899128082e-02
6.000000000000000000e+00 6.778984657994817642e-01 8.803049204602162447e-01 5.522522323454359672e-02 3.643556611427278824e-02
0.000000000000000000e+00 5.553307442078214695e-01 8.845584433610913511e-01 4.933229530812044406e-02 3.759610600482476972e-02
2.000000000000000000e+00 5.792401175761319188e-01 7.917574496024939457e-01 5.515451246092373250e-02 3.778822995720443334e-02
1.000000000000000000e+00 6.017832519414249015e-01 6.819925214583844042e-01 4.919501718323626704e-02 3.510961644179111385e-02
1.500000000000000000e+01 6.361476793244471573e-01 5.806656729412916773e-01 4.858271749277764950e-02 3.882212287233710590e-02
6.000000000000000000e+00 6.781983187331048768e-01 4.464180253604265181e-01 5.684737308672993539e-02 3.846747862993377121e-02
8.000000000000000000e+00 4.418760711967635868e-01 8.984109674105414944e-01 4.249690235196179611e-02 3.365936409864356271e-02
3.000000000000000000e+00 4.519137299278719322e-01 8.198246655264961325e-01 4.587395512785641394e-02 3.500232361026900385e-02
5.000000000000000000e+00 4.655105748326932025e-01 7.040468682825140601e-01 4.822973607118791195e-02 3.259445003455996304e-02
0.000000000000000000e+00 5.065322552699442760e-01 5.961323325917931015e-01 4.826173855701271220e-02 3.322212400270607713e-02
7.000000000000000000e+00 5.726217636252013410e-01 3.821472477147030977e-01 4.933224078940523505e-02 3.759616052353992321e-02
6.000000000000000000e+00 4.533330156407832101e-01 3.018601799911471151e-01 4.433516439121759634e-02 3.682259447350738624e-02
5.000000000000000000e+00 4.472126356345278442e-01 4.274200522293603033e-01 4.260059694828027821e-02 3.550836632479470456e-02
7.000000000000000000e+00 4.033603571335529492e-01 5.279281659408737726e-01 4.350797918478144233e-02 3.680694760224390016e-02
7.000000000000000000e+00 3.928284181007244413e-01 6.292779940964251528e-01 4.257224721637398179e-02 3.490299051116707574e-02
3.000000000000000000e+00 3.495934686416856119e-01 7.130157421207590218e-01 4.417602426153638406e-02 3.432705480374975693e-02
1.000000000000000000e+00 3.413343194379690471e-01 8.302794196882743449e-01 4.245061596275345739e-02 3.302672892741398414e-02
7.000000000000000000e+00 2.432011908872177830e-01 7.436504078998731337e-01 3.906606686351837832e-02 3.168355134092804004e-02
3.000000000000000000e+00 2.786265524681140748e-01 6.610266953020221825e-01 3.831692519789725582e-02 3.291382066822623464e-02
8.000000000000000000e+00 3.194176596290877468e-01 4.524205767934467159e-01 3.922872345033018293e-02 3.355809558515199242e-02
1.000000000000000000e+00 3.291437166434463268e-01 3.668382152995359746e-01 4.030366895801157368e-02 3.796871416388797327e-02
5.000000000000000000e+00 2.308994925807877352e-01 4.113194216991066798e-01 3.569547455537552816e-02 3.090840424815444187e-02
9.000000000000000000e+00 2.131489212832726743e-01 5.072763130653725749e-01 3.739594054195255479e-02 3.052181203864146042e-02
1.500000000000000000e+01 1.880652965675362331e-01 6.011365236823149605e-01 3.611802185756576855e-02 2.832977805642566960e-02
9.000000000000000000e+00 1.728677549249616197e-01 6.790439857839951632e-01 3.384112949513468083e-02 2.869592574773716098e-02
