1.000000000000000000e+00 2.454233603010939346e-01 1.891679008261020756e-01 3.416483460835390007e-02 4.265440751098628636e-02
1.300000000000000000e+01 8.043437530689672155e-01 5.302752290668996116e-01 3.676563139911315226e-02 3.773283469942279034e-02
1.000000000000000000e+01 7.269108637082495328e-01 6.132085120296582037e-01 2.859162467792375484e-02 2.944390931778995135e-02
5.000000000000000000e+00 6.060032615636494757e-01 7.679929906877618340e-01 4.272017802560956756e-02 5.801235470634502622e-02
3.000000000000000000e+00 3.446998540495006536e-01 8.432217769519543271e-01 3.951752494712196251e-02 5.790220994420824940e-02
2.000000000000000000e+00 2.307528257034784924e-01 8.427464864862008742e-01 3.615336456206511007e-02 4.924770748260598463e-02
1.500000000000000000e+01 6.479650224438092687e-01 5.811665092129213450e-01 4.424863071961704364e-02 5.379481686132780993e-02
2.000000000000000000e+00 5.427345284789530933e-01 6.087888887424643958e-01 4.188543602409933175e-02 5.583833292083684174e-02
8.000000000000000000e+00 3.994589839895729133e-01 6.626901117708696720e-01 4.025451706703858656e-02 5.471525896497042574e-02
2.000000000000000000e+00 2.644927689833230788e-01 6.877351613832576316e-01 3.819317078493825179e-02 5.019713807717141041e-02
7.000000000000000000e+00 1.580245987448159473e-01 7.160031387627250332e-01 3.601592805599415636e-02 5.235505514550042871e-02
6.000000000000000000e+00 9.902302616494554344e-02 6.020705471453171587e-01 3.534364238902988620e-02 4.639803529457975362e-02
1.500000000000000000e+01 2.349688249728367484e-01 5.481405656933776571e-01 3.709626699448825837e-02 5.091529342967304750e-02
3.000000000000000000e+00 3.058323701287389840e-01 5.371163116156918438e-01 3.487858992205478126e-02 5.084684838166120269e-02
9.000000000000000000e+00 4.294861141366409507e-01 5.184804217890323086e-01 3.822854364588551546e-02 5.168780220265473124e-02
0.000000000000000000e+00 5.430490593571491997e-01 4.534750250239391600e-01 3.818693020703123331e-02 4.946207277163150451e-02
3.000000000000000000e+00 6.924418224957484824e-01 4.278955720062226353e-01 4.607318014233507952e-02 5.492775495646634587e-02
8.000000000000000000e+00 6.871983566495640794e-01 2.954419085681165291e-01 4.267082857082438174e-02 5.110797486735363382e-02
6.000000000000000000e+00 5.911149106661843788e-01 3.275402922741925682e-01 4.035002379159657870e-02 4.584360164725970188e-02
6.000000000000000000e+00 4.770566016002957266e-01 3.687929854636876059e-01 3.929778183289550642e-02 4.949896982902612930e-02
1.000000000000000000e+00 2.770493869006171450e-01 4.130680739329563034e-01 3.426051388345296989e-02 4.785151477843319068e-02
0.000000000000000000e+00 1.647630424800137772e-01 4.620333593172424314e-01 3.590210221564490989e-02 4.642598848225532038e-02
5.000000000000000000e+00 1.873209773498743513e-01 3.229779984478445831e-01 3.188874917772197004e-02 3.961912845746912160e-02
9.000000000000000000e+00 2.989052136183082964e-01 2.803210458163755137e-01 3.753782382943582352e-02 4.426364261670201472e-02
1.000000000000000000e+00 4.076263618941373679e-01 2.648176528939913954e-01 3.704056192810206705e-02 4.793359131920038596e-02
8.000000000000000000e+00 5.176128808054811792e-01 2.232647361420088405e-01 3.706106668408210014e-02 4.943400455026186746e-02
0.000000000000000000e+00 6.252156427484800716e-01 1.860627819410315409e-01 3.935250911288135089e-02 5.247037642387339385e-02
7.000000000000000000e+00 5.389634939177312400e-01 8.869543051816930479e-02 3.866299715022003536e-02 4.503871088937827505e-02
5.000000000000000000e+00 4.409058396755605180e-01 1.138914906125366722e-01 3.757489343737169252e-02 4.648382167198306103e-02
7.000000000000000000e+00 3.219870406896954695e-01 1.530860297049435603e-01 3.305237251077175475e-02 4.261650390876789429e-02
