1.200000000000000000e+01 8.878749504526874947e-01 6.888934757059907987e-01 3.431552332573362118e-02 3.792368189829087299e-02
2.000000000000000000e+00 3.715602793691424321e-01 8.450356621667605150e-01 3.688973169902931559e-02 3.668129923779894774e-02
8.000000000000000000e+00 4.634828424021820714e-01 7.930868789610538983e-01 3.471248968150009162e-02 3.662852352988588134e-02
0.000000000000000000e+00 6.514601369872603520e-01 6.826139130195036930e-01 4.045191970120076697e-02 4.045197712852166561e-02
1.000000000000000000e+00 2.899964995517131938e-01 7.720560177806277125e-01 3.690325583310272162e-02 3.669479465821201547e-02
7.000000000000000000e+00 3.590538866335906132e-01 7.341293783753100044e-01 3.404894570208549798e-02 3.532061629623983734e-02
8.000000000000000000e+00 4.526710437656005226e-01 6.808394662308128176e-01 3.578836182502337371e-02 3.472210875775194605e-02
9.000000000000000000e+00 5.477943185293655537e-01 6.352676998751718429e-01 3.480468924521562535e-02 3.416914108474289336e-02
6.000000000000000000e+00 6.575325593272376423e-01 5.733192121346533110e-01 3.849123611081006757e-02 3.742486818889678712e-02
5.000000000000000000e+00 1.975258788816021127e-01 7.243897047495627683e-01 3.443606327231649167e-02 3.570790614843333266e-02
3.000000000000000000e+00 2.780736976080437350e-01 6.695836826194727642e-01 3.345928197101732948e-02 3.516791704994925993e-02
0.000000000000000000e+00 3.627245548449545831e-01 6.280980137146334741e-01 3.553372908412377740e-02 3.574908153752343054e-02
0.000000000000000000e+00 4.582622251563810978e-01 5.731237869616083724e-01 3.648139473372336017e-02 3.520197145124692728e-02
7.000000000000000000e+00 5.510456237298095861e-01 5.207130871001900418e-01 3.685886451404196684e-02 3.749412553790998359e-02
5.000000000000000000e+00 6.508667117666727675e-01 4.675943945129756862e-01 3.869975471302167236e-02 3.912925364608160761e-02
1.500000000000000000e+01 1.944536607814050799e-01 6.090742086862299676e-01 3.488709745071633117e-02 3.445794308158189878e-02
5.000000000000000000e+00 2.843142958572957846e-01 5.781337464374938229e-01 3.556898945916042720e-02 3.769776281784453786e-02
2.000000000000000000e+00 3.686194836928400331e-01 5.217534117320722364e-01 3.375264943986827637e-02 3.523843780002255954e-02
9.000000000000000000e+00 4.687233007873562451e-01 4.606007087341856820e-01 3.570836556700057729e-02 3.634325331328275288e-02
2.000000000000000000e+00 5.559737205597429233e-01 4.048268926785183464e-01 3.622331635356945689e-02 3.622334506722990621e-02
1.000000000000000000e+00 6.640555851407079491e-01 3.540560156087558252e-01 4.011292622588957801e-02 3.926265731254752200e-02
1.000000000000000000e+00 1.920849273623130293e-01 5.089107246052917422e-01 3.321871892373987056e-02 3.343461693668803303e-02
3.000000000000000000e+00 2.849375402142640956e-01 4.619375449807384681e-01 3.620984964681689400e-02 3.620982093315644468e-02
1.500000000000000000e+01 4.504738170403957964e-01 3.475373542716743147e-01 3.519289793454360993e-02 3.455734977407104447e-02
8.000000000000000000e+00 5.383039081900130585e-01 2.851042804405162778e-01 3.986041829586350893e-02 4.028259524550797943e-02
3.000000000000000000e+00 4.433957705271941441e-01 2.365590996902978138e-01 3.588228420836608867e-02 3.502397547009708512e-02
6.000000000000000000e+00 3.594814043240792678e-01 2.973318061057459438e-01 3.781313430554583688e-02 3.887944480013827420e-02
7.000000000000000000e+00 2.804594869414450131e-01 3.456301785875383059e-01 3.405187449545188372e-02 3.533052250909618497e-02
6.000000000000000000e+00 1.911657743775435625e-01 4.143079136509026927e-01 3.357046126429236166e-02 3.271941708211806299e-02
1.200000000000000000e+01 8.623368485635913849e-01 6.042208822281168734e-01 3.249197617766774737e-02 3.461202058357404354e-02
