1.300000000000000000e+01 4.275646253306951694e-01 2.223054557067061232e-01 3.898944703977147430e-02 3.192837228066039423e-02
6.000000000000000000e+00 7.529664106219627895e-01 4.054540686185460485e-01 4.921754002644318504e-02 3.597753969215278236e-02
9.000000000000000000e+00 8.910008623823313378e-01 6.124781975543112100e-01 5.184061547647356161e-02 3.694119591689537518e-02
8.000000000000000000e+00 9.410741982120160998e-01 7.099931311796029432e-01 4.884696143095512699e-02 3.624526416471285373e-02
2.000000000000000000e+00 6.211060187645651709e-01 4.023632839431309227e-01 4.890636200728115668e-02 3.667963087909642539e-02
5.000000000000000000e+00 6.723956320200151771e-01 4.972473795430769061e-01 4.994997838282611013e-02 3.591394845016748771e-02
8.000000000000000000e+00 7.175220136025537432e-01 5.944792041715423192e-01 4.799380940336428480e-02 3.444682171557111872e-02
5.000000000000000000e+00 7.671223104676427873e-01 6.962506447200096371e-01 4.935591636902070256e-02 3.585291660801437352e-02
1.000000000000000000e+00 8.361659178537899084e-01 8.059821281247029345e-01 4.812290440589095386e-02 3.531493638833493875e-02
7.000000000000000000e+00 4.711249917191857040e-01 3.822449106223684279e-01 4.675140359909213394e-02 3.389978515802394288e-02
1.500000000000000000e+01 5.048415407243860287e-01 4.717960466675045206e-01 4.688212986744588751e-02 3.477709679501989060e-02
6.000000000000000000e+00 5.724714875196847963e-01 5.586382970550483051e-01 4.812386066516904926e-02 3.532168645382649519e-02
2.000000000000000000e+00 6.435928775652337563e-01 6.828189144004852551e-01 4.527083298405842893e-02 3.550157569917733458e-02
8.000000000000000000e+00 6.877962439423437324e-01 7.681459297741689562e-01 4.630066797589149630e-02 3.471935560979400037e-02
6.000000000000000000e+00 7.336659483618703792e-01 8.806847372915400651e-01 4.799375315281861898e-02 3.444682171557111872e-02
3.000000000000000000e+00 3.191816362595835121e-01 3.623669661968342837e-01 4.794757145474698445e-02 3.790018334633965535e-02
1.000000000000000000e+00 3.819528718514022536e-01 4.605224669746411092e-01 4.812287628061812095e-02 3.531493638833504978e-02
2.000000000000000000e+00 4.241707064641621061e-01 5.551389506031185750e-01 4.722680508660997978e-02 3.696892743595658892e-02
1.500000000000000000e+01 5.092343427199458317e-01 6.569092661406705780e-01 4.911150774767952809e-02 3.799780616851167192e-02
0.000000000000000000e+00 5.448503320292056307e-01 7.635407819683528441e-01 4.695846185804675166e-02 3.521295414886627118e-02
0.000000000000000000e+00 6.036387336656231506e-01 8.544456577104628803e-01 4.766845624667004344e-02 3.614176316050865534e-02
3.000000000000000000e+00 2.468023433844046544e-01 4.510908676533401107e-01 4.578006917485291649e-02 3.511156254012803846e-02
7.000000000000000000e+00 3.206891227607648887e-01 5.471844484256502827e-01 4.584959484941630858e-02 3.555681373511687671e-02
9.000000000000000000e+00 3.890243670241159135e-01 7.343231797385676440e-01 4.818815503897644348e-02 3.575082186745415225e-02
3.000000000000000000e+00 4.782685438410221312e-01 8.430325626014704143e-01 4.799276876826774618e-02 3.444012790062545015e-02
1.000000000000000000e+00 1.483597820089317121e-01 5.301861241267362690e-01 4.805838502990056327e-02 3.488006341903948648e-02
7.000000000000000000e+00 2.123857282119082923e-01 6.318952109452249388e-01 4.839330077937475938e-02 3.706652213285577258e-02
5.000000000000000000e+00 2.761447233873289830e-01 7.254057807187246354e-01 4.701924057274370350e-02 3.565485843638216412e-02
0.000000000000000000e+00 3.299411140894440431e-01 8.106132636826615112e-01 4.577998479903427897e-02 3.511159066540092688e-02
1.100000000000000000e+01 4.075022213029670382e-01 1.033540015965094816e-01 4.284896573622321014e-02 3.527257972737524172e-02
