0.000000000000000000e+00 4.146494814208867008e-01 9.300592106721942143e-01 5.143193197790185689e-02 3.686777184424960829e-02
2.000000000000000000e+00 5.556026974990433409e-01 9.119274578125522446e-01 5.139231315807146760e-02 3.626902991202718418e-02
6.000000000000000000e+00 3.337950227543472481e-01 7.409629857128826602e-01 5.241417372822093634e-02 3.930371066931814816e-02
7.000000000000000000e+00 1.151798566799263068e-01 6.017930912624069872e-01 5.470156355780336765e-02 3.760513648812235932e-02
6.000000000000000000e+00 1.283664356341532864e-01 4.588499573795234987e-01 5.500542293051846610e-02 3.888401588001827447e-02
0.000000000000000000e+00 2.477411046851807352e-01 5.512885043694382148e-01 5.561532833557611410e-02 3.943617620780681676e-02
1.000000000000000000e+00 4.901068613209611513e-01 7.003771156622274896e-01 5.717643067860933570e-02 3.890625651017720621e-02
5.000000000000000000e+00 5.849438430461484373e-01 7.894077967803925233e-01 5.562493812920232816e-02 3.942927096687798283e-02
1.000000000000000000e+00 7.060052035096060496e-01 8.837200377386469352e-01 5.630188191494622796e-02 3.768385623471359747e-02
8.000000000000000000e+00 7.666653570087544889e-01 7.654107610474591983e-01 5.723541294487832776e-02 3.950580405384140903e-02
8.000000000000000000e+00 6.276426017337418672e-01 6.739050689493022439e-01 5.489591731811893638e-02 4.060943418532547700e-02
7.000000000000000000e+00 5.279296855293715840e-01 5.871082620435196242e-01 5.194432962667405729e-02 4.168803281844191133e-02
3.000000000000000000e+00 3.995588973678251277e-01 5.156081174747746410e-01 5.858245281911117486e-02 4.052369411045664283e-02
1.500000000000000000e+01 2.757792024971383871e-01 4.242157864152028557e-01 5.274539511811729420e-02 3.955275969215882315e-02
1.000000000000000000e+00 1.559761639478940420e-01 3.401489952825542673e-01 5.284894496021572130e-02 4.099883223004913146e-02
5.000000000000000000e+00 7.949094324032581760e-01 6.463789947522331492e-01 5.797260495772793565e-02 4.553137483219804604e-02
7.000000000000000000e+00 6.302461940542000152e-01 5.693554342798587964e-01 6.356538976085679415e-02 4.289316999158299115e-02
8.000000000000000000e+00 6.769951930368858228e-01 5.427274729811233378e-01 6.343154317418231436e-02 4.074282042260490844e-02
6.000000000000000000e+00 5.301097276343447184e-01 4.418505921026514294e-01 5.574209705029853357e-02 4.112220586798132071e-02
2.000000000000000000e+00 4.120368259717090975e-01 3.689465832811950063e-01 5.592741645373161541e-02 4.278544823308999545e-02
1.500000000000000000e+01 3.078478606675407736e-01 3.131173938796789624e-01 5.443884791229053333e-02 4.575101903741596310e-02
5.000000000000000000e+00 8.575094694822348318e-01 5.040423568116985109e-01 6.070915193790749065e-02 4.347971266483086072e-02
9.000000000000000000e+00 7.122391111611595660e-01 4.198439345238401676e-01 6.365003650591205542e-02 4.432410854310381287e-02
0.000000000000000000e+00 5.896242153478534753e-01 3.364619562744107784e-01 5.718080399786440449e-02 4.767317916552649137e-02
2.000000000000000000e+00 4.672392496715657151e-01 2.277328526030715228e-01 6.102054953196994758e-02 4.782351201491927273e-02
1.500000000000000000e+01 7.902859132518689211e-01 3.095499306269566819e-01 4.494379637281109563e-02 3.181149548946993200e-02
3.000000000000000000e+00 7.604179841373894799e-01 2.643923307318802873e-01 4.070605001465776862e-02 3.717260945942962858e-02
9.000000000000000000e+00 2.923137155862184922e-01 8.092416627572061039e-01 5.312109776833162655e-02 3.813419303063592114e-02
8.000000000000000000e+00 1.784901265602922837e-01 7.549790998914666096e-01 5.054725552754274487e-02 3.562856881585863000e-02
3.000000000000000000e+00 8.252428180239251843e-02 6.836435877752049528e-01 4.716932675240408795e-02 3.310102046113128083e-02
