1.500000000000000000e+01 4.144443849845771966e-01 2.904831748656910295e-01 4.793558890271198969e-02 3.768903188211369937e-02
1.300000000000000000e+01 4.449483339375631674e-01 7.704913055112239118e-01 3.772433450255319176e-02 2.777916360726118139e-02
1.200000000000000000e+01 4.564619151442538270e-01 7.299880892526606768e-01 3.746679103289002333e-02 3.484717093672728971e-02
5.000000000000000000e+00 1.938024217163756835e-01 5.838289284328543882e-01 6.578029236117369227e-02 4.414781195108119505e-02
1.000000000000000000e+00 1.173241929154151680e-01 3.316655381378565970e-01 6.411241491734728792e-02 4.678825373842554480e-02
6.000000000000000000e+00 9.313744224375995751e-02 2.086434319904455492e-01 6.075078286616836243e-02 4.036731830706527524e-02
3.000000000000000000e+00 1.777963821248135790e-01 1.361251661017308101e-01 5.486278561828883404e-02 4.287020554745414602e-02
1.000000000000000000e+00 2.488294102188935986e-01 2.484563906210448536e-01 5.469378431963103915e-02 4.015653081609102393e-02
9.000000000000000000e+00 3.008624308948348869e-01 3.502554953372728486e-01 5.474705243218752626e-02 4.106051782006581163e-02
1.500000000000000000e+01 3.132255742323225567e-01 4.700605216681690290e-01 5.668738270479484198e-02 4.337909453481020305e-02
7.000000000000000000e+00 3.630324447952529843e-01 6.182508684528305043e-01 5.858358470185259792e-02 4.479399842747688876e-02
8.000000000000000000e+00 4.922933751216596043e-01 6.416064080726792129e-01 5.136993978207798905e-02 4.458663837538034969e-02
2.000000000000000000e+00 4.675916803206312533e-01 5.155331101504305735e-01 4.859051534824571084e-02 3.860721419543999833e-02
7.000000000000000000e+00 4.150647085784421875e-01 3.969324858411333312e-01 5.276813491021625779e-02 3.783829684523443149e-02
2.000000000000000000e+00 3.392537164409842321e-01 1.850681221335640503e-01 4.965039369717133555e-02 3.683365738621999230e-02
9.000000000000000000e+00 3.133560168436070881e-01 1.011264738046216694e-01 4.971557215982758127e-02 3.728650774792675870e-02
3.000000000000000000e+00 4.493163620101813249e-01 1.543867746566701671e-01 4.290368020049228903e-02 3.390879529601364961e-02
2.000000000000000000e+00 4.852194268981390168e-01 2.420662735775925833e-01 4.417963000866192980e-02 3.530556232461953825e-02
0.000000000000000000e+00 5.167119920333864691e-01 3.439405677341985657e-01 4.673364321230860652e-02 3.764498929253612403e-02
8.000000000000000000e+00 5.625758940685060550e-01 4.512880390675236830e-01 4.790851213557889565e-02 3.722849834492292231e-02
5.000000000000000000e+00 6.027824940542012566e-01 5.428760893175272884e-01 4.693957516487301529e-02 4.083193620891856224e-02
3.000000000000000000e+00 6.282927216864623299e-01 6.764901097954438836e-01 5.663448589811670431e-02 4.248247652442227462e-02
6.000000000000000000e+00 7.203094017301043817e-01 5.751529095919578616e-01 4.682012891998754700e-02 3.900533978306730543e-02
7.000000000000000000e+00 6.871568136984582686e-01 4.858320958785105059e-01 4.544675416172150317e-02 3.624885062772448263e-02
1.000000000000000000e+00 6.128206056670582047e-01 2.932592004226363680e-01 3.870640998895658047e-02 3.378552174438154143e-02
0.000000000000000000e+00 5.673292662379370022e-01 1.976730712838685178e-01 4.153970233714909810e-02 3.115479103385709880e-02
8.000000000000000000e+00 6.926665930661913828e-01 2.509061097158444831e-01 3.684274009924570770e-02 3.282595310660790799e-02
0.000000000000000000e+00 7.112105511796709134e-01 3.246647371723827002e-01 3.552426148700293940e-02 3.097319389732400285e-02
6.000000000000000000e+00 7.640506908683079024e-01 4.200746673908497542e-01 3.803817365578154863e-02 3.285937063566485294e-02
5.000000000000000000e+00 8.027369646538585757e-01 5.200956168173636041e-01 3.698098013397665973e-02 3.464712275423631471e-02
