6.000000000000000000e+00 2.725179957825367705e-01 7.545846763894992204e-01 3.333743442981157434e-02 3.375692329181123608e-02
5.000000000000000000e+00 3.376182937580709531e-01 8.346212563086565783e-01 3.498482802572394634e-02 3.512486948027382372e-02
3.000000000000000000e+00 4.105744898145650135e-01 9.177095729248814227e-01 3.479504412382766754e-02 3.492509087060646777e-02
1.000000000000000000e+01 8.840335316612756289e-01 4.009926414677982276e-01 3.688151158714081390e-02 3.207662804228234021e-02
1.000000000000000000e+00 4.955595477650841518e-01 3.316701138580903097e-01 3.850175193072713498e-02 4.065055632863590063e-02
1.000000000000000000e+01 8.013105418345914943e-01 3.557292241951951484e-01 3.912754773752791237e-02 3.672211621869886367e-02
7.000000000000000000e+00 5.135916471111466874e-01 8.985851906743433926e-01 3.685354951453273520e-02 3.743081610441023610e-02
0.000000000000000000e+00 4.370606964994825372e-01 8.163583254313835358e-01 3.427219958435695490e-02 3.260966949459476183e-02
1.500000000000000000e+01 3.706381362382024092e-01 7.374622398827996861e-01 3.455716430158778385e-02 3.455719318802652484e-02
2.000000000000000000e+00 3.024636134731156778e-01 6.545881739820031964e-01 3.604646241879733148e-02 3.533036760479291161e-02
6.000000000000000000e+00 2.308615847738506588e-01 5.792227622832175626e-01 3.311298680154156626e-02 3.406675923271518247e-02
7.000000000000000000e+00 2.599103363173861370e-01 4.841333003108475030e-01 3.405023618981040112e-02 3.475619186385048298e-02
3.000000000000000000e+00 4.004689592216068572e-01 6.376520550045625679e-01 3.471309329739241667e-02 3.375940752553463486e-02
5.000000000000000000e+00 4.712287460293056451e-01 7.156369756189737696e-01 3.597681721522466569e-02 3.669294091566766003e-02
0.000000000000000000e+00 5.048152826627705370e-01 6.217857452823318809e-01 3.481607345116100038e-02 3.624866748931088178e-02
1.000000000000000000e+00 5.433541825535950220e-01 8.003867246402924795e-01 3.685418501618287213e-02 3.518252681180900066e-02
8.000000000000000000e+00 6.200379424256901029e-01 8.796271365375221141e-01 3.863387850108834787e-02 3.601018105185949114e-02
8.000000000000000000e+00 6.526305400350458363e-01 7.744775534537432504e-01 3.907601433098550903e-02 3.716482977736901283e-02
2.000000000000000000e+00 5.747887517241195843e-01 6.991199410933917058e-01 3.621383044430515064e-02 3.645376120368881701e-02
9.000000000000000000e+00 4.372045509639335137e-01 5.303030007094922116e-01 3.544446903743986299e-02 3.497564213823500801e-02
3.000000000000000000e+00 3.628087414646989917e-01 4.570807027802022970e-01 3.505132460748422440e-02 3.600486594714880084e-02
1.000000000000000000e+00 2.013835663088343053e-01 6.729973280116963164e-01 3.367381700783012022e-02 3.269985295604371789e-02
1.500000000000000000e+01 2.889564880814435854e-01 3.817094271343718370e-01 3.421332902239887508e-02 3.588510277252743297e-02
2.000000000000000000e+00 3.909933407529562754e-01 3.521288040392892005e-01 3.492171115728504027e-02 3.516089086926388330e-02
8.000000000000000000e+00 4.677006141861082544e-01 4.362295036706980156e-01 3.657944609823227111e-02 3.705763220355823284e-02
9.000000000000000000e+00 5.360118564653008066e-01 5.151712297923405348e-01 3.584518171432038436e-02 3.393575923346114909e-02
7.000000000000000000e+00 6.066245824138589704e-01 5.939651006777795228e-01 3.558000420756124438e-02 3.580913143889163930e-02
6.000000000000000000e+00 7.197431828723306335e-01 5.742209021132402835e-01 3.830873274770285608e-02 3.759240684218922990e-02
0.000000000000000000e+00 6.458211109668707817e-01 4.918925299248825822e-01 3.691397994417766615e-02 3.738303793489172744e-02
5.000000000000000000e+00 5.699939784327867631e-01 4.109050373319774185e-01 3.541789351388657803e-02 3.661125006718024544e-02
