8.000000000000000000e+00 4.601490307992861517e-01 5.331713884865941777e-01 3.757045955958920880e-02 3.611578502756795928e-02
1.000000000000000000e+00 8.315849689717749182e-01 5.806311730986489783e-01 3.486633022060769971e-02 3.663014147222742878e-02
6.000000000000000000e+00 7.406591509708980725e-01 6.218479863187581502e-01 3.667240540711258490e-02 3.711301782105747016e-02
7.000000000000000000e+00 6.453692549101235354e-01 6.660534479446533762e-01 3.708780106609377292e-02 3.841045526543240829e-02
1.500000000000000000e+01 5.441718302086380188e-01 7.161067458496178650e-01 3.822375324380045125e-02 3.896424352562921634e-02
2.000000000000000000e+00 4.469568282529932102e-01 6.517952247830154366e-01 3.890291724897870784e-02 3.787099099347657205e-02
3.000000000000000000e+00 5.500474430428508033e-01 6.010688900541543145e-01 3.777627838682018346e-02 3.645302508531156338e-02
2.000000000000000000e+00 7.394673733637360247e-01 5.137097723571355523e-01 3.523129236966160427e-02 3.581285718500171189e-02
6.000000000000000000e+00 8.339799343592412262e-01 4.706132216155572978e-01 3.427109498303027024e-02 3.464128566011087651e-02
5.000000000000000000e+00 8.384207247287853715e-01 3.732848123423678777e-01 3.322838488847212890e-02 3.358967072875679305e-02
1.500000000000000000e+01 7.469777998596516255e-01 4.103576767020926663e-01 3.368174183948280387e-02 3.368179630331652463e-02
3.000000000000000000e+00 6.550804559947513983e-01 4.510555448995604011e-01 3.684157007432065090e-02 3.684154284240381827e-02
9.000000000000000000e+00 5.500782151088432492e-01 4.938800760241489618e-01 3.637742928425402589e-02 3.674824629542144949e-02
1.000000000000000000e+00 3.569621239515973210e-01 5.809400374990791871e-01 3.952320585001917186e-02 3.732836781917092672e-02
3.000000000000000000e+00 8.403205594048583915e-01 2.713141237471757838e-01 3.250929889325415711e-02 3.433405517468895995e-02
0.000000000000000000e+00 7.522790098726445107e-01 3.143744832713170068e-01 3.501801199722542890e-02 3.391566400485901411e-02
5.000000000000000000e+00 6.598008092222411580e-01 3.510378340660911256e-01 3.242515227031905756e-02 3.388933074130623391e-02
0.000000000000000000e+00 5.695168475005163433e-01 3.867644613865219849e-01 3.682969695859250603e-02 3.682964249475889629e-02
9.000000000000000000e+00 4.711357748671757828e-01 4.310603057443011532e-01 3.481469850634077989e-02 3.517595711470866693e-02
5.000000000000000000e+00 3.703511996404498241e-01 4.723855973050129498e-01 3.862370840595169552e-02 3.716843477176062782e-02
0.000000000000000000e+00 3.836323552429942718e-01 3.675920618295172027e-01 3.675017976151473409e-02 3.638829481906030727e-02
7.000000000000000000e+00 4.812007730149662765e-01 3.342007892306610994e-01 3.541706850612191815e-02 3.614933474907472410e-02
2.000000000000000000e+00 5.771823869945671426e-01 2.923421197313998965e-01 3.478093092949952059e-02 3.259502496736405019e-02
1.000000000000000000e+00 6.678276890204102312e-01 2.547530335407143243e-01 3.457603798744013357e-02 3.384388067215457485e-02
7.000000000000000000e+00 7.540848672038149569e-01 2.175920739301173135e-01 3.517595711470855591e-02 3.481467127442400278e-02
8.000000000000000000e+00 6.689310445936984539e-01 1.616939761048076796e-01 3.141675439093849498e-02 3.068459707565299177e-02
8.000000000000000000e+00 5.770458189317777542e-01 2.011052996246233959e-01 3.409996961781192049e-02 3.415266337683448006e-02
6.000000000000000000e+00 3.968042155474320043e-01 2.693312998046321072e-01 3.302828476377084321e-02 3.385763279014236682e-02
1.100000000000000000e+01 1.914464791319746562e-01 3.616247046675800103e-01 3.386228944791636053e-02 3.561697800740554198e-02
1.100000000000000000e+01 1.793271596440623727e-01 2.564056841079259130e-01 3.313639547349653269e-02 3.707325922251858419e-02
