1.500000000000000000e+01 2.500120978465846799e-01 3.267732752400983043e-01 3.169012939056270461e-02 4.519352793070663399e-02
1.100000000000000000e+01 7.573713527828918046e-01 6.787395090621969329e-01 2.747836369504053078e-02 3.909166321783485998e-02
1.000000000000000000e+01 5.949150076198834736e-01 7.756713060433888529e-01 2.774756043356763069e-02 3.252530323024382941e-02
1.000000000000000000e+00 4.194637526428036667e-01 7.550656101147183996e-01 3.781126485451807850e-02 5.164064677223667577e-02
7.000000000000000000e+00 2.196611507070980185e-01 6.269811865550517505e-01 3.735168173203595732e-02 5.306484704279945674e-02
1.000000000000000000e+00 1.428950476664236358e-01 5.369720155478712176e-01 3.733610859005373483e-02 4.733312109794041156e-02
6.000000000000000000e+00 1.503129373412541714e-01 4.139050990947568121e-01 3.587741529444221644e-02 4.668112735294371873e-02
2.000000000000000000e+00 2.450077617855908607e-01 4.617962352888517752e-01 3.613452058130883771e-02 5.053268654431686269e-02
3.000000000000000000e+00 3.266226314065221459e-01 5.353609105836749649e-01 3.441909985669494576e-02 4.765694528771857730e-02
3.000000000000000000e+00 4.142673163425412142e-01 5.957335557135314819e-01 3.495196041502046658e-02 5.012872949744162643e-02
0.000000000000000000e+00 5.159440634557502792e-01 6.913583693316625034e-01 3.928226552056962584e-02 4.944232369693846163e-02
7.000000000000000000e+00 6.256062967357913784e-01 6.076856587914420960e-01 3.776057792099563049e-02 5.035290717041196462e-02
1.000000000000000000e+00 5.076418649239448078e-01 5.325945861686636196e-01 3.805587384201269963e-02 4.897615505167685068e-02
7.000000000000000000e+00 4.212257713390504810e-01 4.568511689328714764e-01 3.364859369151868007e-02 4.662949577476022123e-02
5.000000000000000000e+00 3.456120808050561211e-01 3.990510476183680710e-01 3.347410432771502631e-02 4.580239189946849754e-02
1.500000000000000000e+01 6.917253502875229110e-01 2.609331887516727067e-01 3.151086282375936687e-02 4.172824743612499332e-02
8.000000000000000000e+00 1.620117946804842113e-01 2.806390566610810211e-01 3.134117765280297618e-02 4.354787596176673548e-02
8.000000000000000000e+00 2.523014711722759151e-01 2.195997353092116744e-01 3.130215033338146213e-02 4.201609415924406621e-02
7.000000000000000000e+00 3.538913379665238335e-01 2.743227441152468749e-01 3.125486412063843700e-02 4.309253024533510334e-02
6.000000000000000000e+00 4.238520319406886006e-01 3.414219069874987467e-01 3.419516509235176471e-02 4.559864554102249778e-02
9.000000000000000000e+00 5.275669443743913334e-01 3.945483313672693004e-01 3.345024530256390793e-02 4.460069593133370036e-02
5.000000000000000000e+00 6.086824478376902103e-01 4.476029897426540005e-01 3.595835784696288506e-02 4.624456657034153872e-02
0.000000000000000000e+00 7.013137904846193926e-01 5.355061429528362726e-01 3.596413367431849917e-02 4.624672575813804087e-02
5.000000000000000000e+00 6.920454768681996160e-01 3.926746151873254376e-01 3.522633920425910503e-02 4.668857655084157621e-02
2.000000000000000000e+00 6.001799981326843003e-01 3.277803744080746151e-01 3.409951307296743561e-02 4.377170276672009974e-02
0.000000000000000000e+00 4.237585256141770396e-01 2.204618585115776797e-01 3.125556585667227383e-02 4.309280014380967305e-02
9.000000000000000000e+00 3.421372189146274501e-01 1.488823944565392798e-01 3.202232043305225373e-02 4.014531987267297430e-02
6.000000000000000000e+00 4.208000874649731049e-01 9.459528518184359691e-02 3.024377045523857221e-02 3.947181521925381686e-02
3.000000000000000000e+00 4.886494871269618789e-01 1.451326544646941441e-01 3.055884993444091258e-02 4.102597160531758214e-02
2.000000000000000000e+00 5.706605812034721836e-01 2.119506640959960553e-01 3.180856084120009530e-02 4.184457367866065147e-02
