1.400000000000000000e+01 3.319617269041560403e-01 7.512362137295705011e-01 3.663914673133472633e-02 2.879138082671295340e-02
2.000000000000000000e+00 3.380209483924849767e-01 1.135320020832435023e-01 4.666290569555459067e-02 3.669321130653416252e-02
1.000000000000000000e+00 2.620837585556805571e-01 1.780790505443110572e-01 4.921596451039017550e-02 3.975200447315715979e-02
1.000000000000000000e+01 4.327242606556309656e-01 7.895099156135607643e-01 3.991069008398601126e-02 3.109145930066226082e-02
8.000000000000000000e+00 1.409944015284833596e-01 2.411415864872444581e-01 5.388133278525618353e-02 3.814916380966887344e-02
3.000000000000000000e+00 5.080603321975369902e-01 1.501212147616074744e-01 4.854769693802668540e-02 3.735313296069581179e-02
6.000000000000000000e+00 4.031097884010970134e-01 2.009456923307384457e-01 4.999915113270669842e-02 3.939092327312007646e-02
5.000000000000000000e+00 3.103178187168044166e-01 2.724767324537784030e-01 5.415329655364581329e-02 3.903997033991790655e-02
1.500000000000000000e+01 1.917206660296891796e-01 3.456790639151863798e-01 5.178862916018819873e-02 3.648628911762319404e-02
1.000000000000000000e+00 4.245538472115731876e-01 3.245836947380610349e-01 4.838943569591996896e-02 3.487844090321373658e-02
8.000000000000000000e+00 6.279763945817868898e-01 1.820337709570967188e-01 4.713033369735775135e-02 3.581940781641856919e-02
0.000000000000000000e+00 5.553494222338438702e-01 2.626305435085221629e-01 4.788276773294386501e-02 3.551439987019902600e-02
0.000000000000000000e+00 7.407314469644392663e-01 2.215168529710395684e-01 4.482595495369079419e-02 3.492498000640739675e-02
7.000000000000000000e+00 6.673141303083998110e-01 2.775494098281456878e-01 4.730019435120258464e-02 3.434413239080286173e-02
1.000000000000000000e+00 3.272369752994398473e-01 3.990861929447094836e-01 4.994565238247011818e-02 3.859741034523161973e-02
5.000000000000000000e+00 5.790780276230393930e-01 3.655097435722413635e-01 4.429509797355313250e-02 3.661328853053291699e-02
7.000000000000000000e+00 7.924713020128306695e-01 3.078983228844474063e-01 4.741318959628204599e-02 3.612616982002292421e-02
2.000000000000000000e+00 4.507336770679169491e-01 4.155266474631572615e-01 4.917426321062878802e-02 3.688112177669372604e-02
5.000000000000000000e+00 3.395509108007592758e-01 4.748249479670455520e-01 4.785583446471258773e-02 3.683475242098888103e-02
0.000000000000000000e+00 2.159312977047290749e-01 5.531133668544400139e-01 5.304826869246517806e-02 3.900525697844758888e-02
9.000000000000000000e+00 3.685543911147933782e-01 5.778096743863346818e-01 5.412941874021387489e-02 3.865880235370000584e-02
3.000000000000000000e+00 4.991209484833540322e-01 5.186810506431784873e-01 4.926612489334603051e-02 3.639691706474235122e-02
3.000000000000000000e+00 6.193175185929322701e-01 4.654284625566313949e-01 4.757880656290558452e-02 3.502343354994180702e-02
6.000000000000000000e+00 7.076614958074585182e-01 4.148392125701775290e-01 4.805392978420330863e-02 3.538658001109323825e-02
7.000000000000000000e+00 8.338769582311391648e-01 4.086014874516962214e-01 4.808414483721901167e-02 3.572570720257212118e-02
8.000000000000000000e+00 8.316957595818827986e-01 5.387678368240393922e-01 4.406486379617313709e-02 3.820925442072253819e-02
2.000000000000000000e+00 6.196495446811274288e-01 5.547527881017759732e-01 4.962664026842034115e-02 3.612939502231105049e-02
6.000000000000000000e+00 5.386914787453039866e-01 6.484182925093269212e-01 5.194324083128454284e-02 3.895721843910238125e-02
9.000000000000000000e+00 7.585039524647836373e-01 6.190592760798916405e-01 5.087620811635884532e-02 3.652202096402668019e-02
1.500000000000000000e+01 6.718515655591674740e-01 6.821122920178253057e-01 5.247279641400770522e-02 4.001548086710415841e-02
