1.200000000000000000e+01 1.621785932091484583e-01 6.875270560004684839e-01 4.315687084567010334e-02 3.171730510452952512e-02
1.500000000000000000e+01 7.211696847279617240e-01 2.001104261474481172e-01 4.607582728891901347e-02 3.433690869445976679e-02
3.000000000000000000e+00 8.092462565376483674e-01 2.769793623483371436e-01 4.546031984596865527e-02 3.454316151574199356e-02
1.000000000000000000e+00 9.096232241436557064e-01 3.557540585066198968e-01 4.608555158151117492e-02 3.433754163658120362e-02
6.000000000000000000e+00 4.772933308607479885e-01 1.480899201441921165e-01 4.821450994698239789e-02 3.486576060697338386e-02
2.000000000000000000e+00 5.771879821852117232e-01 2.251744882177984519e-01 4.529069135743746255e-02 3.396741434605310417e-02
9.000000000000000000e+00 6.821276281536081676e-01 2.888864133863133787e-01 4.593255220871472755e-02 3.542162764003153885e-02
7.000000000000000000e+00 7.714573965935407340e-01 3.871763118872465492e-01 4.486368558627396030e-02 3.429827045495892346e-02
8.000000000000000000e+00 8.693138448217108127e-01 4.301727750602901690e-01 4.491529913926339823e-02 3.464572690950279421e-02
3.000000000000000000e+00 3.443713280909700414e-01 1.717760384461909373e-01 4.635967306026383961e-02 3.509784897484669042e-02
9.000000000000000000e+00 4.430900017239968181e-01 2.518202294943451269e-01 4.739536776152458719e-02 3.587400863624318204e-02
8.000000000000000000e+00 5.444437284887350126e-01 3.286243035128404433e-01 4.593255220871461653e-02 3.542162764003153885e-02
5.000000000000000000e+00 6.444552871000281957e-01 4.027173138048653622e-01 4.589866103512407758e-02 3.506821577552732272e-02
2.000000000000000000e+00 8.317948771521809226e-01 5.267173212764560963e-01 4.533350126092017263e-02 3.432140161248597998e-02
0.000000000000000000e+00 3.107906701511795600e-01 2.766476287514903487e-01 4.731029458639118834e-02 3.516168981881728772e-02
7.000000000000000000e+00 6.132180110543763440e-01 1.239773714729584253e-01 4.514920002321132220e-02 3.476497895919102021e-02
6.000000000000000000e+00 4.039108700252187489e-01 3.626928015926883520e-01 4.825573749516171018e-02 3.522590467404146386e-02
5.000000000000000000e+00 5.110830610912704408e-01 4.234806060856458609e-01 4.585582236154495117e-02 3.471336540620173494e-02
6.000000000000000000e+00 6.033044687678947859e-01 5.056979463673825226e-01 4.726990137100817169e-02 3.480865196556659491e-02
2.000000000000000000e+00 7.086238512390259370e-01 5.745348902030409377e-01 4.524931995877601310e-02 3.361526836579153965e-02
5.000000000000000000e+00 8.033495663441510004e-01 6.369540598587235536e-01 4.394304250062308626e-02 3.461756098510127000e-02
1.000000000000000000e+00 3.749185389887819131e-01 4.512774389202204306e-01 4.778255571923362144e-02 3.519376847633287619e-02
1.500000000000000000e+01 4.793661731531391190e-01 5.243425512071160366e-01 4.547073462087497520e-02 3.538480191660553498e-02
8.000000000000000000e+00 5.611208902843363155e-01 6.018062084562874059e-01 4.791780394253508657e-02 3.625975808913095566e-02
0.000000000000000000e+00 6.792107431573020104e-01 6.702687094869537177e-01 4.550560397774405796e-02 3.574621186791626659e-02
7.000000000000000000e+00 2.360633080030448139e-01 4.865243601497014625e-01 4.641214971614590623e-02 3.545249795349730837e-02
3.000000000000000000e+00 3.249377321268336338e-01 5.440318845583884677e-01 4.818306423158819074e-02 3.451421879873695087e-02
1.000000000000000000e+00 4.359605848238611303e-01 6.242038723748695173e-01 4.648885079321918301e-02 3.616775132075866761e-02
0.000000000000000000e+00 5.289771548105718368e-01 7.098250027648360660e-01 4.705401056742308796e-02 3.690748804007915052e-02
1.100000000000000000e+01 3.342200584977156330e-01 7.195013068361837405e-01 3.461151926485156460e-02 3.047932785529339217e-02
