0.000000000000000000e+00 7.430881142467031797e-01 5.285284959135796434e-01 3.681488957470469003e-02 3.746406030557836164e-02
1.600000000000000000e+01 7.975916606005477583e-01 2.722716162386425442e-01 3.932255096184922305e-02 3.868467400797515054e-02
1.600000000000000000e+01 8.789699672814724751e-01 3.963014392157887533e-01 3.578449850843989921e-02 3.257105910129332038e-02
3.000000000000000000e+00 2.700551294599775054e-01 3.659069373016848314e-01 4.175624918197617941e-02 3.981809310853601236e-02
6.000000000000000000e+00 2.473544716056661485e-01 4.765480706881891626e-01 4.561761368282732376e-02 4.175528035306691477e-02
7.000000000000000000e+00 2.263107464732550811e-01 5.774847493794592612e-01 4.008911607570242452e-02 3.969768151552477420e-02
6.000000000000000000e+00 2.108438081488903382e-01 6.999639616872928016e-01 4.423780755022188593e-02 3.960328989893413532e-02
8.000000000000000000e+00 3.831336841377030455e-01 3.290769616768212669e-01 4.120994040044267948e-02 4.391967181723821501e-02
1.500000000000000000e+01 3.622290689962525123e-01 4.425044331660198393e-01 3.930549957304568798e-02 4.047047481522342283e-02
3.000000000000000000e+00 3.231498601755901090e-01 6.564688030172778355e-01 3.874878280094390393e-02 3.836861433693994350e-02
1.000000000000000000e+00 2.872403827378523511e-01 7.647566648235388787e-01 4.007784997952873463e-02 3.969690645239720705e-02
1.000000000000000000e+00 5.256269363727453792e-01 2.874608328359539167e-01 4.023081422389207518e-02 4.184449565519915426e-02
2.000000000000000000e+00 4.847186892946544479e-01 4.045645117810259261e-01 3.846416854822160003e-02 4.104003549057977374e-02
9.000000000000000000e+00 4.608770277934637893e-01 5.102569916626131796e-01 3.833523126080851107e-02 3.929797038837928858e-02
2.000000000000000000e+00 4.322463065895414402e-01 6.317691743148492467e-01 3.932255096184916754e-02 3.868467400797526157e-02
5.000000000000000000e+00 4.122254433387287920e-01 7.382766330749280792e-01 3.817609419225181933e-02 3.721327202220314767e-02
1.500000000000000000e+01 3.687592941743403907e-01 8.331779090333215620e-01 4.061931461651574482e-02 3.739530113384514909e-02
5.000000000000000000e+00 5.989971800977700322e-01 3.801534003277827756e-01 3.887832906652832765e-02 4.210248095332902452e-02
7.000000000000000000e+00 5.651108665500557127e-01 4.918271115658043868e-01 3.798667430007340862e-02 3.927480153703438726e-02
0.000000000000000000e+00 5.379147595141783311e-01 5.985381489605501315e-01 3.736878290255662982e-02 4.026829406226839492e-02
0.000000000000000000e+00 5.089346786055674032e-01 7.076709126181868204e-01 3.578084463941055837e-02 3.739413853915385388e-02
3.000000000000000000e+00 4.772444095465321334e-01 8.045458037881003666e-01 3.608015741072800875e-02 3.672852539764837054e-02
5.000000000000000000e+00 4.555634164384185780e-01 9.071545566130814198e-01 3.775620374296717596e-02 3.615414825857155012e-02
6.000000000000000000e+00 6.783140679871674239e-01 4.482973103420758720e-01 3.570405802814313745e-02 4.086365326743773840e-02
9.000000000000000000e+00 6.443671887922097774e-01 5.703262386536992468e-01 3.612901406858204378e-02 3.741739043297687139e-02
8.000000000000000000e+00 6.100387294111231373e-01 6.720791003393910001e-01 3.610415668685229562e-02 3.706634219790339024e-02
7.000000000000000000e+00 5.818782777597683031e-01 7.831517362816784456e-01 3.498214208659500279e-02 3.595667324603291082e-02
1.000000000000000000e+00 5.600112279798328263e-01 8.618864133582466724e-01 3.880835193845189046e-02 3.623348150582905713e-02
2.000000000000000000e+00 6.676654479985948409e-01 8.435971656978272781e-01 3.503235510492197502e-02 3.664553828136152269e-02
8.000000000000000000e+00 6.933762019124063425e-01 7.395620475909430169e-01 3.495722934321332520e-02 3.560640007408699681e-02
