6.000000000000000000e+00 8.389674255669768987e-01 5.003551504032965891e-01 3.936746468204832539e-02 3.229544133557094021e-02
2.000000000000000000e+00 7.996695195326550820e-01 4.292107129247763608e-01 4.372989478672539843e-02 3.082291643040013795e-02
8.000000000000000000e+00 2.675080958253053254e-01 2.167337363478639423e-01 4.567707283476221680e-02 3.386212156884566005e-02
6.000000000000000000e+00 7.716159272393559032e-01 3.356350174689981536e-01 3.973971810449750119e-02 3.019353078544823044e-02
2.000000000000000000e+00 7.325592379284693312e-01 2.516347741950490380e-01 4.252697788977610749e-02 2.991466831035891061e-02
0.000000000000000000e+00 6.183809562287991834e-01 2.165989732927216527e-01 3.894356096073781082e-02 3.354771538914877449e-02
5.000000000000000000e+00 3.156577356228701392e-01 3.145823338136490288e-01 4.864704691722854246e-02 3.569477900180673124e-02
0.000000000000000000e+00 6.454563322646459378e-01 3.073329604848497043e-01 4.269934574760414492e-02 3.203074720356247074e-02
3.000000000000000000e+00 7.185698418396633258e-01 4.797898686696552284e-01 4.121164242479768980e-02 3.407328174944446175e-02
9.000000000000000000e+00 7.720508598828335067e-01 5.787050912157587490e-01 4.061089375844284532e-02 3.362188762065321246e-02
5.000000000000000000e+00 6.892773794551230182e-01 6.533642605535839865e-01 4.695361597697000899e-02 3.561031492956723277e-02
8.000000000000000000e+00 6.454201333765432480e-01 5.381537645567426864e-01 4.481668040917330398e-02 3.677746972741047227e-02
1.000000000000000000e+00 5.980088171296420452e-01 4.578600444606244491e-01 4.338532286694285478e-02 3.332885680248298677e-02
3.000000000000000000e+00 5.707349204947890220e-01 3.692583929021714395e-01 4.213539655422238184e-02 3.200355708851704284e-02
1.500000000000000000e+01 5.270079467344790380e-01 2.852282978302281835e-01 4.436667854530906840e-02 3.169600303620606629e-02
7.000000000000000000e+00 4.984127087859427929e-01 1.873315716768677308e-01 4.218355254111011421e-02 3.242751540845217884e-02
1.000000000000000000e+00 3.607775475957627487e-01 1.482039451029835697e-01 4.218355254111000319e-02 3.242754270776448955e-02
2.000000000000000000e+00 4.032298618664130752e-01 2.457554714523788042e-01 4.394747030571327651e-02 3.335599231890376548e-02
8.000000000000000000e+00 4.391087883793030611e-01 3.331626143020692821e-01 4.553222268372703052e-02 3.217570655184681661e-02
0.000000000000000000e+00 4.784172182985143573e-01 4.296909078280383154e-01 4.564084664734729957e-02 3.344053828908016834e-02
7.000000000000000000e+00 5.029469880615142774e-01 5.283756149811262848e-01 4.677163876121420705e-02 3.350553795165367443e-02
8.000000000000000000e+00 5.404617849146895470e-01 6.368844574013908799e-01 4.767934089500969197e-02 3.733273773948275753e-02
1.500000000000000000e+01 4.212641151599729739e-01 6.035148700249644005e-01 4.823351693458988176e-02 3.736637049222957252e-02
6.000000000000000000e+00 4.032880367009128442e-01 4.949533672312834698e-01 4.677103817634370442e-02 3.349871312357999287e-02
7.000000000000000000e+00 3.406914233915161461e-01 4.047794390805352638e-01 4.680729166307096012e-02 3.392029640334542906e-02
5.000000000000000000e+00 1.810747603941316175e-01 2.734661434342893216e-01 4.609857421659083188e-02 3.219880177004802446e-02
1.000000000000000000e+00 2.052020290966600213e-01 3.691952222935216965e-01 4.847006547562268675e-02 3.358817296996929880e-02
3.000000000000000000e+00 2.782902868078048764e-01 5.796194816810662509e-01 5.384469948155884422e-02 3.722501465316818692e-02
1.600000000000000000e+01 2.805707894589588580e-01 7.030899305988844716e-01 3.833470439863140289e-02 3.309708564110180884e-02
1.600000000000000000e+01 5.104901019906034065e-01 9.019392952231750638e-01 3.827775803318489434e-02 2.633903168532469863e-02
