6.000000000000000000e+00 5.230037838089411917e-01 4.174939123167571431e-01 4.861462764678264881e-02 3.771214617516832623e-02
1.400000000000000000e+01 2.512825261063511562e-01 6.389516309441225506e-01 4.024934439373767381e-02 3.116939821970099445e-02
1.200000000000000000e+01 2.432845048303024227e-01 6.734012194346072899e-01 3.288424382081162056e-02 2.567510667533479118e-02
8.000000000000000000e+00 5.422630804353785194e-01 7.371700938168217476e-01 5.244610782516490044e-02 3.891503395647444297e-02
3.000000000000000000e+00 6.739205032735973155e-01 6.942123786269696062e-01 4.627520409063301532e-02 3.847725556287018289e-02
9.000000000000000000e+00 5.594414254905385464e-01 6.543669123783621977e-01 5.071343464885025298e-02 3.971170372340471211e-02
3.000000000000000000e+00 4.379285336218998737e-01 6.321636424072547555e-01 5.207702130726893364e-02 4.074007625681497213e-02
0.000000000000000000e+00 3.221843386778383556e-01 5.842438723596357075e-01 5.351219682236629804e-02 4.223029441035486276e-02
5.000000000000000000e+00 2.080203911420970553e-01 4.455038463765090828e-01 5.576164683490802965e-02 4.055141037110110425e-02
9.000000000000000000e+00 4.762389481508879641e-01 5.248524755020134158e-01 4.960971275461661945e-02 3.594384570403175161e-02
2.000000000000000000e+00 3.687570822130680770e-01 4.469806938486459158e-01 5.357233703309360884e-02 3.808919939073357463e-02
6.000000000000000000e+00 8.195151622837100192e-01 6.749636949788959672e-01 4.656206091790049406e-02 3.618457368045879807e-02
7.000000000000000000e+00 7.202703881909835459e-01 5.791474142981819506e-01 4.513451783343724877e-02 3.468967578842785393e-02
8.000000000000000000e+00 6.238542096046537644e-01 5.183570124042161664e-01 4.847991803164719560e-02 3.678539082042098229e-02
8.000000000000000000e+00 8.480109256233581139e-01 5.467314785935113441e-01 4.761310789852346570e-02 3.671589113271156446e-02
5.000000000000000000e+00 7.327015563807576237e-01 4.710260537388828994e-01 4.544605471012785891e-02 3.589334352614903523e-02
1.500000000000000000e+01 4.320365339447591602e-01 3.150135586746363181e-01 4.895477221055832828e-02 3.571008162416888787e-02
3.000000000000000000e+00 8.754595417644593924e-01 4.462101944050034241e-01 4.561185115952537394e-02 3.270034124034754131e-02
1.000000000000000000e+00 7.884822007254923548e-01 3.896849841674306369e-01 4.753734070390625011e-02 3.615646739392619491e-02
0.000000000000000000e+00 6.669099486025416024e-01 3.594270346578291031e-01 4.971029927658809910e-02 3.576763126537435555e-02
6.000000000000000000e+00 5.652550534757470047e-01 2.949419374417925899e-01 4.836454019337332877e-02 3.677026523708382122e-02
2.000000000000000000e+00 6.963271468799622221e-01 2.994545424153141067e-01 4.687109079182794069e-02 3.666207414006433796e-02
1.500000000000000000e+01 8.963017042243249799e-01 3.401444925446609480e-01 4.344836348617064914e-02 3.308984590296942807e-02
1.000000000000000000e+00 8.259961265488608984e-01 2.517183546089172275e-01 4.575274471480961225e-02 3.473443971554174281e-02
2.000000000000000000e+00 4.781199244684313232e-01 1.791124904759937020e-01 5.461057044403877514e-02 3.634443688998367783e-02
7.000000000000000000e+00 6.178356759269436616e-01 1.817509437506047154e-01 4.705404628235931863e-02 3.529049292839009366e-02
0.000000000000000000e+00 7.419152093688246019e-01 1.841874718804438205e-01 4.445322590478051339e-02 3.417844221386587278e-02
7.000000000000000000e+00 3.739107695764853911e-01 1.247182882982008773e-01 5.414964405825556382e-02 3.557982890283437061e-02
1.000000000000000000e+00 5.121989918783278473e-01 1.109849968010826055e-01 5.051872410091867716e-02 3.638003632921923969e-02
5.000000000000000000e+00 6.796956348385997382e-01 9.162392979025790751e-02 4.680490591888286644e-02 3.451602406370606058e-02
