7.000000000000000000e+00 7.051468739941748609e-01 7.821757387708878628e-01 4.866369161887995620e-02 3.535622971356733313e-02
6.000000000000000000e+00 7.912568002583313387e-01 8.730767599996509531e-01 4.934806275073022608e-02 3.502078182340773171e-02
6.000000000000000000e+00 6.262726040067795319e-01 8.793245183740122650e-01 4.068285944782790153e-02 3.084397511732039909e-02
1.500000000000000000e+01 4.943507626183296089e-01 8.614947505856550558e-01 4.708933979063145703e-02 3.338396842720214863e-02
0.000000000000000000e+00 3.543851028357905553e-01 8.452311058248161979e-01 4.253378734356383362e-02 3.618617882343211356e-02
6.000000000000000000e+00 2.927257601097278394e-01 7.852902570069025812e-01 4.380709760953699350e-02 3.285544746756641210e-02
0.000000000000000000e+00 4.204370787998377712e-01 7.744399205222415317e-01 4.495294430447149825e-02 3.419342837551808678e-02
5.000000000000000000e+00 5.843525250398042825e-01 7.838586389738662064e-01 4.803902071245980121e-02 3.698735474416747770e-02
3.000000000000000000e+00 8.378081200710347787e-01 7.678590061720178550e-01 4.744947408298105795e-02 3.439362570871351554e-02
5.000000000000000000e+00 9.651903971856472531e-01 7.116372163095185943e-01 4.839142324573431075e-02 3.312766061386163141e-02
9.000000000000000000e+00 6.367193150542933555e-01 6.771423597837713526e-01 4.872090663603589888e-02 3.484455294334509734e-02
8.000000000000000000e+00 4.997851123245619087e-01 6.949481867324210915e-01 4.947364860885056226e-02 3.683078662289607230e-02
2.000000000000000000e+00 3.653648496379716670e-01 7.040775717140841383e-01 4.526837246131160120e-02 3.450109715985760772e-02
0.000000000000000000e+00 2.128610932049460336e-01 6.935696140893250483e-01 4.658906736504520030e-02 3.605043122481321749e-02
3.000000000000000000e+00 8.714100136504546734e-01 6.061733716358940205e-01 5.584042084611851031e-02 3.909668907356445011e-02
7.000000000000000000e+00 7.140676947747861547e-01 6.055692451178736890e-01 5.248312537514465692e-02 3.617552004127855270e-02
2.000000000000000000e+00 6.149187643257758573e-01 6.221628426972436454e-01 5.259523588173398156e-02 3.907266539358111856e-02
1.000000000000000000e+00 4.368026861334798894e-01 6.147166616662368410e-01 4.931561697603992211e-02 3.602900320680491042e-02
2.000000000000000000e+00 2.779953645936256157e-01 6.105317366131206569e-01 4.964592876909967867e-02 3.723427399291656670e-02
8.000000000000000000e+00 1.138501332352887530e-01 6.133922389500920946e-01 5.017282053664462449e-02 3.906001844480833096e-02
1.500000000000000000e+01 8.139172054362794340e-01 5.107919202835058403e-01 5.256922403513120123e-02 3.942216851720220516e-02
3.000000000000000000e+00 6.509084460149985318e-01 5.172775545098412531e-01 5.206980762572821497e-02 3.762174557628200633e-02
9.000000000000000000e+00 5.227151211801172037e-01 5.290875955897030858e-01 4.769647617200617473e-02 3.577219835180933671e-02
7.000000000000000000e+00 1.659600769746444882e-01 5.090070298942990235e-01 4.954602339647884435e-02 3.954601472953062080e-02
5.000000000000000000e+00 7.260595150331894398e-01 4.092518052733845613e-01 5.467657019790894690e-02 3.862082691591539607e-02
1.000000000000000000e+00 5.786013112786179136e-01 4.043698345262199956e-01 5.405234110629308919e-02 4.194559377192319527e-02
1.000000000000000000e+00 4.075377433199909860e-01 3.923619708677359430e-01 5.283536222786733294e-02 4.296933390032114941e-02
8.000000000000000000e+00 2.517316559389881636e-01 4.124318363608484028e-01 5.582553720989874568e-02 4.282196104966407013e-02
1.400000000000000000e+01 3.552822906361837729e-01 1.928260758545221332e-01 4.232806732531474436e-02 3.214434654005643432e-02
1.400000000000000000e+01 4.341042469894083045e-01 2.996623215706950560e-01 4.123206286298958245e-02 3.092888640002044998e-02
