2.000000000000000000e+00 8.032887220532063388e-01 2.927819497595267606e-01 3.626633932138823013e-02 3.864703089676696512e-02
1.300000000000000000e+01 1.594527321283998322e-01 1.439245898934986001e-01 3.697255434901564053e-02 3.902009255798213894e-02
1.300000000000000000e+01 3.563419494075312777e-01 1.098650848969878469e-01 2.880106133747645236e-02 3.329716218805069128e-02
3.000000000000000000e+00 3.749239660419700915e-01 7.352003983030805934e-01 3.793690593485138374e-02 3.623252513106201000e-02
6.000000000000000000e+00 4.770163006867792488e-01 7.372287104213750553e-01 3.582702449778735199e-02 3.582707842791543751e-02
7.000000000000000000e+00 5.683206547420324162e-01 7.421696808987457983e-01 3.439248309000664250e-02 3.472366800674286935e-02
6.000000000000000000e+00 6.769969546996781329e-01 7.422236110268578546e-01 3.160219219161686244e-02 3.535314046206661232e-02
8.000000000000000000e+00 3.287834382217565965e-01 6.420476430369145282e-01 3.824099096221128535e-02 3.484382433217647623e-02
1.500000000000000000e+01 4.351541982375477513e-01 6.437113605241074898e-01 3.581478235870605431e-02 3.582670091701856130e-02
3.000000000000000000e+00 6.336630990542686526e-01 6.508366090502727408e-01 3.436983243619939898e-02 3.438169706438420903e-02
1.000000000000000000e+00 7.335998599609708792e-01 6.653472920056798801e-01 3.016862152614208092e-02 3.460545316592100740e-02
1.000000000000000000e+00 2.657197305777033725e-01 5.140177211368668342e-01 3.898161341157416193e-02 3.557244732803432896e-02
2.000000000000000000e+00 3.855536886705810407e-01 5.376605679584052222e-01 4.007245811289672499e-02 3.700615281882935204e-02
9.000000000000000000e+00 4.886468047027656691e-01 5.455619249582311925e-01 3.619129554812022809e-02 3.617940395487151406e-02
2.000000000000000000e+00 6.052326185921143020e-01 5.550486928992313107e-01 3.624331115668444347e-02 3.829179314289288261e-02
1.500000000000000000e+01 7.943426036465296436e-01 5.879043021633645338e-01 3.090854288383937387e-02 3.568928695058926071e-02
5.000000000000000000e+00 3.454388279944561324e-01 4.308566276710860121e-01 3.973660824007885228e-02 3.768823411412663971e-02
7.000000000000000000e+00 4.610377475044180606e-01 4.471613502682689201e-01 3.653286201451794168e-02 3.618978550453311183e-02
0.000000000000000000e+00 6.725713405265463241e-01 4.745307419772865076e-01 3.588942165601316514e-02 3.828208571983254815e-02
3.000000000000000000e+00 7.662752617020176515e-01 4.910828420721193854e-01 3.372768640076928559e-02 3.610843190627616162e-02
5.000000000000000000e+00 8.630784394798327597e-01 4.971574508074696475e-01 3.195360090639509654e-02 3.535130683771098292e-02
6.000000000000000000e+00 4.044025650614502809e-01 3.382424860769072117e-01 3.902772367110995955e-02 3.766668902794595430e-02
9.000000000000000000e+00 5.302391082035844416e-01 3.579612958818200186e-01 3.558428499115506849e-02 3.933650061961563305e-02
8.000000000000000000e+00 6.344328168077479901e-01 3.765101724525339311e-01 3.802052459848914712e-02 3.903786253519497818e-02
7.000000000000000000e+00 7.436473933740801456e-01 3.904237005818882444e-01 3.652207598889567475e-02 3.583594993398991901e-02
1.000000000000000000e+00 8.208792467648369229e-01 4.013818576907016711e-01 3.271735938071795857e-02 3.748564558787376155e-02
0.000000000000000000e+00 5.655852916791247464e-01 4.604467272304380021e-01 3.655405655486609895e-02 3.688518754147401824e-02
8.000000000000000000e+00 6.981790371881235746e-01 2.795775893323140249e-01 3.668855829437756011e-02 4.111417246750931342e-02
0.000000000000000000e+00 4.790286494871525136e-01 2.569560982420257544e-01 4.052590263006300431e-02 4.088003481631083402e-02
