6.000000000000000000e+00 5.843208062012112958e-01 4.721459392290624502e-01 3.897320956731753494e-02 4.995382779385126870e-02
1.400000000000000000e+01 2.875427946648203559e-01 3.519578732858818504e-01 3.220724505328470544e-02 4.136438701093780868e-02
1.200000000000000000e+01 2.528746547316141347e-01 3.650800383332826193e-01 2.654725716412401071e-02 3.377062662466129295e-02
8.000000000000000000e+00 2.939790618771439545e-01 6.807026571124623615e-01 4.006908096773909023e-02 5.409946741663929082e-02
3.000000000000000000e+00 3.780357111954543159e-01 7.773173300984106415e-01 3.996576078933772314e-02 4.722883344707684561e-02
9.000000000000000000e+00 3.766212237905902649e-01 6.472627182163384063e-01 4.107012976486540401e-02 5.206676706879520555e-02
3.000000000000000000e+00 3.564669421385873171e-01 5.212006173570005174e-01 4.213051804761430708e-02 5.347139326741279231e-02
0.000000000000000000e+00 3.621245903237913510e-01 3.851554446893262207e-01 4.370081825277671861e-02 5.490191410368472358e-02
5.000000000000000000e+00 4.526345737746976239e-01 1.964064308381039681e-01 4.167922791022338203e-02 5.761289893474386137e-02
9.000000000000000000e+00 4.689536069594769652e-01 4.927626784397952653e-01 3.693140877586315041e-02 5.127189930008757557e-02
2.000000000000000000e+00 5.051923485320976015e-01 3.465233438632606688e-01 3.906900824342912637e-02 5.544782588820307279e-02
6.000000000000000000e+00 4.447558001260790705e-01 9.010135739913025521e-01 3.739989501963431051e-02 4.783715647578656860e-02
7.000000000000000000e+00 5.004187352381670451e-01 7.517187295875999986e-01 3.582313550907056943e-02 4.641582220719675522e-02
8.000000000000000000e+00 5.245108821892069395e-01 6.259417855307243261e-01 3.794793119792916336e-02 4.991355043616929610e-02
8.000000000000000000e+00 5.733736902386937784e-01 8.509845885906006657e-01 3.792559635525183381e-02 4.895051106282832798e-02
5.000000000000000000e+00 6.049748514891414297e-01 6.987699371892118760e-01 3.714531226273964926e-02 4.662286447633579023e-02
1.500000000000000000e+01 6.489482237218411331e-01 3.265614777421650405e-01 3.671314166933736800e-02 5.056774888724230310e-02
3.000000000000000000e+00 6.759120343143075749e-01 8.165118785308225213e-01 3.356714415049921740e-02 4.717934081368868604e-02
1.000000000000000000e+00 6.992110072700563617e-01 7.020424509698490745e-01 3.730630686137137442e-02 4.893265467189600315e-02
0.000000000000000000e+00 6.865151707331725861e-01 5.711208280547395155e-01 3.672755309738895413e-02 5.140407104261612847e-02
6.000000000000000000e+00 7.122800194110081584e-01 4.382762699215767555e-01 3.793840013395877175e-02 4.978594326945789961e-02
2.000000000000000000e+00 7.520664985904217392e-01 5.626618078248900590e-01 3.791284999259258992e-02 4.812670560592158253e-02
1.500000000000000000e+01 7.813815824731387139e-01 7.725983912362015538e-01 3.414578308238569448e-02 4.471843157975508021e-02
1.000000000000000000e+00 8.398925258148713935e-01 6.545801064554988002e-01 3.583364264585697789e-02 4.710349421426185401e-02
2.000000000000000000e+00 7.905871548672918081e-01 2.882874951615755910e-01 3.702703520383054947e-02 5.678375378537181550e-02
7.000000000000000000e+00 8.350136258428950686e-01 4.195803845971565194e-01 3.637111427131711761e-02 4.849485730578834142e-02
0.000000000000000000e+00 8.743815133242616167e-01 5.362353253177638557e-01 3.529628585249267037e-02 4.571362393998390505e-02
7.000000000000000000e+00 8.061261192697390943e-01 1.590902627704862127e-01 3.619771780631442226e-02 5.635052099508122692e-02
1.000000000000000000e+00 8.652740362481405878e-01 2.792925966015983308e-01 3.735930187368829980e-02 5.223654632277296983e-02
5.000000000000000000e+00 9.394468430430951145e-01 4.232567197974891338e-01 3.551992135950787777e-02 4.830460923069346268e-02
