2.000000000000000000e+00 7.275736777509868025e-01 8.332756913790476672e-01 3.356460683615347662e-02 4.748976022104645089e-02
1.300000000000000000e+01 2.185069074235388431e-01 2.205307813098086323e-01 3.564086891989670658e-02 4.467040082536136159e-02
1.600000000000000000e+01 2.758137119759460631e-01 1.751600977418125704e-01 3.436040356258346362e-02 4.695666029473377634e-02
9.000000000000000000e+00 4.845606720996163963e-01 1.784897196628750238e-01 3.908577451511646705e-02 5.382302647006637075e-02
3.000000000000000000e+00 5.396326569092226855e-01 3.273222767871655781e-01 3.728362052202927046e-02 5.168798883011949119e-02
6.000000000000000000e+00 6.425414237311171117e-01 3.367981531711325971e-01 3.679426881606773225e-02 5.102465199308636734e-02
1.000000000000000000e+00 7.182120328312702195e-01 2.060052754837132793e-01 3.554631822686116216e-02 5.035921073623947364e-02
3.000000000000000000e+00 7.621618032491790373e-01 3.429463193956988620e-01 3.455386198686027921e-02 4.969382875882405459e-02
5.000000000000000000e+00 8.184694974454140848e-01 2.107869618960480362e-01 3.480247992202711860e-02 5.002499330217397011e-02
5.000000000000000000e+00 8.606098817796086209e-01 3.548915694125409637e-01 3.381595162516326525e-02 4.869929773872516687e-02
0.000000000000000000e+00 4.277347571143426119e-01 3.111012162054446195e-01 4.116233299601657070e-02 5.408942823464429894e-02
5.000000000000000000e+00 3.580169885123907214e-01 4.442224713982249051e-01 4.085988933716555582e-02 5.408815372686986978e-02
1.000000000000000000e+00 2.939827984114985471e-01 5.837714101543398648e-01 4.235133019072545579e-02 5.250657849791140475e-02
6.000000000000000000e+00 4.217828947267590056e-01 5.823327279946994839e-01 3.966961763468213054e-02 5.169782921572696477e-02
7.000000000000000000e+00 4.812455884590975397e-01 4.615437730460356658e-01 3.729156396583288569e-02 5.169889624549167673e-02
1.500000000000000000e+01 5.896436899053090208e-01 4.428356439211755813e-01 3.668881070766016883e-02 4.891842415678532285e-02
8.000000000000000000e+00 5.403578221931750747e-01 5.700085045731073663e-01 3.728101222704893747e-02 4.733065422724869187e-02
9.000000000000000000e+00 6.441845902892693321e-01 5.873510875367800033e-01 3.554738525662581861e-02 5.068936752925623512e-02
0.000000000000000000e+00 6.865082666252604326e-01 4.728429069006576668e-01 3.679000069700910647e-02 4.938284886185562161e-02
1.500000000000000000e+01 7.563967896292744797e-01 5.892653092948727522e-01 3.554305785813571816e-02 4.607321892902283000e-02
8.000000000000000000e+00 8.097899216630437547e-01 4.777874339109665081e-01 3.430808946439933838e-02 4.772083144452776704e-02
2.000000000000000000e+00 8.946593943643708080e-01 4.815222455653025424e-01 3.108316983899461761e-02 4.571368917776225116e-02
8.000000000000000000e+00 8.457182661853706040e-01 6.019824960670183689e-01 3.355221743499703368e-02 4.606497908806228558e-02
1.000000000000000000e+00 3.455513243675490953e-01 7.218087530502292903e-01 3.827157152524601758e-02 5.037056274734685868e-02
6.000000000000000000e+00 4.112428932702644757e-01 8.345732588523111506e-01 3.827311279046152759e-02 5.104166518988950685e-02
3.000000000000000000e+00 4.668680144539867349e-01 7.141390616606826391e-01 3.810612263229157248e-02 4.916149946511916280e-02
0.000000000000000000e+00 5.232207017386316661e-01 8.465614568171810905e-01 3.645578326294363070e-02 4.888579082981603374e-02
7.000000000000000000e+00 6.783906894919959907e-01 7.052964970817596768e-01 3.542580314288545917e-02 4.887156376628720711e-02
7.000000000000000000e+00 6.320765885936001638e-01 8.297216819903909801e-01 3.355405509736952840e-02 4.666381990376466948e-02
2.000000000000000000e+00 7.894063038700769308e-01 7.237680864555946503e-01 3.335303854559323877e-02 4.667383812766634499e-02
