0.000000000000000000e+00 4.010970459740941241e-01 6.012063527675458596e-01 3.677459788082559911e-02 5.034607736974727743e-02
1.600000000000000000e+01 7.105800802046962072e-01 5.980131086982208855e-01 2.744511687549444634e-02 3.494826807766515664e-02
1.600000000000000000e+01 7.369857249383180431e-01 9.351070878853500190e-01 2.586627637184235606e-02 3.337085123542304910e-02
1.000000000000000000e+00 3.977400808426230228e-01 7.511046591858279164e-01 3.871419418576294014e-02 5.229301976756006720e-02
0.000000000000000000e+00 2.131990952683249785e-01 6.424763893361640221e-01 3.687046724017270516e-02 5.113222320033028456e-02
6.000000000000000000e+00 1.140120923179027412e-01 4.660986925232237232e-01 3.425941526783909952e-02 4.831052628577814367e-02
2.000000000000000000e+00 2.026779384797818828e-01 5.012668166324298902e-01 3.794570175666342471e-02 5.058693240708517225e-02
7.000000000000000000e+00 3.122445720379825040e-01 5.703122452870402759e-01 3.589580016568189036e-02 4.787602482345665322e-02
8.000000000000000000e+00 5.224961566089432186e-01 6.439490531718607969e-01 3.813311254467144362e-02 5.215743025487495910e-02
2.000000000000000000e+00 5.862483694314586380e-01 5.508040692453333165e-01 3.826277962589097470e-02 4.838575255468080538e-02
9.000000000000000000e+00 4.812803615400447210e-01 5.128543385268795607e-01 3.532343133241938604e-02 4.775771856028843132e-02
5.000000000000000000e+00 3.900026946286706542e-01 4.752636694526334304e-01 3.620180194913996674e-02 4.637010425722298823e-02
3.000000000000000000e+00 2.819844494565628690e-01 4.328389011143920495e-01 3.652232507897967828e-02 4.907204277396887138e-02
3.000000000000000000e+00 1.920981553143764342e-01 3.904267037064007573e-01 3.338107312434662743e-02 4.489111936486606114e-02
8.000000000000000000e+00 9.852372392353273001e-02 3.291907697161575164e-01 3.328087583431323104e-02 4.399071046951907871e-02
2.000000000000000000e+00 6.883564693360767484e-01 4.577677391576142618e-01 3.555446310602849991e-02 4.302230750523211578e-02
0.000000000000000000e+00 5.712589516514392507e-01 4.125175154386985232e-01 3.684566705841119116e-02 4.644535899935381407e-02
1.000000000000000000e+00 4.721764739217366724e-01 3.719277754748325782e-01 3.521261352826754454e-02 4.798755445831343058e-02
6.000000000000000000e+00 3.768465398828783064e-01 3.329130890752681204e-01 3.710984166964431674e-02 4.838432889327082265e-02
7.000000000000000000e+00 2.846250281665391735e-01 2.906856402084480040e-01 3.422140350819302679e-02 4.398191224200548310e-02
6.000000000000000000e+00 1.979112068737063357e-01 2.473111331070044216e-01 3.633098498548026356e-02 4.570047087643155925e-02
9.000000000000000000e+00 2.654419167345696273e-01 1.725402650162333740e-01 3.121972731819303015e-02 3.934274069826285136e-02
5.000000000000000000e+00 3.553445829829706692e-01 2.038287551805277320e-01 3.146445471456610354e-02 4.149651262571540933e-02
5.000000000000000000e+00 4.595985962040584072e-01 2.447247389502914261e-01 3.403894706189181107e-02 4.309488576391223846e-02
1.500000000000000000e+01 5.599524035728604687e-01 2.791675787541905152e-01 3.627176067082571453e-02 4.516431998943848392e-02
1.500000000000000000e+01 6.502743808163387040e-01 3.218150362101787065e-01 3.497975946805353953e-02 4.435699007707505359e-02
8.000000000000000000e+00 6.153331456260386911e-01 2.155663736974301470e-01 3.416047079984640966e-02 4.416829799379817789e-02
7.000000000000000000e+00 5.393438226809343927e-01 1.562009172506704235e-01 3.234154403601774419e-02 4.220142433624587963e-02
1.000000000000000000e+00 4.282960402650335952e-01 1.245405097796366267e-01 3.291704492438229934e-02 4.024525661249654662e-02
0.000000000000000000e+00 3.539368381075682635e-01 8.864291580057814812e-02 3.397977969369364581e-02 4.255853556432172280e-02
