6.000000000000000000e+00 6.148476049068836158e-01 3.024602806571238256e-01 3.679923286653841163e-02 4.963464515613813521e-02
7.000000000000000000e+00 2.401396518688149184e-01 1.966331183550342754e-01 3.642965945689666252e-02 4.771498064026749586e-02
5.000000000000000000e+00 3.365257032879838128e-01 1.454907121494042332e-01 3.519544305976329834e-02 4.692759889918972360e-02
3.000000000000000000e+00 3.799088749221312122e-01 4.522593273140027015e-02 3.432448257808978775e-02 4.519632092153649111e-02
6.000000000000000000e+00 1.450904903558259962e-01 4.458521455374598319e-01 3.645364886047933184e-02 5.060634405855024553e-02
2.000000000000000000e+00 2.266873021237345576e-01 3.584072834740013036e-01 3.617220734039339192e-02 4.894014765384296917e-02
3.000000000000000000e+00 3.362442190821263166e-01 2.785284744088096787e-01 3.643637535161259322e-02 4.719119776678898370e-02
8.000000000000000000e+00 4.194060050619266011e-01 1.843352337573359589e-01 3.570980660633094050e-02 4.818241829536684673e-02
5.000000000000000000e+00 4.979995028615000763e-01 1.195215993989671432e-01 3.534407491612423513e-02 4.769451992712879507e-02
1.500000000000000000e+01 1.348910098278566227e-01 6.087412060936290281e-01 3.899037888914512473e-02 5.322005076181979266e-02
0.000000000000000000e+00 3.253829525814209145e-01 4.129097286403868861e-01 3.900995742967278135e-02 5.133191680249687971e-02
3.000000000000000000e+00 4.311458016544513772e-01 3.441826485223634657e-01 3.648711450533492773e-02 4.830959343725399480e-02
8.000000000000000000e+00 5.281105725350185853e-01 2.663819677854386558e-01 3.604682500090916619e-02 4.772240796450838429e-02
9.000000000000000000e+00 5.935796184575794499e-01 1.509369897350114620e-01 3.564022879878692152e-02 4.793612139381531190e-02
6.000000000000000000e+00 2.524678860500493283e-01 6.650809037797102974e-01 3.935002074261800820e-02 5.623093434030090876e-02
2.000000000000000000e+00 3.516519755624127330e-01 5.701590454659229978e-01 3.713081593954570270e-02 5.155604556004966810e-02
2.000000000000000000e+00 4.457084794591833488e-01 4.810036649383503393e-01 3.718499841216887924e-02 4.855233319118062996e-02
9.000000000000000000e+00 5.294835461467058968e-01 3.879558969650627187e-01 3.579372683309878234e-02 4.807046774531442690e-02
5.000000000000000000e+00 1.049136319906742998e-01 3.134500313300423446e-01 3.469769850689943813e-02 4.712070932945294777e-02
7.000000000000000000e+00 7.455950336393082356e-01 2.601477393151336859e-01 3.556100400688411156e-02 4.598304814745127200e-02
1.000000000000000000e+00 4.639723551390845246e-01 6.142013992407449052e-01 3.822755569526997688e-02 5.143908654614148812e-02
0.000000000000000000e+00 5.338457474221336430e-01 5.579858033210027823e-01 3.728089911213749996e-02 5.074103189622136689e-02
1.000000000000000000e+00 6.305641929439682603e-01 4.444014411358720995e-01 3.744879648003518469e-02 4.993170966859289406e-02
0.000000000000000000e+00 7.267645470285242215e-01 3.925936491241094894e-01 3.669980347612589178e-02 4.852310766629397421e-02
7.000000000000000000e+00 4.359619518811846395e-01 7.749678528947447909e-01 3.754253443424782066e-02 5.205797331852046739e-02
8.000000000000000000e+00 5.495738321603419463e-01 6.653223345033107972e-01 3.831691124360880885e-02 4.937628240984281991e-02
1.000000000000000000e+00 6.303330921770704531e-01 6.110149348554965165e-01 3.912111117865724186e-02 5.171045422415354587e-02
1.500000000000000000e+01 7.310575973541229011e-01 4.932822271101499068e-01 3.841554383295331387e-02 4.814192372680436982e-02
1.200000000000000000e+01 8.085947076806295764e-01 9.313443026074803566e-01 2.564213974075180147e-02 3.275791476406220148e-02
