1.600000000000000000e+01 2.374918233831773695e-01 1.660037364765999390e-01 3.110710254731982594e-02 4.041314257524539211e-02
9.000000000000000000e+00 6.669878807031037748e-01 9.224542395730086497e-01 3.234471356849510926e-02 4.294548380283669253e-02
6.000000000000000000e+00 5.599308713994939346e-01 8.818982130117918317e-01 3.524723987714073470e-02 4.515862283660221355e-02
2.000000000000000000e+00 4.621119153827420445e-01 8.667759947421407318e-01 3.400610191832242890e-02 4.534127806249821369e-02
7.000000000000000000e+00 3.853394006012560991e-01 8.263240271785339264e-01 3.271891305011831452e-02 4.263190176980768964e-02
3.000000000000000000e+00 3.607953125101150960e-01 7.812219500413768447e-01 3.467292252714598844e-02 4.165319091105179616e-02
2.000000000000000000e+00 3.387132992994607017e-01 6.783484335937343124e-01 3.654718880429669303e-02 4.506445646896617419e-02
3.000000000000000000e+00 5.353946257266075648e-01 7.472603792950820445e-01 3.532156363624916473e-02 4.506330949737502589e-02
6.000000000000000000e+00 6.144823026648946751e-01 7.921976939631657499e-01 3.329102247979998097e-02 4.819981801062178661e-02
9.000000000000000000e+00 7.271399168996672824e-01 8.318824809037206336e-01 3.232171678809192539e-02 4.373804117234370015e-02
1.000000000000000000e+00 8.036437249116291648e-01 7.413378767868540331e-01 3.361286270828567346e-02 4.512409899170766181e-02
8.000000000000000000e+00 7.199275874885755488e-01 6.931348759300668405e-01 3.389352665664802089e-02 4.519113948121222801e-02
7.000000000000000000e+00 6.017720509543404983e-01 6.786355492572970771e-01 3.481047309521834165e-02 4.678359483840954791e-02
2.000000000000000000e+00 5.173262388792665423e-01 6.354789653331029964e-01 3.711892546821127237e-02 4.949905008053334665e-02
0.000000000000000000e+00 2.816970547588992790e-01 5.406823081334060088e-01 4.101045670564323897e-02 5.151594227504752155e-02
1.500000000000000000e+01 3.916997021658383260e-01 5.363813653865014963e-01 3.881965494361605540e-02 4.911859960373810008e-02
7.000000000000000000e+00 3.749967133120752916e-01 4.380872047023781080e-01 4.028104012223093777e-02 4.949162343948043663e-02
0.000000000000000000e+00 5.060415724965375839e-01 4.622279172220452592e-01 3.979036567552324266e-02 4.997386764499289757e-02
1.500000000000000000e+01 6.102343213312129144e-01 5.027323013873692403e-01 3.878249306406167385e-02 5.127069107456294628e-02
6.000000000000000000e+00 6.905591791763285858e-01 5.658014447689311277e-01 3.770164438511136584e-02 4.894064696136624093e-02
8.000000000000000000e+00 8.214198060489572573e-01 6.154986341918411430e-01 3.495728545888976413e-02 5.144574761366704774e-02
3.000000000000000000e+00 9.041882295205070363e-01 6.737753431625320699e-01 3.433728996527629640e-02 4.710400135240622177e-02
5.000000000000000000e+00 9.040969879304284751e-01 5.303723238717188426e-01 3.692956045850692703e-02 5.188016310382737029e-02
1.000000000000000000e+00 7.699389897788897485e-01 4.836424933266458837e-01 3.801608664683386873e-02 5.015723972813312947e-02
5.000000000000000000e+00 6.939606954757180368e-01 4.240333331213337331e-01 3.890022969789652674e-02 5.494725116151777389e-02
0.000000000000000000e+00 9.086471676040968060e-01 3.710055102433694740e-01 3.692973250424558262e-02 5.451461347732383667e-02
8.000000000000000000e+00 7.991787939014753928e-01 3.268448673882547451e-01 3.717570056197472272e-02 5.615570042998718758e-02
5.000000000000000000e+00 6.419986386002801693e-01 2.641153422948418483e-01 3.763718458168674452e-02 5.414852881970833032e-02
1.000000000000000000e+00 5.219501401519581751e-01 2.147679935443872756e-01 4.503681445361873426e-02 6.007002772779401756e-02
1.300000000000000000e+01 3.574476321897869235e-01 1.940790670455781394e-02 3.175924191977624877e-02 3.807512700948994383e-02
