1 0.421891 0.513527 0.051177 0.042180
16 0.658490 0.224855 0.033563 0.030102
10 0.616177 0.215828 0.039396 0.030641
9 0.385755 0.271258 0.054281 0.050562
7 0.548901 0.314910 0.054719 0.044695
1 0.697260 0.410445 0.054729 0.044234
8 0.828896 0.422074 0.065063 0.050164
6 0.274568 0.325766 0.053990 0.043781
8 0.410854 0.409637 0.054000 0.040523
6 0.539995 0.471762 0.052510 0.044320
7 0.616026 0.549012 0.058656 0.039430
5 0.689135 0.614695 0.056917 0.041375
15 0.837542 0.702031 0.056042 0.040062
8 0.163297 0.391707 0.043052 0.037758
15 0.237958 0.457098 0.049146 0.038758
1 0.157094 0.498684 0.046687 0.036117
5 0.302578 0.550559 0.049615 0.036664
2 0.405458 0.589414 0.052542 0.039953
3 0.545547 0.640305 0.051073 0.042141
9 0.671786 0.745254 0.057156 0.044227
0 0.740271 0.829559 0.056042 0.038086
0 0.730760 0.867055 0.055333 0.037391
6 0.597677 0.898988 0.055688 0.036258
7 0.554073 0.790641 0.050438 0.040188
3 0.438734 0.818590 0.049906 0.036773
3 0.286911 0.778203 0.044656 0.033484
5 0.405109 0.716809 0.048156 0.036773
2 0.164333 0.725340 0.042896 0.032836
2 0.286474 0.658035 0.045531 0.038742
0 0.159516 0.614035 0.043781 0.036117
