1.600000000000000000e+01 3.496851992329037540e-01 2.497452461081526853e-01 3.206022712925554741e-02 4.019128187112933071e-02
1.000000000000000000e+01 1.881210420677236761e-01 2.277445355875749033e-01 2.948793852053668840e-02 3.337647417412217821e-02
5.000000000000000000e+00 4.419232301032185450e-01 8.638544116763032799e-01 3.339827642754239490e-02 4.305112306822111989e-02
1.000000000000000000e+00 5.497748140547045193e-01 8.598391857961065199e-01 3.185732333939039762e-02 4.371192807917767542e-02
7.000000000000000000e+00 7.021065119106051355e-01 8.336977449525905248e-01 3.246719354322180617e-02 3.959375459939473707e-02
8.000000000000000000e+00 7.798858488650023402e-01 7.527613392943379722e-01 2.969353727374168805e-02 4.007814731011816178e-02
8.000000000000000000e+00 6.683422325118637541e-01 7.606839116722330374e-01 3.117975565645936253e-02 4.305193155722308873e-02
9.000000000000000000e+00 4.112653810471746385e-01 7.636958835498652842e-01 3.633314540401855197e-02 4.561769835465923073e-02
3.000000000000000000e+00 5.483059242862629024e-01 6.966436864723524192e-01 3.517854226028227504e-02 4.572592808239173134e-02
3.000000000000000000e+00 3.347541590923925336e-01 7.251899509026425994e-01 3.747877431983270835e-02 4.750961651857332768e-02
1.500000000000000000e+01 2.937470309693590576e-01 6.811084355510236277e-01 3.414655994851384380e-02 4.699822027518374412e-02
7.000000000000000000e+00 3.178224994416501969e-01 6.407019608571991043e-01 3.932571354560315813e-02 4.505315743420579278e-02
1.000000000000000000e+00 4.543363659952113220e-01 6.285720925618687449e-01 3.846556209639012680e-02 4.775006114776403354e-02
2.000000000000000000e+00 5.696118193585337774e-01 6.000736098315961886e-01 3.846068421274484450e-02 4.562028551946550881e-02
7.000000000000000000e+00 6.387145870917838586e-01 6.479232768244047591e-01 3.313150200652037469e-02 4.347283093165699164e-02
3.000000000000000000e+00 7.549856003373353053e-01 6.516262642520345150e-01 3.366445795662964535e-02 4.276114501284211666e-02
0.000000000000000000e+00 8.436587067519261129e-01 6.511795471288037707e-01 3.153063988332138745e-02 4.275230553308706494e-02
2.000000000000000000e+00 3.733696554742009788e-01 5.276189544946455756e-01 3.846882300203147143e-02 4.917585845239980102e-02
6.000000000000000000e+00 4.875409149830610689e-01 5.118817160709873137e-01 3.635408526916994454e-02 4.845317708315782790e-02
6.000000000000000000e+00 5.587239518680545691e-01 5.002976317512645155e-01 3.526952422263907039e-02 4.844875734328041306e-02
1.500000000000000000e+01 6.802717302828682477e-01 5.120593141550902061e-01 3.296150371903616705e-02 4.630820186162210028e-02
3.000000000000000000e+00 7.744439902415345411e-01 5.164331049076676949e-01 3.427837060547100911e-02 4.626675332545365782e-02
2.000000000000000000e+00 8.821478767271743182e-01 5.068346965264560744e-01 3.251370861046942728e-02 4.453135863232399183e-02
5.000000000000000000e+00 8.558994188894286648e-01 4.132986500382693773e-01 3.367426762318703748e-02 4.702422667141437085e-02
1.000000000000000000e+00 4.147616917362632605e-01 3.843769367902735712e-01 3.901555021480784813e-02 5.131010771984256813e-02
5.000000000000000000e+00 6.369530782038900218e-01 3.909109293072575708e-01 3.786013858206960236e-02 5.106109310723083716e-02
8.000000000000000000e+00 7.574753961182181250e-01 3.790550444598838054e-01 3.429890622612152828e-02 4.868011994601534331e-02
9.000000000000000000e+00 7.039998584050894959e-01 2.608007268435602599e-01 3.656542429428899510e-02 5.129019194076028798e-02
0.000000000000000000e+00 5.982487962548468374e-01 2.551377195284159072e-01 3.657383257990987069e-02 5.640798122259874092e-02
0.000000000000000000e+00 4.783422370392479972e-01 2.573610642838775053e-01 3.976550461305006223e-02 5.557631553588907036e-02
