6.000000000000000000e+00 5.834118416155660292e-01 1.074738752032574629e-01 5.343340687957509605e-02 3.917373541452201513e-02
1.000000000000000000e+01 3.678338009271414633e-01 7.867662326242195192e-01 3.782629513465557425e-02 3.332294825219739298e-02
1.400000000000000000e+01 3.240971995971162478e-01 7.727692100441733158e-01 4.262233734599657486e-02 2.972532066764999037e-02
3.000000000000000000e+00 6.513490877807994739e-01 7.043992774300598114e-01 5.764526499945721305e-02 4.700805872779678651e-02
2.000000000000000000e+00 4.601553990048552478e-01 6.983294985310134484e-02 5.103637162686230910e-02 3.647402858956330651e-02
3.000000000000000000e+00 4.774999220884273976e-01 6.922664586504088113e-01 6.054296641246353916e-02 4.727161989464512271e-02
5.000000000000000000e+00 3.490290236140475844e-01 5.571561053617446468e-01 5.711711267013297455e-02 4.346864061042532423e-02
8.000000000000000000e+00 2.312120320547164654e-01 5.527690891282983632e-01 6.063122232351514374e-02 4.233058372740183817e-02
7.000000000000000000e+00 8.027904043129279188e-01 6.531181788421087653e-01 5.420849330347521366e-02 4.315181395541300979e-02
2.000000000000000000e+00 6.424435984433942703e-01 5.934674240706130366e-01 5.643863983609009871e-02 4.366975461380195878e-02
6.000000000000000000e+00 4.795492308173036067e-01 5.302647735204297774e-01 5.703221160198229667e-02 4.142648299404838586e-02
3.000000000000000000e+00 3.237302857261622480e-01 4.547577069190580357e-01 5.703191731751738880e-02 4.097169578184722827e-02
1.000000000000000000e+00 9.024104631216096628e-01 5.687059466162431853e-01 5.475244870856965651e-02 4.268219480617618800e-02
8.000000000000000000e+00 7.800448637291041987e-01 5.204669989709407307e-01 5.128707256259046332e-02 4.127754562631502644e-02
5.000000000000000000e+00 6.333705141031752417e-01 4.595655646516684234e-01 5.252807015146854219e-02 3.877259626028911610e-02
8.000000000000000000e+00 4.708961639797467624e-01 4.219751826583750809e-01 5.403018634613565574e-02 4.015276097266279320e-02
0.000000000000000000e+00 3.388429112845527946e-01 3.408255792963312825e-01 5.629114446223532076e-02 4.002312866583318529e-02
1.500000000000000000e+01 1.796494356617757415e-01 2.972086046013259208e-01 5.952998042706236781e-02 3.940880984515887642e-02
7.000000000000000000e+00 8.916144020957457172e-01 4.472085893950318303e-01 5.203785108968217443e-02 4.126989423022525694e-02
1.000000000000000000e+00 6.224172463161117275e-01 3.608757096083852201e-01 5.295113349834346117e-02 4.033754218823237814e-02
9.000000000000000000e+00 4.690443642695509840e-01 2.958855457893842522e-01 5.503831663786440398e-02 4.090127350937422523e-02
1.000000000000000000e+00 3.280554139366202993e-01 2.540946797707807625e-01 5.455339469644787664e-02 3.882727431388496853e-02
2.000000000000000000e+00 1.713038372332442161e-01 1.628171441179714907e-01 5.544751918643806010e-02 3.877465625154410955e-02
9.000000000000000000e+00 8.652439243290233062e-01 3.174170452413233035e-01 5.343275945375214331e-02 3.827207724222797536e-02
0.000000000000000000e+00 7.218765669500138982e-01 2.853035472833568287e-01 5.003948300169636099e-02 3.752194614095921699e-02
0.000000000000000000e+00 5.966553193945496325e-01 2.329854196692146551e-01 4.952548575513848750e-02 3.752165185649422585e-02
1.500000000000000000e+01 4.601733209287733328e-01 1.978645110496921322e-01 5.453276535545181769e-02 3.902750546386662966e-02
5.000000000000000000e+00 3.287990707796591972e-01 1.074180494402481589e-01 5.453185307361030354e-02 3.752509498473460825e-02
7.000000000000000000e+00 8.358135061237432772e-01 2.198076556112642521e-01 5.186828438095281157e-02 3.620525858768458560e-02
6.000000000000000000e+00 7.226455322570422002e-01 1.639427527681256991e-01 5.163226824002797866e-02 3.602751077082841369e-02
