1.200000000000000000e+01 7.619079455890840347e-01 7.431400523175940576e-01 3.204828037494189541e-02 4.377736167189816285e-02
1.500000000000000000e+01 1.586212165588408440e-01 4.172588890338969625e-01 3.474312733313739132e-02 4.667907659054520986e-02
3.000000000000000000e+00 2.109799430094993211e-01 2.995908376870037304e-01 3.501678608960645533e-02 4.596794248938129712e-02
1.000000000000000000e+00 2.621807535776100595e-01 1.693004473257240239e-01 3.474315646126474588e-02 4.668982486953798805e-02
6.000000000000000000e+00 1.679228471066899209e-01 6.736623613207607386e-01 3.517189336775414232e-02 4.897859660432368756e-02
2.000000000000000000e+00 2.176194083580414995e-01 5.445641123916669102e-01 3.439093914532823093e-02 4.585559530218563662e-02
9.000000000000000000e+00 2.532627113388553064e-01 4.163976285643624653e-01 3.595523609662290565e-02 4.637655185987060724e-02
7.000000000000000000e+00 3.258664766552621384e-01 2.882823956771332075e-01 3.478780988049490208e-02 4.533696899468908637e-02
8.000000000000000000e+00 3.433568976454893784e-01 1.758513777311808135e-01 3.516845624872672049e-02 4.534838722061099170e-02
3.000000000000000000e+00 2.229142319636480685e-01 7.909526499840300318e-01 3.556724944029854285e-02 4.689430432354690925e-02
9.000000000000000000e+00 2.757354402563328977e-01 6.617052067866409093e-01 3.635306805999222179e-02 4.794291690820728924e-02
8.000000000000000000e+00 3.248086887104858489e-01 5.313283204511903834e-01 3.595526522475017694e-02 4.637658098799790629e-02
5.000000000000000000e+00 3.716070304184724837e-01 4.034090179125922049e-01 3.556678339026098090e-02 4.638569809185905113e-02
2.000000000000000000e+00 4.450810859238928385e-01 1.701761990386159995e-01 3.478046959240227443e-02 4.585626524911490254e-02
0.000000000000000000e+00 3.316705327472944109e-01 7.779056374369196503e-01 3.556823979662848689e-02 4.794163527060391061e-02
7.000000000000000000e+00 1.117934554422289894e-01 5.536755945241642607e-01 3.528389101742136769e-02 4.559256831220004358e-02
6.000000000000000000e+00 3.916076260394855124e-01 6.514388817890315320e-01 3.556923015295848645e-02 4.897929567938008599e-02
5.000000000000000000e+00 4.239038450344449482e-01 5.223926993875788183e-01 3.517728207131420870e-02 4.638505727305730630e-02
6.000000000000000000e+00 4.803871288821651708e-01 3.984402108723694158e-01 3.517873847768177020e-02 4.794099445180211028e-02
2.000000000000000000e+00 5.208547196993462691e-01 2.676975189495727769e-01 3.400248643896619516e-02 4.585492535525673152e-02
5.000000000000000000e+00 5.577374827552288306e-01 1.498872932130760061e-01 3.520553635484535704e-02 4.427070476485350792e-02
1.000000000000000000e+00 4.836258562342712342e-01 6.410194593540615715e-01 3.556870584666610435e-02 4.845999942495438084e-02
1.500000000000000000e+01 5.283612128866387314e-01 5.092882461733310162e-01 3.594696370845507083e-02 4.586797475631027021e-02
8.000000000000000000e+00 5.828251893057037059e-01 3.974281395234715575e-01 3.674303542897650043e-02 4.847267016035228249e-02
0.000000000000000000e+00 6.198333198217077511e-01 2.545962552652699662e-01 3.634427136553197712e-02 4.585891590870389001e-02
7.000000000000000000e+00 5.511479721450948110e-01 7.590120854240345327e-01 3.595570214666055087e-02 4.690560603695914654e-02
3.000000000000000000e+00 5.847394898352561432e-01 6.489347949368622359e-01 3.478341153326480750e-02 4.898768458005731130e-02
1.000000000000000000e+00 6.346962672123039884e-01 5.078286939679930168e-01 3.674152076635417430e-02 4.689619765182462263e-02
0.000000000000000000e+00 6.942517529080607375e-01 3.816443500788430088e-01 3.752005735420993471e-02 4.742659172277141622e-02
1.100000000000000000e+01 7.508149934653611801e-01 5.642999042069258842e-01 3.126141314266350779e-02 3.440014363357135618e-02
