6.000000000000000000e+00 4.098990178394620321e-01 5.041986470568038392e-01 4.047270163278832156e-02 5.180690054531000843e-02
1.400000000000000000e+01 6.919570319940155922e-01 7.110212904251026478e-01 3.344521228549723890e-02 4.290054770024953612e-02
1.200000000000000000e+01 7.292700299753904769e-01 7.075991024342239699e-01 2.757211774148837780e-02 3.501815192428514578e-02
8.000000000000000000e+00 7.382435680855466975e-01 3.753517139581663553e-01 4.157579132454269910e-02 5.615678148487474042e-02
3.000000000000000000e+00 6.684103395216294263e-01 2.532313666215272319e-01 4.155541229069548148e-02 4.889916398343746584e-02
9.000000000000000000e+00 6.489496731295230081e-01 3.857021477850127167e-01 4.265814445554028111e-02 5.398653355578086899e-02
3.000000000000000000e+00 6.491602266853686576e-01 5.194717944171678425e-01 4.375867187110926704e-02 5.544411117840419845e-02
0.000000000000000000e+00 6.215554846133791722e-01 6.560057050417638091e-01 4.539739646126350614e-02 5.691584090786594441e-02
5.000000000000000000e+00 4.993171831904810176e-01 8.218206971387844728e-01 4.322822111289842395e-02 5.982616953983299624e-02
9.000000000000000000e+00 5.303638666151045955e-01 5.162177483524834631e-01 3.830066606914650507e-02 5.324546965390614117e-02
2.000000000000000000e+00 4.700668639292366335e-01 6.543680232384292417e-01 4.049975450228149310e-02 5.760318639157302467e-02
6.000000000000000000e+00 6.205333449727401529e-01 1.085626164288798490e-01 3.884017417573371045e-02 4.960965933454121457e-02
7.000000000000000000e+00 5.400206982373259024e-01 2.442671242110207031e-01 3.719489492557015442e-02 4.814782118291185964e-02
8.000000000000000000e+00 4.953460722177290276e-01 3.651081061925176563e-01 3.939159984597451203e-02 5.178956049019434182e-02
8.000000000000000000e+00 4.818869121179963355e-01 1.226258033454281776e-01 3.938027816050382324e-02 5.077332004356374662e-02
5.000000000000000000e+00 4.253391600605187506e-01 2.681685280685942585e-01 3.858790914710152897e-02 4.833227527435654536e-02
1.500000000000000000e+01 3.208793609200564778e-01 6.335746454968772534e-01 3.808028052328682467e-02 5.250729576121759834e-02
3.000000000000000000e+00 3.722230704570242965e-01 1.283416307400765954e-01 3.480315907597869574e-02 4.900543885731621641e-02
1.000000000000000000e+00 3.301708149376204604e-01 2.379267122022545866e-01 3.872737443575485772e-02 5.076950642319469353e-02
0.000000000000000000e+00 3.220267094638284977e-01 3.745004721803164571e-01 3.808323012029107835e-02 5.338994031929394923e-02
6.000000000000000000e+00 2.745179378379186685e-01 5.020406295274091324e-01 3.938319796359879277e-02 5.165516016609372763e-02
2.000000000000000000e+00 2.541020638220412575e-01 3.643655823890954437e-01 3.937798402950049015e-02 4.990247387350404962e-02
1.500000000000000000e+01 2.580657710083736900e-01 1.428070354299256217e-01 3.544736297926071034e-02 4.639582015023231698e-02
1.000000000000000000e+00 1.796865022395006117e-01 2.459375048296292277e-01 3.719730823220990246e-02 4.887339225203712889e-02
2.000000000000000000e+00 1.708992505462008649e-01 6.319814757937878280e-01 3.832003211008319643e-02 5.905712915728222878e-02
7.000000000000000000e+00 1.468813822978248806e-01 4.859667559621306809e-01 3.774658874099301453e-02 5.032873533147536049e-02
0.000000000000000000e+00 1.256484103239644545e-01 3.562614305474514076e-01 3.664811710515425425e-02 4.741903237160005613e-02
7.000000000000000000e+00 1.343605813662480664e-01 7.587388577662192990e-01 3.744763665674860631e-02 5.861778817320129065e-02
1.000000000000000000e+00 9.361152632929298223e-02 6.197810785610315953e-01 3.873899406031683368e-02 5.425369553897996244e-02
5.000000000000000000e+00 4.142311477753007204e-02 4.524020403070994067e-01 3.685119238980742729e-02 5.014729042485316368e-02
