1.400000000000000000e+01 1.738923623355841941e-01 5.597451789763677743e-01 3.186709357916719942e-02 3.847369980312231874e-02
1.200000000000000000e+01 2.641705101776444797e-01 4.691137138320427002e-01 3.402462413586962442e-02 3.737127445734872433e-02
5.000000000000000000e+00 3.882372548932553347e-01 2.798743918465240732e-01 3.749827154168999810e-02 5.292905896437766211e-02
1.500000000000000000e+01 5.656753775947969132e-01 1.584662441241247166e-01 3.570958136668644922e-02 5.062383388408853158e-02
9.000000000000000000e+00 6.697319991493322355e-01 1.252138146872811553e-01 3.590552440629790620e-02 4.887580134369778895e-02
0.000000000000000000e+00 3.481219996794752136e-01 4.113021753687188253e-01 3.561980144552673311e-02 5.000012556318500501e-02
6.000000000000000000e+00 4.773915154010894835e-01 3.841045797237028769e-01 3.598574746237059863e-02 4.949380285087801035e-02
5.000000000000000000e+00 5.598161455259705876e-01 3.288867334869856607e-01 3.490986289620989780e-02 4.804634737013646628e-02
6.000000000000000000e+00 6.439587723295405741e-01 2.707342879933455904e-01 3.419621082217361163e-02 4.609273300906088777e-02
1.000000000000000000e+00 7.576551579493291388e-01 2.186180130992847748e-01 3.365938805757495711e-02 4.537714225667838219e-02
3.000000000000000000e+00 3.385375425577465958e-01 5.892390845118131715e-01 3.773752083280978997e-02 4.931446145118911772e-02
8.000000000000000000e+00 4.399388028005354334e-01 5.123166283234453777e-01 3.790839758056457898e-02 5.054475765182614433e-02
9.000000000000000000e+00 5.464854928588059879e-01 4.626775338179167640e-01 3.473428963189806318e-02 4.681687032936404647e-02
3.000000000000000000e+00 6.355796133799144210e-01 3.997666705868236914e-01 3.319426908645728425e-02 4.526770249876838070e-02
5.000000000000000000e+00 7.357291973496002946e-01 3.494257472146378163e-01 3.456942005648377947e-02 4.559547566592209167e-02
2.000000000000000000e+00 8.245726003414844962e-01 3.125356063037597054e-01 3.148555621956705686e-02 4.249181546561109357e-02
8.000000000000000000e+00 4.419090461068624354e-01 6.418428277886307765e-01 3.667960317301249829e-02 4.786427543756544001e-02
7.000000000000000000e+00 5.208802757272430473e-01 6.178933784913762661e-01 3.413581143482424807e-02 4.725995390012405206e-02
0.000000000000000000e+00 6.064924207172410764e-01 5.441789571227335642e-01 3.470900489741091111e-02 4.697461321395624001e-02
1.500000000000000000e+01 7.266378608136940809e-01 4.705472026370929317e-01 3.156730837405385959e-02 4.417311378236610242e-02
6.000000000000000000e+00 8.112516410660509658e-01 4.280449155778793813e-01 3.157533614072671746e-02 4.310255375532517919e-02
7.000000000000000000e+00 4.360319427003234161e-01 7.989432999099024268e-01 3.719974238170237202e-02 4.859130712272352604e-02
0.000000000000000000e+00 5.240017936126022402e-01 7.445147688133813002e-01 3.720072537353991127e-02 4.859895261479307838e-02
3.000000000000000000e+00 6.156432555646456084e-01 6.738914471937925699e-01 3.503240921195349689e-02 4.570786439934471090e-02
2.000000000000000000e+00 7.097342239544623954e-01 6.054133414276083869e-01 3.219849835505417257e-02 4.443751128132888972e-02
8.000000000000000000e+00 8.066712813778322833e-01 5.591593704518660335e-01 3.258923761046650380e-02 4.405567356311179683e-02
1.000000000000000000e+00 5.373303983801054340e-01 8.618871889362031968e-01 3.718106553678957038e-02 4.790283056185917765e-02
2.000000000000000000e+00 6.201536043897701855e-01 8.033033602052024325e-01 3.398006183923563128e-02 4.614311134073345588e-02
1.000000000000000000e+00 6.890442390637649961e-01 7.486773296653271847e-01 3.447581738928928718e-02 4.429546896080793772e-02
7.000000000000000000e+00 7.859839451040304681e-01 6.498647511213067052e-01 3.202445418915611519e-02 4.304412035165061656e-02
