1.000000000000000000e+00 6.188790068106047038e-01 5.261803420596485870e-01 3.679358475848826249e-02 5.031860832434853492e-02
7.000000000000000000e+00 5.676053208679805451e-01 6.745349232540136519e-01 3.563743038060951385e-02 4.751590309174957838e-02
5.000000000000000000e+00 5.250733989623026510e-01 7.930982735826928032e-01 3.603360634198748969e-02 5.168308947008637411e-02
3.000000000000000000e+00 6.187969485538896697e-01 2.801559873918947341e-01 3.489905402952619973e-02 4.402068890724103456e-02
2.000000000000000000e+00 5.859421601177241534e-01 3.996552841946136025e-01 3.563731201312780872e-02 4.682312781300596027e-02
1.500000000000000000e+01 5.114103145249299098e-01 5.414782145832438554e-01 3.615667893112495257e-02 4.779513198117024686e-02
0.000000000000000000e+00 4.703954494489505089e-01 6.674146457575296232e-01 3.531982083523538263e-02 5.132141762963515763e-02
3.000000000000000000e+00 5.617753672899253869e-01 1.829534695526677246e-01 3.547396488832910144e-02 4.477634691065815464e-02
7.000000000000000000e+00 5.187807173062621846e-01 2.960573861130029738e-01 3.433426359041202858e-02 4.779430340879808892e-02
1.500000000000000000e+01 4.299596972773757075e-01 5.226875840003860629e-01 3.396125806358435417e-02 4.477563670576767407e-02
5.000000000000000000e+00 3.517600133238928395e-01 6.612900163336870030e-01 3.710296776388155582e-02 4.905716607146370922e-02
7.000000000000000000e+00 3.235887746092122041e-01 7.909664752365865859e-01 3.678553576972998229e-02 4.989479355598447352e-02
9.000000000000000000e+00 4.479639091074996138e-01 1.770069240051003745e-01 3.320876639030367894e-02 4.426807694407403071e-02
2.000000000000000000e+00 4.046771281789063313e-01 3.040636146184275690e-01 3.552835474618770695e-02 4.779483606246587302e-02
3.000000000000000000e+00 3.676943477967947738e-01 4.275096679566161573e-01 3.509468588496922337e-02 4.830183357862133375e-02
1.000000000000000000e+00 3.209011965485390472e-01 5.398565504915591173e-01 3.621911777774189378e-02 4.729887631398266290e-02
1.000000000000000000e+00 2.443177909663218073e-01 6.782272192956164680e-01 3.537361885568540698e-02 4.821959777068363096e-02
6.000000000000000000e+00 1.953647142991117025e-01 7.997258168445708915e-01 3.490059280678886600e-02 4.988396293140551219e-02
0.000000000000000000e+00 3.563365588418861973e-01 1.935214514856776757e-01 3.297599673746542948e-02 4.250016982870163940e-02
9.000000000000000000e+00 3.198552718880292578e-01 2.989851465900582594e-01 3.441135041289411500e-02 4.649202437471355864e-02
0.000000000000000000e+00 2.588136054336585001e-01 4.405042128571311499e-01 3.358082497727757354e-02 4.377193964436804086e-02
2.000000000000000000e+00 1.779453857881270751e-01 5.398338535269358029e-01 3.471454871736670555e-02 4.829073662720839710e-02
6.000000000000000000e+00 2.537741838783276194e-01 1.831364804753703168e-01 3.433331665055819326e-02 4.427946981419134120e-02
5.000000000000000000e+00 2.142704868498303550e-01 3.002061219601237507e-01 3.320207862758550732e-02 4.528150973084671405e-02
6.000000000000000000e+00 1.486878738975990488e-01 4.329262083087651591e-01 3.432588909107908703e-02 4.611975864464673558e-02
8.000000000000000000e+00 1.290028142349212703e-01 6.755772081144599817e-01 3.640445166227360141e-02 4.635791401790401167e-02
8.000000000000000000e+00 1.024397457190072136e-01 5.411758448511434505e-01 3.320926945210113390e-02 4.628499964915344655e-02
1.300000000000000000e+01 8.188354477907131557e-01 6.461794603499425582e-01 2.646690973293697180e-02 3.213748149683137711e-02
8.000000000000000000e+00 6.802640573294981285e-01 4.103416779971674755e-01 3.693982778217574925e-02 4.785801470584361006e-02
1.200000000000000000e+01 8.228016757769288647e-01 9.450139996488946537e-01 2.234174381061726500e-02 3.266261882956333906e-02
