6.000000000000000000e+00 2.290943254558447384e-01 4.342816213751028442e-01 4.240387782109014680e-02 4.071244409287999577e-02
1.100000000000000000e+01 6.870120968284579299e-02 5.890699462364239469e-01 4.188111999846604039e-02 3.596887729181819093e-02
0.000000000000000000e+00 2.996573937666143772e-01 5.245750039338303861e-01 4.053101944415732349e-02 4.095488418212267501e-02
5.000000000000000000e+00 3.781532657021953181e-01 6.220458525555248031e-01 4.152177467268819422e-02 4.321312152556788799e-02
1.000000000000000000e+00 4.577941834534411392e-01 7.219310534897408482e-01 4.564177930919394166e-02 4.395075099919276695e-02
2.000000000000000000e+00 5.869405739666923028e-01 7.063255509799148957e-01 4.515831809444148526e-02 4.389011201843884269e-02
8.000000000000000000e+00 4.993902654922302009e-01 5.975558995703453835e-01 4.143730289290786795e-02 4.059105029759735306e-02
9.000000000000000000e+00 4.248214625631285823e-01 5.035813775868265285e-01 3.909473856189987773e-02 3.888244421237296855e-02
7.000000000000000000e+00 3.523621519322748252e-01 4.154921524782498876e-01 3.915401649580813048e-02 3.937702546944138460e-02
8.000000000000000000e+00 3.174081956901141366e-01 2.241683638982021054e-01 3.777400186933171922e-02 3.777397291088815945e-02
2.000000000000000000e+00 3.957453319174791817e-01 3.007350822426256842e-01 3.794068667029676378e-02 3.708415382753288414e-02
0.000000000000000000e+00 4.676565750460628390e-01 3.854962871868297114e-01 3.906580907681223014e-02 3.864122037775868934e-02
9.000000000000000000e+00 5.406796920932461781e-01 4.900643435452445296e-01 3.966293218242433749e-02 3.966290322398086099e-02
3.000000000000000000e+00 6.275080520912552640e-01 5.800200561731772009e-01 4.284094760930556856e-02 4.431985532044102616e-02
1.500000000000000000e+01 7.177498307036103142e-01 6.784161560241349642e-01 4.407625689345695541e-02 4.407625689345695541e-02
7.000000000000000000e+00 7.596978447066332629e-01 5.538486890812492902e-01 4.340262558003571414e-02 4.181749829802816620e-02
3.000000000000000000e+00 5.906887811467016469e-01 3.697619196032901345e-01 4.037669989857983754e-02 3.986737879375423788e-02
5.000000000000000000e+00 5.117114606081938355e-01 2.830906012445504327e-01 3.923156720758458338e-02 3.834306424316208384e-02
1.000000000000000000e+00 4.370472396076572341e-01 1.952995467497921078e-01 3.785882115043442964e-02 3.680206962909607360e-02
8.000000000000000000e+00 3.604486669753493855e-01 1.157730727673814408e-01 3.670138112093840332e-02 3.705189412143920780e-02
7.000000000000000000e+00 4.762262038025674160e-01 9.132457379411683396e-02 3.730441174903059709e-02 3.712420335493646362e-02
0.000000000000000000e+00 5.567058159953619523e-01 1.754250918491579436e-01 3.858173973474576801e-02 3.787228682667637125e-02
1.500000000000000000e+01 6.308216219923058476e-01 2.596822461252590308e-01 4.040606376032052083e-02 3.828983862395191062e-02
2.000000000000000000e+00 7.100958824107819201e-01 3.516941095984548737e-01 4.002601314741782712e-02 4.001599352595597292e-02
6.000000000000000000e+00 7.996598017769600553e-01 4.397862739890500139e-01 4.262989847285070244e-02 4.192076410766026884e-02
1.000000000000000000e+00 8.390675811134317152e-01 3.296969139116576741e-01 4.179236236904304569e-02 3.985646146054300232e-02
6.000000000000000000e+00 7.504545411990419801e-01 2.384838835824900360e-01 4.027997869718591417e-02 3.906528782482870943e-02
5.000000000000000000e+00 6.748504449552588103e-01 1.523873758486216090e-01 3.831607497379119209e-02 3.724950654009567819e-02
3.000000000000000000e+00 5.915737801394567175e-01 6.743426329913670969e-02 3.812066339684283545e-02 3.565728443942309950e-02
