1.000000000000000000e+00 4.267308688425208718e-01 4.995658385650613709e-01 4.703827320033643344e-02 3.837283208615593910e-02
1.600000000000000000e+01 7.189072817645534297e-01 2.806953577603601424e-01 3.103217104706434970e-02 2.728841566646650341e-02
1.000000000000000000e+01 6.838537546101315368e-01 2.659218698437909589e-01 3.608199276520962506e-02 2.795314832617773471e-02
9.000000000000000000e+00 4.633069914461586114e-01 2.784419731542892018e-01 5.033548666024229012e-02 4.577230383754998799e-02
7.000000000000000000e+00 5.959541580673216599e-01 3.432679807651914938e-01 5.026411840353439686e-02 4.067712786466465280e-02
1.000000000000000000e+00 7.007446869476188223e-01 4.518557094992393108e-01 5.023954811057607106e-02 4.027681187207698965e-02
8.000000000000000000e+00 8.144621861912003657e-01 4.831895340099613412e-01 5.955964316119222168e-02 4.578382626983529269e-02
6.000000000000000000e+00 3.490131799097642151e-01 3.091609683054103996e-01 4.957113807885910051e-02 3.985821797863026150e-02
8.000000000000000000e+00 4.463790947100635398e-01 4.054545205690879284e-01 4.935676091080892780e-02 3.703636614002592253e-02
6.000000000000000000e+00 5.435599695989824509e-01 4.812777908831388229e-01 4.833984497209886655e-02 4.027779250461188676e-02
7.000000000000000000e+00 5.892409384118217908e-01 5.620748294142936530e-01 5.332625245298627803e-02 3.627768343551107666e-02
5.000000000000000000e+00 6.356044274689640616e-01 6.321235360873096454e-01 5.193767678354233031e-02 3.788319681351282053e-02
1.500000000000000000e+01 7.427625301660647494e-01 7.334305858056515692e-01 5.109602167065629974e-02 3.671695233156901939e-02
8.000000000000000000e+00 2.314026920816251720e-01 3.500296736316883539e-01 3.973885320729661497e-02 3.425847932673703466e-02
1.500000000000000000e+01 2.792286038860491981e-01 4.200663947959440980e-01 4.504843358802462783e-02 3.533347050334828543e-02
1.000000000000000000e+00 1.955539536607628637e-01 4.441352712712079986e-01 4.274628975313421453e-02 3.295775198854622445e-02
5.000000000000000000e+00 3.101691538905801959e-01 5.134537608230144157e-01 4.531252337763652660e-02 3.353812301046188438e-02
2.000000000000000000e+00 3.906043526362467100e-01 5.644029055317740795e-01 4.805952026607557270e-02 3.649037173641767051e-02
3.000000000000000000e+00 5.007028002699208669e-01 6.319861658130432325e-01 4.694612098184675064e-02 3.833554081003642811e-02
9.000000000000000000e+00 5.831606898178187670e-01 7.454140243415197098e-01 5.233243585843216916e-02 4.035782301537838013e-02
0.000000000000000000e+00 6.201332876032823460e-01 8.312788628539600211e-01 5.097420531798546595e-02 3.501566384265686338e-02
0.000000000000000000e+00 6.010461742242612093e-01 8.630931155874139726e-01 5.031669120332293854e-02 3.438974788745285949e-02
6.000000000000000000e+00 4.736897925269067944e-01 8.702520327300341529e-01 5.055858056193612837e-02 3.343150646208203902e-02
7.000000000000000000e+00 4.656520924340369350e-01 7.669842082581236342e-01 4.626090399807281095e-02 3.661839876180983389e-02
3.000000000000000000e+00 3.551985741033445443e-01 7.734318126956241102e-01 4.557157380561077664e-02 3.364337756920965372e-02
3.000000000000000000e+00 2.316909163275131800e-01 7.133142441016486757e-01 4.081449813893106571e-02 3.060428838432849297e-02
5.000000000000000000e+00 3.541696181762892248e-01 6.775923613950950442e-01 4.405834884506182325e-02 3.357865582190511233e-02
2.000000000000000000e+00 1.377176904603110152e-01 6.467710535828307128e-01 3.925136987827188007e-02 2.997989785751209446e-02
2.000000000000000000e+00 2.653776324068077286e-01 6.064236634080322208e-01 4.193803062602072251e-02 3.519626366783767946e-02
0.000000000000000000e+00 1.649977026507490896e-01 5.470604463915424986e-01 4.024276213128127888e-02 3.285576620491481581e-02
