0.000000000000000000e+00 5.661827879895042770e-01 6.917846493869089786e-01 4.387261664438724118e-02 3.252022831610723586e-02
1.100000000000000000e+01 3.424663612055663386e-01 7.541771744612413286e-01 3.006053860242929865e-02 2.337444032625557444e-02
1.300000000000000000e+01 5.549813774181389103e-02 7.212714016452081989e-01 3.108499577173094025e-02 2.054172397225606517e-02
2.000000000000000000e+00 5.340189144205262917e-01 1.357864207296338444e-01 4.250830934462812571e-02 3.172323933502553539e-02
9.000000000000000000e+00 6.573838705499039925e-01 2.001771474774915183e-01 4.309907425557102378e-02 3.185784117504592006e-02
1.000000000000000000e+00 7.432956416582521264e-01 2.709919338324359162e-01 4.248963013319206894e-02 3.128441726337666262e-02
3.000000000000000000e+00 8.479971661032470465e-01 3.182839752861478244e-01 4.086253142000473293e-02 3.180434056796244136e-02
8.000000000000000000e+00 4.226352505770053503e-01 1.796453903979048083e-01 4.697375605466624915e-02 3.291076323222269506e-02
1.500000000000000000e+01 5.126743467889773864e-01 2.185131214336307193e-01 4.330850445901612833e-02 3.190537558623793291e-02
0.000000000000000000e+00 6.303717234950116932e-01 2.830421440446658776e-01 4.211526528070785869e-02 3.136063959780416299e-02
1.000000000000000000e+00 7.211891852354691546e-01 3.492749616534569501e-01 4.341004130685255369e-02 3.163204575202915869e-02
0.000000000000000000e+00 8.627980156568380021e-01 3.869576082412403695e-01 4.196142664085045215e-02 3.127906441472633192e-02
6.000000000000000000e+00 3.913547224927261814e-01 2.637270727356527678e-01 4.425225070726174215e-02 3.346305454349102204e-02
5.000000000000000000e+00 4.939529398505926316e-01 3.284089024480035257e-01 4.268553881791109506e-02 3.256977004554306721e-02
9.000000000000000000e+00 6.248861409257802091e-01 4.135725571986244575e-01 4.347505611441826456e-02 3.316192892748859311e-02
6.000000000000000000e+00 7.238372004316115937e-01 4.295769473762333091e-01 4.197832156940306536e-02 3.167525885311267553e-02
2.000000000000000000e+00 8.222554005819522338e-01 5.070354134697392379e-01 4.247647104692664488e-02 3.208388751284318996e-02
8.000000000000000000e+00 2.931567279416815719e-01 3.117521477808427033e-01 4.568912813742120882e-02 3.264415233824696783e-02
1.500000000000000000e+01 3.753887640956615757e-01 3.816902518324811755e-01 4.151382255188451609e-02 3.206718774023087359e-02
7.000000000000000000e+00 4.938422724926884722e-01 4.260509116646226113e-01 4.342844172408810710e-02 3.229766690581675759e-02
1.000000000000000000e+00 6.012834239081230603e-01 4.660349764984378917e-01 4.197826581056296469e-02 3.167525885311273104e-02
5.000000000000000000e+00 7.090751590307358132e-01 5.465710099525671328e-01 4.342035669227262140e-02 3.187275666477484837e-02
3.000000000000000000e+00 8.022746384206012049e-01 6.047230473572766662e-01 4.312979737647049117e-02 3.258039210458363311e-02
7.000000000000000000e+00 3.561374808997318508e-01 4.688821762111555214e-01 4.420900972675806395e-02 3.581906069398854697e-02
2.000000000000000000e+00 4.528741338295195762e-01 5.205909311486511815e-01 4.523714697950692587e-02 3.334529187318324706e-02
3.000000000000000000e+00 5.845772669086266582e-01 5.707234254954276498e-01 4.420477205490991324e-02 3.412033975068240466e-02
5.000000000000000000e+00 6.938814605691649984e-01 6.398412194311093870e-01 4.411394090437414928e-02 3.331847187109149289e-02
7.000000000000000000e+00 2.147546968161603842e-01 4.880251896793058597e-01 4.670360447434362960e-02 3.409516463437384237e-02
8.000000000000000000e+00 3.519581606777073546e-01 5.679180867319209014e-01 4.670416206274480286e-02 3.434214841663163487e-02
6.000000000000000000e+00 4.335899529179261247e-01 6.387026517955269878e-01 4.714083741904945279e-02 3.697809182389055760e-02
