7.000000000000000000e+00 7.096747604465998283e-01 7.995958642112399595e-01 5.126120784988141832e-02 3.720048450966262354e-02
6.000000000000000000e+00 7.982974758684288075e-01 8.963590091192733533e-01 5.200187323729710265e-02 3.683000646204415141e-02
6.000000000000000000e+00 6.244887638188242329e-01 9.008729166748188355e-01 4.282161094465308793e-02 3.247781966755491911e-02
1.500000000000000000e+01 4.860181892979059670e-01 8.804550237665544898e-01 4.962251693131514152e-02 3.510796961107642833e-02
0.000000000000000000e+00 3.390455156901539535e-01 8.615852372197019271e-01 4.466254729458174477e-02 3.817307659700786004e-02
6.000000000000000000e+00 2.754724682183296025e-01 7.977178335432981715e-01 4.611960396632436288e-02 3.458981199017641117e-02
0.000000000000000000e+00 4.101483463338972402e-01 7.878930720105645769e-01 4.731316306873123434e-02 3.600683819490924087e-02
5.000000000000000000e+00 5.824837802153239874e-01 7.998570651887866312e-01 5.054938067835046400e-02 3.895769700702222949e-02
3.000000000000000000e+00 8.496381923074687315e-01 7.861840879407787641e-01 4.998348883317305091e-02 3.618585607134017224e-02
5.000000000000000000e+00 9.797324372933416958e-01 7.285951882959440518e-01 4.053512541331660834e-02 3.481307559702739862e-02
9.000000000000000000e+00 6.399794789326113120e-01 6.881774403266185391e-01 5.133400108836516651e-02 3.665046531153481890e-02
8.000000000000000000e+00 4.954405966704021891e-01 7.052085871153317420e-01 5.209112053847325674e-02 3.876955090499878409e-02
2.000000000000000000e+00 3.537407960629697090e-01 7.131379045816201856e-01 4.764334901230088404e-02 3.633231467177189256e-02
0.000000000000000000e+00 1.934420613859022531e-01 7.001700100836862894e-01 4.901979240516354808e-02 3.797434873028449065e-02
3.000000000000000000e+00 8.886029825853336561e-01 6.164066212508148013e-01 5.885437986226127460e-02 4.110538825011400554e-02
7.000000000000000000e+00 7.229907484899031900e-01 6.138034780639032295e-01 5.533041965099949611e-02 3.802150153891903361e-02
2.000000000000000000e+00 6.182532845448254211e-01 6.300309921510810485e-01 5.538001440533413255e-02 4.112783089392757496e-02
1.000000000000000000e+00 4.309257866756945332e-01 6.199657571084682406e-01 5.194274326642001061e-02 3.791167212398616204e-02
2.000000000000000000e+00 2.638510306014787421e-01 6.135749526454844505e-01 5.226664992104695928e-02 3.919985662226554979e-02
8.000000000000000000e+00 9.100072409753376390e-02 6.145337361113120123e-01 5.278399356004721821e-02 4.114754088421990197e-02
1.500000000000000000e+01 8.302035023220315502e-01 5.152849521177854664e-01 5.534448990955620484e-02 4.150307654981738592e-02
3.000000000000000000e+00 6.584689905782634689e-01 5.200739564847414176e-01 5.485255413414835690e-02 3.957975360329812897e-02
9.000000000000000000e+00 5.232644021478780605e-01 5.309029391157906730e-01 5.021433991416329734e-02 3.766061684940724685e-02
7.000000000000000000e+00 1.481743040132958711e-01 5.053047200421560969e-01 5.209870801261222428e-02 4.167773380892703106e-02
5.000000000000000000e+00 7.399775914066317739e-01 4.073007760107351105e-01 5.762172055787329050e-02 4.061258035124154508e-02
1.000000000000000000e+00 5.848649098390166223e-01 4.003181194941209387e-01 5.686913614977939790e-02 4.418567018432317806e-02
1.000000000000000000e+00 4.050625874228351297e-01 3.855392896934287661e-01 5.553548494822979631e-02 4.529791830907875516e-02
8.000000000000000000e+00 2.406079664076929414e-01 4.047176916635016330e-01 5.874707960537484119e-02 4.510006256581988726e-02
1.400000000000000000e+01 3.544913455163136717e-01 1.748454529788386891e-01 4.455184575618481579e-02 3.384810005460356375e-02
1.400000000000000000e+01 4.350881994043602208e-01 2.882916365948248738e-01 4.340855003610144536e-02 3.256168887403487755e-02
