1.400000000000000000e+01 3.444233807900014543e-01 7.431485127037307237e-01 3.517037249164561841e-02 2.761548627916676768e-02
2.000000000000000000e+00 3.359348360994733884e-01 1.312772180335030348e-01 4.479253287221673929e-02 3.519436952876241198e-02
1.000000000000000000e+00 2.645304848817096044e-01 1.941597164560528443e-01 4.725494377364877763e-02 3.812092221822976912e-02
1.000000000000000000e+01 4.419503528353462274e-01 7.785960455448817097e-01 3.830779507288151198e-02 2.982364802942683024e-02
8.000000000000000000e+00 1.497751332148219150e-01 2.561876190369817285e-01 5.167609925675574478e-02 3.662346909778332882e-02
3.000000000000000000e+00 4.998862583874214560e-01 1.642347868140888734e-01 4.659279928343018629e-02 3.583349423676943091e-02
6.000000000000000000e+00 4.003395854856893754e-01 2.143182863269881833e-01 4.799589301358464510e-02 3.778127184673032990e-02
5.000000000000000000e+00 3.129218675262387395e-01 2.841136280622788557e-01 5.194435572823569158e-02 3.747254073459294066e-02
1.500000000000000000e+01 2.007848939290575174e-01 3.558379352506051418e-01 4.966721606924967558e-02 3.502867053039021572e-02
1.000000000000000000e+00 4.236851600513151794e-01 3.326624573304250432e-01 4.641559039395215525e-02 3.347811989342741601e-02
8.000000000000000000e+00 6.156459566371685899e-01 1.933380351025587585e-01 4.522757418085254777e-02 3.436565736914473645e-02
0.000000000000000000e+00 5.477772322285441309e-01 2.715764248833462124e-01 4.594021017450689026e-02 3.408000033115810012e-02
0.000000000000000000e+00 7.247052695051644511e-01 2.297945429143840590e-01 4.302560171165881187e-02 3.350075963206478047e-02
7.000000000000000000e+00 6.555274850050420987e-01 2.844767325515033529e-01 4.537345662142455716e-02 3.296316085032113818e-02
1.000000000000000000e+00 3.319930377203564875e-01 4.053656346091514262e-01 4.793628046436687606e-02 3.702588095097292253e-02
5.000000000000000000e+00 5.728489782813896980e-01 3.699763977376932522e-01 4.254055752703966853e-02 3.510516787269246652e-02
7.000000000000000000e+00 7.762802771711700967e-01 3.120137126866183719e-01 4.550011971552769818e-02 3.465918673831230867e-02
2.000000000000000000e+00 4.508408614705656792e-01 4.195802279679522462e-01 4.718357701959891015e-02 3.538808316775060581e-02
5.000000000000000000e+00 3.455052019700683985e-01 4.778718543055237578e-01 4.592886315921868023e-02 3.533612578195699516e-02
0.000000000000000000e+00 2.286639132809958341e-01 5.545389403555973651e-01 5.089247655262565950e-02 3.743271759720567804e-02
9.000000000000000000e+00 3.756399156650174209e-01 5.763065332819905517e-01 5.191764409415999815e-02 3.710978914297302644e-02
3.000000000000000000e+00 4.995756134844280272e-01 5.179331161380469339e-01 4.726588359939315476e-02 3.492806756709276872e-02
3.000000000000000000e+00 6.136944328834044171e-01 4.653278782071785247e-01 4.564573069640376346e-02 3.361108085247510591e-02
6.000000000000000000e+00 6.973145247082261911e-01 4.156795693057477314e-01 4.610172869356232717e-02 3.395949937215181347e-02
7.000000000000000000e+00 8.182621163521259788e-01 4.081030613284911679e-01 4.613414098125168117e-02 3.428229209653643750e-02
8.000000000000000000e+00 8.190887382720852816e-01 5.330084131816262838e-01 4.234157756995127198e-02 3.662317049211782916e-02
2.000000000000000000e+00 6.160162005163950516e-01 5.510188681870328287e-01 4.760615832819325988e-02 3.467588150960954074e-02
6.000000000000000000e+00 5.404479833152903145e-01 6.419000996874091314e-01 4.984043450119801655e-02 3.738016300008106807e-02
9.000000000000000000e+00 7.506712309422463036e-01 6.109609966215943100e-01 4.879927798357563962e-02 3.505695663070218515e-02
1.500000000000000000e+01 6.689535829581716442e-01 6.725453204864515477e-01 5.035588217175679393e-02 3.839026452849336746e-02
