1.000000000000000000e+00 4.260133626271007667e-01 4.960142512095601086e-01 4.777785856526334252e-02 3.873754913651472620e-02
1.600000000000000000e+01 7.400373596731733006e-01 2.890337407236949208e-01 3.162886658985042398e-02 2.748811002303219730e-02
1.000000000000000000e+01 7.058942013182825104e-01 2.724110525947971428e-01 3.657207312728438797e-02 2.826546533495682967e-02
9.000000000000000000e+00 4.819976571740364202e-01 2.743829412369795384e-01 5.139284066767507708e-02 4.606805743539177378e-02
7.000000000000000000e+00 6.104321341448063487e-01 3.462985936424133326e-01 5.103685500938159869e-02 4.107485461641097180e-02
1.000000000000000000e+00 7.069564775242722643e-01 4.610782257344876456e-01 5.099300829804154223e-02 4.068354340011348658e-02
8.000000000000000000e+00 8.191487951521689848e-01 4.982402163768557823e-01 6.034984134487786367e-02 4.630866281680101615e-02
6.000000000000000000e+00 3.638824485640131390e-01 2.998851813079869144e-01 5.032060932785265006e-02 4.025685147271590436e-02
8.000000000000000000e+00 4.539638348423846725e-01 4.018845449533083314e-01 4.996939441236541990e-02 3.749467411759099811e-02
6.000000000000000000e+00 5.456201039894765792e-01 4.831937485792568987e-01 4.914537958120368533e-02 4.063426410881509909e-02
7.000000000000000000e+00 5.848177954061279937e-01 5.670346999251378861e-01 5.380989752442333351e-02 3.686967923343553721e-02
5.000000000000000000e+00 6.256301212854598059e-01 6.400497052053644165e-01 5.252676074540141293e-02 3.839074646870954677e-02
1.500000000000000000e+01 7.251730211869229503e-01 7.475882597437661925e-01 5.164971621241154498e-02 3.723120777787947144e-02
8.000000000000000000e+00 2.415428575053237548e-01 3.354811549418207361e-01 4.046499925711427581e-02 3.452898183813379873e-02
1.500000000000000000e+01 2.838336586415242113e-01 4.085547879631218349e-01 4.568300609549313940e-02 3.571416671861538106e-02
1.000000000000000000e+00 1.972254420674100506e-01 4.288207655209661517e-01 4.331862044544868007e-02 3.333182873581486128e-02
5.000000000000000000e+00 3.070554698629112678e-01 5.044022098185247938e-01 4.585136092110941863e-02 3.396923306657584352e-02
2.000000000000000000e+00 3.839343631679104085e-01 5.597703201883947877e-01 4.867586127474260449e-02 3.692560447280490710e-02
3.000000000000000000e+00 4.893504611119815495e-01 6.333799861499631589e-01 4.768630442586174745e-02 3.869850074452907407e-02
9.000000000000000000e+00 5.628955703746525430e-01 7.519684359004290553e-01 5.303350739167933536e-02 4.081555233544931216e-02
0.000000000000000000e+00 5.928589789238354335e-01 8.405078519201332199e-01 5.145204751625798156e-02 3.557214749635084772e-02
0.000000000000000000e+00 5.708371198243906708e-01 8.717258003680492529e-01 5.077973127571300260e-02 3.494389857953006384e-02
6.000000000000000000e+00 4.415524578783950882e-01 8.727928473168451440e-01 5.097654509887816765e-02 3.402030483349505197e-02
7.000000000000000000e+00 4.423198442682131359e-01 7.680719817247173564e-01 4.693010032626276917e-02 3.700259819485585133e-02
3.000000000000000000e+00 3.301734415927572441e-01 7.692386903180306046e-01 4.610903618573836127e-02 3.407882226837766204e-02
3.000000000000000000e+00 2.105674310089037382e-01 7.025224719458891265e-01 4.131995497514609483e-02 3.098385113183788064e-02
5.000000000000000000e+00 3.373824751976391423e-01 6.723620565377048663e-01 4.462900285390702937e-02 3.397436230450623373e-02
2.000000000000000000e+00 1.213531754945115226e-01 6.307442472674755773e-01 3.976273488542776680e-02 3.033072816870951982e-02
2.000000000000000000e+00 2.538008950740898162e-01 5.961614911607173717e-01 4.265052341674965830e-02 3.550055877771063351e-02
0.000000000000000000e+00 1.574959920754333553e-01 5.313270688484015292e-01 4.087693773132516917e-02 3.316708643798804701e-02
