1.000000000000000000e+00 6.143632851250977467e-01 5.685579277270942367e-01 3.797000167144293226e-02 4.911785673189961177e-02
1.400000000000000000e+01 8.095635785783992233e-01 7.075084694492227433e-01 3.406263789831553979e-02 3.822566608796007515e-02
1.400000000000000000e+01 7.328788297341429780e-01 7.010727897420052646e-01 3.095028305763425358e-02 3.844518856873480050e-02
6.000000000000000000e+00 4.621599047202348265e-01 7.881236538054606777e-01 3.873887021011296339e-02 5.128330422151972101e-02
3.000000000000000000e+00 2.507462025082468626e-01 7.008599444270320333e-01 3.605055801803142002e-02 4.845269736418844619e-02
5.000000000000000000e+00 1.369900422353307057e-01 6.677749004289929013e-01 3.419200443403486167e-02 4.821732016631918860e-02
3.000000000000000000e+00 5.464131499667651548e-01 6.811467631438221648e-01 3.833608083819184387e-02 4.998821819075194295e-02
1.000000000000000000e+00 4.354020862087145116e-01 6.424948949834285994e-01 3.571516540049779476e-02 4.799609287725481455e-02
8.000000000000000000e+00 3.319292158855879915e-01 5.916498969731993629e-01 3.528597991355719721e-02 5.042487642069581888e-02
6.000000000000000000e+00 2.277347002134170739e-01 5.515237106038437531e-01 3.627968425217167892e-02 4.724722742251741270e-02
2.000000000000000000e+00 1.191842430868825103e-01 5.299604145376716202e-01 3.443849129925893870e-02 4.741094584527494327e-02
9.000000000000000000e+00 5.012816748722220828e-01 5.333607683254319998e-01 3.690534889450414191e-02 4.733161543285924200e-02
0.000000000000000000e+00 4.173219691997123171e-01 5.043211917787245868e-01 3.680612905204155849e-02 5.020055206323825736e-02
8.000000000000000000e+00 3.081718457572638625e-01 4.592560763468593321e-01 3.462028068988759477e-02 4.579211672028660196e-02
0.000000000000000000e+00 2.143373506146563079e-01 4.224947127191590601e-01 3.468745013650315068e-02 4.662608052215300170e-02
1.500000000000000000e+01 9.033425542872913772e-02 3.626046554334455552e-01 3.343617767878130642e-02 4.646554440820299670e-02
0.000000000000000000e+00 7.091886432591700817e-01 4.808584551430736820e-01 3.824640792215172613e-02 4.874470261074836941e-02
7.000000000000000000e+00 5.870993090323552988e-01 4.258348441540846796e-01 3.534175555810303848e-02 4.712254910959501331e-02
5.000000000000000000e+00 4.723241706379295302e-01 3.932816435154996015e-01 3.565492884092719139e-02 4.716300989300470370e-02
1.000000000000000000e+00 3.792924555122219044e-01 3.599781141283953101e-01 3.549157979329914392e-02 4.920647834949432031e-02
3.000000000000000000e+00 2.741354050796671604e-01 3.170576901452227814e-01 3.437592483502566187e-02 4.658607435428724353e-02
2.000000000000000000e+00 1.810871106933419905e-01 2.784915312215955341e-01 3.434699992104320310e-02 4.620496446111710398e-02
5.000000000000000000e+00 6.630033977472709061e-01 3.192092434472815210e-01 3.630963205112802683e-02 4.766175155816637643e-02
6.000000000000000000e+00 5.502784902155506419e-01 2.939840191747606912e-01 3.571516540049779476e-02 4.799606446378318347e-02
7.000000000000000000e+00 3.573383747658354648e-01 2.206674458617962076e-01 3.590752460252277789e-02 4.637612721340644839e-02
8.000000000000000000e+00 2.589297795347212938e-01 1.788866151866320697e-01 3.462025227641604697e-02 4.579214513375806650e-02
2.000000000000000000e+00 6.422041967565574883e-01 1.964423331657120242e-01 3.562435594559787422e-02 4.673905248481929897e-02
7.000000000000000000e+00 5.416091422736521999e-01 1.654923484495285368e-01 3.562503786891380031e-02 4.674851417082734328e-02
9.000000000000000000e+00 4.326059733057787682e-01 1.190519925838063875e-01 3.475069852405232584e-02 4.745961812194689211e-02
1.500000000000000000e+01 3.275376297312331819e-01 8.647518035040849260e-02 3.496882874472373448e-02 4.624016875230015089e-02
