8.000000000000000000e+00 5.000301498353879603e-01 5.559239648076108598e-01 3.879289589461348831e-02 4.067563783148842038e-02
1.000000000000000000e+00 7.955222541160655858e-01 2.806052578367332906e-01 3.969345517647371313e-02 3.741184839345340629e-02
6.000000000000000000e+00 7.670049449341989067e-01 3.844353725573794733e-01 4.007540204387238791e-02 3.950665249447926630e-02
7.000000000000000000e+00 7.379569516551194308e-01 4.939456986422186002e-01 4.156806121037515123e-02 3.985549769165669387e-02
1.500000000000000000e+01 7.096850706510431372e-01 6.123878363605709252e-01 4.210497206365471090e-02 4.114734397501540464e-02
2.000000000000000000e+00 5.893123595229183831e-01 6.486644472600358036e-01 4.073308846764900348e-02 4.206902135881795957e-02
3.000000000000000000e+00 6.183315099979540541e-01 5.281881135120876092e-01 3.917076012477982427e-02 4.088405793077021233e-02
2.000000000000000000e+00 6.765001028815678108e-01 3.108546625787531603e-01 3.868930264628100968e-02 3.793736310827161562e-02
6.000000000000000000e+00 7.059317465745171827e-01 2.027536393693002981e-01 3.740189145804517779e-02 3.692419353037890151e-02
5.000000000000000000e+00 6.282759037795424550e-01 1.319558047227915865e-01 3.626668333554750046e-02 3.580049903230608788e-02
1.500000000000000000e+01 5.959652959220628210e-01 2.333572496055831003e-01 3.632783477955880969e-02 3.632780540806807013e-02
3.000000000000000000e+00 5.663477013203546129e-01 3.376352501906527692e-01 3.973580886632210873e-02 3.973580886632216425e-02
9.000000000000000000e+00 5.294570794040510675e-01 4.542481314570218087e-01 3.967442245038377280e-02 3.919593149246364261e-02
1.000000000000000000e+00 4.684916744158974522e-01 6.744406326840701738e-01 4.001759894982126475e-02 4.285676474420963000e-02
3.000000000000000000e+00 5.450178896716417754e-01 6.006402889847110155e-02 3.722219667684356637e-02 3.486149246888438358e-02
0.000000000000000000e+00 5.200184333239191714e-01 1.627734156416233424e-01 3.645824419906440461e-02 3.788590425625054658e-02
5.000000000000000000e+00 4.866543288315691163e-01 2.647510557467459558e-01 3.670608083910670283e-02 3.481153156289815143e-02
0.000000000000000000e+00 4.540264354438623418e-01 3.642630032497601311e-01 3.972297352480774757e-02 3.972294415331684148e-02
9.000000000000000000e+00 4.229217769446639297e-01 4.763992727909470148e-01 3.797763142226756594e-02 3.751138837604439669e-02
5.000000000000000000e+00 3.876961367318539908e-01 5.884804414152436935e-01 3.992801590263839184e-02 4.181184458467601672e-02
0.000000000000000000e+00 3.099452771638835369e-01 5.052032036665624615e-01 3.920853186205103258e-02 3.967562668150975691e-02
7.000000000000000000e+00 3.495331271448995913e-01 4.012603758496656736e-01 3.906781304924672460e-02 3.812069995434225200e-02
2.000000000000000000e+00 3.810044299647483701e-01 2.927946468379604150e-01 3.491148274636152182e-02 3.774025103297845574e-02
1.000000000000000000e+00 4.123368643757182594e-01 1.916987388890442068e-01 3.642355646833556060e-02 3.737087516367623707e-02
7.000000000000000000e+00 4.409984316350400446e-01 9.453728900090854759e-02 3.751138837604445220e-02 3.797763142226760757e-02
8.000000000000000000e+00 3.359203369526638783e-01 1.266127193309149468e-01 3.301561175306327867e-02 3.396319479182183243e-02
8.000000000000000000e+00 3.052441350766721406e-01 2.299935530413209084e-01 3.684124844013475508e-02 3.677328281023936607e-02
6.000000000000000000e+00 2.375369008722267861e-01 4.265213853236713426e-01 3.660601216967984683e-02 3.553254292101126754e-02
1.100000000000000000e+01 1.724702518123326089e-01 6.604752230580790417e-01 3.859971959909810901e-02 3.632977329795694654e-02
1.100000000000000000e+01 7.685108422454080268e-02 5.979700470320518102e-01 4.038465447134399061e-02 3.528802525943830481e-02
