6.000000000000000000e+00 8.314410955277981019e-01 5.897973339857658370e-01 4.068252471642863632e-02 3.374287480976267961e-02
2.000000000000000000e+00 8.263728868277528949e-01 5.098273155607949692e-01 4.562605392147567329e-02 3.191607754706016209e-02
8.000000000000000000e+00 4.054465817727008203e-01 1.615319675664768639e-01 4.752054082578316407e-02 3.517905884923291926e-02
6.000000000000000000e+00 8.428281393670178367e-01 4.108803003467123016e-01 4.128154256788130194e-02 3.141463495256252569e-02
2.000000000000000000e+00 8.440270265119558246e-01 3.183972343755887557e-01 4.437568291495641581e-02 3.097148775590846670e-02
0.000000000000000000e+00 7.487644280248645368e-01 2.539917182166031573e-01 4.009162394568832610e-02 3.513327964927112634e-02
5.000000000000000000e+00 4.066464338852759930e-01 2.699622306159132901e-01 5.064090558746747739e-02 3.705790760153865326e-02
0.000000000000000000e+00 7.326852574314728361e-01 3.499005895879656602e-01 4.439169002517229234e-02 3.330103315755889026e-02
3.000000000000000000e+00 7.233054881845011330e-01 5.379068804524105296e-01 4.256358721801956069e-02 3.561411734657560224e-02
9.000000000000000000e+00 7.292205411303365192e-01 6.487875369093480948e-01 4.193891257997950373e-02 3.514463220970798218e-02
5.000000000000000000e+00 6.132189433301242776e-01 6.999826461159435187e-01 4.878110075529462630e-02 3.704652665970076253e-02
8.000000000000000000e+00 6.243634397156098137e-01 5.757001785376499869e-01 4.631265677669893499e-02 3.842626009239835660e-02
1.000000000000000000e+00 6.156502360546903807e-01 4.846384815146264624e-01 4.503606135557047807e-02 3.469904421255998184e-02
3.000000000000000000e+00 6.305347767133078207e-01 3.907632936292283476e-01 4.377110230888947573e-02 3.329720166841143580e-02
1.500000000000000000e+01 6.271787895597558116e-01 2.970186034260522967e-01 4.625583721171222518e-02 3.284942830337922448e-02
7.000000000000000000e+00 6.451313596764436387e-01 1.937014484531889846e-01 4.378671207949025312e-02 3.376200387409888926e-02
1.000000000000000000e+00 5.288407824503102983e-01 1.191029365710355864e-01 4.378671207949036415e-02 3.376197549269779885e-02
2.000000000000000000e+00 5.246063625515526851e-01 2.257390977318277092e-01 4.565562734141381807e-02 3.470287570170740854e-02
8.000000000000000000e+00 5.187004058447675092e-01 3.207165057100437311e-01 4.750021974260115742e-02 3.332248949678456862e-02
0.000000000000000000e+00 5.118703932905208642e-01 4.255220239282853090e-01 4.751548893638884996e-02 3.471434178774862600e-02
7.000000000000000000e+00 4.895709561639480789e-01 5.285371866028267807e-01 4.875575616411925717e-02 3.473105843299217899e-02
8.000000000000000000e+00 4.753657527218742018e-01 6.445898141622027344e-01 4.943242552896026654e-02 3.891016298102090154e-02
1.500000000000000000e+01 3.744110371945271742e-01 5.804897670231727869e-01 5.004171744760832485e-02 3.892145877865560433e-02
6.000000000000000000e+00 4.077554371329549232e-01 4.695416905479407044e-01 4.875564263851500657e-02 3.472348059890034699e-02
7.000000000000000000e+00 3.888218071247120378e-01 3.648070548789269507e-01 4.876075129071155700e-02 3.518745974395620646e-02
5.000000000000000000e+00 2.942746895684553721e-01 1.942237513774893731e-01 4.811975734704349028e-02 3.331953783107102773e-02
1.000000000000000000e+00 2.729680480427893463e-01 2.942412704686692693e-01 5.061547585208883704e-02 3.473721719702904664e-02
3.000000000000000000e+00 2.457517176560945482e-01 5.193839293179722816e-01 5.623473783574087226e-02 3.849176436611934093e-02
1.600000000000000000e+01 1.900582131391825025e-01 6.407753254740056192e-01 3.945752668248569961e-02 3.466470271723842700e-02
1.600000000000000000e+01 3.216979345598131035e-01 8.959804867557357166e-01 3.998621542203179002e-02 2.722593749096446913e-02
