1.000000000000000000e+00 3.401802073626929990e-01 2.258897122350292663e-01 3.295653631185568866e-02 4.023523598771405752e-02
1.100000000000000000e+01 8.035419962974920116e-01 3.930322389908310621e-01 2.778501542435662941e-02 3.757447747909881119e-02
1.000000000000000000e+00 7.376037030855955301e-01 4.868383610944108097e-01 2.533409437662237362e-02 2.958467099351591578e-02
8.000000000000000000e+00 5.692622908832729589e-01 7.730308276278088364e-01 3.681718258897126450e-02 5.061682652424515094e-02
8.000000000000000000e+00 2.575064420480142058e-01 8.661747670701730462e-01 3.508162144692836271e-02 5.210405562344067043e-02
3.000000000000000000e+00 5.718391794230155423e-01 6.412482427518158001e-01 4.017425688566866882e-02 5.102122280826693057e-02
3.000000000000000000e+00 4.887649187530999084e-01 6.647413154602902496e-01 4.016737608072890042e-02 5.102068101260237576e-02
9.000000000000000000e+00 3.789948822077347512e-01 7.039716017596099329e-01 3.438476386318145561e-02 4.584685749352890305e-02
2.000000000000000000e+00 2.767129493625772318e-01 7.252613540390504543e-01 3.339866866391349998e-02 4.643763148615653868e-02
2.000000000000000000e+00 1.995717169315803230e-01 7.269002588345372384e-01 3.321681494910658228e-02 4.239079712891780094e-02
5.000000000000000000e+00 6.292642102680221505e-01 4.949241331370775043e-01 3.494625380014004801e-02 4.933125377139607748e-02
0.000000000000000000e+00 5.291320007157827021e-01 5.232471245665510917e-01 3.441924915723015843e-02 4.483581260390823164e-02
9.000000000000000000e+00 4.165307025661678098e-01 5.588559402848718438e-01 3.325842485614416422e-02 4.698912529310406150e-02
7.000000000000000000e+00 3.252340967114435433e-01 5.874958009087586364e-01 3.357570039730584099e-02 4.476711291364310341e-02
1.000000000000000000e+00 2.449790156024580501e-01 2.696308673333849271e-01 2.954214003384858511e-02 3.939808041663145355e-02
5.000000000000000000e+00 2.342076843546313236e-01 6.025238310644883688e-01 3.322515860234070972e-02 4.698657885348067609e-02
8.000000000000000000e+00 1.483346698203390490e-01 6.444421552841335110e-01 2.791149762224623410e-02 4.038669496573954465e-02
2.000000000000000000e+00 6.458296668912679728e-01 3.438296752346576834e-01 3.705524760397549411e-02 4.729068875999364874e-02
6.000000000000000000e+00 5.617786028177313984e-01 3.945600756750846649e-01 3.404876928180955442e-02 4.592614928903610005e-02
1.500000000000000000e+01 4.562943054278892907e-01 4.124751317538381534e-01 3.479441556514922818e-02 4.374804944818710961e-02
6.000000000000000000e+00 3.642539766644343757e-01 4.684033708061699497e-01 3.315342485635386360e-02 4.473265470937759503e-02
5.000000000000000000e+00 2.620924849955067470e-01 4.818488835502011680e-01 3.307640860263791338e-02 4.303751152391033230e-02
1.000000000000000000e+00 1.845231527201640631e-01 5.015614686501306263e-01 2.955676851679153727e-02 4.117275920565494074e-02
0.000000000000000000e+00 2.190935357780210424e-01 3.854699363743629981e-01 2.954896665922196464e-02 3.939864930207920279e-02
0.000000000000000000e+00 2.941809969282920267e-01 3.676708922922816702e-01 3.049499606909639171e-02 4.171710130983041775e-02
1.500000000000000000e+01 3.889484812590530693e-01 3.415812638614413865e-01 3.223318492011228997e-02 4.297731802557852587e-02
7.000000000000000000e+00 4.933933572113437527e-01 3.092548223625680714e-01 3.349995736340150021e-02 4.308044883032602357e-02
7.000000000000000000e+00 5.741098450531532116e-01 2.631738143277114195e-01 3.571202779241788861e-02 4.548290625586601243e-02
3.000000000000000000e+00 5.296207816745583941e-01 1.719667808412292109e-01 3.213444266024767515e-02 4.072959744183457520e-02
6.000000000000000000e+00 4.275529529311402066e-01 2.197382590739463959e-01 3.213444266024767515e-02 4.072959744183460296e-02
