3.000000000000000000e+00 8.357657077663198653e-01 2.460750582428510025e-01 3.386036094135647101e-02 4.609792914613958237e-02
9.000000000000000000e+00 5.506326671144625706e-01 8.773740847591049441e-01 3.789163303820275441e-02 4.633245950794773194e-02
2.000000000000000000e+00 6.420177959934785239e-01 7.912919689364862341e-01 3.368432514259123156e-02 4.491260787386641695e-02
6.000000000000000000e+00 7.288035029015219601e-01 7.477361269061564286e-01 3.441659687069997808e-02 4.482967519481795282e-02
5.000000000000000000e+00 8.200738801513989262e-01 6.369430948008810711e-01 3.448395424632522133e-02 4.651000634361213137e-02
3.000000000000000000e+00 8.168033279581303763e-01 5.430830327728670692e-01 3.761464835120553740e-02 4.857030515576954421e-02
0.000000000000000000e+00 7.278306276056059065e-01 5.726310978125144224e-01 3.352787470671270142e-02 4.439060274197181855e-02
9.000000000000000000e+00 6.460513637040756763e-01 6.651491847235635468e-01 3.611680396640015722e-02 5.006134987452826035e-02
2.000000000000000000e+00 5.389080668785803940e-01 7.375925362013433517e-01 3.977426878108791808e-02 5.207509712682723002e-02
5.000000000000000000e+00 4.367258964818209188e-01 8.022950781113680208e-01 4.167314817064066146e-02 5.080605859865416907e-02
3.000000000000000000e+00 3.400044100302171968e-01 7.525748738752522371e-01 4.002184636535338624e-02 5.336226809779187619e-02
8.000000000000000000e+00 4.140657042678926314e-01 6.930156400447324838e-01 4.094700776533455322e-02 5.015753318484728052e-02
6.000000000000000000e+00 5.717663778885041514e-01 5.761219126922538791e-01 3.714390224027819265e-02 5.079536510675164429e-02
1.000000000000000000e+00 6.335731047562795926e-01 5.208990932370276550e-01 3.636856596054027779e-02 5.134991564878432779e-02
7.000000000000000000e+00 7.341848864678677256e-01 4.491945661569869408e-01 3.506273949555016589e-02 4.452493973399740401e-02
1.000000000000000000e+00 8.389303130262278918e-01 3.955641035387753579e-01 3.457874275335259817e-02 4.674009076992829970e-02
1.000000000000000000e+00 3.195391442044910879e-01 6.121854526079546499e-01 4.229825251250862728e-02 5.502435057018717490e-02
2.000000000000000000e+00 4.394631688832541516e-01 5.299755141317299412e-01 4.021865892148357435e-02 5.317251673332556994e-02
7.000000000000000000e+00 5.571721732888947898e-01 4.485863011590252025e-01 3.657615918377876696e-02 4.940945368610000221e-02
1.500000000000000000e+01 6.491808373560756795e-01 3.707049748771814590e-01 3.681350821057216560e-02 5.352891803274034688e-02
0.000000000000000000e+00 7.578596673136523965e-01 3.061340965862068830e-01 3.645655480152110162e-02 5.178808729117134746e-02
5.000000000000000000e+00 7.689825842796053079e-01 1.509507668521797297e-01 3.516554812150451959e-02 4.873861141962701482e-02
6.000000000000000000e+00 6.849793646463655516e-01 2.149087308008870711e-01 3.966245205054186318e-02 5.212080599303028916e-02
7.000000000000000000e+00 5.688287478059079749e-01 2.882297331915268934e-01 3.803378674034185725e-02 5.071124103322471877e-02
1.500000000000000000e+01 4.485449946407114030e-01 3.831547856495085558e-01 4.022493553629596930e-02 5.317463799666488633e-02
7.000000000000000000e+00 3.485184055559692462e-01 4.283534153733660199e-01 4.402150292092260608e-02 5.732760668070646659e-02
0.000000000000000000e+00 5.951907915434402341e-01 1.082184980487571335e-01 3.863256417008043009e-02 5.379738860797832201e-02
8.000000000000000000e+00 3.461060932630852793e-01 2.927728690380015930e-01 4.266127912755873774e-02 5.916758468958921435e-02
1.600000000000000000e+01 2.271929958575381603e-01 5.059607645128100240e-01 2.779642457256820132e-02 3.452239851205085586e-02
1.400000000000000000e+01 1.374595756014360959e-01 6.982524580615807608e-01 2.794160034850597107e-02 3.699018329417946838e-02
