1.600000000000000000e+01 1.519464466043549677e-01 5.665980123265444979e-01 3.005407081116445722e-02 3.928622650460789067e-02
9.000000000000000000e+00 8.413839434022123420e-01 5.834056434687994175e-01 3.132812602487478060e-02 4.163727253701821063e-02
6.000000000000000000e+00 7.540924468143681558e-01 6.678569619676384406e-01 3.400027698519580976e-02 4.397503645143419071e-02
2.000000000000000000e+00 6.868655067499960243e-01 7.581579419686279575e-01 3.295365720199339155e-02 4.393807993065501627e-02
7.000000000000000000e+00 6.177717344359912044e-01 8.119105067701430922e-01 3.162194425849629287e-02 4.142825979318420782e-02
3.000000000000000000e+00 5.773024268898760969e-01 8.098277984228172688e-01 3.322230054251285036e-02 4.091403620405997810e-02
2.000000000000000000e+00 5.052999124154207156e-01 7.706431050963493679e-01 3.511133449147074703e-02 4.410552353532726233e-02
3.000000000000000000e+00 6.624714521369849951e-01 6.121404776355867661e-01 3.405662873266923629e-02 4.390534701225090597e-02
6.000000000000000000e+00 7.355144871793715122e-01 5.587226888959848647e-01 3.260193115686571552e-02 4.628723645673959997e-02
9.000000000000000000e+00 8.256626672497118236e-01 4.680608409736749520e-01 3.137675302589981730e-02 4.231138170551196342e-02
1.000000000000000000e+00 8.197504575308144359e-01 3.361231580662507046e-01 3.259904132366209240e-02 4.369236074776172707e-02
8.000000000000000000e+00 7.420693513438141320e-01 3.922863578165748377e-01 3.284456599855112291e-02 4.379264351730405291e-02
7.000000000000000000e+00 6.630181307759359655e-01 5.036169596968060880e-01 3.376497787395082995e-02 4.529324498207504268e-02
2.000000000000000000e+00 5.877832961827815783e-01 5.635437364987410103e-01 3.597075421415618646e-02 4.796628512184331061e-02
0.000000000000000000e+00 3.924953844538376369e-01 7.461039752991378560e-01 3.947603852975145600e-02 5.029510166807071858e-02
1.500000000000000000e+01 4.559220827078261928e-01 6.317943999755470941e-01 3.739691468707256883e-02 4.790987780065458779e-02
7.000000000000000000e+00 3.897576704027062022e-01 5.898887341797292017e-01 3.868503005079360069e-02 4.846289184316743270e-02
0.000000000000000000e+00 4.820373664359727250e-01 4.712404772101207451e-01 3.830082116898148037e-02 4.879074897750629303e-02
1.500000000000000000e+01 5.675839178256103512e-01 3.896675854099503900e-01 3.754437954103784225e-02 4.973441845282461360e-02
6.000000000000000000e+00 6.517276080225369306e-01 3.458528652341810172e-01 3.642195720995189401e-02 4.758068689714473054e-02
8.000000000000000000e+00 7.584986922049528069e-01 2.426982822654186744e-01 3.430921126942154675e-02 4.932083886239332915e-02
3.000000000000000000e+00 8.413677714510143790e-01 1.935312158736950117e-01 3.339002201576202200e-02 4.549653363321692900e-02
5.000000000000000000e+00 7.593796467423779006e-01 1.077353469030882804e-01 3.602021482091299909e-02 4.997938739055927948e-02
1.000000000000000000e+00 6.523290823449284792e-01 2.160163967213298286e-01 3.679374536635959814e-02 4.866595819944752321e-02
5.000000000000000000e+00 5.727655276942518192e-01 2.574884347088652881e-01 3.796901830084509211e-02 5.290253703674197006e-02
0.000000000000000000e+00 6.710504777395196463e-01 1.689349412452444479e-02 3.626112687741922525e-02 3.378698824904888959e-02
8.000000000000000000e+00 5.802551973263974094e-01 9.240542085483631485e-02 3.662391209192283892e-02 5.370232616274200899e-02
5.000000000000000000e+00 4.502745011285062549e-01 2.144882029068343743e-01 3.682508894187730419e-02 5.203194699724966732e-02
1.000000000000000000e+00 3.501790150073633701e-01 3.068700573225397465e-01 4.364476186047278050e-02 5.820857645429178273e-02
1.300000000000000000e+01 1.400340817618492828e-01 3.569537982572984491e-01 3.042469191954746965e-02 3.741064139479044481e-02
