2.000000000000000000e+00 8.107910660092194632e-01 7.026689726114807577e-01 3.038352450160486384e-02 3.996972884857241670e-02
1.000000000000000000e+01 7.327277086031643016e-02 5.143807872524855940e-01 2.536148470306787139e-02 2.731308952403832535e-02
1.100000000000000000e+01 1.191041694126993428e-01 2.858028429788028735e-01 2.497786542237631635e-02 3.375882575241850869e-02
1.000000000000000000e+00 6.249632540297332950e-01 1.567447616135277944e-01 3.649774128012350793e-02 4.921190978627956736e-02
5.000000000000000000e+00 7.083779075480678422e-01 1.202627325455440932e-01 3.398844890156149656e-02 4.750511932828355155e-02
0.000000000000000000e+00 7.857607717044499118e-01 2.042891066302337522e-01 3.287400609914070682e-02 4.579599808838200059e-02
6.000000000000000000e+00 7.076581895165947600e-01 2.660742000383465866e-01 3.392828730743457921e-02 4.524486414108966348e-02
9.000000000000000000e+00 5.946190786108870308e-01 3.262712083398654483e-01 3.352141504961458907e-02 4.666601042131851562e-02
7.000000000000000000e+00 4.959741089669356673e-01 3.843790682670220615e-01 3.491445484215860429e-02 4.917401401459159382e-02
1.000000000000000000e+00 3.946516330432497943e-01 4.354629935274381136e-01 3.695569879312060602e-02 4.730941591110732203e-02
7.000000000000000000e+00 3.906941161829091680e-01 5.798717279170657601e-01 3.869284425781605030e-02 4.765489263143851684e-02
2.000000000000000000e+00 4.948671657980581173e-01 5.072061469698280201e-01 3.583023276333485718e-02 4.619878462262633212e-02
1.000000000000000000e+00 5.916971555721501907e-01 4.649529510883786410e-01 3.475075168949759430e-02 4.869560046275261955e-02
9.000000000000000000e+00 6.800607994420051483e-01 3.940499896810158997e-01 3.367535633923579574e-02 4.489308059913182936e-02
3.000000000000000000e+00 7.739613939647806973e-01 3.532711641701328231e-01 3.652192657001418485e-02 4.633468291820219687e-02
8.000000000000000000e+00 8.718507241149495712e-01 2.999005087821720039e-01 3.357428266742568113e-02 4.397807046493623639e-02
6.000000000000000000e+00 3.749653143601021643e-01 7.179974557867669915e-01 3.760988072160231788e-02 4.818142997438601416e-02
5.000000000000000000e+00 4.610903930249667937e-01 6.475585119253557398e-01 3.654315039583655444e-02 4.871685170953865551e-02
3.000000000000000000e+00 5.710098483234553601e-01 5.951476999470679541e-01 3.514122621108772826e-02 4.606749304893431596e-02
2.000000000000000000e+00 6.635353912058050696e-01 5.405570858887736030e-01 3.543194326712006959e-02 4.881041203732428002e-02
0.000000000000000000e+00 7.521711881393386978e-01 4.840061334326036802e-01 3.229904333448463394e-02 4.464053352442354239e-02
1.500000000000000000e+01 8.413981262060492572e-01 4.355264319267148632e-01 2.948609120507350578e-02 4.324856314945957347e-02
6.000000000000000000e+00 8.231065062837432666e-01 5.714729883985719683e-01 3.256047480139756534e-02 4.286538260418559787e-02
3.000000000000000000e+00 7.441088490022258473e-01 6.183015228711168376e-01 3.255400345398928863e-02 4.286417608178738625e-02
0.000000000000000000e+00 6.598358096395190442e-01 6.665984773651281170e-01 3.317289460232442089e-02 4.423034333000852580e-02
1.500000000000000000e+01 5.524252628261021592e-01 7.245207933421203839e-01 3.598913724736674258e-02 4.415954240200670178e-02
8.000000000000000000e+00 4.578972629457953580e-01 8.034940733870019614e-01 3.598181585008697336e-02 4.415027411631167187e-02
7.000000000000000000e+00 5.543120993310617362e-01 8.459140024375895184e-01 3.441989034276249360e-02 4.261409689380257770e-02
5.000000000000000000e+00 6.407151168829234855e-01 8.031331586641669018e-01 3.141510115204193543e-02 4.516539818859177657e-02
8.000000000000000000e+00 7.255652304244835094e-01 7.320873340364750792e-01 3.230529531418435685e-02 4.034386047586036028e-02
