8.000000000000000000e+00 2.159940629435757042e-01 6.200479803175847904e-01 4.384136344272779318e-02 3.464446711786051125e-02
2.000000000000000000e+00 7.086451057643681217e-01 8.629774074391072247e-01 4.362346174720954650e-02 3.020393771552809525e-02
2.000000000000000000e+00 5.670937325032029408e-01 8.515944632932632707e-01 4.619344998449559370e-02 3.288724696617384424e-02
7.000000000000000000e+00 4.543762431488465037e-01 8.242797702660407122e-01 4.278786402680184731e-02 3.234380239845668914e-02
9.000000000000000000e+00 3.055272999195749462e-01 7.926348359273465149e-01 4.364629138201758796e-02 3.324138202592819002e-02
6.000000000000000000e+00 7.944473655566001158e-01 8.003057862270626099e-01 4.567470994913125359e-02 3.174284259135584652e-02
3.000000000000000000e+00 6.507733325546807279e-01 7.701813662250450720e-01 4.648847062754846160e-02 3.511920220497111167e-02
2.000000000000000000e+00 5.342735131242499769e-01 7.537973258830457102e-01 4.481115419769043928e-02 3.360202408304324706e-02
6.000000000000000000e+00 4.028545411326682757e-01 7.357906995762781843e-01 4.245007917651760776e-02 3.259288805166604686e-02
5.000000000000000000e+00 2.714852401400080772e-01 7.255384013659176290e-01 4.503280568829806652e-02 3.251673412492672721e-02
8.000000000000000000e+00 8.823480768536422492e-01 7.364902569366089669e-01 4.697677114983489499e-02 3.322130959339142375e-02
9.000000000000000000e+00 7.557919135782876774e-01 7.192698744295886737e-01 4.685572997011511198e-02 3.514738081218615751e-02
5.000000000000000000e+00 6.186382503681782108e-01 6.846778217269098299e-01 4.664375625948058435e-02 3.347149812750938036e-02
1.500000000000000000e+01 4.923195235664358793e-01 6.685307904921706790e-01 4.455189446809904030e-02 3.442300863141178890e-02
1.000000000000000000e+00 8.502831378929271988e-01 6.375044620551154617e-01 4.832030067270232099e-02 3.479385233693155222e-02
7.000000000000000000e+00 7.078959463351728321e-01 6.034367465084120585e-01 4.746551282448496778e-02 3.631924692162868951e-02
1.500000000000000000e+01 5.691156440729556731e-01 5.918029245278824124e-01 4.788979111002666933e-02 3.555842452682467236e-02
1.000000000000000000e+00 4.401477559707007159e-01 5.659457713374544952e-01 4.773268572459543613e-02 3.435264482944255793e-02
0.000000000000000000e+00 3.149361975270996705e-01 5.496784709396315138e-01 4.600292730753324788e-02 3.342164791044033301e-02
3.000000000000000000e+00 1.774268690099749524e-01 5.351749528349013518e-01 4.434383598469007759e-02 3.289871692762336153e-02
5.000000000000000000e+00 6.561818053864536537e-01 5.107231732142912817e-01 4.729213994565173440e-02 3.510982771724796558e-02
1.000000000000000000e+00 5.341248447777693364e-01 4.857823761988039335e-01 4.890846706126350529e-02 3.523428782778448287e-02
0.000000000000000000e+00 4.072402022097971752e-01 4.787615328366788825e-01 4.730054941257971768e-02 3.511046187377037109e-02
6.000000000000000000e+00 2.526929214739475071e-01 4.592369977493814259e-01 4.698049337290149952e-02 3.668771943319487638e-02
3.000000000000000000e+00 7.719580797967913188e-01 4.460872521739573937e-01 4.799980348066057445e-02 3.636509919540403812e-02
7.000000000000000000e+00 6.261024380695525693e-01 4.272895293914447112e-01 4.994864919021801963e-02 3.492545360135129728e-02
8.000000000000000000e+00 4.723339980453513665e-01 3.963970079806264923e-01 4.735547288182850867e-02 3.551714920882004245e-02
0.000000000000000000e+00 3.658852424174940943e-01 3.826465507463058247e-01 4.950617336968415882e-02 3.568299492545207174e-02
1.200000000000000000e+01 6.076664877970864298e-01 2.975062400754210357e-01 3.453131153663724362e-02 2.764453713496489717e-02
1.600000000000000000e+01 5.628872344296775854e-01 2.277766773446881499e-01 4.141345383849337480e-02 3.120673218168093510e-02
