8.000000000000000000e+00 6.580029530633852985e-01 8.694364704730717097e-01 4.581098034122133011e-02 3.254416248774638643e-02
8.000000000000000000e+00 4.870005106487345081e-01 8.290852214981075941e-01 4.622549279330295802e-02 3.311018904232976290e-02
5.000000000000000000e+00 3.627656548971165962e-01 8.013107427521047876e-01 4.551006909972554748e-02 3.335515196254235093e-02
5.000000000000000000e+00 2.273068098377050705e-01 7.714203452333290301e-01 4.443451417249327795e-02 3.289266416862335340e-02
5.000000000000000000e+00 1.890317522034480890e-01 6.771457467962511689e-01 4.773879178513973365e-02 3.601477294745070168e-02
8.000000000000000000e+00 3.286849755515268701e-01 6.999864633821232252e-01 4.666128485259485315e-02 3.407057565611970595e-02
1.000000000000000000e+00 4.543107725535218133e-01 7.204913169346498503e-01 4.656063286035028170e-02 3.274992034351187353e-02
2.000000000000000000e+00 5.901673593151461894e-01 7.418797690609939544e-01 4.821827027318781322e-02 3.512328387328489399e-02
0.000000000000000000e+00 7.391057220745227418e-01 7.962874082918559582e-01 5.017527931769716343e-02 3.390957645738068571e-02
3.000000000000000000e+00 8.707341965965147423e-01 7.356943591000100202e-01 4.946964314371526950e-02 3.710239731598197199e-02
0.000000000000000000e+00 7.082439407289284894e-01 6.785875913964345418e-01 5.224654940557393878e-02 3.794005503237241061e-02
1.500000000000000000e+01 5.657725715701338309e-01 6.699641268000365857e-01 4.951946051873490351e-02 3.683362542956225560e-02
1.500000000000000000e+01 4.051300674356174136e-01 6.243878544778787010e-01 4.926828417316114761e-02 3.583480355623724911e-02
7.000000000000000000e+00 2.745332277213247685e-01 5.960609857214480556e-01 4.721243767655702861e-02 3.652636329754244127e-02
3.000000000000000000e+00 1.437760211480421102e-01 5.733972692792717041e-01 4.985658008412756359e-02 3.664645286381507105e-02
1.000000000000000000e+00 1.029890625928838455e-01 4.714036170452701735e-01 4.724463201769833753e-02 3.692182307805180752e-02
1.000000000000000000e+00 2.481585154891545186e-01 4.937909047914557092e-01 4.879699860881933637e-02 3.659776270313080948e-02
6.000000000000000000e+00 3.872889313298523151e-01 5.212995396590076602e-01 4.918388056316641554e-02 3.813289116282936320e-02
0.000000000000000000e+00 5.206828296988785798e-01 5.625740046677250028e-01 5.086884605038011209e-02 3.722034242571392593e-02
9.000000000000000000e+00 8.272549828267856675e-01 6.101648289515644308e-01 5.272982193211694923e-02 3.738914964570339006e-02
3.000000000000000000e+00 2.111244246125966728e-01 3.731134137638217885e-01 5.004471490601475336e-02 3.784580891671707192e-02
7.000000000000000000e+00 3.425867999783074325e-01 4.273718757999503959e-01 4.998590730934415749e-02 3.822845694404813921e-02
6.000000000000000000e+00 4.846045753392201894e-01 4.553101855270471066e-01 4.998428522042247524e-02 3.820844201633610826e-02
9.000000000000000000e+00 6.382460474619682245e-01 4.811694721310819101e-01 5.468941532168791753e-02 3.766710420500196665e-02
7.000000000000000000e+00 7.271976373837671925e-01 4.012075952390830036e-01 5.203452313838197174e-02 3.753104118680522516e-02
2.000000000000000000e+00 6.060772473479214550e-01 3.857350251289073384e-01 5.223412255485160305e-02 3.991476958985784584e-02
6.000000000000000000e+00 4.617037864771791900e-01 3.416069757904893756e-01 5.350333840351795267e-02 4.228560376063433823e-02
2.000000000000000000e+00 2.942355596530872308e-01 3.088014095490525524e-01 5.429970158498603761e-02 4.287725382157453469e-02
1.300000000000000000e+01 6.360059976471346133e-01 2.316620086203996509e-01 3.448066172995711831e-02 2.213497043975992673e-02
1.200000000000000000e+01 5.497163381249798864e-01 1.910003358146700747e-01 3.967602009500625915e-02 2.788678778405759284e-02
