1.500000000000000000e+01 5.845248578817449081e-01 5.966796609969022835e-01 4.695834776665019916e-02 3.650187898220635940e-02
1.600000000000000000e+01 3.760009340437470149e-01 2.309614741059516640e-01 2.964298335137599549e-02 2.158305301138324639e-02
1.400000000000000000e+01 4.758484738832745586e-01 1.239936594511232143e-01 3.439856349092679233e-02 2.547458115882819674e-02
8.000000000000000000e+00 3.282166817371511280e-01 3.889206518668426038e-01 4.439625968261845523e-02 3.492471093699678342e-02
0.000000000000000000e+00 4.665140200856613406e-01 3.881820906226568502e-01 4.778896990195891092e-02 3.584157830707551673e-02
3.000000000000000000e+00 6.051544143774428841e-01 4.095035068797076017e-01 5.265340719888222942e-02 3.819300135678993513e-02
1.000000000000000000e+00 7.855119893253297292e-01 4.142860369605854132e-01 5.001437350772119927e-02 3.619973597803216592e-02
5.000000000000000000e+00 6.692324005770329265e-01 5.005602280056757891e-01 4.845393394721886349e-02 3.634516805577714393e-02
7.000000000000000000e+00 5.309126672068567032e-01 4.753472700448715393e-01 4.912545924579969636e-02 3.684406732173278742e-02
9.000000000000000000e+00 3.839321201217763546e-01 4.764462799761529088e-01 4.573212543626753446e-02 3.592608833435573246e-02
2.000000000000000000e+00 2.621388282365565980e-01 4.701449688708380092e-01 4.361197300981278779e-02 3.401098863049334398e-02
7.000000000000000000e+00 1.982945256831416536e-01 5.526257252168953471e-01 4.358214913108060529e-02 3.203686475935840772e-02
6.000000000000000000e+00 3.195648829674094804e-01 5.569130433477335052e-01 4.082205760488405444e-02 3.160349668876238916e-02
0.000000000000000000e+00 4.412397876103709149e-01 5.695694841031664346e-01 4.470922062098736660e-02 3.419069105616345805e-02
6.000000000000000000e+00 7.171035217085905966e-01 6.039272159928470440e-01 4.932804472024243658e-02 3.569918284243789319e-02
3.000000000000000000e+00 8.734771671819184791e-01 6.106618544998322351e-01 5.264424313432636282e-02 3.818578940066008620e-02
2.000000000000000000e+00 2.611013097206975608e-01 6.315539153536076089e-01 4.100748079274724178e-02 3.386609880508906212e-02
5.000000000000000000e+00 5.013873661696961470e-01 6.619470777055664890e-01 4.329339975971885357e-02 3.324972056954555999e-02
8.000000000000000000e+00 6.476184391822363828e-01 6.796727644669615653e-01 4.887548091678983742e-02 3.743612553980091295e-02
7.000000000000000000e+00 7.855610360495357547e-01 6.953191575157651183e-01 4.952303866191687387e-02 3.753606264617070920e-02
3.000000000000000000e+00 9.325156499164274360e-01 7.127959775654486574e-01 5.085372590571335394e-02 3.541146375052317552e-02
8.000000000000000000e+00 8.427631270074182890e-01 7.788303830972538311e-01 4.846803250807407704e-02 3.362181412565523608e-02
1.000000000000000000e+00 6.879825646854960119e-01 7.650261839251208951e-01 4.738222642128586681e-02 3.436952587808839166e-02
0.000000000000000000e+00 5.523099445663554041e-01 7.423597107372481574e-01 4.460491838327573788e-02 3.345355322437160162e-02
5.000000000000000000e+00 4.370879105579024149e-01 7.287578259133876690e-01 4.592508593166483299e-02 3.366389290728477590e-02
0.000000000000000000e+00 3.185889643174408814e-01 7.205537106760332433e-01 4.119615749465388443e-02 3.245499553918373969e-02
2.000000000000000000e+00 3.554596426727878455e-01 7.866301949894678458e-01 4.067085053971181141e-02 3.131539802020943952e-02
9.000000000000000000e+00 4.776658461590549409e-01 8.091315252270152580e-01 3.957037652711087317e-02 3.048515546153918176e-02
1.500000000000000000e+01 5.981458299879940377e-01 8.325008116735207464e-01 4.425462337125751766e-02 3.319066928965574981e-02
6.000000000000000000e+00 7.446675366987793865e-01 8.491927214602070784e-01 4.387683616557180866e-02 3.182327156240172261e-02
