6.000000000000000000e+00 7.830622735381269628e-01 3.240784899545782194e-01 4.049675725113799363e-02 3.106502183331594225e-02
1.600000000000000000e+01 5.534140566073484369e-01 7.725575684209669003e-01 3.577234329316991701e-02 2.682904974854605218e-02
1.100000000000000000e+01 1.776814958382026410e-01 7.477508342045268153e-01 3.953818265636738216e-02 2.825247500818028890e-02
3.000000000000000000e+00 1.851884260517029646e-01 2.812436213988811495e-01 5.724458632799267477e-02 3.885682701538883954e-02
7.000000000000000000e+00 1.453159307499253816e-01 1.858890997764878206e-01 5.801173087877778412e-02 3.652735098331474917e-02
2.000000000000000000e+00 2.316804066909256554e-01 1.134394603733160645e-01 5.488985731693363235e-02 3.709852529530262288e-02
0.000000000000000000e+00 2.872693501481838330e-01 2.321637000425565422e-01 5.414505764649590880e-02 4.118591727927642387e-02
8.000000000000000000e+00 3.319157861081949434e-01 3.476685113104547309e-01 5.099445919198736243e-02 3.766824555797176899e-02
1.000000000000000000e+00 3.546754414423963775e-01 4.647048964653788250e-01 5.257299293711398258e-02 4.059138915476073750e-02
3.000000000000000000e+00 3.611770745988325815e-01 6.039011119360419011e-01 5.648756077348704441e-02 4.120306912634252861e-02
6.000000000000000000e+00 4.950575676676461923e-01 6.246658264421486306e-01 5.101095820058382246e-02 4.000481378978437697e-02
3.000000000000000000e+00 4.866200162156663067e-01 4.897088769230795169e-01 4.866649655818372500e-02 3.940820845195619482e-02
0.000000000000000000e+00 4.580589118209613120e-01 3.971994550258766132e-01 4.787902499141194479e-02 3.882465988352085118e-02
2.000000000000000000e+00 4.356233166007490998e-01 2.795516421324157896e-01 4.867738709083646587e-02 3.940823812643207136e-02
1.500000000000000000e+01 7.461275513497536149e-01 2.383526384092705674e-01 3.864643498130770904e-02 3.527505842615544229e-02
9.000000000000000000e+00 4.037381812771790313e-01 1.500537130592833335e-01 4.864373623517381784e-02 3.648334373556541554e-02
6.000000000000000000e+00 4.012322756486832454e-01 7.023104951507831706e-02 4.239200667747028417e-02 3.470153983057195496e-02
1.000000000000000000e+00 5.222508122588267465e-01 1.235302510634830320e-01 4.330289438948098368e-02 3.107612008729992992e-02
7.000000000000000000e+00 5.478580154624796972e-01 2.431797557283043032e-01 4.707742837411521553e-02 3.670886975235199134e-02
9.000000000000000000e+00 5.818584067766525703e-01 3.467722086033454554e-01 4.332259824147388638e-02 3.388513564980449866e-02
5.000000000000000000e+00 5.863288962444045405e-01 4.336214319452953991e-01 4.991490175900104020e-02 3.953690665390396930e-02
8.000000000000000000e+00 6.104152232095910735e-01 5.512309350903783489e-01 4.427503021973455688e-02 3.670572425790730176e-02
1.000000000000000000e+00 6.422249853643929862e-01 6.846922761872037411e-01 4.900175878682255792e-02 4.233431949633437164e-02
8.000000000000000000e+00 6.402611878987478633e-01 1.901609631398502032e-01 4.424683946763641185e-02 3.178409373315446707e-02
0.000000000000000000e+00 6.661878961843406000e-01 2.885457235425302747e-01 4.426654331962931455e-02 3.459304994670731048e-02
5.000000000000000000e+00 6.926853633392586751e-01 3.925659043130926840e-01 4.425562311250064162e-02 3.459302027223132292e-02
1.500000000000000000e+01 7.184014421949629359e-01 5.029958015510128666e-01 4.707256176006857640e-02 3.460414820069135367e-02
5.000000000000000000e+00 7.508932721781648167e-01 5.914528770202716057e-01 4.523630519181165432e-02 3.951049637035919382e-02
2.000000000000000000e+00 8.457620077929524083e-01 5.301508699289571025e-01 4.144717136503828225e-02 3.388564011589467739e-02
7.000000000000000000e+00 8.092416599859484361e-01 4.249303120968100922e-01 4.240334232726150621e-02 3.598617756645455801e-02
