7.000000000000000000e+00 6.534112325035255076e-01 7.089941298813473569e-01 3.591439874838209256e-02 3.591445266030635075e-02
1.500000000000000000e+01 7.563494206767633621e-01 4.418512050218277865e-01 3.515391714502569265e-02 3.721305613548320235e-02
1.500000000000000000e+01 5.518241310637139740e-01 7.615789851520767817e-01 3.795884673948368704e-02 3.739223241570122092e-02
1.400000000000000000e+01 5.860345229109086007e-02 3.197782327911640188e-01 3.512404993899575362e-02 3.675429261614676646e-02
1.100000000000000000e+01 1.884425045987065950e-01 2.947991131083131378e-01 3.439715546444213623e-02 3.572683916394447934e-02
1.000000000000000000e+00 6.760754011153911058e-01 2.744226296117476260e-01 3.427962746959478668e-02 3.538657405409173506e-02
2.000000000000000000e+00 5.825900758268046653e-01 3.166588214646219868e-01 3.504000124910278124e-02 3.478200573564294018e-02
7.000000000000000000e+00 4.828239574521120403e-01 3.634962477937513370e-01 3.520335437955562918e-02 3.570079970453571283e-02
0.000000000000000000e+00 3.801273620893831362e-01 4.022247681196745583e-01 3.846241106786513209e-02 3.734689248741374090e-02
6.000000000000000000e+00 3.919524035526028571e-01 2.950692388047272408e-01 3.610640606656961848e-02 3.734230997385318274e-02
8.000000000000000000e+00 5.821304497166803760e-01 2.148330788921536949e-01 3.385614930467462091e-02 3.471418453494665157e-02
8.000000000000000000e+00 6.789832216172645429e-01 1.713478555784428425e-01 3.334226084280089708e-02 3.482675263276374666e-02
7.000000000000000000e+00 7.650888670679218961e-01 2.324691518895978248e-01 3.310483272843922631e-02 3.397149386659020776e-02
3.000000000000000000e+00 8.523485242129391626e-01 2.919391933511285009e-01 3.260932823273210435e-02 3.243724137055187251e-02
0.000000000000000000e+00 7.628260757836404782e-01 3.392689972843592194e-01 3.327282228437733469e-02 3.378754638107672736e-02
5.000000000000000000e+00 6.677564407773572963e-01 3.807895622548465031e-01 3.581821987553457376e-02 3.427377802581454969e-02
0.000000000000000000e+00 5.755058602896834241e-01 4.193064513221581024e-01 3.574468401086849934e-02 3.608780645270615040e-02
9.000000000000000000e+00 4.737892489298617393e-01 4.682294334846235362e-01 3.662967520326160242e-02 3.645750747319509433e-02
5.000000000000000000e+00 3.712987858094718430e-01 5.150233259349275006e-01 3.858147555255342365e-02 3.703692587898499422e-02
1.000000000000000000e+00 3.617991678085214491e-01 6.297634677898285016e-01 3.972492050976206279e-02 3.766556587160774239e-02
8.000000000000000000e+00 4.646472152444268700e-01 5.755559175113420523e-01 3.757690771219190928e-02 3.603241195054762702e-02
9.000000000000000000e+00 5.569454403951495935e-01 5.330469582777657145e-01 3.524190140538863147e-02 3.558569774627917681e-02
3.000000000000000000e+00 6.623258656925079535e-01 4.869169372625764547e-01 3.528249708434272325e-02 3.579727509296654064e-02
5.000000000000000000e+00 8.491751874841743097e-01 4.000992905064373883e-01 3.487163430969508759e-02 3.572101667612637144e-02
6.000000000000000000e+00 8.415434694004142457e-01 5.033483078788920650e-01 3.432938817566999479e-02 3.398564574670370764e-02
2.000000000000000000e+00 7.470411495729285534e-01 5.499626331875273610e-01 3.469189195427258010e-02 3.589321136215506414e-02
3.000000000000000000e+00 5.552626335918626754e-01 6.446560438304883567e-01 3.825644056129895443e-02 3.860029081411386898e-02
2.000000000000000000e+00 4.530873261026099330e-01 6.991189479381467731e-01 3.830986727822266458e-02 3.779506231363671809e-02
1.000000000000000000e+00 8.381204935064472394e-01 6.169438052362699043e-01 3.574468401086872138e-02 3.608777949674402130e-02
6.000000000000000000e+00 7.459338256049620197e-01 6.613210552484873883e-01 3.632806494309015477e-02 3.701447156253812043e-02
