5.000000000000000000e+00 3.102638223732274714e-01 8.260713360998899191e-01 5.215492636571367191e-02 3.584732377392241265e-02
1.200000000000000000e+01 2.889297461852756710e-01 2.392565960894418309e-01 3.327570181814692996e-02 2.652593562921704007e-02
1.600000000000000000e+01 1.871907303502323705e-01 2.297885036055177521e-01 3.079002932758412303e-02 2.351657037209609058e-02
1.000000000000000000e+00 1.572894900205810131e-01 3.686059471833055268e-01 4.999173882734109231e-02 3.703363574302859229e-02
1.000000000000000000e+00 1.012384447389762798e-01 4.797392744576255974e-01 4.622104041828194176e-02 3.792784746601629564e-02
6.000000000000000000e+00 6.054288492699699820e-02 5.752987389083012992e-01 4.701813738693588762e-02 3.461594358049946418e-02
3.000000000000000000e+00 1.512027501020317966e-01 6.755318363731497300e-01 4.889277198458763518e-02 3.666936818545585286e-02
2.000000000000000000e+00 2.222991823936903977e-01 5.736654373827962949e-01 4.800402660106545261e-02 3.665064306515930515e-02
1.500000000000000000e+01 2.717916816006992198e-01 4.701094161246789360e-01 4.623415381774437227e-02 3.728252864635095420e-02
6.000000000000000000e+00 3.055451211347383067e-01 3.803531833853276423e-01 5.066848909893301167e-02 3.604332693528861098e-02
2.000000000000000000e+00 2.422025605316452113e-01 7.581061858811968257e-01 5.148346797594477442e-02 3.807317068223181611e-02
5.000000000000000000e+00 3.288382403430456513e-01 5.483254357311267979e-01 4.907592343295530402e-02 3.353756273956287615e-02
9.000000000000000000e+00 3.999331025159216235e-01 4.479746375101278932e-01 4.868886007676059835e-02 3.651712481608737626e-02
8.000000000000000000e+00 4.884695564950773394e-01 3.507072908917716059e-01 5.052505584051136811e-02 3.561791197401420472e-02
8.000000000000000000e+00 6.348183074239912571e-01 3.575293116209766753e-01 4.999188420870981364e-02 3.803310357700068201e-02
9.000000000000000000e+00 5.546062597769746416e-01 4.538008249395799609e-01 4.760140743841323463e-02 3.406663461676523452e-02
2.000000000000000000e+00 4.738691237022596425e-01 5.406578188086483827e-01 4.847951090574181832e-02 3.744628622012557972e-02
7.000000000000000000e+00 3.872761860132755141e-01 6.413857072239448343e-01 5.139269184928918488e-02 3.526800809567542938e-02
5.000000000000000000e+00 3.680169781821727715e-01 7.304636922636059682e-01 4.695678644931788881e-02 3.685935255815553369e-02
0.000000000000000000e+00 4.392398486502445687e-01 8.291606611098304436e-01 5.343326474124698855e-02 3.811649433012331833e-02
0.000000000000000000e+00 4.958439391967607301e-01 7.293143653147129424e-01 5.087455265101775703e-02 4.141851228256410167e-02
7.000000000000000000e+00 5.573720821651437785e-01 6.325528295545570501e-01 5.345672929416533936e-02 3.877501377807213157e-02
3.000000000000000000e+00 6.136572641411413009e-01 5.424862512073072018e-01 4.883331100476351327e-02 3.532941718584092783e-02
1.500000000000000000e+01 5.833440857030998128e-01 8.237830333555598017e-01 4.768479819153570443e-02 3.630998544187380439e-02
8.000000000000000000e+00 6.482476496770122054e-01 7.300191160379285726e-01 4.762147006730244048e-02 3.462943497152071171e-02
3.000000000000000000e+00 7.227917429763386359e-01 6.204528836137790382e-01 5.076362666665146239e-02 3.861259371289016418e-02
6.000000000000000000e+00 7.963989405828082457e-01 5.306536034511368793e-01 5.003642906009886371e-02 3.916190267662433833e-02
1.000000000000000000e+00 7.401124501744918982e-01 8.103490388987384385e-01 5.064016880829802503e-02 3.525126016199409129e-02
0.000000000000000000e+00 8.200810421813780060e-01 7.043919571066783458e-01 5.672850792190353708e-02 3.819226709952250332e-02
7.000000000000000000e+00 8.596148885518457572e-01 6.187608189390199076e-01 5.219493531839725087e-02 3.696431790640242188e-02
