5.000000000000000000e+00 7.776805615051770593e-01 1.927592243609046463e-01 4.628777420470964188e-02 3.235267396211941038e-02
5.000000000000000000e+00 8.083805163779587133e-01 2.912124220555842857e-01 4.633860882707663276e-02 3.475452078959773150e-02
3.000000000000000000e+00 8.452545618049265297e-01 4.016444184391003702e-01 5.015868817097668408e-02 3.762676603269388131e-02
1.000000000000000000e+00 8.767814106985468703e-01 5.066338736792104225e-01 4.745376366213172048e-02 3.754846527382593724e-02
5.000000000000000000e+00 6.415037833582781790e-01 1.542479448069614678e-01 4.709703051194646939e-02 3.533027039689665139e-02
8.000000000000000000e+00 6.679213666934495919e-01 2.597984664062626403e-01 4.906859432965859913e-02 3.680097065731524619e-02
7.000000000000000000e+00 7.121242978255816203e-01 3.690656610571783069e-01 4.843619024836653963e-02 3.727680291399215751e-02
1.000000000000000000e+00 7.316479699784008695e-01 4.747895014010800052e-01 5.231773435178743714e-02 3.780700327438063502e-02
3.000000000000000000e+00 7.583864468672638637e-01 6.010530827896092276e-01 4.910695784139817999e-02 3.847901797847486094e-02
8.000000000000000000e+00 5.148447192972572806e-01 1.163731521383847556e-01 4.960995930337036564e-02 3.680738437135221142e-02
1.000000000000000000e+00 5.373669215348355621e-01 2.296355264650336014e-01 4.796157540963175148e-02 3.517999351383638285e-02
1.500000000000000000e+01 5.597288996939719929e-01 3.196225770912508590e-01 4.959154956863476293e-02 3.640144972042991256e-02
7.000000000000000000e+00 5.857869884187478782e-01 4.183173431680954901e-01 5.017579140840855434e-02 3.842313552561582579e-02
6.000000000000000000e+00 6.300659339394660829e-01 5.461744652567233071e-01 5.396041716638233510e-02 3.967915452451975522e-02
2.000000000000000000e+00 6.669008438335601863e-01 6.611470297075179303e-01 5.183391464568498641e-02 4.085589289157764981e-02
8.000000000000000000e+00 3.397834042246488107e-01 6.465444680040074998e-02 5.094448691298597565e-02 3.421879750878865922e-02
2.000000000000000000e+00 4.006908090263511246e-01 1.977065436399202958e-01 5.256011929476739342e-02 3.768021364966850362e-02
1.500000000000000000e+01 4.362261846533879162e-01 2.868650225839882717e-01 5.331209757247995507e-02 3.656740457113610843e-02
0.000000000000000000e+00 4.548344178999138565e-01 3.892437695867313474e-01 5.264519008511875375e-02 4.151656482362531264e-02
6.000000000000000000e+00 4.828150174072673995e-01 5.022688810336937149e-01 5.111878553056437013e-02 4.117681613838997112e-02
6.000000000000000000e+00 5.115304028755398580e-01 6.277322328236303317e-01 5.417717694633483738e-02 4.121327929041485039e-02
0.000000000000000000e+00 2.502344013592194827e-01 1.335119470821151677e-01 5.357425813374055990e-02 3.686050536400090061e-02
0.000000000000000000e+00 2.715977404883054835e-01 2.576076782795930220e-01 5.228646749585733056e-02 3.684301611600193649e-02
9.000000000000000000e+00 3.250248543632027753e-01 4.650106957062808966e-01 5.147979449010742226e-02 3.777998253468772827e-02
2.000000000000000000e+00 3.505885080912826690e-01 5.662135802890218006e-01 5.427881649794830121e-02 3.975980103991028081e-02
3.000000000000000000e+00 1.037773452512569528e-01 1.872545800558860218e-01 5.334891704195138251e-02 3.830231421813265480e-02
9.000000000000000000e+00 1.366773525043171456e-01 3.209191420462540467e-01 5.411345550965292184e-02 3.773945142514878448e-02
7.000000000000000000e+00 2.222099005731453802e-01 5.433383565413261174e-01 5.672906311190920037e-02 3.925014831893658407e-02
1.000000000000000000e+01 4.438598999340306883e-01 9.800535197724606906e-01 4.373879796494828387e-02 2.805400090133203239e-02
1.100000000000000000e+01 4.261491709489909629e-01 7.395841096917584734e-01 4.120241160829674065e-02 3.042618430138932517e-02
