8.000000000000000000e+00 4.808335805215546155e-01 8.817396925064391322e-01 4.522545833471258714e-02 3.194827346518536171e-02
8.000000000000000000e+00 3.406227000608162969e-01 8.013233002815505213e-01 4.561759753943789297e-02 3.252005064882479424e-02
5.000000000000000000e+00 2.380682279033947135e-01 7.443264921968222314e-01 4.486380019753691273e-02 3.280195991832712821e-02
5.000000000000000000e+00 1.260722992129870157e-01 6.825443730685973875e-01 4.378128917601570302e-02 3.236445102513596517e-02
5.000000000000000000e+00 1.328560421665783420e-01 5.856451676099432291e-01 4.699019303685542104e-02 3.547200398286287637e-02
8.000000000000000000e+00 2.518906340708905178e-01 6.419585879945963747e-01 4.600675901997969275e-02 3.349869323678744681e-02
1.000000000000000000e+00 3.589874620486686041e-01 6.925770296679645277e-01 4.598618565289486204e-02 3.213143057267997538e-02
2.000000000000000000e+00 4.751581871143298885e-01 7.465900227698932801e-01 4.754718988045791850e-02 3.452920236597978310e-02
0.000000000000000000e+00 5.886531833692871807e-01 8.344599293278645025e-01 4.964191056255373713e-02 3.318917234303986330e-02
3.000000000000000000e+00 7.376169487158356075e-01 8.115269323894807041e-01 4.870890836525565426e-02 3.653185723037077892e-02
0.000000000000000000e+00 6.127869881899301596e-01 7.177457019231952007e-01 5.152686411104356878e-02 3.729215142503550240e-02
1.500000000000000000e+01 4.847782800280960869e-01 6.738818756468614168e-01 4.877918265598241154e-02 3.625135561230086179e-02
1.500000000000000000e+01 3.564959460840335659e-01 5.912384435052575604e-01 4.858595542670390843e-02 3.522593568444021273e-02
7.000000000000000000e+00 2.483002025315062256e-01 5.321280197249791399e-01 4.640929318912673240e-02 3.602115046270926157e-02
3.000000000000000000e+00 1.374204196107814968e-01 4.782189762672686140e-01 4.914165289975370998e-02 3.604426843045982487e-02
1.000000000000000000e+00 1.453352781656319370e-01 3.735424966461439178e-01 4.641543812903235755e-02 3.642807000747178003e-02
1.000000000000000000e+00 2.696786785599807335e-01 4.308254910951104799e-01 4.804668957710217514e-02 3.603501041527173987e-02
6.000000000000000000e+00 3.861392986099994595e-01 4.913278114395583374e-01 4.834156548191181901e-02 3.760914369946133373e-02
0.000000000000000000e+00 4.911268015220733307e-01 5.631268052289786219e-01 5.015042464240754283e-02 3.659974934175080907e-02
9.000000000000000000e+00 7.535779022513620085e-01 6.843879362509389663e-01 5.206036400381752749e-02 3.670050470002683696e-02
3.000000000000000000e+00 2.894326842304573710e-01 3.098006695573175540e-01 4.925358825882719671e-02 3.728010517720287131e-02
7.000000000000000000e+00 3.868188829441858712e-01 3.931310355977966076e-01 4.916615144871655518e-02 3.767901193689016104e-02
6.000000000000000000e+00 5.057596900718329680e-01 4.547582318578285987e-01 4.916588074651806473e-02 3.765833028892595635e-02
9.000000000000000000e+00 6.363900542802234384e-01 5.173886098601158112e-01 5.406529276667604300e-02 3.690937851637787759e-02
7.000000000000000000e+00 7.545249268225415751e-01 4.657797229829312990e-01 5.133379930308434869e-02 3.687646112904208184e-02
2.000000000000000000e+00 6.493450223228944829e-01 4.209537669527425585e-01 5.137976453638704033e-02 3.933941801173690411e-02
6.000000000000000000e+00 5.354726265979194988e-01 3.437482547147425738e-01 5.252949091379199853e-02 4.174162932109165558e-02
2.000000000000000000e+00 3.951545074612512476e-01 2.712061833904811925e-01 5.331417537654004057e-02 4.232396389047238250e-02
1.300000000000000000e+01 7.460316182748585323e-01 2.858833317496930482e-01 3.418421948423067125e-02 2.158860861004835430e-02
1.200000000000000000e+01 6.843688246757257954e-01 2.265149558444784494e-01 3.918782478058535634e-02 2.735895081339165258e-02
