1.500000000000000000e+01 7.970086898426970157e-01 5.350911082535705354e-01 5.617082673899376211e-02 4.070855796883643407e-02
0.000000000000000000e+00 1.194055125450488863e-01 6.526443347356365443e-01 4.207176144440716303e-02 3.330841201611622893e-02
1.400000000000000000e+01 6.494400932053894238e-01 1.877220341057091457e-01 3.969700380255003491e-02 3.368634622326613370e-02
1.500000000000000000e+01 1.411862652406097873e-01 5.279204223551912101e-01 4.225590373001805733e-02 3.482003044427528504e-02
7.000000000000000000e+00 1.569004901488671444e-01 4.757298040355767421e-01 4.315829268985324485e-02 3.412359905127521076e-02
7.000000000000000000e+00 1.970693493082607273e-01 3.758345676989252038e-01 4.491505923076438700e-02 3.644190928296359155e-02
1.000000000000000000e+00 3.179047988109199308e-01 3.295756042644464312e-01 4.878334963344294062e-02 3.855772516071126477e-02
6.000000000000000000e+00 2.312076004140894980e-01 5.982284985309413994e-01 4.258097214033462752e-02 3.330284719539677862e-02
2.000000000000000000e+00 2.092970512352615997e-01 6.946808720488948374e-01 4.241234031247323455e-02 3.299346684349113712e-02
3.000000000000000000e+00 2.440442062082021080e-01 7.981392068519138627e-01 4.657595101470821120e-02 3.355770414429737336e-02
1.000000000000000000e+00 3.252652362157947286e-01 7.447556448906513804e-01 4.630833641830756076e-02 3.473140771430927032e-02
3.000000000000000000e+00 3.388061470322230595e-01 6.294652580337417591e-01 4.901778250629917899e-02 3.758917995455868244e-02
5.000000000000000000e+00 3.380098744674876476e-01 5.439661092975702772e-01 4.646406259811780570e-02 3.608454715240894117e-02
9.000000000000000000e+00 4.134461845370225319e-01 2.670374978183693848e-01 5.037491795927701022e-02 3.901753327269977256e-02
8.000000000000000000e+00 4.025129990298521032e-01 4.319087352780311417e-01 5.231307397554962879e-02 3.824559199855614988e-02
0.000000000000000000e+00 5.348796154661263902e-01 3.932127776026431709e-01 4.841624906662944650e-02 4.078261744457961635e-02
8.000000000000000000e+00 4.706014665414062215e-01 5.673261906733938487e-01 4.967591135668869562e-02 3.611160165313997972e-02
0.000000000000000000e+00 4.444268142861834137e-01 6.560759347124001106e-01 4.675665968753484059e-02 3.592553536036546813e-02
5.000000000000000000e+00 4.184840344942837298e-01 7.418548044900477034e-01 4.960490069229706034e-02 3.969303738778207080e-02
0.000000000000000000e+00 3.692329143192060736e-01 9.181724489677405288e-01 4.817190015685324234e-02 3.315774745515176480e-02
9.000000000000000000e+00 5.688369506983569357e-01 4.845266755886795673e-01 5.002394945252741643e-02 3.701952583358431026e-02
6.000000000000000000e+00 6.290078475306802863e-01 4.058970168294543934e-01 4.897249433767925098e-02 4.019771926684756469e-02
1.000000000000000000e+00 4.932567396930404025e-01 8.594040645573457482e-01 4.932053243351797178e-02 3.492813004675920929e-02
8.000000000000000000e+00 5.004851902064927360e-01 9.195706989737989501e-01 4.811335113885956138e-02 3.484826894941495112e-02
6.000000000000000000e+00 6.061488368204765997e-01 5.801070446599275732e-01 5.327794876803626511e-02 3.830958743682821854e-02
5.000000000000000000e+00 5.787221147034633528e-01 7.747872359062875081e-01 5.198436475167755866e-02 3.733296140058872670e-02
7.000000000000000000e+00 6.478090087324260837e-01 9.246858644189264176e-01 5.388646783371520144e-02 3.570921775495738970e-02
2.000000000000000000e+00 6.713998525674398365e-01 7.225216405075134407e-01 5.081048358100404005e-02 3.760853842663547386e-02
2.000000000000000000e+00 7.339934592201591279e-01 6.824358096572563648e-01 5.394377364708013989e-02 3.901193885187015375e-02
1.200000000000000000e+01 8.815443549915616961e-01 3.083520292434068777e-01 3.483056808350992739e-02 2.909433312597459187e-02
