3.000000000000000000e+00 1.244559017159259928e-01 4.852795661115632542e-01 4.676480592142380488e-02 3.680729780851688115e-02
8.000000000000000000e+00 8.169978409835145783e-01 7.928012175417851193e-01 4.944063250790542430e-02 3.322300823966606309e-02
1.000000000000000000e+00 7.938151250869112108e-01 6.968589350352756284e-01 4.750607778147375448e-02 3.465977581049139999e-02
7.000000000000000000e+00 7.600595705633650390e-01 4.713016566643754013e-01 5.212257966160960265e-02 3.812971040941937062e-02
5.000000000000000000e+00 6.960054148191376910e-01 8.434777491445943909e-01 4.749087600055790226e-02 3.368817134858781426e-02
9.000000000000000000e+00 6.847416068543888956e-01 7.562539157353358465e-01 4.812428353871656128e-02 3.271582672506678779e-02
8.000000000000000000e+00 6.469944461302628014e-01 6.450899248848540601e-01 4.942184378991942850e-02 3.517299248904970366e-02
1.500000000000000000e+01 6.361845280436443373e-01 5.451167222087670572e-01 4.687323959840550280e-02 3.567260158094565092e-02
7.000000000000000000e+00 6.143344731395720126e-01 4.413822886355854846e-01 4.965493776396190384e-02 3.752559619066592189e-02
5.000000000000000000e+00 5.917424346815867153e-01 8.932106031526885204e-01 4.426730134928036353e-02 3.068191953534649130e-02
6.000000000000000000e+00 5.587528335612625963e-01 8.041570617569099300e-01 4.545742429491006487e-02 3.380887462776960284e-02
1.000000000000000000e+00 5.326132004700079303e-01 7.120760031352606489e-01 4.656931785110773880e-02 3.325204534928050126e-02
3.000000000000000000e+00 5.192755308220643462e-01 6.039307899100107013e-01 4.583020954040151196e-02 3.440880408660795808e-02
1.000000000000000000e+00 5.142851903895195864e-01 5.048535955736888070e-01 4.529205510888012487e-02 3.513476029472389905e-02
1.500000000000000000e+01 4.710812877766051843e-01 3.959234409529492349e-01 4.874863833093640020e-02 3.958979307119980806e-02
1.600000000000000000e+01 5.516809024501699854e-01 1.675549718228058760e-01 4.235984792515568031e-02 3.257909610008813406e-02
1.200000000000000000e+01 5.423867499531808134e-01 2.019528300577993485e-01 3.803183826936584744e-02 3.254109164779861452e-02
2.000000000000000000e+00 4.544565176831639741e-01 8.559609733743779314e-01 4.449282290061945533e-02 2.934444749230080696e-02
5.000000000000000000e+00 4.450425301735062011e-01 7.718612198143354197e-01 4.505292597087873219e-02 3.057214787390205579e-02
2.000000000000000000e+00 4.137269326563330907e-01 6.688360461112414779e-01 4.512361140536186310e-02 3.504460291614652778e-02
0.000000000000000000e+00 3.871159162517929797e-01 5.658367495970100247e-01 4.567107479261250935e-02 3.546285116561287420e-02
2.000000000000000000e+00 3.690395041857877367e-01 4.550677203727938602e-01 4.895411858309051123e-02 3.671605865526750279e-02
3.000000000000000000e+00 3.354470698956639740e-01 3.460043651286366373e-01 5.171298560951848033e-02 3.958651927942952176e-02
8.000000000000000000e+00 3.303017510074907070e-01 8.247990874977572107e-01 4.125233840315478684e-02 3.093989432684285390e-02
0.000000000000000000e+00 3.137765326516198661e-01 7.263527813033183733e-01 4.617310364364290987e-02 3.302754863710444244e-02
0.000000000000000000e+00 2.670919773301991818e-01 5.364065287603283494e-01 4.893504518755945054e-02 3.549217295277251605e-02
6.000000000000000000e+00 2.269964688337581249e-01 4.227039259001705851e-01 5.004184301569725157e-02 3.709376882229165062e-02
9.000000000000000000e+00 1.939958933940651997e-01 7.807506747130116276e-01 4.508068203153961506e-02 3.301638927733097084e-02
7.000000000000000000e+00 1.833321572269273614e-01 6.826461239116332624e-01 4.400579655622322006e-02 3.340537267514676056e-02
6.000000000000000000e+00 1.619496851909114077e-01 5.887538044083956423e-01 4.568590649271950244e-02 3.628146991470448945e-02
