1.000000000000000000e+00 1.620449577745488590e-01 2.715412706480196947e-01 3.305902305827554399e-02 4.407066709026136175e-02
1.100000000000000000e+01 7.856000473157487285e-01 5.039701787371566599e-01 3.098577795427726045e-02 3.458679899332905983e-02
1.200000000000000000e+01 7.800297901244043208e-01 6.545260995490118638e-01 3.053062766989023125e-02 4.319702152811422113e-02
1.500000000000000000e+01 5.588928316737087343e-01 7.737237955365077191e-01 4.221910032464171181e-02 5.416886954239619190e-02
2.000000000000000000e+00 4.128333274831527122e-01 8.638261873876504904e-01 3.551292314620840829e-02 5.118218285854692073e-02
0.000000000000000000e+00 2.661561256849672708e-01 9.292707829499528005e-01 3.520483737102803046e-02 5.161534606539364134e-02
5.000000000000000000e+00 1.766052627835738575e-01 8.591907069457376256e-01 3.269223593456846433e-02 4.712956739670515205e-02
1.500000000000000000e+01 2.812018206180417756e-01 7.844855217626003352e-01 3.589671914121994600e-02 4.962797501895754859e-02
8.000000000000000000e+00 3.245793613865521898e-01 7.919577796898784605e-01 3.714198187240985716e-02 5.023774601844410714e-02
8.000000000000000000e+00 4.275630989294439410e-01 7.664414798828570463e-01 3.770641563653753803e-02 5.174904646143252407e-02
3.000000000000000000e+00 4.388588859351918448e-01 6.751401996621824164e-01 3.885003999041969358e-02 5.265276868625223816e-02
2.000000000000000000e+00 2.566725687259245881e-01 6.504822848446218941e-01 3.389305039579859624e-02 4.732306553192933141e-02
0.000000000000000000e+00 1.755475273033438866e-01 6.778173782262124636e-01 3.363095376393643310e-02 4.768647458711960940e-02
6.000000000000000000e+00 1.795417970028186927e-01 6.096823881476121088e-01 3.487254210480958405e-02 4.827105823362909387e-02
8.000000000000000000e+00 2.176789015591752974e-01 5.551951800957647398e-01 3.521458635823915273e-02 4.872638631109582619e-02
2.000000000000000000e+00 3.035529443051458443e-01 5.750212716469105256e-01 3.592821814853153217e-02 5.003678057386651279e-02
9.000000000000000000e+00 4.064766914996819636e-01 5.197485293200663214e-01 3.772295039296258423e-02 5.199739376178713623e-02
5.000000000000000000e+00 5.166722793722482443e-01 4.874742552840184429e-01 3.954112169175239000e-02 5.228962632068184790e-02
1.000000000000000000e+00 6.281684236238340713e-01 3.617662952759812534e-01 4.076096001252516032e-02 5.392499670121753130e-02
3.000000000000000000e+00 4.817949961186429597e-01 4.266093131365595870e-01 3.810520551461560324e-02 4.933221623064593109e-02
7.000000000000000000e+00 4.718332794874642300e-01 3.757039096550514046e-01 3.940149485971911059e-02 4.987534445737301647e-02
3.000000000000000000e+00 4.996790834908912959e-01 3.221171050238669231e-01 3.753757147505082381e-02 4.857644748043182803e-02
6.000000000000000000e+00 5.552788613720087696e-01 1.937427081170398635e-01 3.943717200440677306e-02 5.258265894843586197e-02
7.000000000000000000e+00 3.946088997078232019e-01 2.912209199657384007e-01 3.835444178036939711e-02 4.936540427221580707e-02
6.000000000000000000e+00 3.141686135161509963e-01 3.763443203286301886e-01 3.705661156190737104e-02 5.247325693997512142e-02
1.000000000000000000e+00 1.924671168496476237e-01 4.405815971661982688e-01 3.505092782824770214e-02 4.630303700071525252e-02
7.000000000000000000e+00 1.423196748996715666e-01 4.441300655340676418e-01 3.408091841682808765e-02 4.614737915931649281e-02
0.000000000000000000e+00 4.465389691567113739e-01 2.111497322078111916e-01 3.836392407796085369e-02 5.267490392469212357e-02
9.000000000000000000e+00 4.573451732849436180e-01 1.010222094526432440e-01 3.841465437007479666e-02 5.003580271192739626e-02
5.000000000000000000e+00 3.523515590549261001e-01 1.827911729621295167e-01 3.826190048231342677e-02 4.797630693943660818e-02
