2.000000000000000000e+00 1.419976381415188338e-01 6.484773851386602672e-01 3.855992261216781292e-02 4.050055985713141293e-02
1.300000000000000000e+01 7.747705961695176002e-01 9.413275915597262289e-01 3.926216880733823800e-02 4.093131941449623667e-02
1.300000000000000000e+01 5.640693670309001595e-01 9.339613186112445398e-01 3.096370258689451482e-02 3.462868684200737235e-02
3.000000000000000000e+00 6.799951856370265446e-01 2.841165825919853560e-01 3.982892774939317260e-02 3.843766542471754866e-02
6.000000000000000000e+00 5.749952104854831880e-01 2.599626224171237010e-01 3.780174026839888679e-02 3.780174026839891455e-02
7.000000000000000000e+00 4.817660958858632769e-01 2.351314820424705299e-01 3.632839463308940031e-02 3.659814571389366500e-02
6.000000000000000000e+00 3.695397735125962591e-01 2.115939860241098924e-01 3.381638926190366767e-02 3.687466831217836583e-02
8.000000000000000000e+00 7.075202945763349183e-01 3.902919423838249191e-01 3.995906607273447264e-02 3.718786522152267571e-02
1.500000000000000000e+01 5.980228652959044267e-01 3.655900441022582603e-01 3.779024575973477518e-02 3.779986245262700884e-02
3.000000000000000000e+00 3.945477273132232954e-01 3.153392530448729802e-01 3.626563006350236318e-02 3.627527520814877171e-02
1.000000000000000000e+00 2.944710152427149619e-01 2.787596009711568179e-01 3.239630531030535110e-02 3.601465714041673927e-02
1.000000000000000000e+00 7.449872430540129820e-01 5.361440557181509359e-01 4.073892865314221456e-02 3.795776968798869611e-02
2.000000000000000000e+00 6.263344945260843621e-01 4.858337009135170748e-01 4.192775674725957025e-02 3.942639233211436833e-02
9.000000000000000000e+00 5.215698722846149327e-01 4.553979633019358264e-01 3.818458707182703638e-02 3.817494192718068335e-02
2.000000000000000000e+00 4.032129793218949820e-01 4.204094186738286387e-01 3.849308944174167912e-02 4.016280908398212057e-02
1.500000000000000000e+01 2.150043555316098476e-01 3.456158742215425517e-01 3.322339780255093022e-02 3.712057682303071537e-02
5.000000000000000000e+00 6.446867863891111439e-01 6.048056212191550429e-01 4.168728252144404678e-02 4.001727836166224517e-02
7.000000000000000000e+00 5.288222813131115974e-01 5.629889401199770216e-01 3.850563666530837370e-02 3.822618353634932298e-02
0.000000000000000000e+00 3.162697249857108206e-01 4.890163141292926952e-01 3.816381729132006795e-02 4.011435574671712301e-02
3.000000000000000000e+00 2.230712671511544121e-01 4.516750370495592470e-01 3.588184435218827462e-02 3.782285146995539860e-02
5.000000000000000000e+00 1.244080382252888139e-01 4.244849759667588263e-01 3.414048319307572132e-02 3.691085894341800122e-02
6.000000000000000000e+00 5.637794152046713414e-01 6.877146871128985151e-01 4.102031650138127095e-02 3.990819433636938474e-02
9.000000000000000000e+00 4.380794232471995620e-01 6.401600269534812870e-01 3.801541294183419240e-02 4.107505767630670324e-02
8.000000000000000000e+00 3.344787907185015063e-01 5.984899577432796214e-01 4.023988488589114176e-02 4.107113133423812013e-02
7.000000000000000000e+00 2.246911677719320433e-01 5.605223437483656257e-01 3.845485028420553286e-02 3.789454989033580468e-02
1.000000000000000000e+00 1.472959095677224273e-01 5.325174813310991073e-01 3.512736073645486568e-02 3.901617494122355811e-02
0.000000000000000000e+00 4.237189267129759518e-01 5.266784985437368283e-01 3.860905879153170295e-02 3.887869606531957345e-02
8.000000000000000000e+00 2.476990628391175231e-01 6.848256390961249274e-01 3.926842819324458111e-02 4.287707797520134978e-02
0.000000000000000000e+00 4.691439019471843608e-01 7.555405676919129121e-01 4.280264818642548486e-02 4.309097826266961029e-02
