1.200000000000000000e+01 6.298519854111075400e-01 1.928734806781399469e-01 4.408359138176454195e-02 3.244206565581891910e-02
1.500000000000000000e+01 5.565277619166606460e-01 8.477245284293939420e-01 4.708761323725985104e-02 3.510440325707553377e-02
3.000000000000000000e+00 4.221722727562944866e-01 8.236698275385467838e-01 4.648705588808499378e-02 3.529366910269737811e-02
1.000000000000000000e+00 2.761092530237274634e-01 8.035663305450899685e-01 4.709734707736268344e-02 3.510528547823277279e-02
6.000000000000000000e+00 8.000263005217651546e-01 7.811706171332537529e-01 4.922311777072352346e-02 3.568343441001131655e-02
2.000000000000000000e+00 6.557132693805887147e-01 7.622496787864707635e-01 4.629437878732145517e-02 3.472016653568088529e-02
9.000000000000000000e+00 5.179096923451789181e-01 7.566690124114687777e-01 4.699495060836711424e-02 3.617306715233636893e-02
7.000000000000000000e+00 3.653982388035617035e-01 7.154412591381378306e-01 4.588693964948858950e-02 3.503611933949712931e-02
8.000000000000000000e+00 2.500140040033188016e-01 7.238287415325972418e-01 4.595463541962871434e-02 3.538047966457991134e-02
3.000000000000000000e+00 8.911556878579317553e-01 7.018081779642350027e-01 4.740044885965377652e-02 3.586493670944856937e-02
9.000000000000000000e+00 7.454511881000227547e-01 6.799080963985939530e-01 4.845893780423315977e-02 3.665834760361874611e-02
8.000000000000000000e+00 6.001542745168060300e-01 6.618753194982797128e-01 4.699498001573920725e-02 3.617300833759262702e-02
5.000000000000000000e+00 4.581351213105222531e-01 6.454840032833171204e-01 4.694448755816710284e-02 3.582341350030970872e-02
2.000000000000000000e+00 2.039266531142538974e-01 6.270255546745850950e-01 4.635128205196994977e-02 3.507158463002235660e-02
0.000000000000000000e+00 8.351529945667495181e-01 5.998806095137985128e-01 4.834477838647299741e-02 3.595062979119856283e-02
7.000000000000000000e+00 7.067514983678009344e-01 8.622358313580593681e-01 4.619092365293697711e-02 3.550422588558321824e-02
6.000000000000000000e+00 6.892884010761546332e-01 5.704952049091962518e-01 4.928069740492613260e-02 3.603961649860243366e-02
5.000000000000000000e+00 5.519730599329042420e-01 5.683392034375105428e-01 4.688511407427797817e-02 3.547211303545594330e-02
6.000000000000000000e+00 4.099115748147538207e-01 5.417191798653426815e-01 4.828825741765940815e-02 3.560150547186624603e-02
2.000000000000000000e+00 2.676979506580197676e-01 5.320657395174683835e-01 4.623800485536713745e-02 3.437004236570351257e-02
5.000000000000000000e+00 1.393845589453177602e-01 5.229641579108840199e-01 4.499442591197704011e-02 3.532895794899104658e-02
1.000000000000000000e+00 6.425021839936149171e-01 4.841155933583605186e-01 4.881235559986474293e-02 3.599512314490044274e-02
1.500000000000000000e+01 4.976314567478244966e-01 4.705693962647700124e-01 4.653790123411988278e-02 3.612448617393887451e-02
8.000000000000000000e+00 3.680351537318008459e-01 4.431804434355482991e-01 4.899262278968180562e-02 3.705284749781051490e-02
0.000000000000000000e+00 2.155469467176795439e-01 4.395775551547628224e-01 4.658971702342773469e-02 3.648366781446493734e-02
7.000000000000000000e+00 7.293055704773800940e-01 3.925138501108668132e-01 4.746926210992652440e-02 3.621623717430244582e-02
3.000000000000000000e+00 6.097619569939860540e-01 3.848487598074114002e-01 4.917759515900466116e-02 3.533607453299364431e-02
1.000000000000000000e+00 4.537676413600398306e-01 3.683738237304187146e-01 4.757948093985042703e-02 3.692410202358226146e-02
0.000000000000000000e+00 3.083276903198459706e-01 3.392929324619593512e-01 4.817233355758460123e-02 3.767040230795026812e-02
1.100000000000000000e+01 4.618516543800593732e-01 2.437346184717014697e-01 3.560171132346956480e-02 3.101104412386537779e-02
