8 0.554326 0.483611 0.041458 0.039167
1 0.200389 0.277056 0.037722 0.040500
6 0.309611 0.274389 0.040028 0.040722
7 0.424507 0.270576 0.040264 0.042347
15 0.547854 0.263396 0.041653 0.042819
2 0.618313 0.369736 0.042819 0.041194
3 0.492771 0.376785 0.041653 0.039569
2 0.264597 0.383847 0.038417 0.039333
6 0.150958 0.386875 0.037417 0.038000
5 0.104889 0.483035 0.036278 0.036847
15 0.212861 0.484764 0.036861 0.036861
3 0.322840 0.483035 0.040319 0.040319
9 0.446931 0.484764 0.039722 0.040306
1 0.678701 0.479583 0.043764 0.040306
3 0.059396 0.584958 0.035125 0.038000
0 0.166500 0.579201 0.038583 0.036847
5 0.275340 0.581785 0.035125 0.037431
0 0.381569 0.584375 0.040306 0.040306
9 0.499618 0.581792 0.038014 0.038583
5 0.618819 0.583229 0.042611 0.040319
0 0.560653 0.683132 0.040306 0.039736
7 0.448083 0.675076 0.038583 0.039736
2 0.333493 0.676229 0.038569 0.035125
1 0.226104 0.675361 0.038014 0.036861
7 0.123319 0.675937 0.038583 0.038014
8 0.185222 0.768646 0.034556 0.033403
8 0.294639 0.768208 0.037306 0.037389
6 0.505389 0.776500 0.035944 0.037250
11 0.751729 0.771278 0.036625 0.039389
11 0.718972 0.882465 0.035250 0.041458
