3.000000000000000000e+00 7.001699246315470360e-01 7.756217628465988945e-01 5.113110168563439473e-02 3.983997081784484973e-02
1.000000000000000000e+01 3.524820554701012520e-01 2.181577964981286644e-01 4.570654826984427155e-02 3.180055819928276351e-02
1.300000000000000000e+01 5.964798401090252167e-01 5.768239094394025934e-02 4.303764158264478112e-02 3.376983268631353341e-02
7.000000000000000000e+00 2.642955908804420773e-01 3.496836127780049153e-01 5.328886785096292877e-02 4.442462115911871567e-02
2.000000000000000000e+00 4.080332253006702659e-01 3.454755439532937178e-01 5.333955710082949331e-02 4.198889650244935767e-02
5.000000000000000000e+00 6.178854281196433096e-01 3.557386819083019347e-01 6.124047842233271144e-02 4.742183115321174647e-02
8.000000000000000000e+00 7.272052053947597461e-01 3.516453671158482064e-01 5.767409072447171603e-02 4.325572590908099979e-02
7.000000000000000000e+00 1.982502394273671364e-01 4.549286173079006845e-01 4.764390517711761253e-02 4.117631855017139797e-02
1.500000000000000000e+01 3.662629871818470217e-01 4.449067412383701514e-01 5.395919443158814222e-02 3.848510974114488503e-02
1.000000000000000000e+00 5.028560062768118177e-01 4.627532894831578036e-01 5.076947435886824955e-02 3.857414601129571796e-02
6.000000000000000000e+00 8.465699788927290026e-01 4.863806366843466122e-01 6.344376732281886699e-02 4.361313391550147855e-02
3.000000000000000000e+00 8.973029145114612692e-01 5.878964221944713575e-01 5.887392765704402287e-02 4.464752756594980720e-02
1.500000000000000000e+01 9.499782874435973579e-01 6.962583850482694237e-01 6.081676681048076016e-02 3.966746663228559733e-02
7.000000000000000000e+00 8.530871927637406760e-01 7.736900891055055185e-01 5.582568397877041289e-02 4.236668353911077212e-02
5.000000000000000000e+00 1.417468091787921214e-01 5.440553301688675347e-01 5.131571847790045160e-02 4.047608358995324895e-02
2.000000000000000000e+00 2.817916054536580006e-01 5.365204564144926414e-01 5.649035609607544473e-02 4.187580723604256150e-02
3.000000000000000000e+00 2.063787600732288063e-01 6.398880930134578371e-01 5.380919328787198141e-02 4.085450208952345896e-02
1.000000000000000000e+00 4.425993614179286606e-01 5.409762022137785120e-01 5.352784785911085530e-02 4.263155352652236996e-02
0.000000000000000000e+00 3.000591528900753424e-01 6.457434189445354633e-01 4.791770175383175401e-02 3.693357667119134824e-02
0.000000000000000000e+00 2.832045180636848514e-01 7.303724224256362696e-01 4.991765959766186755e-02 3.545411648142726690e-02
6.000000000000000000e+00 5.420787077498063766e-01 5.828155568182635804e-01 5.030285197207251535e-02 3.971649111630126683e-02
0.000000000000000000e+00 4.875781630367297392e-01 6.494781776161888676e-01 6.238816225920440495e-02 4.580103808329882842e-02
8.000000000000000000e+00 4.091279954160644827e-01 7.197569281674784936e-01 5.666090848718935424e-02 4.249590381255308191e-02
1.000000000000000000e+00 3.423814905112676499e-01 8.110538929376539530e-01 5.131571847790045160e-02 4.047614099567220514e-02
2.000000000000000000e+00 4.698811853927658544e-01 8.249287978113832853e-01 4.690457692226857045e-02 3.617369716894447418e-02
8.000000000000000000e+00 5.393882739179862718e-01 7.472859842225682003e-01 5.042099294175039770e-02 3.732347631455912307e-02
5.000000000000000000e+00 6.349148633603529657e-01 6.749102027566394879e-01 5.251555541047292497e-02 4.187190364715132063e-02
9.000000000000000000e+00 7.264356243260038370e-01 5.767886451931302227e-01 5.750348092763868380e-02 4.263568673828932454e-02
6.000000000000000000e+00 7.574914868357122133e-01 6.825338544554296893e-01 5.699291446295773333e-02 4.074594787491681025e-02
9.000000000000000000e+00 7.450333838094711503e-01 8.428486531593186726e-01 5.328846601092995794e-02 3.897113526095863367e-02
