1.300000000000000000e+01 1.383880339782005975e-01 3.512460518529350040e-01 2.180688982540901488e-02 3.211004140494827519e-02
6.000000000000000000e+00 7.878235352384885815e-01 6.088898248930705304e-01 3.030185988279510134e-02 3.959794218910817065e-02
0.000000000000000000e+00 7.040332623773110088e-01 6.585132715019915706e-01 2.948333215019549591e-02 3.931134390345714102e-02
9.000000000000000000e+00 6.358367162427029928e-01 7.234705647162227304e-01 3.061479773536668336e-02 4.021494789635648992e-02
3.000000000000000000e+00 5.419778870207088151e-01 7.816803045011034845e-01 3.097808905159993298e-02 4.009433755912250597e-02
5.000000000000000000e+00 7.817028040079596618e-01 4.958871063722964934e-01 2.948192593101683912e-02 3.930409646615246055e-02
9.000000000000000000e+00 6.997255533080306567e-01 5.553661212218425902e-01 2.988945906602014091e-02 4.013030431888053862e-02
2.000000000000000000e+00 6.311798050916511693e-01 5.981569110984370496e-01 3.047082252562849369e-02 4.012246194269297739e-02
7.000000000000000000e+00 5.427869227738535418e-01 6.683800083680153659e-01 3.202274764517454297e-02 4.172073820977695302e-02
3.000000000000000000e+00 4.666075407896025373e-01 7.362557472311872520e-01 3.292737925978145297e-02 4.288795421329427704e-02
6.000000000000000000e+00 7.928879795245435957e-01 3.548720150474026225e-01 2.992607485001441692e-02 4.031830500597705091e-02
1.000000000000000000e+00 7.127421670485662997e-01 4.078639785704176735e-01 2.978215372562909025e-02 3.987626541574740280e-02
1.000000000000000000e+00 6.197897813005052159e-01 4.850235088434291519e-01 3.206271672105609483e-02 4.173493561494456827e-02
1.500000000000000000e+01 5.492723515397939238e-01 5.258231870126195417e-01 3.082919207473677758e-02 4.194865388740176559e-02
3.000000000000000000e+00 4.693688684880212847e-01 5.935147382060830257e-01 3.198077741123128703e-02 4.213568103814380184e-02
8.000000000000000000e+00 3.911123790850650206e-01 6.654777071969507629e-01 3.351428646807425027e-02 4.347056163602180945e-02
8.000000000000000000e+00 7.965419318891988620e-01 2.444531025750985020e-01 2.883019742712999989e-02 3.985498282933416792e-02
2.000000000000000000e+00 7.186758711283532941e-01 2.985585077393910769e-01 3.069424911895257679e-02 4.254505307514949708e-02
2.000000000000000000e+00 6.621680351469421133e-01 3.533174938309114888e-01 3.038260931485337046e-02 4.192523492954425279e-02
5.000000000000000000e+00 5.403395335070373395e-01 4.090448646469106997e-01 3.128367129616094200e-02 4.146699677608511880e-02
0.000000000000000000e+00 4.672759140608812034e-01 4.807922899846567844e-01 3.172297957606312613e-02 4.253596673584214560e-02
1.500000000000000000e+01 3.813725534999020672e-01 5.359055892238090424e-01 3.283037717914066844e-02 4.353481503540934661e-02
8.000000000000000000e+00 7.352834007545997475e-01 1.503756873988754683e-01 3.043274643710258687e-02 4.178631670031324186e-02
1.000000000000000000e+00 6.555436070237410373e-01 2.192301953743059917e-01 3.171721948596661900e-02 4.253396557778049702e-02
5.000000000000000000e+00 5.567047877944322209e-01 2.632137565837194271e-01 3.136241957015739601e-02 4.303182125232649091e-02
0.000000000000000000e+00 4.716238085474552255e-01 3.440607991829348622e-01 3.266774252261051004e-02 4.501115587411053109e-02
7.000000000000000000e+00 3.863441602774987382e-01 3.889888123481158866e-01 3.383955578113445606e-02 4.592911952823663935e-02
6.000000000000000000e+00 6.473660098178743993e-01 8.820864402559040751e-02 3.152391843427426732e-02 4.385689331264139290e-02
7.000000000000000000e+00 5.467933493841377057e-01 1.624969045988323979e-01 3.211350286754155459e-02 4.517544013390772939e-02
1.300000000000000000e+01 2.775741209200285331e-01 5.194569623647342649e-01 2.252087057062152065e-02 3.120351680298583119e-02
