1.000000000000000000e+00 5.788687157784744297e-01 4.899733298700715278e-01 5.108593286077234286e-02 4.207762743267873251e-02
1.600000000000000000e+01 3.205295739901463659e-01 7.670851796822768520e-01 3.351665483694760139e-02 3.002215332122004643e-02
1.000000000000000000e+01 3.619705952350864564e-01 7.779451789547424667e-01 3.931589290202036624e-02 3.057172856002177141e-02
9.000000000000000000e+00 5.958521370812820406e-01 7.329011834839271877e-01 5.421625156403431234e-02 5.042293338166803363e-02
7.000000000000000000e+00 4.367624024915186531e-01 6.822159528291945607e-01 5.461942210042142198e-02 4.458768148465863668e-02
1.000000000000000000e+00 2.964742078084259269e-01 5.805009958722036068e-01 5.462682709146365889e-02 4.412910734059349860e-02
8.000000000000000000e+00 1.662596410097026967e-01 5.631059879186913752e-01 6.492874579405069624e-02 5.005191061763714089e-02
6.000000000000000000e+00 7.108871264995332284e-01 6.835121236507950560e-01 5.389001561329531675e-02 4.367677836969652283e-02
8.000000000000000000e+00 5.817099127029681238e-01 5.939490246444918409e-01 5.388400835148587920e-02 4.043583088459812291e-02
6.000000000000000000e+00 4.579435020698736647e-01 5.263633145344093212e-01 5.242225122416838134e-02 4.420952137986411401e-02
7.000000000000000000e+00 3.882688112739471897e-01 4.460555621633819356e-01 5.851117610748618469e-02 3.936255326726278980e-02
5.000000000000000000e+00 3.205970813382026385e-01 3.773990725052313033e-01 5.678926290933339338e-02 4.129011109616848030e-02
1.500000000000000000e+01 1.796176352021495171e-01 2.838493077291666111e-01 5.591342198087284610e-02 3.998252052934619938e-02
8.000000000000000000e+00 8.269030244500701343e-01 6.227379346985111308e-01 4.298778707464456783e-02 3.766005958377116603e-02
1.500000000000000000e+01 7.576623731893337155e-01 5.543038029440683356e-01 4.904905476250320806e-02 3.866880374503511852e-02
1.000000000000000000e+00 8.414775040283830609e-01 5.164482248317526780e-01 4.659113303701800657e-02 3.603598743192026888e-02
5.000000000000000000e+00 7.006267828068943881e-01 4.583514308334366572e-01 4.950614196057590011e-02 3.658687118319536857e-02
2.000000000000000000e+00 6.011936634309652527e-01 4.151050489812486699e-01 5.243132159472230214e-02 3.986543840190232002e-02
3.000000000000000000e+00 4.656399493961466129e-01 3.582266139207492261e-01 5.098238194185961136e-02 4.203860996983743714e-02
9.000000000000000000e+00 3.481251057990217834e-01 2.481105013232932643e-01 5.703874270794323520e-02 4.412776908920038044e-02
0.000000000000000000e+00 2.865209184632238615e-01 1.611081463578518669e-01 5.590530325575415738e-02 3.801900834634353021e-02
0.000000000000000000e+00 2.989378096676023611e-01 1.241769133522698521e-01 5.519716009631969733e-02 3.732618073063113939e-02
6.000000000000000000e+00 4.340124891815000940e-01 9.824213665287861996e-02 5.554570023694516134e-02 3.620133582627835245e-02
7.000000000000000000e+00 4.689450734702783619e-01 2.080952679821136408e-01 5.034067552936688505e-02 4.009439834581654538e-02
3.000000000000000000e+00 5.860316914910435049e-01 1.853458418571639621e-01 4.979597747342023872e-02 3.669598328011983157e-02
3.000000000000000000e+00 7.340984129191914231e-01 2.322788386473012556e-01 4.455996481135982012e-02 3.341200357800042098e-02
5.000000000000000000e+00 6.115391199122106602e-01 2.882178212297840103e-01 4.805518006116360485e-02 3.669193878702042833e-02
2.000000000000000000e+00 8.520540616557717994e-01 2.903486445758547418e-01 4.280649861924779032e-02 3.276336799718299053e-02
2.000000000000000000e+00 7.251031033990715802e-01 3.520017078264238153e-01 4.545665272263432755e-02 3.864453678643858803e-02
0.000000000000000000e+00 8.481174018797356107e-01 4.014361046428650548e-01 4.370330548620149358e-02 3.602926643603449053e-02
