2.000000000000000000e+00 4.802352144383189581e-01 6.240005892903672802e-01 4.016193446119031840e-02 5.567677376704938119e-02
2.000000000000000000e+00 6.364689245598643685e-01 2.121192482696801496e-01 3.736489950535393234e-02 4.908373065682108960e-02
2.000000000000000000e+00 5.404922067737734093e-01 2.334488124670614506e-01 3.848163223493106244e-02 4.685743708216905112e-02
6.000000000000000000e+00 3.140884411827974398e-01 2.714192721497317717e-01 3.458682082463299112e-02 4.759746306264131532e-02
8.000000000000000000e+00 2.268977178499112513e-01 2.770680311963631404e-01 3.290255296811953056e-02 4.164443330037681523e-02
3.000000000000000000e+00 1.604929298691438189e-01 3.791370398667279207e-01 3.235231473910007982e-02 4.388203314000871380e-02
1.500000000000000000e+01 2.703135222472059507e-01 3.538016828620075271e-01 3.235372099096328613e-02 4.536464447934418498e-02
9.000000000000000000e+00 3.637328866450184606e-01 3.608739484821655297e-01 3.351843503411150449e-02 4.610270170720798255e-02
6.000000000000000000e+00 4.733330209184921644e-01 3.547897013585490367e-01 3.757133727886657892e-02 4.906525250733906329e-02
9.000000000000000000e+00 5.776926591862487914e-01 3.485128258547161018e-01 3.988951535025797579e-02 4.854789244688045846e-02
8.000000000000000000e+00 7.128472163796868433e-01 3.440470058753797300e-01 4.015900945731498695e-02 5.247591952618640976e-02
3.000000000000000000e+00 6.677900629327424564e-01 5.056118168101859656e-01 4.127129843100452167e-02 5.357768973593940443e-02
1.500000000000000000e+01 5.233085965069329548e-01 4.871962736611378797e-01 3.792385649592500130e-02 4.908465878305079411e-02
7.000000000000000000e+00 4.153014643440532394e-01 5.072361502122914034e-01 3.514051843323579005e-02 4.908004627693968169e-02
6.000000000000000000e+00 3.010134488595306301e-01 5.015333910941144335e-01 3.569427229191318718e-02 5.056361386754204545e-02
5.000000000000000000e+00 2.032450255745803513e-01 4.976443312539367003e-01 3.680909251895639334e-02 4.536169135043149891e-02
0.000000000000000000e+00 1.120203140844986400e-01 5.026688972860647864e-01 3.513773405454677368e-02 4.610537358574801070e-02
5.000000000000000000e+00 5.949954633610112786e-01 6.479875054460167982e-01 4.016300321260635187e-02 5.674659393447134548e-02
8.000000000000000000e+00 3.563977644265975409e-01 6.213412545169720858e-01 3.855079170156150425e-02 4.926291526922554898e-02
7.000000000000000000e+00 2.546389608547284800e-01 6.026270234721875507e-01 3.534358120227704125e-02 5.352824592043059493e-02
0.000000000000000000e+00 1.324711396176250222e-01 6.320337186835891519e-01 3.373994782759738575e-02 4.711438742260665169e-02
3.000000000000000000e+00 1.910797375815953547e-01 7.497791590614093504e-01 3.534259682597273855e-02 5.246787576552924826e-02
5.000000000000000000e+00 3.015290089176043686e-01 7.627231168360664171e-01 4.336931371069852048e-02 5.248120703319181235e-02
1.000000000000000000e+00 5.295541266567358463e-01 7.936260077798016344e-01 4.096805427923144727e-02 5.996854195328182868e-02
1.200000000000000000e+01 7.923847373852226372e-01 8.697980587013722786e-01 3.212025505664051206e-02 3.962041499372248587e-02
1.200000000000000000e+01 7.802779213447079698e-01 5.247684265660851333e-01 3.716847424510694164e-02 3.657908596421699521e-02
0.000000000000000000e+00 4.631573121240325497e-01 1.385436445381840465e-01 3.513635592772085259e-02 4.462276224641258116e-02
1.000000000000000000e+00 3.636655271807729406e-01 1.537112240089530957e-01 3.736076512487623846e-02 4.462647475133135755e-02
7.000000000000000000e+00 2.832256424796809613e-01 1.404410298645602517e-01 3.457604893536109225e-02 4.313925090588463518e-02
1.000000000000000000e+00 5.907183764442303087e-01 1.190592515354996217e-01 3.903046421208733463e-02 4.314667591572217409e-02
