1.600000000000000000e+01 6.428173302213784357e-01 7.879989988709694693e-01 3.448660539771120082e-02 4.333515720130565185e-02
1.000000000000000000e+01 8.144624959156032684e-01 8.326877231353690956e-01 3.167029438227630944e-02 3.607312378722293822e-02
5.000000000000000000e+00 5.890046451478148093e-01 1.173863993279387480e-01 3.594293571567563905e-02 4.639193597439558725e-02
1.000000000000000000e+00 4.730499373718702882e-01 1.076102792802967889e-01 3.432577118181384668e-02 4.704653297435583414e-02
7.000000000000000000e+00 3.077698394605762333e-01 1.157545501832426410e-01 3.490848323901374339e-02 4.271544340731961431e-02
8.000000000000000000e+00 2.184150853303390982e-01 1.923950141972540773e-01 3.198340162791266095e-02 4.314797194462263730e-02
8.000000000000000000e+00 3.386160979093816858e-01 1.984629362680640496e-01 3.360007280528398699e-02 4.633125312606622970e-02
9.000000000000000000e+00 6.145259183585368712e-01 2.287990931266805916e-01 3.908393334378779116e-02 4.918450783634692458e-02
3.000000000000000000e+00 4.626392883250427523e-01 2.828125307604157368e-01 3.786432707834475053e-02 4.926562144757629103e-02
3.000000000000000000e+00 6.937483200340336387e-01 2.800827457671207221e-01 4.032283855429952268e-02 5.121435056401235641e-02
1.500000000000000000e+01 7.344866808371995903e-01 3.327099097045399523e-01 3.679481726988864665e-02 5.058085180926269464e-02
7.000000000000000000e+00 7.057005484982841192e-01 3.728982070417877770e-01 4.224274984749720740e-02 4.867806288838166795e-02
1.000000000000000000e+00 5.584125378440327747e-01 3.680818288139369177e-01 4.136997319486368507e-02 5.149565082649748549e-02
2.000000000000000000e+00 4.326983245257878252e-01 3.835921878190025058e-01 4.133419033881868820e-02 4.924800571876908339e-02
7.000000000000000000e+00 3.621070060149779168e-01 3.232556467249977361e-01 3.566683020682542837e-02 4.682899178302307730e-02
3.000000000000000000e+00 2.376902186933069205e-01 3.041032140233099756e-01 3.622026010526668838e-02 4.609362942347378089e-02
0.000000000000000000e+00 1.425645721205003047e-01 2.930043471827442625e-01 3.396530171309120050e-02 4.602322455018498237e-02
2.000000000000000000e+00 6.378265649846269758e-01 4.869154458376671046e-01 4.139388647416697431e-02 5.300120070963010299e-02
6.000000000000000000e+00 5.142337410440018797e-01 4.888848233742783544e-01 3.914743122620978344e-02 5.217709222373401179e-02
6.000000000000000000e+00 4.370464203812606252e-01 4.920132984538233001e-01 3.800327948284060176e-02 5.214374712917135835e-02
1.500000000000000000e+01 3.075627167974836484e-01 4.635297677693937524e-01 3.553307255596460656e-02 4.982079260421934386e-02
3.000000000000000000e+00 2.068938327814952571e-01 4.465434022286846050e-01 3.692169695085281700e-02 4.981049015985922201e-02
2.000000000000000000e+00 9.068746966394973519e-02 4.427739554946076850e-01 3.503170627775423207e-02 4.792998934395986677e-02
5.000000000000000000e+00 1.119665445388326186e-01 5.465090065674900188e-01 3.629696252905177667e-02 5.059631998628777438e-02
1.000000000000000000e+00 5.829174386424208487e-01 6.351233777103629796e-01 4.200274642536250269e-02 5.526869616085794412e-02
5.000000000000000000e+00 3.451197843556529365e-01 5.991050745355238627e-01 4.077910624508573889e-02 5.497285639238858046e-02
8.000000000000000000e+00 2.150012035210499828e-01 5.960828597377378912e-01 3.698249588306229407e-02 5.236358097713644799e-02
9.000000000000000000e+00 2.636630727081557546e-01 7.298807917049645599e-01 3.941683289098327214e-02 5.518209758629322170e-02
0.000000000000000000e+00 3.766543186401365984e-01 7.497615201599996393e-01 3.951042551932482105e-02 6.059700430000958260e-02
0.000000000000000000e+00 5.054051411573017294e-01 7.630332450685306522e-01 4.286330524961423638e-02 5.979724440796729823e-02
