5.000000000000000000e+00 2.666676350445634780e-01 1.761978196091313342e-01 3.464832325785111022e-02 4.425425878808658675e-02
1.000000000000000000e+01 7.670421972119906284e-01 6.992960256160759558e-01 2.690150032025773186e-02 3.099804809422779250e-02
1.200000000000000000e+01 8.207774213202623237e-01 5.897323119237373179e-01 2.518754053984439967e-02 3.113834320278030532e-02
9.000000000000000000e+00 7.053861981106737122e-01 3.900162684290885418e-01 3.980656843409546841e-02 5.016145777754815738e-02
3.000000000000000000e+00 6.707735269280175050e-01 5.310372277875683444e-01 3.672637949475543451e-02 4.954886664609792213e-02
3.000000000000000000e+00 6.336784824221231016e-01 6.300046705275924586e-01 3.892946377151584869e-02 4.956216750140196581e-02
3.000000000000000000e+00 5.158605615347040541e-01 6.661370222585174528e-01 3.613752749853244017e-02 4.964578940039909849e-02
7.000000000000000000e+00 5.685732823914934064e-01 5.222029298118237017e-01 3.716519206017077082e-02 4.794151611243518962e-02
8.000000000000000000e+00 6.162117414073209343e-01 3.820939898610958840e-01 3.685742183440121611e-02 4.589789752480655238e-02
0.000000000000000000e+00 6.520033020934395962e-01 2.735563359532882100e-01 3.686655894369672559e-02 4.644077482552300129e-02
1.000000000000000000e+00 3.568443545674145345e-01 8.110051672689233548e-01 3.748843175895677504e-02 4.956315060809812767e-02
7.000000000000000000e+00 4.031973292904806883e-01 6.542658932402332095e-01 3.686522885816639894e-02 4.834242124023446774e-02
6.000000000000000000e+00 4.602632032264439843e-01 5.494636833423478528e-01 3.543006657088260125e-02 5.006465068285836928e-02
1.500000000000000000e+01 5.014394850652574842e-01 4.045347736636355496e-01 3.558270834294552376e-02 4.609113582044904733e-02
5.000000000000000000e+00 5.326096491186071979e-01 2.659624294793347388e-01 3.649303622888167009e-02 4.768634209492150777e-02
8.000000000000000000e+00 6.004717405599850899e-01 1.494882419564370346e-01 3.671863030079591805e-02 4.954883773119521384e-02
6.000000000000000000e+00 2.463328103601634123e-01 8.115167008149670735e-01 3.981810548032635455e-02 5.358157031460963893e-02
2.000000000000000000e+00 2.990910721889170065e-01 6.995716135549907566e-01 3.944599959575012527e-02 5.064219695207328176e-02
8.000000000000000000e+00 3.494396093878038845e-01 5.494149328161689327e-01 3.723956119026083922e-02 4.965243982805089829e-02
0.000000000000000000e+00 4.193835015460031790e-01 4.221470433844033421e-01 3.583663901963740628e-02 4.778283112567988100e-02
9.000000000000000000e+00 4.469476880668717400e-01 2.959174302836162784e-01 3.671839898157314153e-02 4.720479330311694310e-02
1.000000000000000000e+00 5.000666199361305519e-01 1.799054330250753897e-01 3.804472557458826731e-02 4.897351790949863726e-02
1.500000000000000000e+01 1.937955306763219643e-01 7.070912810159168949e-01 3.848414535296301731e-02 4.955950733034109046e-02
2.000000000000000000e+00 2.339751881016899626e-01 5.392837580759461957e-01 3.671860138589305711e-02 4.954886664609792213e-02
0.000000000000000000e+00 3.265954771481753838e-01 4.332825483596770555e-01 3.848423209767148911e-02 4.956913599298490292e-02
1.000000000000000000e+00 3.757239789368665428e-01 1.977283044406376866e-01 3.848619831106425693e-02 5.015350617926872534e-02
7.000000000000000000e+00 3.047419550222028040e-01 2.945307872032886243e-01 3.716389088954319408e-02 4.955152681715885299e-02
5.000000000000000000e+00 1.323466490240080562e-01 5.646058685735819704e-01 3.671842789647603023e-02 4.720479330311688759e-02
6.000000000000000000e+00 1.625054854358208289e-01 4.278125137861691907e-01 3.847735035079691279e-02 4.721540507245713947e-02
2.000000000000000000e+00 2.211943384104289867e-01 3.042662470407708764e-01 3.833552275239410223e-02 5.015258090237800781e-02
