1.400000000000000000e+01 4.694443194207354592e-02 2.794666567612952290e-01 3.552801806591703027e-02 3.988963420874536148e-02
3.000000000000000000e+00 8.802848718120244165e-01 3.449059663412952226e-01 3.524826359462507330e-02 3.661230229404049963e-02
6.000000000000000000e+00 8.326362927585395646e-01 5.646421921455393456e-01 3.600703404340988012e-02 3.691593615455035504e-02
1.000000000000000000e+00 8.111758628173295627e-01 6.797300510356794057e-01 3.643754858203662739e-02 3.916334087185135981e-02
6.000000000000000000e+00 7.099394778667021955e-01 7.139585276041593431e-01 3.779181844040846450e-02 3.779181844040835347e-02
2.000000000000000000e+00 7.285511480891704306e-01 6.020207771842548405e-01 3.729863478701589408e-02 3.775245743760669015e-02
1.500000000000000000e+01 7.535927723164966840e-01 4.903595106733629194e-01 3.687834611123608219e-02 3.847109565929679453e-02
0.000000000000000000e+00 7.782125082917317194e-01 3.831032488127419366e-01 3.682527445433780855e-02 3.796205906210542436e-02
7.000000000000000000e+00 7.979981818350667666e-01 2.704218239454899697e-01 3.733828142844464182e-02 3.824715497572234169e-02
8.000000000000000000e+00 7.136249873794018317e-01 1.938953368027127311e-01 3.454416437904961334e-02 3.680510836727102220e-02
1.000000000000000000e+00 6.948084000059178145e-01 3.040927053501871757e-01 3.553458775433815386e-02 3.712653751424349613e-02
5.000000000000000000e+00 6.709554323610238402e-01 4.145980066195080194e-01 3.621400779254013713e-02 3.644071917079649836e-02
3.000000000000000000e+00 6.479598090550950928e-01 5.247103691115848623e-01 3.834361514006301430e-02 3.857035508218220610e-02
7.000000000000000000e+00 6.059220295519340826e-01 7.496596712419061337e-01 3.608706998669763966e-02 3.790624527438801739e-02
1.500000000000000000e+01 4.951913594059037527e-01 7.884829022005788168e-01 3.859120670195381742e-02 3.860257511930886842e-02
3.000000000000000000e+00 5.154532782320495610e-01 6.716648730189243022e-01 3.719963243889490290e-02 3.995970136395055050e-02
9.000000000000000000e+00 5.321660228621668542e-01 5.592926376834774782e-01 3.692730457190518401e-02 3.920013112701004054e-02
0.000000000000000000e+00 5.679540292063869344e-01 4.440677722258928872e-01 3.748601372633342255e-02 3.703221963960529051e-02
2.000000000000000000e+00 5.914045034619634933e-01 3.375469584201614137e-01 3.590780318438713259e-02 3.568109180613077136e-02
8.000000000000000000e+00 6.045167446347786688e-01 2.286753101502891350e-01 3.760472513971802044e-02 3.851354155927030898e-02
7.000000000000000000e+00 4.804636746961118421e-01 3.746392907088206825e-01 3.608704142283486460e-02 3.790624527438801739e-02
9.000000000000000000e+00 4.561097397452393842e-01 4.823744114456897103e-01 3.769755769349575347e-02 3.657219863080851674e-02
8.000000000000000000e+00 4.307258918788944291e-01 5.913663135775325541e-01 3.868940926191921648e-02 3.982613674196144871e-02
2.000000000000000000e+00 4.033556844364712957e-01 7.139200520811015416e-01 3.838326178149181755e-02 3.906411001282872331e-02
1.000000000000000000e+00 3.192900656543687932e-01 6.326064757786358239e-01 4.104552804065980665e-02 3.854567590480872941e-02
5.000000000000000000e+00 3.442064087798892835e-01 5.175170173121844686e-01 3.853219376161393095e-02 3.785134553027696969e-02
0.000000000000000000e+00 3.682569955088789704e-01 4.018542678393962619e-01 4.186248307776618827e-02 3.958914237313265749e-02
6.000000000000000000e+00 3.941565353524246751e-01 2.917420196027702417e-01 3.861003028747367338e-02 3.883679879345552921e-02
1.100000000000000000e+01 1.828261973192310819e-01 2.671874663622184065e-01 3.425061356207326213e-02 3.861257247125404746e-02
5.000000000000000000e+00 8.579146257160676914e-01 4.587211623287998918e-01 3.664183732807313465e-02 3.869934948613912296e-02
