1.400000000000000000e+01 8.180983770211922579e-01 6.400667577831381516e-01 3.305206119844072976e-02 3.821843089680720951e-02
1.200000000000000000e+01 7.051586587564206976e-01 6.690055197018340838e-01 3.580194885112075731e-02 3.604615359143226172e-02
5.000000000000000000e+00 5.282279894053039104e-01 7.678941562739747262e-01 3.766321802568473043e-02 5.448600129010616744e-02
1.500000000000000000e+01 3.252966151553786656e-01 7.729304483222050326e-01 3.582754199698179320e-02 5.215460742316735399e-02
9.000000000000000000e+00 2.190313170045366520e-01 7.412042287907811833e-01 3.637508526087560035e-02 4.995776514391481182e-02
0.000000000000000000e+00 6.090214104122873007e-01 6.717261183471985309e-01 3.582595805635846453e-02 5.141826955234618524e-02
6.000000000000000000e+00 4.817466821510463237e-01 6.194154233015540800e-01 3.636924969015808973e-02 5.069415859159986937e-02
5.000000000000000000e+00 3.878757749545677092e-01 6.206770459022465936e-01 3.527638623692946895e-02 4.921820381498298591e-02
6.000000000000000000e+00 2.914493740813819400e-01 6.235951091453185713e-01 3.471942269459171726e-02 4.701724884779645564e-02
1.000000000000000000e+00 1.700399640540885549e-01 6.033545154769507368e-01 3.417299096797740687e-02 4.628896962225170775e-02
3.000000000000000000e+00 6.775290376571169171e-01 5.148270597616829702e-01 3.856839840926551410e-02 4.996618503880712048e-02
8.000000000000000000e+00 5.590269645381482633e-01 5.245969722569286953e-01 3.857901359028514943e-02 5.143897193417723557e-02
9.000000000000000000e+00 4.449836148027526139e-01 5.063604247266798586e-01 3.526582663277411100e-02 4.775567085101650733e-02
3.000000000000000000e+00 3.424341579889295106e-01 5.106715220653161857e-01 3.361419338912829957e-02 4.628688548985265827e-02
5.000000000000000000e+00 2.340016122389023678e-01 4.968951151286718493e-01 3.526271432839134246e-02 4.629313788705002874e-02
2.000000000000000000e+00 1.404185654093886293e-01 4.775749576930464202e-01 3.195850303441245821e-02 4.335551158785833081e-02
8.000000000000000000e+00 6.007190050103339285e-01 4.050439823228174641e-01 3.749782127849154989e-02 4.848103229120231950e-02
7.000000000000000000e+00 5.205036389655672835e-01 3.797902304758495884e-01 3.444631798501252007e-02 4.846938893819935368e-02
0.000000000000000000e+00 4.175087613754067117e-01 3.960534658737583369e-01 3.520861025131050148e-02 4.795813736648196768e-02
1.500000000000000000e+01 2.829809050098676115e-01 3.916266158216755722e-01 3.177418236503526394e-02 4.539840595389671440e-02
6.000000000000000000e+00 1.913789510736506050e-01 3.799603790449128105e-01 3.196753427480855669e-02 4.408170668100375167e-02
7.000000000000000000e+00 6.588418729137488494e-01 2.649747235808002088e-01 3.802196668265123147e-02 4.922865226541062178e-02
0.000000000000000000e+00 5.601681520746041310e-01 2.622047726802248513e-01 3.802196668265134250e-02 4.923798917855859436e-02
3.000000000000000000e+00 4.527008930865482061e-01 2.720437811116090399e-01 3.581495383729116355e-02 4.629527759631310579e-02
2.000000000000000000e+00 3.437153158573096334e-01 2.784600883750170119e-01 3.251549436518225145e-02 4.554629598893744635e-02
8.000000000000000000e+00 2.395910886027199371e-01 2.628662763037019068e-01 3.306653897150654831e-02 4.496729622003300952e-02
1.000000000000000000e+00 5.873985367715346406e-01 1.469790112695189555e-01 3.810755505317464653e-02 4.837638105633511321e-02
2.000000000000000000e+00 4.920331121258711971e-01 1.510789859961255421e-01 3.444353914181363940e-02 4.714165765780714556e-02
1.000000000000000000e+00 4.107299401224977498e-01 1.598787904364501467e-01 3.535411048120024047e-02 4.470452880715339306e-02
7.000000000000000000e+00 2.889550288492647168e-01 1.923178527194490672e-01 3.253425155677419633e-02 4.388118535577753554e-02
