6.000000000000000000e+00 8.314584838082847984e-01 6.118156210875420609e-01 4.205057822366575770e-02 3.473603683290804600e-02
2.000000000000000000e+00 8.345991873733440425e-01 5.292806453656193622e-01 4.699385168823044800e-02 3.296487426175875868e-02
8.000000000000000000e+00 4.381176550479073395e-01 1.463811873078985637e-01 4.899604691801584533e-02 3.629162160970067497e-02
6.000000000000000000e+00 8.618556260358098964e-01 4.284952165286188830e-01 4.258868849813279844e-02 3.238903421445726849e-02
2.000000000000000000e+00 8.727480270484786473e-01 3.334606802618163002e-01 4.570424863816102690e-02 3.199077875349126687e-02
0.000000000000000000e+00 7.815115822195735085e-01 2.616324861930359735e-01 4.149900348410640039e-02 3.613680953171671817e-02
5.000000000000000000e+00 4.280264189788003382e-01 2.579559847290363583e-01 5.220088231572073134e-02 3.823966627335445567e-02
0.000000000000000000e+00 7.549593058108530208e-01 3.593157022727951344e-01 4.578304502952679211e-02 3.434442579275920338e-02
3.000000000000000000e+00 7.256770505635379287e-01 5.521010111094282191e-01 4.400474043776347877e-02 3.665700621349599064e-02
9.000000000000000000e+00 7.201787484314119414e-01 6.664726267301128715e-01 4.336055359483093063e-02 3.617287088170284548e-02
5.000000000000000000e+00 5.955413270246421309e-01 7.123039096693613015e-01 5.032337974091938282e-02 3.819722393773783420e-02
8.000000000000000000e+00 6.199825509303644733e-01 5.851527897121842070e-01 4.787050544803750363e-02 3.955707637089667106e-02
1.000000000000000000e+00 6.205333939055166503e-01 4.909975415570544954e-01 4.647459166489242843e-02 3.576641965937621404e-02
3.000000000000000000e+00 6.456448261964908841e-01 3.953354587699386968e-01 4.515665469697693890e-02 3.433025883383616916e-02
1.500000000000000000e+01 6.519849501026417915e-01 2.987358979654907154e-01 4.765519108886728805e-02 3.391809984913357612e-02
7.000000000000000000e+00 6.812375835267542312e-01 1.935444131858158889e-01 4.518598381441707446e-02 3.480008085382477190e-02
1.000000000000000000e+00 5.694416615370534451e-01 1.099988269117070372e-01 4.518598381441696343e-02 3.480005158324855907e-02
2.000000000000000000e+00 5.539494772725522820e-01 2.194093871927324524e-01 4.709998679784832554e-02 3.578011828907876057e-02
8.000000000000000000e+00 5.379560343891297558e-01 3.167324434665635957e-01 4.892670492279105332e-02 3.441546548140866912e-02
0.000000000000000000e+00 5.199858470420036793e-01 4.241079522959210757e-01 4.897772353725987626e-02 3.582261916584805750e-02
7.000000000000000000e+00 4.862946966061142406e-01 5.287335197536557896e-01 5.023346053056471083e-02 3.585856343352900044e-02
8.000000000000000000e+00 4.595655234696010560e-01 6.472416824858487905e-01 5.103386443914303960e-02 4.009173271736199418e-02
1.500000000000000000e+01 3.624437170430337973e-01 5.753932185429895263e-01 5.165003934056855428e-02 4.011192941500019149e-02
6.000000000000000000e+00 4.083215255632909879e-01 4.632587237973725958e-01 5.023313855422550933e-02 3.585095308369423694e-02
7.000000000000000000e+00 3.997902648574196416e-01 3.544424879325742128e-01 5.025011548847219123e-02 3.632004333927574269e-02
5.000000000000000000e+00 3.203794694602418724e-01 1.734683542276945212e-01 4.955368066686671735e-02 3.442222698453109575e-02
1.000000000000000000e+00 2.880223694445140925e-01 2.750695979316886142e-01 5.211579275045336024e-02 3.589471259524379398e-02
3.000000000000000000e+00 2.365191366793148176e-01 5.049961507606278710e-01 5.789898540158427975e-02 3.977704475169635545e-02
1.600000000000000000e+01 1.665678012326573532e-01 6.265569857996958758e-01 4.084527443330412955e-02 3.565361085836471489e-02
1.600000000000000000e+01 2.752844000557734816e-01 8.967312249764562981e-01 4.116590432595607085e-02 2.813874164349627893e-02
