0.000000000000000000e+00 4.100120743889807962e-01 6.090518643308666658e-01 3.579963255590690174e-02 4.919524728848823081e-02
1.600000000000000000e+01 7.106381481492876073e-01 5.725332958383871906e-01 2.685305012398031543e-02 3.397103523401767688e-02
1.600000000000000000e+01 7.567773275505591535e-01 8.973403425538498679e-01 2.528642686975779430e-02 3.247095389288001677e-02
1.000000000000000000e+00 4.158528074732548152e-01 7.551166957922498257e-01 3.772559880403791865e-02 5.105064467136521955e-02
0.000000000000000000e+00 2.298802134854924240e-01 6.694539251015367842e-01 3.585820388090518729e-02 5.000796955247632791e-02
6.000000000000000000e+00 1.227577174830376400e-01 5.087225450309018626e-01 3.327526121543880611e-02 4.729685871969496747e-02
2.000000000000000000e+00 2.110774989870456975e-01 5.333330549220871575e-01 3.701243946092189208e-02 4.934166171494192010e-02
7.000000000000000000e+00 3.217704574151802888e-01 5.886159152349028645e-01 3.501176630703189963e-02 4.669914792945617510e-02
8.000000000000000000e+00 5.306088912098609889e-01 6.374907559911455746e-01 3.712472199623162439e-02 5.096188509114008003e-02
2.000000000000000000e+00 5.869195685766656068e-01 5.400697570919151813e-01 3.745309911656358182e-02 4.700708479601889422e-02
9.000000000000000000e+00 4.825850287632132973e-01 5.145156628772860063e-01 3.441897117564790554e-02 4.662594071622916392e-02
5.000000000000000000e+00 3.915794090227958657e-01 4.878324390465086369e-01 3.540787954005747418e-02 4.509419919941676236e-02
3.000000000000000000e+00 2.840082411184869926e-01 4.582578774443170633e-01 3.560350609922685594e-02 4.789004266025398415e-02
3.000000000000000000e+00 1.940622096960689935e-01 4.267378397050369809e-01 3.253913435891658823e-02 4.381226757751183198e-02
8.000000000000000000e+00 9.938811984579953851e-02 3.773192215455380971e-01 3.248131288018422935e-02 4.288090297099522719e-02
2.000000000000000000e+00 6.805191009556998960e-01 4.386131550193831385e-01 3.489484583370661142e-02 4.164415652963671111e-02
0.000000000000000000e+00 5.639512220079792026e-01 4.072725388283019998e-01 3.607282654547938616e-02 4.511069581726834254e-02
1.000000000000000000e+00 4.651771255217855283e-01 3.785168648927298429e-01 3.429077523624901591e-02 4.687569506696870336e-02
6.000000000000000000e+00 3.701461921651607589e-01 3.508869879232349720e-01 3.625137327303473711e-02 4.711578473250244148e-02
7.000000000000000000e+00 2.779415404733552863e-01 3.197986672285726417e-01 3.346311159110904043e-02 4.278300637515880522e-02
6.000000000000000000e+00 1.910207638110389405e-01 2.870007248195568517e-01 3.557331784400019625e-02 4.437979011252402017e-02
9.000000000000000000e+00 2.521200844067779112e-01 2.070315923706078087e-01 3.056537235435013988e-02 3.821122146355460103e-02
5.000000000000000000e+00 3.414064732918036804e-01 2.277375138944088273e-01 3.071295320832889697e-02 4.044293058361855819e-02
5.000000000000000000e+00 4.452259242646947057e-01 2.562325051642167506e-01 3.331633612756423890e-02 4.187080450655047970e-02
1.500000000000000000e+01 5.448624411590605732e-01 2.788760988695233589e-01 3.553765848824019802e-02 4.382337641108191573e-02
1.500000000000000000e+01 6.352462439403920857e-01 3.105777521516325246e-01 3.423381469211828065e-02 4.310255197280249417e-02
8.000000000000000000e+00 5.948302522781809820e-01 2.110757632318003840e-01 3.338954334079113906e-02 4.298374299777035779e-02
7.000000000000000000e+00 5.173626069725456578e-01 1.615766060289183237e-01 3.159163417163934895e-02 4.109746305756839524e-02
1.000000000000000000e+00 4.075004782071183773e-01 1.427921933337783222e-01 3.228768591105757313e-02 3.898997846890206453e-02
0.000000000000000000e+00 3.330425352945864947e-01 1.159279510599762197e-01 3.327967697678296810e-02 4.131439080510844464e-02
