5.000000000000000000e+00 7.639022379638436833e-02 5.651235147786981550e-01 4.304637465263666529e-02 3.305283726331764704e-02
1.000000000000000000e+01 8.453421026946584815e-01 3.594170986042440896e-01 3.097468937038105885e-02 2.515237242956391839e-02
1.200000000000000000e+01 7.929692896587721140e-01 2.734143706315786959e-01 3.053396631052363031e-02 2.386712508328514559e-02
9.000000000000000000e+00 5.512482564135421370e-01 2.903559510538917809e-01 4.895439702548831651e-02 3.786762809863314372e-02
3.000000000000000000e+00 6.423438862855774811e-01 3.729188645026703108e-01 4.758890177306163149e-02 3.546250200934153440e-02
3.000000000000000000e+00 6.974963898914985361e-01 4.412864607531154504e-01 4.824753604510267913e-02 3.711167722978858663e-02
3.000000000000000000e+00 6.461474755387737190e-01 5.511510511948183311e-01 4.749361782620586947e-02 3.504154855856278505e-02
7.000000000000000000e+00 5.650882079275545422e-01 4.527271335270004471e-01 4.652223390744258946e-02 3.552960730213006180e-02
8.000000000000000000e+00 4.836648592973081806e-01 3.599098630716623948e-01 4.492532285071487719e-02 3.497697711707875579e-02
0.000000000000000000e+00 4.198264108755099810e-01 2.889132151034586871e-01 4.532709142733110097e-02 3.506836283115838393e-02
1.000000000000000000e+00 6.550918592654459971e-01 7.364911084637802974e-01 4.782084662323937696e-02 3.603175537273073381e-02
7.000000000000000000e+00 5.592463162892975514e-01 6.383076003801682052e-01 4.673140194039993034e-02 3.536916717887395034e-02
6.000000000000000000e+00 5.130337969759157790e-01 5.514291065698332384e-01 4.761034205333014580e-02 3.459124698388404973e-02
1.500000000000000000e+01 4.232557976267207200e-01 4.620149097944672434e-01 4.468304768368053237e-02 3.404741566709890144e-02
5.000000000000000000e+00 3.317939287853712282e-01 3.831992422130102716e-01 4.613491663661750675e-02 3.498521909494822779e-02
8.000000000000000000e+00 2.834789393909821209e-01 2.830291807844400598e-01 4.758664636695536521e-02 3.545671034921699105e-02
6.000000000000000000e+00 5.797481248614990701e-01 8.266705979443933483e-01 5.149125553809208444e-02 3.842482478493636222e-02
2.000000000000000000e+00 5.247666144518494669e-01 7.405451034838008706e-01 4.919809226303384353e-02 3.767135207835659028e-02
8.000000000000000000e+00 4.370199424354980211e-01 6.416466316645330625e-01 4.781374627068279981e-02 3.586040019770153631e-02
0.000000000000000000e+00 3.813435163444697240e-01 5.356192666559802529e-01 4.601315255140420168e-02 3.450960685174475628e-02
9.000000000000000000e+00 2.974594918078723449e-01 4.644992674649329745e-01 4.584394140440184451e-02 3.507679972066651830e-02
1.000000000000000000e+00 2.394137755245727139e-01 3.765118238856179911e-01 4.754707930427806706e-02 3.635400000071481452e-02
1.500000000000000000e+01 4.587049064220243277e-01 8.291800574494851972e-01 4.811137634313766842e-02 3.677720885759971914e-02
2.000000000000000000e+00 3.496151454336102748e-01 7.317549505524626463e-01 4.758661852243561974e-02 3.545676603825675954e-02
0.000000000000000000e+00 3.268004039772718361e-01 6.154644853581237030e-01 4.811856022925364851e-02 3.677882383974961922e-02
1.000000000000000000e+00 1.686837249114742643e-01 4.846286416621582438e-01 4.855273982695121338e-02 3.687396856400620981e-02
7.000000000000000000e+00 1.988425002395585728e-01 5.797533317867070712e-01 4.771659674099848480e-02 3.578755893382812303e-02
5.000000000000000000e+00 3.005627078538032348e-01 8.242690081091200716e-01 4.584394140440173349e-02 3.507679972066668483e-02
6.000000000000000000e+00 2.098559963124830285e-01 7.469627919476071742e-01 4.638738289790936276e-02 3.640537313979985701e-02
2.000000000000000000e+00 1.494940754139665318e-01 6.515348053908180948e-01 4.850765954934774249e-02 3.676094765801940500e-02
