1.500000000000000000e+01 6.257826689543780629e-01 5.183267175893135903e-01 4.017940062714631111e-02 5.107646889390016209e-02
1.600000000000000000e+01 2.080294137984014524e-01 3.550633065426821444e-01 2.350180720299666071e-02 3.259779152321345963e-02
1.400000000000000000e+01 1.698008907081789420e-01 1.714598072435544462e-01 2.782178550642272485e-02 3.772519526135142964e-02
8.000000000000000000e+00 3.165050624778988353e-01 5.420125620045881387e-01 3.851092911235232119e-02 4.818611729365473995e-02
0.000000000000000000e+00 3.880735942425928009e-01 4.245150246061411003e-01 3.922805702417458962e-02 5.230434309687492789e-02
3.000000000000000000e+00 4.784541297252030700e-01 3.271997254197658300e-01 4.156027319621352634e-02 5.793685509483142981e-02
1.000000000000000000e+00 5.766418845866493337e-01 1.792999052472217802e-01 3.937583279282086401e-02 5.505169641818311033e-02
5.000000000000000000e+00 5.888139788026387489e-01 3.575786697115252988e-01 3.978010931331010802e-02 5.303090729271897619e-02
7.000000000000000000e+00 4.953138760722112788e-01 4.510116650321548959e-01 4.032527726944856727e-02 5.376702646798170449e-02
9.000000000000000000e+00 4.195170285240406027e-01 5.761779339555681556e-01 3.960708109905780594e-02 4.964838523087389266e-02
2.000000000000000000e+00 3.506175111189628879e-01 6.732022513774162942e-01 3.745551932049656640e-02 4.740901853274948063e-02
7.000000000000000000e+00 3.869571750169344404e-01 8.036714300196217131e-01 3.494416212128537147e-02 4.785311735876562889e-02
6.000000000000000000e+00 4.538826099350720122e-01 7.052197411071263744e-01 3.476543652800095918e-02 4.443439320098696577e-02
0.000000000000000000e+00 5.280881676500246424e-01 6.141930427228782241e-01 3.753747849178179496e-02 4.877181972769895069e-02
6.000000000000000000e+00 7.011114857172126014e-01 4.130707112138101156e-01 3.883060548898420450e-02 5.429700141336779584e-02
3.000000000000000000e+00 7.884282407883620447e-01 2.872403563838870078e-01 4.155235027849690788e-02 5.792688468152512593e-02
2.000000000000000000e+00 4.864091397096099167e-01 8.238685496670301589e-01 3.760056509502318622e-02 4.408400439051007869e-02
5.000000000000000000e+00 6.375119699937128459e-01 6.491175310821932776e-01 3.652939848928160593e-02 4.719263682492436107e-02
8.000000000000000000e+00 7.288177806028379724e-01 5.420539273502695821e-01 4.111110014199681473e-02 5.330212627372854506e-02
7.000000000000000000e+00 8.140406005104281473e-01 4.400615399231642133e-01 4.115264353077285886e-02 5.410530834801535738e-02
3.000000000000000000e+00 9.055138606501700327e-01 3.321558665376744268e-01 3.823855285122690351e-02 5.628974875140801970e-02
8.000000000000000000e+00 9.144379146885519560e-01 4.692458447229698737e-01 3.627948533194447212e-02 5.367738176977276954e-02
1.000000000000000000e+00 8.219815302534247969e-01 5.871698991918259392e-01 3.739967313644176894e-02 5.213671552316345714e-02
0.000000000000000000e+00 7.320140992614188047e-01 6.807302398359789120e-01 3.661438439317776794e-02 4.881941658169675069e-02
5.000000000000000000e+00 6.603784600869270216e-01 7.654291085895557067e-01 3.670103203262509162e-02 5.044845155100252665e-02
0.000000000000000000e+00 5.915914214069605270e-01 8.579051371128042502e-01 3.579520811421210702e-02 4.470080501843809451e-02
2.000000000000000000e+00 6.666494049488242979e-01 8.880824624366787656e-01 3.441834151477696224e-02 4.431391737353640448e-02
9.000000000000000000e+00 7.494476636658964352e-01 8.057432284917329657e-01 3.350883803907256375e-02 4.311046474839219655e-02
1.500000000000000000e+01 8.320780277446149231e-01 7.256674860842509123e-01 3.632660740435611491e-02 4.843603045099187376e-02
6.000000000000000000e+00 9.226623780599453317e-01 6.173990350562741369e-01 3.462831367119068027e-02 4.828036143847813655e-02
