1.600000000000000000e+01 7.634151135285094369e-01 5.695184966192878839e-01 2.918319960360737930e-02 3.381029004518809611e-02
2.000000000000000000e+00 3.174921029463484423e-01 1.232319533446447346e-01 3.233044357235492772e-02 4.212066665498220841e-02
1.000000000000000000e+01 6.808269906758317447e-01 8.218401326027878762e-01 2.703224923852265427e-02 4.539043998029002047e-02
9.000000000000000000e+00 6.670885120305078964e-01 4.231101839472302673e-01 3.600713805722877137e-02 4.494730525176038327e-02
5.000000000000000000e+00 6.033971719883388651e-01 5.401442467039130335e-01 3.787179778048566092e-02 5.049592929995272428e-02
9.000000000000000000e+00 5.221895320855631795e-01 6.376782113037831046e-01 3.589364174820763864e-02 4.857549796786531093e-02
3.000000000000000000e+00 4.597620727264874474e-01 7.306023648953529070e-01 3.539264668814334769e-02 5.229282760353126669e-02
1.000000000000000000e+00 4.194540647373067310e-01 5.946504422172367299e-01 3.227594689816198903e-02 4.303430651734785339e-02
5.000000000000000000e+00 4.933224077670210761e-01 5.126756849934858140e-01 3.502701170982230883e-02 4.415437728593962774e-02
1.500000000000000000e+01 5.611631446556800684e-01 4.110481900978978365e-01 3.370531138459731402e-02 4.494877007028025284e-02
5.000000000000000000e+00 6.222602639728904705e-01 3.161011085672529308e-01 3.315198975185096320e-02 4.760939590147311717e-02
3.000000000000000000e+00 5.832063033943317709e-01 1.874436159134599267e-01 3.646410718289061492e-02 4.607033278366082230e-02
0.000000000000000000e+00 5.218019519557131058e-01 2.815848031217563219e-01 3.340627139639273935e-02 4.312471837154641108e-02
1.000000000000000000e+00 4.638002925599460369e-01 3.744075180308251705e-01 3.347012663335158233e-02 4.462710677382430990e-02
7.000000000000000000e+00 3.886367651328431760e-01 4.755306135196034623e-01 3.514121330183445080e-02 4.685520424762229519e-02
6.000000000000000000e+00 3.295697486528284537e-01 5.755499411273908850e-01 3.590015205274055266e-02 4.871861616251038640e-02
7.000000000000000000e+00 2.596758515984204929e-01 6.681528654428070535e-01 3.733730177834646002e-02 5.063443602888717532e-02
8.000000000000000000e+00 4.968215472588985993e-01 1.724052464630958514e-01 3.547087884761190857e-02 4.764002145904602803e-02
2.000000000000000000e+00 3.702066762153921609e-01 3.510846775574536505e-01 3.357469839990895322e-02 4.377989914396168691e-02
6.000000000000000000e+00 2.972345037308806170e-01 4.553758771157531693e-01 3.243167880783925927e-02 4.442311723179792615e-02
0.000000000000000000e+00 2.293328005528993407e-01 5.544340125118167872e-01 3.384167513828981178e-02 4.453189357003284332e-02
8.000000000000000000e+00 4.000404993782418761e-01 1.474176533050264304e-01 3.184990171903090417e-02 4.186833810180010107e-02
8.000000000000000000e+00 3.383432791775903281e-01 2.433569730621355509e-01 3.234818415220663823e-02 4.254128658033598520e-02
2.000000000000000000e+00 2.605576723473822520e-01 3.262598420127030829e-01 3.287302320262236455e-02 4.383070664558602614e-02
1.000000000000000000e+00 2.106690866446634391e-01 4.362473817164163048e-01 3.331754137086515022e-02 4.324252775732045917e-02
7.000000000000000000e+00 1.439521639497026440e-01 5.216892694347586845e-01 3.339919144021347153e-02 4.512254094876716470e-02
0.000000000000000000e+00 1.603346535865263767e-01 6.408391540383182594e-01 3.200102216299746671e-02 4.636139764881275216e-02
6.000000000000000000e+00 1.218870329332528979e-01 4.064114698308624041e-01 3.246919443770927838e-02 4.525849780842611247e-02
1.500000000000000000e+01 1.785349423171055938e-01 3.105002257620507189e-01 3.327731311410650483e-02 4.583775215422808413e-02
3.000000000000000000e+00 2.542283814069058456e-01 2.167305599324236554e-01 3.115435705851254955e-02 4.202767780523936070e-02
