5.000000000000000000e+00 5.479392654883893377e-01 5.239788880859090892e-01 4.157064625816175862e-02 5.350205487401360482e-02
3.000000000000000000e+00 1.158121244090998259e-01 4.483925579204668943e-01 4.160191701084765825e-02 4.503858131403659648e-02
2.000000000000000000e+00 1.706236599330992476e-01 3.386667339829241286e-01 3.360341350819162631e-02 4.597410038272553567e-02
2.000000000000000000e+00 2.621956532306239929e-01 2.367863499369947666e-01 3.441796940912558722e-02 4.125833927159305858e-02
8.000000000000000000e+00 3.169521144646687549e-01 1.233757985113011768e-01 3.443639426249223146e-02 4.244021922900886867e-02
3.000000000000000000e+00 1.343904276220589944e-01 5.707239140879163397e-01 3.632580003319513251e-02 4.960371066589064348e-02
8.000000000000000000e+00 2.307091237681634099e-01 4.673311614298123473e-01 3.892101501593986379e-02 4.494628538707895471e-02
6.000000000000000000e+00 2.954740425980210139e-01 3.381492216224856184e-01 3.366561169331433456e-02 4.953001125242412206e-02
3.000000000000000000e+00 3.572282431136997172e-01 2.444724320129991746e-01 3.534373246073679864e-02 4.366009329398809480e-02
7.000000000000000000e+00 4.276334987904397145e-01 1.182411580862853251e-01 3.444314622739053089e-02 4.244983219598273683e-02
1.500000000000000000e+01 1.683650704545655019e-01 7.321754396257856845e-01 3.731665088202543168e-02 5.554584031671394584e-02
0.000000000000000000e+00 2.428844042009362936e-01 5.853439207942592315e-01 3.807713384373129228e-02 4.847224156504625903e-02
9.000000000000000000e+00 4.764636088001080738e-01 2.532517029820768317e-01 3.541849044497130672e-02 4.838383660091141736e-02
9.000000000000000000e+00 5.180389041866425570e-01 1.470426657108492574e-01 3.632568559311216694e-02 4.959432657908278974e-02
1.000000000000000000e+00 2.727355705719937129e-01 7.402132246869391752e-01 3.790618896971631457e-02 5.537606845354980933e-02
0.000000000000000000e+00 3.436327326405959059e-01 6.109142985047427699e-01 3.633953284315782906e-02 5.038716747426330578e-02
7.000000000000000000e+00 4.271210647086853274e-01 5.060032835701884224e-01 3.779074753596722847e-02 4.849241162967904417e-02
5.000000000000000000e+00 5.144245430445402167e-01 3.804575057407798555e-01 3.775950539330208411e-02 4.648879465611965855e-02
8.000000000000000000e+00 5.977851885899972961e-01 2.352647259831057158e-01 3.626005420549871516e-02 4.545582985673701781e-02
5.000000000000000000e+00 6.637717123910898964e-01 1.330350994138121412e-01 4.000241658046177484e-02 4.754479052221054214e-02
1.500000000000000000e+01 4.082443732842551687e-01 7.636169941356184543e-01 4.456937697364404816e-02 5.555854316592934161e-02
6.000000000000000000e+00 4.417441899072905853e-01 6.060554300697905683e-01 3.713151543771564533e-02 5.337674298310379761e-02
0.000000000000000000e+00 5.987702029945933813e-01 3.963414602490760164e-01 4.009396864687986284e-02 5.344849691515896062e-02
1.000000000000000000e+00 7.019603108756853338e-01 2.550455941984869912e-01 3.924505211101825264e-02 4.652558714281132546e-02
6.000000000000000000e+00 5.156150918382449433e-01 7.954432389845315088e-01 4.457881828049337081e-02 5.851773483272748599e-02
2.000000000000000000e+00 6.391747334167758865e-01 6.841579257306296125e-01 4.243386780440105976e-02 6.042625209729513003e-02
1.000000000000000000e+00 6.781960265554641820e-01 5.215732574057017068e-01 4.004796373350472116e-02 5.049579972307249864e-02
7.000000000000000000e+00 7.538214093992378073e-01 4.013617464211315378e-01 4.530396786656609720e-02 5.559167356996436160e-02
1.600000000000000000e+01 7.063215938296552032e-01 8.028902271170810234e-01 3.326870487537136878e-02 4.339030079826244890e-02
1.200000000000000000e+01 7.411880825341670143e-01 7.414440277798470813e-01 3.691882854341821396e-02 3.957967491377623048e-02
