0.000000000000000000e+00 4.186247117214857427e-01 3.297585004421833554e-01 4.877321615757540529e-02 4.103675159204667189e-02
1.300000000000000000e+01 4.872526880057477250e-01 8.631245480606222209e-01 4.224633393646182178e-02 3.453699239029917045e-02
1.000000000000000000e+01 4.049778630513073407e-01 8.455272142332455054e-01 3.904880234251589810e-02 3.520683824036618947e-02
5.000000000000000000e+00 2.029655713474987078e-01 6.291358247803405801e-01 6.295620810158747416e-02 4.473930453375896121e-02
0.000000000000000000e+00 1.272958970706968007e-01 5.148234835006841870e-01 6.019351414504026110e-02 4.060350772181159362e-02
6.000000000000000000e+00 1.431764393982400130e-01 4.245425575542194907e-01 5.486792667909116961e-02 3.817278097664911218e-02
6.000000000000000000e+00 1.277384862120274633e-01 3.194049253061057581e-01 5.590387533542869047e-02 3.836061368127513527e-02
2.000000000000000000e+00 1.714459134401123130e-01 2.524180510701987679e-01 5.415644003967701181e-02 4.003980676484009127e-02
0.000000000000000000e+00 2.681086163518413001e-01 4.943931850736381639e-01 5.527381570928191490e-02 4.244601847326801014e-02
1.000000000000000000e+00 3.984050223807127367e-01 6.281479209595892677e-01 5.529091248430956229e-02 3.898968806953895250e-02
7.000000000000000000e+00 3.620832860542413933e-01 5.403697165677044945e-01 5.473451387870575946e-02 3.940626982851824778e-02
2.000000000000000000e+00 4.783930232760709167e-01 6.120740546751017863e-01 5.231558101055383547e-02 4.122351212603536652e-02
8.000000000000000000e+00 4.980636743177774273e-01 4.679972567765351976e-01 5.069799427225807342e-02 3.921748086359400087e-02
9.000000000000000000e+00 2.553502928753678680e-01 3.181112065442451842e-01 5.154489316540836197e-02 3.925645571514019272e-02
1.500000000000000000e+01 4.561568272759539688e-01 4.117344795646570299e-01 4.858839712176776793e-02 3.942591663100758481e-02
2.000000000000000000e+00 3.188040316190528523e-01 2.038744967608976388e-01 4.777337357188948808e-02 3.831624899895760827e-02
3.000000000000000000e+00 3.748634731184409263e-01 1.865805292687153227e-01 5.099078378900312458e-02 3.741579952911047724e-02
3.000000000000000000e+00 5.958493310841839197e-01 5.427984438595162553e-01 4.633098531125012798e-02 3.824229820256674905e-02
8.000000000000000000e+00 6.199326887381164664e-01 5.790192947245320632e-01 4.888779352784544674e-02 3.751212102096135315e-02
6.000000000000000000e+00 7.574621317519135699e-01 6.920318464383137247e-01 5.424557509049932058e-02 4.613799459653100676e-02
5.000000000000000000e+00 6.616239860154595753e-01 5.189038606817155674e-01 4.653406022547701415e-02 3.985626274276338199e-02
7.000000000000000000e+00 6.407704699625168532e-01 3.885916039139626355e-01 4.947418393370983658e-02 4.107065536625409408e-02
1.000000000000000000e+00 5.309634186784989440e-01 2.265433570795536977e-01 4.610275785342321520e-02 3.767819155940801967e-02
5.000000000000000000e+00 4.984051316881817351e-01 1.702205672895699684e-01 4.410110220628549182e-02 3.349037998275786188e-02
1.000000000000000000e+00 6.408892201049971593e-01 2.772215161950212226e-01 4.355255652616041306e-02 3.389676163189014879e-02
8.000000000000000000e+00 6.770537385451759205e-01 3.398280807585004615e-01 4.533462003573940358e-02 3.400113889231326514e-02
7.000000000000000000e+00 8.705365506092275218e-01 6.101134312880306387e-01 4.452266810984906176e-02 3.752133589292538929e-02
3.000000000000000000e+00 8.848367568837260944e-01 4.893823231561221232e-01 4.674119200157489384e-02 4.166431914590129626e-02
1.500000000000000000e+01 7.713781242296460228e-01 2.815729062378259373e-01 4.525840898773469956e-02 3.428558286463800897e-02
9.000000000000000000e+00 9.178117994985313111e-01 4.184492524455660778e-01 4.352131868975395168e-02 3.642911276692056832e-02
