1.200000000000000000e+01 7.386576553965619185e-01 8.713194590166176701e-01 2.666046000447841458e-02 4.215433232509835371e-02
9.000000000000000000e+00 6.554970981185923584e-01 1.654203325837070027e-01 3.585772541667298086e-02 4.698336617605841647e-02
8.000000000000000000e+00 5.345146150747356328e-01 1.492815106337320730e-01 3.512312791688576574e-02 4.435710043996995977e-02
3.000000000000000000e+00 4.387783438816183490e-01 1.310407513033330362e-01 3.450764356917901399e-02 4.518264051836426431e-02
1.500000000000000000e+01 3.379881864419988502e-01 1.141438563756764224e-01 3.236941167717377610e-02 3.902230520222584043e-02
0.000000000000000000e+00 6.895877887452404043e-01 2.820855614222661512e-01 3.835363822641635334e-02 4.372249424845103816e-02
5.000000000000000000e+00 5.818060364310192467e-01 2.590635728504376289e-01 3.585800996792021245e-02 4.699250027109372341e-02
6.000000000000000000e+00 3.797721895464208908e-01 2.237491838127422528e-01 4.103522072496162965e-02 4.646201138092742600e-02
5.000000000000000000e+00 2.845713299800465834e-01 2.130444085755369699e-01 3.603855773427244724e-02 5.217930040516599588e-02
1.500000000000000000e+01 1.912491204304138104e-01 3.039091766440486508e-01 3.450764356917909725e-02 4.518261206323948009e-02
1.000000000000000000e+00 3.153631468600228138e-01 3.112433285375991732e-01 3.320832566418674414e-02 4.510473038687923264e-02
6.000000000000000000e+00 3.994697658971408938e-01 3.460477590576140905e-01 3.803553838716466906e-02 5.401459903939570539e-02
8.000000000000000000e+00 5.105726723206898132e-01 3.764674255889318699e-01 3.851662918081599774e-02 4.887201816913927521e-02
9.000000000000000000e+00 6.162383308299381746e-01 3.822966286186966212e-01 4.257455760697226310e-02 5.430102832483335584e-02
1.000000000000000000e+00 7.325006777851406081e-01 4.150863224879937086e-01 4.068946250448135515e-02 5.589736082165941422e-02
0.000000000000000000e+00 6.716568203576744889e-01 5.368090940565817260e-01 4.189556142088912694e-02 5.338693589830856290e-02
0.000000000000000000e+00 5.464375684287924306e-01 4.950209791866375664e-01 3.735679829720406353e-02 5.310955534253197774e-02
6.000000000000000000e+00 4.205305845905379925e-01 4.881061704660947242e-01 3.788697418099828962e-02 4.969741597190990845e-02
2.000000000000000000e+00 3.271812146243594510e-01 4.461043291543740352e-01 3.859311655606495473e-02 5.141212178757365026e-02
8.000000000000000000e+00 2.201855778132323360e-01 4.334294491295751506e-01 3.648063655193178878e-02 4.616704555807366051e-02
2.000000000000000000e+00 1.343225946578595065e-01 4.096680114591946253e-01 3.468833361115489233e-02 5.036966829343431096e-02
7.000000000000000000e+00 1.579694150858654833e-01 5.049464966058067050e-01 3.993116188580209114e-02 5.242338846501937155e-02
3.000000000000000000e+00 2.594273289373035252e-01 5.764704159946583140e-01 4.130986958876495252e-02 5.507022725628074600e-02
2.000000000000000000e+00 3.670974660248079724e-01 5.805472670787538148e-01 3.927359240863353973e-02 5.236477090809477097e-02
5.000000000000000000e+00 4.737951634525479627e-01 6.060340954641307842e-01 4.317262741834992923e-02 5.260840368595287586e-02
1.000000000000000000e+00 5.871716485688358578e-01 6.352447891114441081e-01 3.992322290600491819e-02 5.240369751871265525e-02
3.000000000000000000e+00 1.680090091000395192e-01 6.858714925464796108e-01 4.387054626237230082e-02 5.436567836819850008e-02
7.000000000000000000e+00 2.834940331856867779e-01 7.083019559856161829e-01 3.745929365644756759e-02 5.572691462458290168e-02
7.000000000000000000e+00 5.010440185259990020e-01 7.701358241123616999e-01 3.942468912089991395e-02 5.669387667283865007e-02
1.400000000000000000e+01 6.821881473821453934e-01 8.507727817442347629e-01 2.798299729124276158e-02 4.308134337824631732e-02
