1.500000000000000000e+01 3.877722594457702066e-01 7.769681627172606575e-01 4.708693153981868829e-02 3.203137083023910314e-02
1.100000000000000000e+01 6.159429201127903930e-01 2.147954720277818474e-01 4.071026366848629063e-02 2.779173056948996967e-02
1.000000000000000000e+01 7.546295533415976475e-01 3.652057098870678531e-01 3.229781639002271554e-02 2.922861756310235481e-02
1.000000000000000000e+00 7.778543271492844857e-01 5.453368434479344273e-01 5.333919529154362849e-02 3.863582636061235753e-02
7.000000000000000000e+00 6.986278713983820055e-01 7.652397327820981143e-01 5.524713185618890243e-02 3.779100979803440286e-02
1.000000000000000000e+00 6.269786969727327852e-01 8.554887096708805316e-01 4.805021765187555971e-02 3.877387444518787252e-02
6.000000000000000000e+00 5.008079612181822737e-01 8.653715160277459795e-01 4.769414344417149954e-02 3.706100220896879627e-02
2.000000000000000000e+00 5.254139091625285030e-01 7.629594158077136479e-01 5.244934255191657790e-02 3.670858857723158231e-02
3.000000000000000000e+00 5.792356349224561107e-01 6.701345027035710000e-01 4.936469720368064085e-02 3.505251073177373389e-02
3.000000000000000000e+00 6.182186059039438408e-01 5.730814302360305312e-01 5.228639145811053712e-02 3.527414196759703913e-02
0.000000000000000000e+00 6.892875235755431262e-01 4.568775554274070450e-01 5.009847629525798762e-02 4.085158408612343806e-02
7.000000000000000000e+00 5.772451135454632620e-01 3.579222036489885239e-01 5.173974544703086043e-02 3.879861106460152920e-02
1.000000000000000000e+00 5.310053834889283397e-01 4.876790697934431096e-01 4.990590781408210663e-02 3.940085900609013869e-02
7.000000000000000000e+00 4.761881058583249393e-01 5.856612768631661581e-01 4.830875969536668757e-02 3.426071705744604401e-02
5.000000000000000000e+00 4.367837803977206446e-01 6.701987291728110918e-01 4.732844635873578731e-02 3.418850387700511639e-02
1.500000000000000000e+01 2.103974009299132419e-01 3.400931604141905762e-01 4.280874430487102700e-02 3.242635252341125041e-02
8.000000000000000000e+00 3.632606129300297582e-01 8.723702044971162195e-01 4.514064212242768770e-02 3.189049411877986628e-02
8.000000000000000000e+00 2.789425317278647620e-01 7.897873333640603732e-01 4.323550645302981499e-02 3.211378925277008634e-02
7.000000000000000000e+00 3.087186827144025592e-01 6.794460373564874534e-01 4.459807266185666919e-02 3.186309526229902378e-02
6.000000000000000000e+00 3.589347966100562282e-01 5.993057410007193164e-01 4.685454042918307804e-02 3.513515100739361685e-02
9.000000000000000000e+00 3.865648240093653154e-01 4.870433636329830618e-01 4.582802618678610829e-02 3.437064526300215306e-02
5.000000000000000000e+00 4.197948254815431213e-01 3.976185987011457423e-01 4.711446905447985722e-02 3.723454678777027294e-02
0.000000000000000000e+00 4.853345818130906375e-01 2.916415689270184242e-01 4.711535646683556733e-02 3.724136877025435721e-02
5.000000000000000000e+00 3.433879976983527094e-01 3.211695217703356420e-01 4.790701148298281975e-02 3.624314079669366251e-02
2.000000000000000000e+00 3.008971411382568295e-01 4.231243550424838573e-01 4.457455623443196124e-02 3.532322696351897218e-02
0.000000000000000000e+00 2.367775218921087388e-01 6.164782793479717249e-01 4.459818358840111907e-02 3.186392721138253670e-02
9.000000000000000000e+00 1.849627207719353739e-01 7.090293980087605252e-01 4.063680256442012140e-02 3.332727018584780154e-02
6.000000000000000000e+00 1.103833107479332276e-01 6.372373779254880688e-01 4.035737859893513690e-02 3.122038686372030636e-02
3.000000000000000000e+00 1.444004469795716616e-01 5.615680314072961643e-01 4.221825457709496576e-02 3.134989360437290262e-02
2.000000000000000000e+00 1.913079271020964589e-01 4.692954215680005814e-01 4.286201677784612363e-02 3.277934851950659034e-02
