1.500000000000000000e+01 7.750422312573466144e-01 4.572531748922471495e-01 5.262348239413228157e-02 3.791355434314397366e-02
0.000000000000000000e+00 2.343974648926681059e-01 7.275122965988416457e-01 3.911078693142691631e-02 3.125270371876731623e-02
1.400000000000000000e+01 4.933924076434779704e-01 1.900903605721965817e-01 3.663931018893429314e-02 3.176216910140142180e-02
1.500000000000000000e+01 1.986243205153349900e-01 6.131046332169065582e-01 3.912453010854211044e-02 3.276705251460831914e-02
7.000000000000000000e+00 1.894243971797373860e-01 5.635992758486418897e-01 4.012579107466224260e-02 3.201446839314869841e-02
7.000000000000000000e+00 1.806360225463620739e-01 4.663492363098479254e-01 4.165371713401119780e-02 3.425474452425397720e-02
1.000000000000000000e+00 2.659312400878675042e-01 3.960428614188714613e-01 4.535713006092270683e-02 3.617356304175084469e-02
6.000000000000000000e+00 3.082117788292142446e-01 6.523089677704270173e-01 3.962934991017946773e-02 3.121885734293450287e-02
2.000000000000000000e+00 3.314470116635078734e-01 7.420360419304814492e-01 3.949202874809953911e-02 3.091556726929522991e-02
3.000000000000000000e+00 4.072867297839296019e-01 8.238813901888754065e-01 4.365546480275206420e-02 3.123666540342173725e-02
1.000000000000000000e+00 4.548231903776441820e-01 7.571399318413476465e-01 4.326003737267891669e-02 3.244529072605362163e-02
3.000000000000000000e+00 4.159931983999709537e-01 6.530151513864554946e-01 4.570292167022788066e-02 3.518021062423215550e-02
5.000000000000000000e+00 3.777230818891991193e-01 5.784755875952071191e-01 4.327154071609923269e-02 3.380733083064679789e-02
9.000000000000000000e+00 3.219623114475880232e-01 3.177592773453925545e-01 4.692523486543925815e-02 3.654722813703603634e-02
8.000000000000000000e+00 3.848609064815010639e-01 4.645789796013068962e-01 4.897410199857482604e-02 3.564833586644955421e-02
0.000000000000000000e+00 4.835594132880136620e-01 3.980330504396563662e-01 4.472419730239513003e-02 3.843457837373398522e-02
8.000000000000000000e+00 5.038898721689382132e-01 5.661184251008861690e-01 4.652709751311812081e-02 3.364169374630154863e-02
0.000000000000000000e+00 5.200126928450725661e-01 6.501665806674659098e-01 4.358688717851555428e-02 3.362869718041794354e-02
5.000000000000000000e+00 5.350326304707846425e-01 7.315605056534162376e-01 4.606740621259119983e-02 3.727276834055059940e-02
0.000000000000000000e+00 5.694671976927845325e-01 8.978579814592245745e-01 4.530448014296040160e-02 3.072714471625204169e-02
9.000000000000000000e+00 5.533716421527377083e-01 4.694579457385169019e-01 4.678365525411243286e-02 3.454335124367169385e-02
6.000000000000000000e+00 5.714129771714226980e-01 3.858520467175927671e-01 4.536188625099069061e-02 3.781707558065972030e-02
1.000000000000000000e+00 6.520519122886117014e-01 8.158287179674448275e-01 4.628779478725431051e-02 3.246000173254304233e-02
8.000000000000000000e+00 6.848117199090465457e-01 8.666346167966325620e-01 4.507706789226673116e-02 3.245391823361887251e-02
6.000000000000000000e+00 6.279910933457681921e-01 5.437830523665532212e-01 4.994491781780630024e-02 3.565328562239244992e-02
5.000000000000000000e+00 6.895724449489843977e-01 7.207365231493332303e-01 4.873679023599530868e-02 3.474037365201232408e-02
7.000000000000000000e+00 8.158381197385096151e-01 8.346873987188641042e-01 5.080938301493520548e-02 3.295763194454270906e-02
2.000000000000000000e+00 7.476147763575817784e-01 6.521402059798161455e-01 4.751854192415594369e-02 3.509354841683021142e-02
2.000000000000000000e+00 7.847126164517936875e-01 6.016272829283644263e-01 5.054591220698168019e-02 3.632623121248057529e-02
1.200000000000000000e+01 7.492919970109842565e-01 2.381590443649753142e-01 3.220327807794176600e-02 2.740422699478151092e-02
