3.000000000000000000e+00 3.860605431080219585e-01 1.843796575134509230e-01 3.240191747699888714e-02 4.164094910366736291e-02
1.000000000000000000e+01 7.884493892288644279e-01 5.645034265842771015e-01 2.833358978370270620e-02 4.047517977990922056e-02
2.000000000000000000e+00 7.568971545416471880e-01 6.055231744998594845e-01 3.147693413701169174e-02 3.749468420686397074e-02
9.000000000000000000e+00 5.287206107968260849e-01 7.951921622544420032e-01 3.644166725063868739e-02 5.575858316944326543e-02
6.000000000000000000e+00 3.711677471471238055e-01 8.081844840315288714e-01 3.748547009586367107e-02 5.495891173906020111e-02
2.000000000000000000e+00 2.637890916762450910e-01 8.109324437940372832e-01 3.748646238474062642e-02 5.558308979377579728e-02
5.000000000000000000e+00 1.415093617201233500e-01 7.759015278153216233e-01 3.262316954544916547e-02 5.170465784041822221e-02
2.000000000000000000e+00 1.346294685473058972e-01 6.528697562949106192e-01 3.370263808802295702e-02 4.950013216915216674e-02
7.000000000000000000e+00 2.373208490501096946e-01 6.499070368683181886e-01 3.486696150513179937e-02 5.395460199113810695e-02
1.500000000000000000e+01 3.609379009012597672e-01 6.559674270087687553e-01 3.787081839345168843e-02 4.893350686929986981e-02
7.000000000000000000e+00 4.554675636355502988e-01 6.304749587375653164e-01 3.541589571186365415e-02 4.946355923625878059e-02
3.000000000000000000e+00 5.700999074991955906e-01 6.537017479915716578e-01 4.215770479967506645e-02 5.321650917334763697e-02
0.000000000000000000e+00 9.034937124426603572e-02 5.250300049523206614e-01 3.149034421240594350e-02 4.796180089876356245e-02
8.000000000000000000e+00 2.932181116778851404e-01 5.156329584097747443e-01 3.597841010065433442e-02 4.872277306294525712e-02
9.000000000000000000e+00 5.148976440008398159e-01 4.982654932186370011e-01 3.710607553153733029e-02 4.798309258295180291e-02
5.000000000000000000e+00 5.631646587825993588e-01 1.501595974783172249e-01 3.513366040414667157e-02 4.321083516034335270e-02
1.000000000000000000e+00 6.487913072550692828e-01 4.993020240039494073e-01 4.159612599753981232e-02 4.874616272933057770e-02
6.000000000000000000e+00 7.174444575716638628e-01 3.944607362447783983e-01 3.912328541394494152e-02 4.678179931739873121e-02
5.000000000000000000e+00 5.693787686456458497e-01 4.066205560052101875e-01 3.440072748851652484e-02 5.038205017187957768e-02
3.000000000000000000e+00 4.811355536335318872e-01 3.783184784811285950e-01 3.575803691663786976e-02 5.036472764319899209e-02
8.000000000000000000e+00 3.590040574600719125e-01 4.080202786950436478e-01 3.642647105526591877e-02 4.408402102095348996e-02
7.000000000000000000e+00 2.724238477279584680e-01 3.910719988521982327e-01 3.238541713053066928e-02 4.677610074413390828e-02
0.000000000000000000e+00 1.740689113730042870e-01 3.946318210227208745e-01 3.440696473288601398e-02 4.317834478740073534e-02
3.000000000000000000e+00 2.548434231682707996e-01 2.804709703067387316e-01 3.220910157265099993e-02 4.251164006652968785e-02
2.000000000000000000e+00 3.210360798100108659e-01 2.828255584073111617e-01 3.383438569977192945e-02 4.251509890204369091e-02
8.000000000000000000e+00 4.315085644192385717e-01 2.750521941541275162e-01 3.481561764352708588e-02 4.337787990500113766e-02
0.000000000000000000e+00 4.735016343186713161e-01 1.746323188217842604e-01 3.318196993872907230e-02 4.269113094881554771e-02
1.000000000000000000e+00 5.432896512482843221e-01 2.617023081680076024e-01 3.546247658685908188e-02 4.511971544849815996e-02
1.500000000000000000e+01 6.452830841061484302e-01 2.595340719185273981e-01 3.676384927343079312e-02 4.771452251062616168e-02
1.000000000000000000e+00 3.006536015684654339e-01 1.726197443459876468e-01 3.045688952261210725e-02 4.112232223434886258e-02
