1.200000000000000000e+01 8.437693487133008929e-01 5.982764263340305533e-01 2.634304151762667523e-02 3.950103265721094381e-02
9.000000000000000000e+00 4.727904627476352539e-01 1.244281356355683016e-01 3.428329135759350388e-02 4.516154165708233248e-02
8.000000000000000000e+00 3.735067344400351819e-01 2.058343679153140371e-01 3.340266589954765664e-02 4.289443028009787273e-02
3.000000000000000000e+00 2.925579860492009132e-01 2.660822124203472416e-01 3.298903052456908513e-02 4.343553321688561897e-02
1.500000000000000000e+01 2.083410844844517662e-01 3.312694999584969713e-01 3.059175111742123976e-02 3.804419817377285851e-02
0.000000000000000000e+00 5.496175872160704579e-01 1.869815390948104672e-01 3.599795237521108415e-02 4.308125359078290861e-02
5.000000000000000000e+00 4.574006299844196599e-01 2.529139922339668223e-01 3.428454612066716978e-02 4.516896112569179778e-02
6.000000000000000000e+00 2.879584201442980107e-01 3.824803771422663479e-01 3.848366530159397225e-02 4.584257795404150793e-02
5.000000000000000000e+00 2.107014438520300459e-01 4.480598326958517008e-01 3.501869162859203022e-02 4.943087301521792432e-02
1.500000000000000000e+01 1.791317822221669687e-01 5.896331818433153682e-01 3.298905780202718296e-02 4.343553321688542468e-02
1.000000000000000000e+00 2.769671047808890396e-01 4.990875553870535164e-01 3.192605525897035390e-02 4.311750533262842522e-02
6.000000000000000000e+00 3.562649395737395031e-01 4.604781546422411775e-01 3.683632505062428564e-02 5.130557087964354723e-02
8.000000000000000000e+00 4.542375768566531691e-01 3.976140609349769761e-01 3.665427529511078308e-02 4.722295372236057220e-02
9.000000000000000000e+00 5.373498231997915209e-01 3.202108774671692526e-01 4.054565019349276600e-02 5.242391938523222050e-02
1.000000000000000000e+00 6.402893037225063644e-01 2.551575495258620041e-01 3.919012418952383392e-02 5.334502459113274475e-02
0.000000000000000000e+00 6.469303009546122363e-01 3.951032527471208255e-01 3.989393716401590240e-02 5.154888580610150761e-02
0.000000000000000000e+00 5.332403104687990503e-01 4.602330939584633462e-01 3.618583950676279581e-02 5.043814771132937302e-02
6.000000000000000000e+00 4.342205188459979381e-01 5.524872849204521819e-01 3.622942888484359525e-02 4.776184718504028481e-02
2.000000000000000000e+00 3.447389178374725693e-01 5.927678800533628944e-01 3.699025174681286332e-02 4.928998494401215513e-02
8.000000000000000000e+00 2.576297464717449692e-01 6.659813141471090381e-01 3.470380065201908448e-02 4.462908567451950859e-02
2.000000000000000000e+00 1.818041684332152852e-01 7.143717157996798406e-01 3.372361247182389943e-02 4.769861803711106241e-02
7.000000000000000000e+00 2.413491955909779496e-01 7.687069666755970143e-01 3.818904147640644897e-02 5.037470034373492389e-02
3.000000000000000000e+00 3.498767907397055676e-01 7.446568137328812842e-01 3.959835862779415017e-02 5.279137402360845055e-02
2.000000000000000000e+00 4.337540333959059025e-01 6.643647428689021250e-01 3.764750210028872113e-02 5.019663309710742372e-02
5.000000000000000000e+00 5.262182744241716836e-01 6.011515522525787691e-01 4.085824986358332911e-02 5.118882335887675605e-02
1.000000000000000000e+00 6.253978028417415125e-01 5.356045295967016839e-01 3.818047635455590338e-02 5.035729732545246584e-02
3.000000000000000000e+00 3.278353770906322628e-01 8.988897812212912619e-01 4.161154414711071281e-02 5.274314747764674571e-02
7.000000000000000000e+00 4.256684628977882578e-01 8.265394059025594764e-01 3.657939867256287947e-02 5.260757851077502156e-02
7.000000000000000000e+00 6.184968514337225720e-01 7.051759936721395672e-01 3.826378171166366915e-02 5.375683237641704082e-02
1.400000000000000000e+01 7.917576735526827836e-01 6.263501952921091132e-01 2.750331547635032070e-02 4.049758731227981468e-02
