7.000000000000000000e+00 2.076621012261722354e-01 3.463056111920638225e-01 3.459305991316510842e-02 4.754991282893816784e-02
6.000000000000000000e+00 1.022194047198607958e-01 3.093463235812415335e-01 3.428254686290659048e-02 4.819691176263041221e-02
6.000000000000000000e+00 1.911467676744852684e-01 1.996692453037499926e-01 3.015070648507334194e-02 3.978643860158559420e-02
1.500000000000000000e+01 2.765623443954584593e-01 1.348065627477980088e-01 3.268130279850078868e-02 4.599008490391989779e-02
0.000000000000000000e+00 3.655227673648678843e-01 6.333442862023859476e-02 3.529810623908896661e-02 4.171066915588292345e-02
6.000000000000000000e+00 4.377974269391197160e-01 8.464789211682288705e-02 3.212420982579983209e-02 4.283209077622349148e-02
0.000000000000000000e+00 3.727305120582672382e-01 1.755636482432509637e-01 3.342263549426621738e-02 4.396541886166832613e-02
5.000000000000000000e+00 2.745834682961021955e-01 2.688974562391448497e-01 3.614476120327092534e-02 4.699581672160355050e-02
3.000000000000000000e+00 1.419826918615214595e-01 4.437923186197169079e-01 3.365285415173549510e-02 4.636158821420227616e-02
5.000000000000000000e+00 1.055437113759974954e-01 5.798929748228446313e-01 3.245791483416386736e-02 4.723167812557349521e-02
9.000000000000000000e+00 3.120135202579228384e-01 4.084882861468628890e-01 3.410416587663944732e-02 4.759151795983529443e-02
8.000000000000000000e+00 3.779102158610294637e-01 3.048323018728340550e-01 3.601665195855502377e-02 4.836497921223120722e-02
2.000000000000000000e+00 4.478314316633085213e-01 2.114324818425185881e-01 3.372213303939408657e-02 4.427574292041724924e-02
0.000000000000000000e+00 5.402394242512887912e-01 1.263422675047003452e-01 3.522574948970258468e-02 4.558286219832483055e-02
3.000000000000000000e+00 2.244321683340011198e-01 6.266129449368061932e-01 3.828506305060525028e-02 5.452464449040483885e-02
7.000000000000000000e+00 3.133544150184731092e-01 5.285812939906401331e-01 3.543806795133486176e-02 5.123171042486029947e-02
2.000000000000000000e+00 3.587476512357101188e-01 4.498251975937419544e-01 3.821070839097462368e-02 5.141441121706097350e-02
1.000000000000000000e+00 4.636494540415713184e-01 3.456158056814491175e-01 3.524653855575760053e-02 4.819229497003896245e-02
2.000000000000000000e+00 5.556409363411995983e-01 2.502481520556948946e-01 3.640559648529395620e-02 4.854095730644780726e-02
8.000000000000000000e+00 6.462195721126973158e-01 1.444856954145485595e-01 3.816208357543537932e-02 4.909567438588534338e-02
1.500000000000000000e+01 3.165794471345002581e-01 6.859943202394753747e-01 3.854487237871911942e-02 5.139910290478399979e-02
3.000000000000000000e+00 4.042459937310670659e-01 5.773176145204311771e-01 3.681408813388203916e-02 5.087284254693358321e-02
9.000000000000000000e+00 4.689825244543668337e-01 4.851395841014428667e-01 3.497606470674535784e-02 4.663492393464535590e-02
7.000000000000000000e+00 6.823327717338663057e-01 2.815834168247058900e-01 3.861836307716293160e-02 4.851031368310693148e-02
5.000000000000000000e+00 4.296751388314145048e-01 7.325017019039337107e-01 3.781150432514351900e-02 5.339641917571913421e-02
1.000000000000000000e+00 5.157169389194184994e-01 6.449460123271357759e-01 4.098388880635589482e-02 5.288824800521496616e-02
1.000000000000000000e+00 6.195096450512430630e-01 5.497213712765679494e-01 4.194747551740074520e-02 5.175305700346144455e-02
8.000000000000000000e+00 6.946071493097183414e-01 4.319698062439043529e-01 4.184963191300672403e-02 5.460888070610842027e-02
1.400000000000000000e+01 7.740028064744670644e-01 7.165857549249154967e-01 3.142075642831387849e-02 4.139675425845168455e-02
1.400000000000000000e+01 6.626717690007871697e-01 6.591155697623819476e-01 3.024042345455502101e-02 4.031448087938360736e-02
