1.500000000000000000e+01 4.701010613724874165e-01 3.777883713750007644e-01 4.996967470759722252e-02 3.958849662696123373e-02
1.600000000000000000e+01 4.730585640457611873e-01 8.052685739589255931e-01 3.210070030160216970e-02 2.300840949423710313e-02
1.400000000000000000e+01 3.146352115550528072e-01 8.799450101646326683e-01 3.709193316810754926e-02 2.728546850062762985e-02
8.000000000000000000e+00 6.083018477248416378e-01 6.637918949262575641e-01 4.707830356051923015e-02 3.798441009444453176e-02
0.000000000000000000e+00 4.709259352405409937e-01 6.212245219866903145e-01 5.136183148024553446e-02 3.852115506581466065e-02
3.000000000000000000e+00 3.454887519883247382e-01 5.567022399706340607e-01 5.707277466422494561e-02 4.067058264823342206e-02
1.000000000000000000e+00 1.695308708250036489e-01 4.954985104958083975e-01 5.424119725662845948e-02 3.852348620575551941e-02
5.000000000000000000e+00 3.327100256178207593e-01 4.464610003720402842e-01 5.207457751714650307e-02 3.906378616553546346e-02
7.000000000000000000e+00 4.556635540986055943e-01 5.147368984904041600e-01 5.279816335477210965e-02 3.959857880720518697e-02
9.000000000000000000e+00 6.018396364164395607e-01 5.596659347343757585e-01 4.851463543504552778e-02 3.906093051910797254e-02
2.000000000000000000e+00 7.189521732437973434e-01 6.040382219123598961e-01 4.636479990313746580e-02 3.691529103909296783e-02
7.000000000000000000e+00 8.280897637766666541e-01 5.423408444158195341e-01 4.708273272640672857e-02 3.424467884440918208e-02
6.000000000000000000e+00 7.103741610466227652e-01 5.001269160001522440e-01 4.349143681210188017e-02 3.424179405873239990e-02
0.000000000000000000e+00 5.969161523044639317e-01 4.494977909425507123e-01 4.779862580222771218e-02 3.693111365144136071e-02
6.000000000000000000e+00 3.428337875704934312e-01 3.291022077491857489e-01 5.349802984350010560e-02 3.798965515931129744e-02
3.000000000000000000e+00 1.917152660590402125e-01 2.734741862025235060e-01 5.706289645872578142e-02 4.066277332943163403e-02
2.000000000000000000e+00 8.098192213766188807e-01 4.445092825958512073e-01 4.281394926680581747e-02 3.723279229903064813e-02
5.000000000000000000e+00 5.887650883874475660e-01 3.391789535231773955e-01 4.623058452104567007e-02 3.595320044627398071e-02
8.000000000000000000e+00 4.538090157186988050e-01 2.758412402680408548e-01 5.223000627269952512e-02 4.045276676001441363e-02
7.000000000000000000e+00 3.259042334213934078e-01 2.171578081705910490e-01 5.307387893127074596e-02 4.045343696274736334e-02
3.000000000000000000e+00 1.900930840527330079e-01 1.538400407315730911e-01 5.564375674126267879e-02 3.724325328951502700e-02
8.000000000000000000e+00 3.157353347716168601e-01 1.165420785015722771e-01 5.307714252718787051e-02 3.531805223015253847e-02
1.000000000000000000e+00 4.613411765510561091e-01 1.786727712042341931e-01 5.135906325156586183e-02 3.659904276687378499e-02
0.000000000000000000e+00 5.830905109865447411e-01 2.435979761894337958e-01 4.793977632564327962e-02 3.595456999098914364e-02
5.000000000000000000e+00 6.896315904355984072e-01 2.931431357441859342e-01 4.964896813024100020e-02 3.595593953570436208e-02
0.000000000000000000e+00 8.024224560659483085e-01 3.383684453050089802e-01 4.366586435817276790e-02 3.531038860759716513e-02
2.000000000000000000e+00 8.026849132840336853e-01 2.613849527480109902e-01 4.339912367044618247e-02 3.388323559658751316e-02
9.000000000000000000e+00 6.941803438020897055e-01 2.008394934835944778e-01 4.221799334093911948e-02 3.298956396103094879e-02
1.500000000000000000e+01 5.878684445484664289e-01 1.399748283131587723e-01 4.756335550370183185e-02 3.567200669091444287e-02
6.000000000000000000e+00 4.520491216203885720e-01 7.756997898383363732e-02 4.756073297126861554e-02 3.388664488875094138e-02
