5.000000000000000000e+00 7.650961633836298459e-01 2.159173185567051789e-01 4.568939312760877947e-02 3.558293447325550085e-02
1.000000000000000000e+01 3.696266148864980061e-01 7.995287922231018030e-01 3.224996862967177691e-02 2.747902398945756275e-02
1.200000000000000000e+01 4.945754868220060274e-01 8.374360651201686601e-01 3.222204382094256969e-02 2.582026653447266895e-02
9.000000000000000000e+00 6.656602660042330033e-01 6.910318600521832000e-01 5.183678076526032630e-02 4.084982728897124105e-02
3.000000000000000000e+00 5.140155299735487127e-01 6.771415600444337102e-01 5.097840548797882843e-02 3.784156921597359169e-02
3.000000000000000000e+00 4.041909190234214133e-01 6.544596192688197922e-01 5.118066684246330711e-02 3.997248814904530434e-02
3.000000000000000000e+00 3.363933387195956470e-01 5.408474754127563511e-01 5.102243618319263208e-02 3.727783341842905163e-02
7.000000000000000000e+00 4.957891293753753370e-01 5.725858067686320219e-01 4.946442238784537482e-02 3.818899194291403010e-02
8.000000000000000000e+00 6.499729837153477296e-01 5.997701019665975242e-01 4.747056722810993890e-02 3.779840186772476240e-02
0.000000000000000000e+00 7.691184968934547950e-01 6.197052597172616473e-01 4.799298145367558721e-02 3.783198308760393758e-02
1.000000000000000000e+00 1.478137859508428242e-01 4.018682328670775128e-01 5.105753570290667842e-02 3.857791486534351000e-02
7.000000000000000000e+00 3.184549238754119660e-01 4.252689397616191136e-01 4.982571820739539747e-02 3.791745443713656627e-02
6.000000000000000000e+00 4.394788269993349927e-01 4.672521034509243831e-01 5.137215124517813258e-02 3.661749207256220773e-02
1.500000000000000000e+01 5.968147759937285635e-01 4.871884966808658346e-01 4.754255250263783594e-02 3.657143697756842782e-02
5.000000000000000000e+00 7.450715450250432470e-01 4.979672793415481635e-01 4.916046471500368220e-02 3.752662619726732096e-02
8.000000000000000000e+00 8.807537548232323710e-01 5.491118791202849181e-01 5.097772076452389278e-02 3.783412656972384713e-02
6.000000000000000000e+00 1.179388997071134926e-01 2.903135639108926913e-01 5.513619515954996941e-02 4.102053182335657633e-02
2.000000000000000000e+00 2.450336800652402336e-01 3.268781089980338228e-01 5.226693594791353981e-02 4.052172567169526340e-02
8.000000000000000000e+00 4.100870131530949259e-01 3.552984788851654141e-01 5.112237603703490008e-02 3.834198297922486454e-02
0.000000000000000000e+00 5.572253161912827935e-01 4.069330429518188130e-01 4.919732069923266060e-02 3.689760350681947632e-02
9.000000000000000000e+00 6.920563551937601865e-01 4.159137269344278520e-01 4.871491813990591613e-02 3.772266549948694037e-02
1.000000000000000000e+00 8.233550547449142165e-01 4.522348677186155963e-01 5.053604436547598500e-02 3.908809338047447568e-02
1.500000000000000000e+01 2.094653182933418623e-01 2.216395078141059349e-01 5.113931549989947367e-02 3.954054673129209219e-02
2.000000000000000000e+00 3.896468867396747360e-01 2.371503993868711579e-01 5.097775053510888998e-02 3.783415634030884434e-02
0.000000000000000000e+00 5.213272005346409887e-01 3.148690122563826410e-01 5.114866346358926119e-02 3.954102306065210293e-02
1.000000000000000000e+00 7.723191027161320221e-01 3.292958526322800616e-01 5.171281604932376208e-02 3.956957305166630690e-02
7.000000000000000000e+00 6.556790522009714461e-01 2.720601167362475814e-01 5.101850646597272387e-02 3.826407335828208023e-02
5.000000000000000000e+00 3.370698454931171373e-01 1.382762282905315165e-01 4.871497768107585502e-02 3.772266549948692649e-02
6.000000000000000000e+00 4.832609675989709141e-01 1.482992548804245303e-01 4.888469978615617162e-02 3.942771621414514760e-02
2.000000000000000000e+00 6.236499813119936730e-01 1.891209043106940324e-01 5.169912158022405002e-02 3.942405443219026973e-02
