3.000000000000000000e+00 3.925326526104319091e-01 5.239166382137786515e-01 3.508671989197115204e-02 4.851376917175592718e-02
8.000000000000000000e+00 3.595239217891794126e-01 6.664433572852780374e-01 3.412134763195406872e-02 4.664666022115038224e-02
6.000000000000000000e+00 3.163462381471479068e-01 8.028191873638845788e-01 3.417894927557219020e-02 4.846354232635075032e-02
5.000000000000000000e+00 3.772433690099210035e-01 1.701957695060027920e-01 3.542179831835312598e-02 4.491701862662866862e-02
0.000000000000000000e+00 3.138945367639541795e-01 4.354791195675812299e-01 3.452914045132232657e-02 4.546808924915773931e-02
7.000000000000000000e+00 2.892900868774473944e-01 5.501587961307203845e-01 3.412134763195401321e-02 4.664671609083381743e-02
2.000000000000000000e+00 2.512739099718368507e-01 6.931361880036219780e-01 3.552180505169585945e-02 4.793384185773441608e-02
1.500000000000000000e+01 2.200385248049705478e-01 8.422629324531221151e-01 3.324112076948684824e-02 4.719535638213356865e-02
8.000000000000000000e+00 2.701920971202900201e-01 2.181577277819242433e-01 3.371629242707385732e-02 4.782981250718448818e-02
7.000000000000000000e+00 2.487397309684771241e-01 3.329152447815045823e-01 3.364639945310077263e-02 4.602111531060687488e-02
5.000000000000000000e+00 2.141582685586209678e-01 4.700874273603262710e-01 3.313670033115292957e-02 4.418141043972462212e-02
7.000000000000000000e+00 1.936228077164481864e-01 5.997416037601011052e-01 3.502554258861340086e-02 4.670096555344616096e-02
5.000000000000000000e+00 1.588084245963650720e-01 7.369795030540593483e-01 3.138892902435758137e-02 4.589454254279212719e-02
6.000000000000000000e+00 1.907943491230325861e-01 2.483167974648988197e-01 3.181359448812226542e-02 4.530986630567904183e-02
1.000000000000000000e+00 1.511709271318784631e-01 3.659439629820048223e-01 3.132244410107379307e-02 4.406637476153857369e-02
0.000000000000000000e+00 1.197490070594544181e-01 4.925433527007819223e-01 3.273605883126387561e-02 4.596007768145760064e-02
1.000000000000000000e+00 8.503338669216721213e-01 5.230481439848322367e-01 3.709724631994593125e-02 4.024416210892256540e-02
1.000000000000000000e+00 7.205550173233195022e-01 5.619411816044830310e-01 3.259984854305730817e-02 4.173403895699701049e-02
8.000000000000000000e+00 6.199967105308132886e-01 3.232599438627762334e-01 3.691516702164188146e-02 4.921962675223262584e-02
3.000000000000000000e+00 5.955762953815306737e-01 4.711065881580673853e-01 3.693595054387854848e-02 4.983673534057797561e-02
3.000000000000000000e+00 5.669510161178077379e-01 6.046619071057264261e-01 3.692231834112114086e-02 4.922007370970016282e-02
2.000000000000000000e+00 5.306279839360172890e-01 7.445811601166244520e-01 3.877076681746050024e-02 5.054396172829878076e-02
1.000000000000000000e+00 1.042345826021344180e-01 6.233650378752298993e-01 3.175643980197159766e-02 4.349259311269459971e-02
0.000000000000000000e+00 5.505532081609068040e-01 2.180341300747523636e-01 3.776785013017736059e-02 4.747456512508374527e-02
1.500000000000000000e+01 5.170093295769032649e-01 3.632969132506921328e-01 3.691550223974249256e-02 4.922951568620004270e-02
1.000000000000000000e+00 4.959553282353795778e-01 4.972940496549292932e-01 3.554236509519870246e-02 4.854106151211240450e-02
2.000000000000000000e+00 4.635247229308579464e-01 6.312797607089049023e-01 3.457014879896125326e-02 4.668252855791354961e-02
9.000000000000000000e+00 4.733424928890058725e-01 1.279059110033851088e-01 3.597781340786587734e-02 4.797012921712333344e-02
6.000000000000000000e+00 4.494716259133787473e-01 2.639907997055206956e-01 3.500531776321119670e-02 4.610268504841719128e-02
9.000000000000000000e+00 4.166518044592297798e-01 3.955013580766820747e-01 3.597032687028595133e-02 4.796074311030679160e-02
