0.000000000000000000e+00 5.160890855421159662e-01 3.210415318889209280e-01 4.803144910279505408e-02 4.092535130069968607e-02
1.300000000000000000e+01 2.963221640099292231e-01 8.262764235353214914e-01 4.168519470291998097e-02 3.439950382164325138e-02
1.000000000000000000e+01 2.308456858104791509e-01 7.857992645965728995e-01 3.825803914214334633e-02 3.520834805599748485e-02
5.000000000000000000e+00 1.616923633525523818e-01 5.289952437178677691e-01 6.261231489737448253e-02 4.423461746944523654e-02
0.000000000000000000e+00 1.533814629790215545e-01 4.025724932833381065e-01 6.000745365273413290e-02 4.000968237834467978e-02
6.000000000000000000e+00 2.155744974423783600e-01 3.252351984138270868e-01 5.462190295759156156e-02 3.769348058118349165e-02
6.000000000000000000e+00 2.571591039268418255e-01 2.250745086252653460e-01 5.568831051017625322e-02 3.784401803497644545e-02
2.000000000000000000e+00 3.323235208407466779e-01 1.771909529430922836e-01 5.375192982590676349e-02 3.967932192944259584e-02
0.000000000000000000e+00 2.921835623497552881e-01 4.259021343361348855e-01 5.474855789437371723e-02 4.214994101168001439e-02
1.000000000000000000e+00 3.398636136962454035e-01 5.862521269066545138e-01 5.500876524577524851e-02 3.853178279379998461e-02
7.000000000000000000e+00 3.532824125424879336e-01 4.956564426598482065e-01 5.440221828848251784e-02 3.899198826298388987e-02
2.000000000000000000e+00 4.210733394301490184e-01 5.954426425110963539e-01 5.173936075102930632e-02 4.098964154203887933e-02
8.000000000000000000e+00 5.151692206540768870e-01 4.703342783271377003e-01 5.019467058942944648e-02 3.895905280631212220e-02
9.000000000000000000e+00 3.738388364124391461e-01 2.618706273398530016e-01 5.107818002136932378e-02 3.896531801534741657e-02
1.500000000000000000e+01 5.068398407878410561e-01 4.067232948574362461e-01 4.796733129840174970e-02 3.925558687432184612e-02
2.000000000000000000e+00 4.919469790791006769e-01 1.769141054264090351e-01 4.719676806604322650e-02 3.813032084419459844e-02
3.000000000000000000e+00 5.520517590180642475e-01 1.778754126604522590e-01 5.063036127280085008e-02 3.706397077059184197e-02
3.000000000000000000e+00 5.644840892059038717e-01 5.674233919071665078e-01 4.568550193246179170e-02 3.810666824311192968e-02
8.000000000000000000e+00 5.672144845471779329e-01 6.075132862048575610e-01 4.842546752423459999e-02 3.724890939509672982e-02
6.000000000000000000e+00 6.324416620320563176e-01 7.511615103946427396e-01 5.338182266096891393e-02 4.603359464730316652e-02
5.000000000000000000e+00 6.369114001073890030e-01 5.652758047036293698e-01 4.577103065764076550e-02 3.977758224912908425e-02
7.000000000000000000e+00 6.868906107328847099e-01 4.406206479227992023e-01 4.876562813956342168e-02 4.093549634101834034e-02
1.000000000000000000e+00 6.728018799819764917e-01 2.606494576283001630e-01 4.549128045236772167e-02 3.752771119716721837e-02
5.000000000000000000e+00 6.730018493602680785e-01 1.997656650466276274e-01 4.370839738946286079e-02 3.323681897425018184e-02
1.000000000000000000e+00 7.459127596766008672e-01 3.394238276354081263e-01 4.310469564177810131e-02 3.368432158841760948e-02
8.000000000000000000e+00 7.456666634152744333e-01 4.070924679889170728e-01 4.496097936466514344e-02 3.372096443942673716e-02
7.000000000000000000e+00 7.785573439600703693e-01 7.103465187393354086e-01 4.384071400596967205e-02 3.742203608880589893e-02
3.000000000000000000e+00 8.554219173120722886e-01 6.048606311867048557e-01 4.583569451236291226e-02 4.164938529714945492e-02
1.500000000000000000e+01 8.622214509638033153e-01 3.822073307259090669e-01 4.486108089399232224e-02 3.402155077566582086e-02
9.000000000000000000e+00 9.229184512238022275e-01 5.501965961353255663e-01 4.287414744507567210e-02 3.632229072667558789e-02
