1.300000000000000000e+01 1.096686732182025198e-01 7.377817271363641405e-01 3.293276764522237721e-02 2.093561813895772339e-02
6.000000000000000000e+00 8.028036389471671086e-01 3.067873686252613474e-01 3.919747108181637074e-02 3.039308419505709624e-02
0.000000000000000000e+00 7.820261698906494363e-01 3.968223312066428421e-01 3.917785067758738915e-02 2.938317239935284153e-02
9.000000000000000000e+00 7.854701976593686519e-01 4.803091590587442727e-01 3.987987305308116071e-02 3.065809440767336413e-02
3.000000000000000000e+00 7.643694770529556592e-01 5.822529658518070805e-01 3.955548955678822587e-02 3.116329286546792865e-02
5.000000000000000000e+00 7.046633202818972652e-01 2.649086938424458637e-01 3.916895681303300680e-02 2.938306459493406075e-02
9.000000000000000000e+00 6.933900504970464951e-01 3.575363526969577155e-01 4.008443193783239877e-02 2.972011511044098109e-02
2.000000000000000000e+00 6.782118890529303945e-01 4.321029039120455328e-01 3.982138915585986538e-02 3.049078194963189548e-02
7.000000000000000000e+00 6.711010826350611858e-01 5.345095420262981900e-01 4.125534963307575520e-02 3.214900256914232646e-02
3.000000000000000000e+00 6.710666930254508555e-01 6.258224451397278454e-01 4.240562278211124081e-02 3.305989600614089863e-02
6.000000000000000000e+00 5.960979909014284539e-01 1.970542074510383546e-01 4.031712777590090724e-02 2.972262156317903581e-02
1.000000000000000000e+00 5.808031581250213682e-01 2.854693682126739906e-01 3.979508487766247882e-02 2.964033984049851966e-02
1.000000000000000000e+00 5.760712718177206648e-01 3.945353413142412835e-01 4.125621206842655653e-02 3.219810748192436511e-02
1.500000000000000000e+01 5.577872111645807429e-01 4.699081078756328633e-01 4.207746613115881384e-02 3.051536135712773490e-02
3.000000000000000000e+00 5.548495138000536508e-01 5.642298188433674255e-01 4.182806060816957050e-02 3.199559688113129408e-02
8.000000000000000000e+00 5.566670963017160689e-01 6.589616582470310124e-01 4.291871791358592425e-02 3.369243843369140734e-02
8.000000000000000000e+00 5.073180604130913540e-01 1.481509832609789468e-01 4.017175351709362241e-02 2.837805790028707920e-02
2.000000000000000000e+00 4.946295072665887749e-01 2.351400532679739919e-01 4.291823279370110544e-02 3.018321594267803221e-02
2.000000000000000000e+00 4.982580557737070759e-01 3.047059752351423123e-01 4.223526484923739721e-02 2.992534777280986269e-02
5.000000000000000000e+00 4.544418256466113970e-01 4.287905322898360461e-01 4.124656357294026465e-02 3.123711194126943536e-02
0.000000000000000000e+00 4.599163765953089844e-01 5.191306757054046095e-01 4.246922738922753737e-02 3.155699460307592741e-02
1.500000000000000000e+01 4.421263835937181419e-01 6.131971462359802061e-01 4.330918551862861232e-02 3.277723281993927262e-02
8.000000000000000000e+00 3.841310425230122227e-01 1.598152866240714065e-01 4.203151449762759784e-02 3.002741160634780915e-02
1.000000000000000000e+00 3.822776824298469434e-01 2.544845590381499822e-01 4.246911958480870108e-02 3.154985256032769025e-02
5.000000000000000000e+00 3.457126874517133519e-01 3.546435693484304985e-01 4.327474200680886396e-02 3.095261607994748143e-02
0.000000000000000000e+00 3.498497628780578572e-01 4.587203808971325181e-01 4.532340328025730170e-02 3.219317542976241064e-02
7.000000000000000000e+00 3.240822428822194290e-01 5.480384306176677711e-01 4.603458903135265734e-02 3.352431744250861101e-02
6.000000000000000000e+00 2.676901017507577474e-01 2.068235921175022307e-01 4.428928939252327335e-02 3.095652399013051892e-02
7.000000000000000000e+00 2.549509883318187287e-01 3.210098034696933222e-01 4.576658724611340490e-02 3.140485561698630468e-02
1.300000000000000000e+01 3.518318279717670971e-01 6.923571494090243750e-01 3.147328447184571942e-02 2.214928028627183298e-02
