5.000000000000000000e+00 5.362802273493021410e-01 5.421976514859697671e-01 3.879090568370502368e-02 5.071549790230389654e-02
3.000000000000000000e+00 1.744756423532896894e-01 2.855941553980000380e-01 3.760844311953687180e-02 4.471368325116015230e-02
2.000000000000000000e+00 2.498836245501513398e-01 2.130824330605604056e-01 3.178178519129834512e-02 4.298683864971525326e-02
2.000000000000000000e+00 3.557196464906020594e-01 1.636459477882373226e-01 3.166672678185816769e-02 3.980404918567589934e-02
8.000000000000000000e+00 4.319906878157458996e-01 8.786545827420957910e-02 3.185226754639164382e-02 4.065481425431004270e-02
3.000000000000000000e+00 1.605716527280494077e-01 4.014819430854089100e-01 3.434123623935925185e-02 4.639944901435044677e-02
8.000000000000000000e+00 2.709614804474129168e-01 3.528013407189667383e-01 3.556598821658318865e-02 4.379821968481645289e-02
6.000000000000000000e+00 3.599468795406394195e-01 2.675352309400173545e-01 3.241069225136256060e-02 4.563807816937068274e-02
3.000000000000000000e+00 4.374978212506183128e-01 2.122085863657163229e-01 3.270642222446923375e-02 4.179891504811059089e-02
7.000000000000000000e+00 5.307198151723450108e-01 1.320212683044748592e-01 3.185867014200693959e-02 4.066371870451455928e-02
1.500000000000000000e+01 1.505469769549762915e-01 5.585876506213302006e-01 3.603639068267444623e-02 5.107103027059056721e-02
0.000000000000000000e+00 2.524877323575460131e-01 4.620704317381931769e-01 3.544971923234166433e-02 4.606662164900204859e-02
9.000000000000000000e+00 5.403169831797833833e-01 2.723780950797988765e-01 3.348654352803670520e-02 4.525456807234462531e-02
9.000000000000000000e+00 6.031999953107972656e-01 1.971418127422433775e-01 3.433954143463746611e-02 4.639250838549008327e-02
1.000000000000000000e+00 2.404605641007904748e-01 6.115667619919392672e-01 3.642764845842827448e-02 5.109448852007192343e-02
0.000000000000000000e+00 3.348745437751214915e-01 5.288945911920543974e-01 3.447762766696316206e-02 4.698052491893534022e-02
7.000000000000000000e+00 4.343423773262553023e-01 4.732343660058619950e-01 3.524171557983013514e-02 4.599901777176956807e-02
5.000000000000000000e+00 5.422742674200558000e-01 4.010823726960200397e-01 3.491905704281195177e-02 4.454431038563855250e-02
8.000000000000000000e+00 6.515947137125162048e-01 3.098964445324628447e-01 3.365188114422079657e-02 4.335875413031176073e-02
5.000000000000000000e+00 7.349882256839539441e-01 2.489001132291480123e-01 3.674670217270492589e-02 4.597286935606323399e-02
1.500000000000000000e+01 3.539911743385910636e-01 6.917706245754642325e-01 4.131740219551033322e-02 5.306960856241571545e-02
6.000000000000000000e+00 4.224672303628705938e-01 5.677650719926927714e-01 3.553844091443991715e-02 4.940490272084241408e-02
0.000000000000000000e+00 6.126141782116159007e-01 4.521635045407852438e-01 3.769912862297930545e-02 5.026024107205889768e-02
1.000000000000000000e+00 7.384311542219440527e-01 3.731298373634428511e-01 3.603402333639649235e-02 4.501796795286205910e-02
6.000000000000000000e+00 4.406616450427719434e-01 7.670157844615619336e-01 4.177287423905323704e-02 5.521770629302247269e-02
2.000000000000000000e+00 5.769905935361570037e-01 7.233659543457126029e-01 4.051783099013661626e-02 5.603390272566621810e-02
1.000000000000000000e+00 6.515711478563857018e-01 5.973655897038310236e-01 3.721054063320738958e-02 4.809914983858576409e-02
7.000000000000000000e+00 7.479004317270492308e-01 5.247746957743917307e-01 4.186888627162099752e-02 5.331126619440118564e-02
1.600000000000000000e+01 6.067432670489772972e-01 8.574447805544105350e-01 3.113146440808378657e-02 4.100270655051774238e-02
1.200000000000000000e+01 6.526453043283382272e-01 8.186732709691872945e-01 3.332362706145486353e-02 3.941297972155766161e-02
