0.000000000000000000e+00 2.513814865584180769e-01 5.406512949059303352e-01 3.784148439486240134e-02 3.861156752425332073e-02
1.600000000000000000e+01 2.700619784325452022e-01 8.096604295167293408e-01 4.052356977110999070e-02 3.976693439180500889e-02
1.600000000000000000e+01 1.543940051680540437e-01 7.099922872999149259e-01 3.707040408061357262e-02 3.326238303562523146e-02
3.000000000000000000e+00 7.655255405366335753e-01 5.675286463133639714e-01 4.312522506580540593e-02 4.082947759456878600e-02
6.000000000000000000e+00 7.566370905677640701e-01 4.516173029615127010e-01 4.724103433998494417e-02 4.266293016560579465e-02
7.000000000000000000e+00 7.488589062198658386e-01 3.457779825320680400e-01 4.129319704456568818e-02 4.082890777464992516e-02
6.000000000000000000e+00 7.294583044232350044e-01 2.202025645832451084e-01 4.587261180475832312e-02 4.037940533162950874e-02
8.000000000000000000e+00 6.640706424911357875e-01 6.360131655406744411e-01 4.219790012979540705e-02 4.540883537276951820e-02
1.500000000000000000e+01 6.526154956795949813e-01 5.178536261898183390e-01 4.036456152274237041e-02 4.174506424024965190e-02
3.000000000000000000e+00 6.306564309381209599e-01 2.950633402119962612e-01 3.991275130905025392e-02 3.946182431623268538e-02
1.000000000000000000e+00 6.355048576820239159e-01 1.777377608034391709e-01 4.128077497033377785e-02 4.082887928365397379e-02
1.000000000000000000e+00 5.348661696883514338e-01 7.175682710495934202e-01 4.128157271822019414e-02 4.319229287025927455e-02
2.000000000000000000e+00 5.421628846957793346e-01 5.901030310942567692e-01 3.938236292854269127e-02 4.243477427008024438e-02
9.000000000000000000e+00 5.358056887706258431e-01 4.787650766569558902e-01 3.938179310862377491e-02 4.052339882513433800e-02
2.000000000000000000e+00 5.297046268990156515e-01 3.504165445998420059e-01 4.052348429812213659e-02 3.976687740981321717e-02
5.000000000000000000e+00 5.193358417628484158e-01 2.393547818772295555e-01 3.936857328650544829e-02 3.822691058800314901e-02
1.500000000000000000e+01 5.354546797005863557e-01 1.331339385210887072e-01 4.204923411295580227e-02 3.822782229987335689e-02
5.000000000000000000e+00 4.360017157306448343e-01 6.466391104062390038e-01 3.975454080856910544e-02 4.357595262165148142e-02
7.000000000000000000e+00 4.378888595835397357e-01 5.265365136229465115e-01 3.899756353731281822e-02 4.052331335214642838e-02
0.000000000000000000e+00 4.345622508970299336e-01 4.132401593518928440e-01 3.822767984489361393e-02 4.166409282977456829e-02
0.000000000000000000e+00 4.323146532089399696e-01 2.970420256348615951e-01 3.670044849827092115e-02 3.861116865031005707e-02
3.000000000000000000e+00 4.362220935842775482e-01 1.922050611792475161e-01 3.708533336248864831e-02 3.785436232502945031e-02
5.000000000000000000e+00 4.286006951870632298e-01 8.453064994649907293e-02 3.898300463838505481e-02 3.708570374543587733e-02
6.000000000000000000e+00 3.382090360583880351e-01 6.016857605856382740e-01 3.631656081891126986e-02 4.243374859422621714e-02
9.000000000000000000e+00 3.372219085218900458e-01 4.713195531777085723e-01 3.708553279946030790e-02 3.861125412329791118e-02
8.000000000000000000e+00 3.423576384688999941e-01 3.609082826290088142e-01 3.708541883547644691e-02 3.822611284011667721e-02
7.000000000000000000e+00 3.387493535509823461e-01 2.430229548686230479e-01 3.592962460298554372e-02 3.708467806958187785e-02
1.000000000000000000e+00 3.380768663282002762e-01 1.589191018444780223e-01 4.013748828506258359e-02 3.708610261937911323e-02
2.000000000000000000e+00 2.367357755660037255e-01 2.075205812408251194e-01 3.592990951294497415e-02 3.784060117398815870e-02
8.000000000000000000e+00 2.407738756487439735e-01 3.177482558116568878e-01 3.592953912999766186e-02 3.669953678640064387e-02
