9.000000000000000000e+00 3.790522912132953115e-01 4.381974894414857047e-02 3.486070785712919173e-02 4.838555748402370571e-02
7.000000000000000000e+00 1.037300980154082786e-01 2.972400302944611106e-01 3.483919533634573240e-02 4.829150878577975758e-02
5.000000000000000000e+00 2.186534058308725603e-01 2.051976705912199328e-01 3.578854720989985139e-02 4.771846720866868008e-02
0.000000000000000000e+00 2.917154561400009394e-01 1.252426187988687212e-01 3.550640111516800701e-02 4.810921543852342275e-02
3.000000000000000000e+00 1.278880091482308134e-01 4.633622712985565606e-01 3.696483452081937571e-02 5.111831176846010072e-02
8.000000000000000000e+00 1.979201869412430259e-01 3.585755910865917606e-01 3.657535682910484365e-02 5.194791542229748593e-02
6.000000000000000000e+00 3.092056841784238674e-01 2.639894985231404090e-01 3.567388114274400168e-02 4.916217392224001004e-02
1.000000000000000000e+00 3.926147660946607276e-01 1.787391036451068671e-01 3.660221138525066031e-02 5.262554538904307133e-02
8.000000000000000000e+00 4.664636837747277998e-01 7.851092658715735917e-02 3.799948570496985978e-02 5.066600019053780352e-02
9.000000000000000000e+00 1.087815410919664438e-01 5.661003820145993348e-01 3.387667606752010896e-02 5.026248882754713598e-02
7.000000000000000000e+00 2.196062516843123313e-01 5.146636271868103574e-01 3.718688993669161391e-02 5.135653766975345480e-02
1.500000000000000000e+01 3.201645232138539132e-01 4.041706136766653468e-01 3.675785230742895093e-02 5.004724811624516878e-02
6.000000000000000000e+00 3.993493978862904248e-01 3.277094407044160995e-01 3.664870153083638060e-02 5.099267287191133757e-02
2.000000000000000000e+00 5.894353742567541854e-01 1.492179045119664260e-01 3.784551958306725528e-02 4.969398076152728438e-02
8.000000000000000000e+00 2.194307874795596858e-01 6.682198272839501296e-01 3.785487536391815566e-02 5.366129385613294112e-02
7.000000000000000000e+00 3.243265751543168429e-01 5.678981646071596945e-01 3.963458166384703496e-02 5.221132107946091505e-02
5.000000000000000000e+00 4.200085934913180830e-01 4.511162760615383682e-01 3.720990400254986508e-02 5.145870048657474882e-02
1.500000000000000000e+01 5.155874094802923580e-01 3.794695474888939435e-01 3.784393141039210651e-02 5.099463643085533349e-02
5.000000000000000000e+00 6.135057770751684014e-01 2.981369002800636769e-01 3.971367266307634925e-02 5.507852139982721829e-02
3.000000000000000000e+00 7.158150234171494208e-01 1.884488304334887010e-01 3.966706701402344937e-02 4.968231491133059952e-02
2.000000000000000000e+00 4.422419858520922342e-01 6.476156546431546257e-01 3.918550418300892346e-02 5.331010556382620447e-02
1.000000000000000000e+00 5.254255183725712319e-01 5.199014062319802232e-01 3.856042829388206528e-02 5.245696807852773258e-02
1.000000000000000000e+00 6.143987921325499979e-01 4.361943109321921308e-01 3.999896622729193219e-02 5.385427127411390735e-02
2.000000000000000000e+00 7.228672897438370715e-01 3.374138976471026119e-01 3.981727927323897021e-02 5.149828929998973015e-02
3.000000000000000000e+00 4.541029647188201679e-01 7.978280293621402564e-01 4.046594674556064364e-02 5.527967068811923124e-02
0.000000000000000000e+00 5.408371748894427178e-01 7.341688420046610375e-01 4.269204507071300281e-02 5.559147229807870350e-02
6.000000000000000000e+00 6.601649908611528783e-01 6.384322915931637255e-01 4.356126641383206710e-02 5.489891350818543181e-02
0.000000000000000000e+00 7.248882250352088885e-01 5.076107255910526916e-01 4.255338315822687623e-02 5.520505544824738653e-02
1.200000000000000000e+01 6.603286592743080607e-01 7.961772249317111694e-01 2.689284554520410264e-02 3.824643211804401588e-02
1.600000000000000000e+01 8.137169750817363489e-01 7.349962222167529813e-01 2.862909366556376511e-02 3.711039776547631064e-02
