8.000000000000000000e+00 3.937322549155265472e-01 8.765924455891057621e-01 4.540388116766985727e-02 3.232720638481523245e-02
8.000000000000000000e+00 2.728839503457747284e-01 7.787181463560950423e-01 4.582171632758730295e-02 3.288355616426918981e-02
5.000000000000000000e+00 1.840754575110869484e-01 7.089392109341465797e-01 4.513230740790111217e-02 3.310924934308856482e-02
5.000000000000000000e+00 8.698543798286442752e-02 6.331950362216891559e-01 4.407470818996679640e-02 3.264351507487939230e-02
5.000000000000000000e+00 1.158651087761115028e-01 5.378490243174697261e-01 4.737014501853072102e-02 3.572826129271078344e-02
8.000000000000000000e+00 2.211940477045020725e-01 6.090677425600161676e-01 4.627032039078102232e-02 3.382189860461126685e-02
1.000000000000000000e+00 3.159705894015407135e-01 6.730970119561653364e-01 4.613840690120274424e-02 3.253866076265055085e-02
2.000000000000000000e+00 4.189814815348300581e-01 7.416633307157471933e-01 4.781212067436974023e-02 3.486858686393690121e-02
0.000000000000000000e+00 5.115983899170662985e-01 8.435046090022864096e-01 4.968635058936671234e-02 3.372408186068487357e-02
3.000000000000000000e+00 6.647556932094551563e-01 8.398812160353437140e-01 4.908174709546619940e-02 3.681150126337551232e-02
0.000000000000000000e+00 5.622343894276333742e-01 7.307130653787317076e-01 5.180343116559538164e-02 3.766741141142915250e-02
1.500000000000000000e+01 4.451493972302817959e-01 6.707028748634671356e-01 4.912307235119633964e-02 3.655094757180132881e-02
1.500000000000000000e+01 3.366546845776925423e-01 5.721505141077232182e-01 4.885190775237541194e-02 3.557616252970641213e-02
7.000000000000000000e+00 2.427275882857320988e-01 4.995477134882758130e-01 4.687200520325382480e-02 3.621745412192856062e-02
3.000000000000000000e+00 1.449466868584112500e-01 4.317647197246038404e-01 4.944584578423615040e-02 3.637408093275545928e-02
1.000000000000000000e+00 1.767268586946846853e-01 3.288414835050366136e-01 4.691562176029176467e-02 3.660261096081307564e-02
1.000000000000000000e+00 2.871056893185101044e-01 4.017053833639884219e-01 4.841446014435907275e-02 3.631085192761834834e-02
6.000000000000000000e+00 3.889215041553963914e-01 4.767526887888110521e-01 4.883139515019124799e-02 3.780884471239343014e-02
0.000000000000000000e+00 4.767632996960579628e-01 5.615424709874672349e-01 5.044466221266652450e-02 3.694717903367372713e-02
9.000000000000000000e+00 7.096585704352134094e-01 7.156876115561865426e-01 5.225950923543598581e-02 3.714144865170032617e-02
3.000000000000000000e+00 3.343776766256579269e-01 2.840705879623480201e-01 4.966073711403307112e-02 3.754289009630817908e-02
7.000000000000000000e+00 4.120364517999643983e-01 3.793335538328574952e-01 4.961371088242988447e-02 3.791399907598408392e-02
6.000000000000000000e+00 5.160579578356796482e-01 4.558166459396877368e-01 4.961163780029426151e-02 3.789452301486767594e-02
9.000000000000000000e+00 6.314576024502477347e-01 5.347984839548765024e-01 5.417285493704504518e-02 3.744171823260966647e-02
7.000000000000000000e+00 7.605557373787761311e-01 4.987379021403435253e-01 5.158673952762804493e-02 3.726763388800896637e-02
2.000000000000000000e+00 6.663590040222000521e-01 4.407068094910031597e-01 5.184429270558477132e-02 3.958711274642767730e-02
6.000000000000000000e+00 5.709302870517272144e-01 3.494064719292769849e-01 5.314444253338879154e-02 4.191131059444458407e-02
2.000000000000000000e+00 4.481760425935220615e-01 2.593372723821552595e-01 5.393447776884302547e-02 4.249837472238182645e-02
1.300000000000000000e+01 7.932325036000154039e-01 3.190143513310984003e-01 3.411605804869988212e-02 2.204343695440769135e-02
1.200000000000000000e+01 7.455702176647387436e-01 2.521369398545459384e-01 3.931567537364155651e-02 2.770737012293955637e-02
