1.300000000000000000e+01 2.138861236116957887e-01 5.320601858397056017e-01 3.258416446486489537e-02 3.929052008408828733e-02
6.000000000000000000e+00 4.256457350110124382e-01 2.308844354224611761e-01 3.643880351754175129e-02 5.003128280391222482e-02
9.000000000000000000e+00 6.459258495930331190e-01 1.222228554555813140e-01 3.733941318388989128e-02 5.278650853540088617e-02
8.000000000000000000e+00 7.484435804059340613e-01 8.611439249284463804e-02 3.674956622175518106e-02 4.960393770951480874e-02
2.000000000000000000e+00 4.115766378036467277e-01 3.634296232321701514e-01 3.721829307031826461e-02 4.962471420402003730e-02
5.000000000000000000e+00 5.115417422456257635e-01 3.257059447869263824e-01 3.632770064239210228e-02 5.083154885119395283e-02
8.000000000000000000e+00 6.133629753272078489e-01 2.945454839002041303e-01 3.483869951009022081e-02 4.884648037343886084e-02
5.000000000000000000e+00 7.201346648509137083e-01 2.595426272522100009e-01 3.629596511781818524e-02 5.019284288000297467e-02
1.000000000000000000e+00 8.365502152176460537e-01 2.061035855318986421e-01 3.577780847738287751e-02 4.890581324717013789e-02
7.000000000000000000e+00 3.788276027223577147e-01 5.117381628822084139e-01 3.431375055414354058e-02 4.754994720671840147e-02
1.500000000000000000e+01 4.719540583579169279e-01 4.909522076518033629e-01 3.526019408062275318e-02 4.760973670670248792e-02
6.000000000000000000e+00 5.651648186154107911e-01 4.355593620824876888e-01 3.578505741914705940e-02 4.890626987342300280e-02
2.000000000000000000e+00 6.963271138183267928e-01 3.821579206801855033e-01 3.613380571977065081e-02 4.578346000838029450e-02
8.000000000000000000e+00 7.860638472744749805e-01 3.501706951539450552e-01 3.522882956487949357e-02 4.698127628706016967e-02
6.000000000000000000e+00 9.033862288402507712e-01 3.205205826768460220e-01 3.483858535352701846e-02 4.884648037343886084e-02
3.000000000000000000e+00 3.461581204960595404e-01 6.620615087947194777e-01 3.859516391840162042e-02 4.845900445874462559e-02
1.000000000000000000e+00 4.503764987094641681e-01 6.132398289346392417e-01 3.577777993824199365e-02 4.890581324717013789e-02
2.000000000000000000e+00 5.493181752926454831e-01 5.846269144517757255e-01 3.762286393035407794e-02 4.776852848613533098e-02
1.500000000000000000e+01 6.590341623556656980e-01 5.138536695030077039e-01 3.863999890860458919e-02 4.972151896962689888e-02
0.000000000000000000e+00 7.695465912210999182e-01 4.936737857362843429e-01 3.572963440770593468e-02 4.764872117304064236e-02
0.000000000000000000e+00 8.661208176484653798e-01 4.477988720511980048e-01 3.670236248286551373e-02 4.833106349052074258e-02
3.000000000000000000e+00 4.296384749660392410e-01 7.481674071403749959e-01 3.568422863468684314e-02 4.637804446788851287e-02
7.000000000000000000e+00 5.327003187679366647e-01 6.878295846439699268e-01 3.616342934792504682e-02 4.641063616668650305e-02
9.000000000000000000e+00 7.271341745244745969e-01 6.465342755358312044e-01 3.624779104814124242e-02 4.893549395360619059e-02
3.000000000000000000e+00 8.441964503609636905e-01 5.725688991490076596e-01 3.483139349004438223e-02 4.884605228632687979e-02
1.000000000000000000e+00 5.012421803730594538e-01 8.591404862775247064e-01 3.530865354170770187e-02 4.887624669729739857e-02
7.000000000000000000e+00 6.091491426483733873e-01 8.095779588613163380e-01 3.766767038141605184e-02 4.903018682279358664e-02
5.000000000000000000e+00 7.087644428415191822e-01 7.590742105813956808e-01 3.620829287726856638e-02 4.767223742506299100e-02
0.000000000000000000e+00 7.991773826998747055e-01 7.173932520635740717e-01 3.568425717382761597e-02 4.637804446788829082e-02
1.100000000000000000e+01 9.223892064849922856e-02 5.347327907585670559e-01 3.600840473507828376e-02 4.316002802912388692e-02
