6.000000000000000000e+00 3.851888666118686300e-01 8.312145985006244020e-01 3.486149612847910806e-02 4.223283577502789932e-02
2.000000000000000000e+00 4.680211089618899756e-01 8.355006861599174606e-01 3.310467448064513540e-02 4.716747578558033727e-02
8.000000000000000000e+00 8.554742766373506502e-01 4.427317988685062211e-01 3.643577100667005908e-02 4.918830261346490706e-02
6.000000000000000000e+00 5.689886323449522276e-01 8.642470712084084905e-01 3.251601110500257352e-02 4.275784874773291833e-02
2.000000000000000000e+00 6.643092835771141624e-01 8.764867263228366401e-01 3.212687969424710133e-02 4.587248688592915347e-02
0.000000000000000000e+00 7.371219651301199605e-01 7.858810830090972033e-01 3.626239271612041737e-02 4.169054374556957487e-02
5.000000000000000000e+00 7.435428391106453372e-01 4.310693171447027572e-01 3.839300620391894459e-02 5.240432297240621429e-02
0.000000000000000000e+00 6.392632614273678904e-01 7.578841623541957562e-01 3.447994634466622355e-02 4.596370149844886122e-02
3.000000000000000000e+00 4.459530793484660083e-01 7.258408568732239718e-01 3.678893376867442555e-02 4.419630083627623662e-02
9.000000000000000000e+00 3.311783700944255227e-01 7.187507720773278486e-01 3.630297499056939214e-02 4.354951165407316971e-02
5.000000000000000000e+00 2.861311344853617600e-01 5.929985281986833723e-01 3.834713442230075486e-02 5.052313913379158361e-02
8.000000000000000000e+00 4.135888477130716390e-01 6.192808257185014043e-01 3.969992588085213825e-02 4.807803505862640048e-02
1.000000000000000000e+00 5.081066252223094271e-01 6.211265404729308104e-01 3.590543914064447950e-02 4.666144626638302206e-02
3.000000000000000000e+00 6.039474554053467781e-01 6.476493048658961138e-01 3.446490063538465431e-02 4.533601331435721526e-02
1.500000000000000000e+01 7.008743242617718749e-01 6.553404246069806094e-01 3.405925420780020474e-02 4.783442386732872365e-02
7.000000000000000000e+00 8.062497408997760795e-01 6.861513336898048543e-01 3.493513782273649504e-02 4.536786790197677721e-02
1.000000000000000000e+00 8.909841781863345744e-01 5.750669813501136929e-01 3.493513782273649504e-02 4.536786790197677721e-02
2.000000000000000000e+00 7.812670459053068228e-01 5.580121997010083490e-01 3.592051423607722782e-02 4.728701864760687101e-02
8.000000000000000000e+00 6.836883628348677799e-01 5.406201825837085861e-01 3.456093457665854185e-02 4.910790210449134108e-02
0.000000000000000000e+00 5.760333743099468329e-01 5.211057213285715806e-01 3.596653294845020277e-02 4.916820248622150169e-02
7.000000000000000000e+00 4.712603884593008496e-01 4.858467628155450635e-01 3.600729153980491981e-02 5.042296174523497321e-02
8.000000000000000000e+00 3.524970087796372997e-01 4.573863344018572752e-01 4.024356967325348755e-02 5.124465729783661549e-02
1.500000000000000000e+01 4.253754712315238051e-01 3.608726789068835705e-01 4.026605007872319231e-02 5.186020900158977431e-02
6.000000000000000000e+00 5.375924686799946617e-01 4.084688398623856354e-01 3.599968052671120855e-02 5.042263849757466776e-02
7.000000000000000000e+00 6.468984887093631730e-01 4.013984144014689504e-01 3.646821331730853988e-02 5.044273862481801762e-02
5.000000000000000000e+00 8.291909506022496767e-01 3.241630583595979109e-01 3.456986796654437644e-02 4.973435607024345728e-02
1.000000000000000000e+00 7.274438126347329003e-01 2.902848963069692423e-01 3.604940189410277274e-02 5.230496839607601256e-02
3.000000000000000000e+00 4.970193039377910904e-01 2.354240968189837968e-01 3.994859149011176225e-02 5.810890952375388774e-02
1.600000000000000000e+01 3.755251721027441092e-01 1.635312164834947235e-01 3.577722736409072457e-02 4.103446853966938312e-02
1.600000000000000000e+01 1.034587684331150503e-01 2.689617615406635354e-01 2.826045565653689806e-02 4.131487119194474089e-02
