1.300000000000000000e+01 2.099323978765908483e-01 4.204663817501262946e-01 3.374898211952601090e-02 4.031194158435263963e-02
6.000000000000000000e+00 4.853014027346296833e-01 2.048496902340259940e-01 3.752978578856380754e-02 5.167057138411348949e-02
9.000000000000000000e+00 7.269932179146449958e-01 1.830022553752251591e-01 3.840033169157119897e-02 5.458368436409444246e-02
8.000000000000000000e+00 8.363126488621048793e-01 1.871422567333380915e-01 3.788191903075066591e-02 5.119116035715554069e-02
2.000000000000000000e+00 4.423924821685479847e-01 3.305074648752190924e-01 3.838817495588414674e-02 5.118456687339317801e-02
5.000000000000000000e+00 5.495398753322082719e-01 3.320569335593884785e-01 3.737957798660096476e-02 5.253952778657106082e-02
8.000000000000000000e+00 6.570880728335963816e-01 3.408212335450034325e-01 3.584376723308235757e-02 5.049207446716641456e-02
5.000000000000000000e+00 7.703742790144286756e-01 3.477091575666922951e-01 3.736927566822223490e-02 5.185333451215312639e-02
1.000000000000000000e+00 8.972334364369676241e-01 3.401076949740886590e-01 3.685722100960120429e-02 5.049849133975675697e-02
7.000000000000000000e+00 3.775555626139434073e-01 4.644966213661527732e-01 3.532476586835436860e-02 4.912734106912636234e-02
1.500000000000000000e+01 4.742327979148293626e-01 4.801436942142672248e-01 3.634607884203655548e-02 4.913387568249805160e-02
6.000000000000000000e+00 5.785626836130638440e-01 4.615865990816854780e-01 3.686505077156909671e-02 5.049855021014748591e-02
2.000000000000000000e+00 7.200028005426848399e-01 4.597564510920848502e-01 3.735226212529951795e-02 4.710258228535041392e-02
8.000000000000000000e+00 8.157765372393488423e-01 4.630039478914458329e-01 3.633574708846243340e-02 4.845848512478012626e-02
6.000000000000000000e+00 9.383297965426808940e-01 4.792898233494357063e-01 3.584370836269179517e-02 5.049204503197118887e-02
3.000000000000000000e+00 3.123566195915081778e-01 6.005100068073456754e-01 3.991179953852053153e-02 4.983190190545372378e-02
1.000000000000000000e+00 4.261391914718304363e-01 5.927339640710147517e-01 3.685719157440586757e-02 5.049849133975681248e-02
2.000000000000000000e+00 5.302814277995940850e-01 6.028989083930187398e-01 3.888807287881834718e-02 4.915006503995045239e-02
1.500000000000000000e+01 6.543040331853039460e-01 5.755436039297581186e-01 3.991665634575625177e-02 5.119428048786456298e-02
0.000000000000000000e+00 7.680488985803597402e-01 5.985505352868960571e-01 3.685239363756087627e-02 4.914694490924131909e-02
0.000000000000000000e+00 8.736244375937733952e-01 5.907174471419418538e-01 3.787703278831955345e-02 4.981989234574368819e-02
3.000000000000000000e+00 3.761115455171796240e-01 7.181555359869775668e-01 3.684741908954375367e-02 4.777567689782957761e-02
7.000000000000000000e+00 4.912687263035878660e-01 6.985367722278643665e-01 3.736250557328757438e-02 4.777891476932005776e-02
9.000000000000000000e+00 6.926562088972531006e-01 7.332855207580630807e-01 3.736438942579112243e-02 5.050172921124729264e-02
3.000000000000000000e+00 8.246448023350034795e-01 7.056287410238438751e-01 3.583587860072368070e-02 5.049195672638506771e-02
1.000000000000000000e+00 4.226778479781211351e-01 8.557843838203551545e-01 3.635096508446761243e-02 5.049525346826622130e-02
7.000000000000000000e+00 5.402715859315030400e-01 8.487096346136657754e-01 3.889295912124934862e-02 5.051138395532783765e-02
5.000000000000000000e+00 6.498681786785476255e-01 8.374796660528582848e-01 3.736739181571868684e-02 4.914035142547901192e-02
0.000000000000000000e+00 7.484310473123028107e-01 8.314000030607782143e-01 3.684744852473897936e-02 4.777561802743879316e-02
1.100000000000000000e+01 8.900104727322891152e-02 3.758097906118650355e-01 3.730398840489609902e-02 4.426641290606131429e-02
