1.600000000000000000e+01 8.021245247104527021e-01 8.730270019027048800e-01 2.969415496593674764e-02 3.579769602947835416e-02
1.400000000000000000e+01 6.734049365285487143e-01 7.509893944197283400e-01 2.571467217884548795e-02 3.580695366227837351e-02
6.000000000000000000e+00 4.110091640116274592e-01 7.313103198590210630e-01 3.946951140603122132e-02 5.474915313503214698e-02
1.500000000000000000e+01 2.193343026869417900e-01 6.260418314290713271e-01 3.372623301773663984e-02 4.629276574701379765e-02
1.000000000000000000e+00 1.330501061829736376e-01 5.676495020271423719e-01 3.160628924475319956e-02 4.435689186595914713e-02
3.000000000000000000e+00 5.081303400573886631e-01 6.631326725875522632e-01 3.938473097933692380e-02 4.985646713116032025e-02
6.000000000000000000e+00 3.898987159538097602e-01 5.762197691262405108e-01 3.395410071630372562e-02 4.633602217161714165e-02
8.000000000000000000e+00 3.187155592454681274e-01 5.269402798989712977e-01 3.220873917339511783e-02 4.294475096564498440e-02
3.000000000000000000e+00 2.028785220212709628e-01 4.938064406385748728e-01 3.134953881461438607e-02 4.338362231238612754e-02
9.000000000000000000e+00 1.289676796019109950e-01 4.350664221591638570e-01 3.027871221831923698e-02 4.195526702012120079e-02
1.500000000000000000e+01 1.597752814648550623e-01 3.335420100728998527e-01 2.860846743277861703e-02 3.918801981688918579e-02
9.000000000000000000e+00 2.356407025145819678e-01 3.706523545191946489e-01 3.006513700547844281e-02 4.007948654496079621e-02
5.000000000000000000e+00 3.065508131935288372e-01 3.960149930297265364e-01 2.934850960563722966e-02 4.177872233848017869e-02
2.000000000000000000e+00 3.935569697103837861e-01 4.522893817722019039e-01 3.208714476831514562e-02 4.598363660498067107e-02
5.000000000000000000e+00 4.744454009543780382e-01 4.958169440331661182e-01 3.142221935282446532e-02 4.401352031020683286e-02
8.000000000000000000e+00 5.792591420094078680e-01 5.719925499198945662e-01 3.399521868186838880e-02 4.695211492754314264e-02
6.000000000000000000e+00 6.778052355715111776e-01 4.849910492885413094e-01 3.603698688898560043e-02 4.434406111172761733e-02
0.000000000000000000e+00 5.769603797502359521e-01 4.288829325035913298e-01 3.442756637508681550e-02 4.219729185890569445e-02
7.000000000000000000e+00 4.736293352092427189e-01 3.853085677656941099e-01 3.307611440090563182e-02 4.251077912632128530e-02
3.000000000000000000e+00 3.911161894088583946e-01 3.394088453761514579e-01 3.361468124940752977e-02 4.322908481047121887e-02
7.000000000000000000e+00 3.245977833330670470e-01 2.879244018618397072e-01 2.905670468872678658e-02 3.927599439759033029e-02
7.000000000000000000e+00 2.209440750991634728e-01 2.512073037912793128e-01 2.898708295901486487e-02 3.864939883018364553e-02
0.000000000000000000e+00 3.080475991750283860e-01 1.888282235484379790e-01 2.835020113294162147e-02 3.841062228360961339e-02
0.000000000000000000e+00 3.856761661675164321e-01 2.296086374142225495e-01 2.798555326321056080e-02 3.762989525081447684e-02
5.000000000000000000e+00 5.452089730509783738e-01 3.163474188785001529e-01 3.017002977477611925e-02 4.053579039323168542e-02
2.000000000000000000e+00 6.654146790727382133e-01 3.675385686753049885e-01 3.253987549515457989e-02 4.032554467990662195e-02
2.000000000000000000e+00 3.795295310939821865e-01 1.237100885718415422e-01 2.850381828539683138e-02 3.621737538307573390e-02
1.000000000000000000e+00 4.559035399620182671e-01 1.546224884622270923e-01 2.869135302235009677e-02 3.655173292794386408e-02
1.000000000000000000e+00 6.384598089279212019e-01 2.232637753085422172e-01 3.103461688480579905e-02 3.906737283037053921e-02
8.000000000000000000e+00 5.585512250292262726e-01 2.088640418011640243e-01 3.021236584991959795e-02 3.544022147171213555e-02
