6 0.488198 0.410254 0.051813 0.040492
14 0.305557 0.701652 0.042906 0.033461
12 0.312125 0.738738 0.035021 0.027586
8 0.644557 0.731910 0.056177 0.041586
3 0.760568 0.656395 0.048885 0.041586
9 0.626682 0.643262 0.053990 0.042680
3 0.493161 0.649828 0.055448 0.043781
0 0.354531 0.628758 0.056917 0.045422
5 0.178677 0.514609 0.059854 0.043234
9 0.486375 0.531082 0.053271 0.038305
2 0.343370 0.477453 0.057635 0.040500
6 0.900943 0.601727 0.049615 0.038859
7 0.758672 0.527801 0.048156 0.037211
8 0.634266 0.488945 0.051802 0.039406
8 0.875193 0.463988 0.050781 0.039398
5 0.725125 0.414453 0.048333 0.038609
15 0.351526 0.327535 0.052531 0.038086
3 0.860224 0.354785 0.049031 0.034805
1 0.747276 0.318012 0.050781 0.038742
0 0.610250 0.316371 0.053417 0.038086
6 0.478917 0.275004 0.051667 0.039398
2 0.614630 0.248082 0.049906 0.039398
15 0.836141 0.241512 0.046406 0.035461
1 0.726568 0.168168 0.048885 0.037211
2 0.340448 0.177738 0.059104 0.038305
7 0.484182 0.146824 0.050344 0.037758
0 0.611870 0.119465 0.047427 0.036664
7 0.210823 0.147285 0.058667 0.037430
1 0.346099 0.100004 0.054281 0.038742
5 0.508781 0.039953 0.050167 0.036859
