5.000000000000000000e+00 1.709587425944015804e-01 7.532797514232305591e-01 4.609895464443114488e-02 3.686294094385178521e-02
8.000000000000000000e+00 5.696470348615234602e-01 9.136218542399788811e-01 4.812972144338290015e-02 3.077761359728370394e-02
8.000000000000000000e+00 3.825571753255018193e-01 8.572752274155174268e-01 4.596390394400201584e-02 3.555808655938719198e-02
0.000000000000000000e+00 2.827424005725606149e-01 8.105729847238247743e-01 4.644289885986668809e-02 3.261337338308234468e-02
2.000000000000000000e+00 1.523426352866727174e-01 6.519503645893727217e-01 4.711982112618390284e-02 3.495709306286098883e-02
1.000000000000000000e+00 2.808402180128746206e-01 7.090173313479635198e-01 4.864060167466222051e-02 3.510513628433775679e-02
0.000000000000000000e+00 4.056750570790579324e-01 7.696181148346650236e-01 4.867162280863107648e-02 3.584803433413907836e-02
5.000000000000000000e+00 5.309219616980953571e-01 8.318061314430922337e-01 5.219226821953304452e-02 3.540205710937671668e-02
8.000000000000000000e+00 7.020964001420098022e-01 8.940574716919458265e-01 5.066141548730695998e-02 3.430925497209968977e-02
1.500000000000000000e+01 7.894840073092078692e-01 8.481652352092263758e-01 5.319215595170456723e-02 3.534013403887958926e-02
6.000000000000000000e+00 6.823656775653370588e-01 7.936411074552744971e-01 5.350409565428471126e-02 3.601908266169051576e-02
1.000000000000000000e+00 5.409565982520514460e-01 7.293104572497026705e-01 5.117134213905993878e-02 3.876175617583499378e-02
7.000000000000000000e+00 4.050949827333927278e-01 6.588948670892449400e-01 5.471296629954308655e-02 3.776180884494317880e-02
6.000000000000000000e+00 2.831308352327757127e-01 6.215371077692619650e-01 4.960955767094554769e-02 3.611301024504298685e-02
6.000000000000000000e+00 1.357030897416905968e-01 5.602820793293559198e-01 5.179629432118722232e-02 3.501913533079870078e-02
3.000000000000000000e+00 8.200449497584727521e-01 7.403600004133712442e-01 5.826454344633325011e-02 3.762079827247377661e-02
7.000000000000000000e+00 6.680155870652082495e-01 6.871241585996126222e-01 5.228619580288540458e-02 3.556607278792089932e-02
3.000000000000000000e+00 5.221419527069858235e-01 6.314371108138316924e-01 5.410905246571728888e-02 3.739390594390634703e-02
5.000000000000000000e+00 3.907354905351205221e-01 5.473073187005661477e-01 4.924457510720825493e-02 3.693392301984943504e-02
9.000000000000000000e+00 2.822210905652110524e-01 4.985907882561128046e-01 4.802572167628266220e-02 3.875371034858093866e-02
1.500000000000000000e+01 1.474303001556814818e-01 4.402048571160022128e-01 4.681783440991087175e-02 3.966762692657371803e-02
2.000000000000000000e+00 6.734087050736762281e-01 5.722742060555303656e-01 5.674376289785509897e-02 3.685495471531796685e-02
1.000000000000000000e+00 5.425426989980894898e-01 5.159569167011864854e-01 5.066141548730695998e-02 3.914369457552641096e-02
0.000000000000000000e+00 3.848900778375275999e-01 4.565838370553901848e-01 5.015047565730706980e-02 3.876172637647495867e-02
7.000000000000000000e+00 2.454104623981915312e-01 3.919910120787730712e-01 4.965053179122136395e-02 3.951165707528364601e-02
9.000000000000000000e+00 8.180232717643822760e-01 5.076274889359904119e-01 5.544188844941044803e-02 3.994058906601138936e-02
2.000000000000000000e+00 5.262790723820380823e-01 3.680339058435670996e-01 5.593178993110864416e-02 4.240130103393746630e-02
3.000000000000000000e+00 3.577676686621318880e-01 3.456474493861351749e-01 5.897248684661937634e-02 4.149543028319890858e-02
1.000000000000000000e+01 7.189019877220298449e-01 6.193204692360316371e-02 3.293437209116345521e-02 3.191848210256421903e-02
1.300000000000000000e+01 5.263254699858703756e-01 2.421582198246165218e-01 3.720390522326710858e-02 3.064461905270826625e-02
