3.000000000000000000e+00 1.074596195497838635e-01 5.404287919205479351e-01 3.428674244035469221e-02 4.733810115495240556e-02
9.000000000000000000e+00 5.759096357011828093e-01 1.223194683061759880e-01 3.967297230327748725e-02 4.572065547253863216e-02
2.000000000000000000e+00 4.635559470729656573e-01 1.489924587792780808e-01 3.435517579837671365e-02 4.580722707876744293e-02
6.000000000000000000e+00 3.692711545260395356e-01 1.390593227790732356e-01 3.537118443690107084e-02 4.535249645419757447e-02
5.000000000000000000e+00 2.489916293658354096e-01 1.886138615533401730e-01 3.503207032581923119e-02 4.761826595936213824e-02
3.000000000000000000e+00 2.215038699687908452e-01 2.771631592275511924e-01 3.876561532803110555e-02 4.897910877743871794e-02
0.000000000000000000e+00 3.132549685599161915e-01 3.012931791571258344e-01 3.427719911368387606e-02 4.516530499067777926e-02
9.000000000000000000e+00 4.188316060135699459e-01 2.631273115263375040e-01 3.633049623094886105e-02 5.169857158905663552e-02
2.000000000000000000e+00 5.413015913836878301e-01 2.581523338400771306e-01 4.080993223417417326e-02 5.277987199359332471e-02
5.000000000000000000e+00 6.566749871429002905e-01 2.574575974410325263e-01 4.366623212417575228e-02 5.007229388382325452e-02
3.000000000000000000e+00 7.298157836901242312e-01 3.592522026799478407e-01 4.081906063359841408e-02 5.442511780152664569e-02
8.000000000000000000e+00 6.420776687829390372e-01 3.714473293836074719e-01 4.285095936000526962e-02 4.953276991265276319e-02
6.000000000000000000e+00 4.584811645650772038e-01 3.882489783785817439e-01 3.754990813326930521e-02 5.223726570573405947e-02
1.000000000000000000e+00 3.834669270431417809e-01 4.035214426440177915e-01 3.632370920670163761e-02 5.332366378787134487e-02
7.000000000000000000e+00 2.672675889619903211e-01 4.115884137151563094e-01 3.631801877589160843e-02 4.461952747314851253e-02
1.000000000000000000e+00 1.531262603861184568e-01 4.005793269081294183e-01 3.510180774090182476e-02 4.788755374237985141e-02
1.000000000000000000e+00 7.030802725722635760e-01 5.006969740424099813e-01 4.348947311714101982e-02 5.563958021454878944e-02
2.000000000000000000e+00 5.656356221490982383e-01 5.073041866036580583e-01 4.113671707850108383e-02 5.407382261199239482e-02
7.000000000000000000e+00 4.305028277931259861e-01 5.144335406482116735e-01 3.713741117486718535e-02 5.061235133288222166e-02
1.500000000000000000e+01 3.202389350610411189e-01 5.331746188689306942e-01 3.632569492995296745e-02 5.604706840833162396e-02
0.000000000000000000e+00 1.989100440754552057e-01 5.299937865967978556e-01 3.632412413394814354e-02 5.387237543378720073e-02
5.000000000000000000e+00 1.382011495013744928e-01 6.668449132314189232e-01 3.537477059381773092e-02 5.033126776099805522e-02
6.000000000000000000e+00 2.365482576180907293e-01 6.563332649176971678e-01 4.064710292755960297e-02 5.289385843575555857e-02
7.000000000000000000e+00 3.676197885412194610e-01 6.557526335114567395e-01 3.879140009263881694e-02 5.172121476165469911e-02
1.500000000000000000e+01 5.095293376951502973e-01 6.376136147254969355e-01 4.114465997150668075e-02 5.407385224965277626e-02
7.000000000000000000e+00 6.165732171679629836e-01 6.536809906823615179e-01 4.524568232586867467e-02 5.799141748571423616e-02
0.000000000000000000e+00 2.847710429380310160e-01 8.067213040583732786e-01 3.879421567038332519e-02 5.563421579800387207e-02
8.000000000000000000e+00 5.747326945663138176e-01 7.802542508690372136e-01 4.290424787352786762e-02 6.111344863947731909e-02
1.600000000000000000e+01 7.538157387467323556e-01 6.521330453137467176e-01 2.897697774144092353e-02 3.429166229199243077e-02
1.400000000000000000e+01 8.991658201726523414e-01 5.264439950894913567e-01 2.856714817248096061e-02 3.763431619028390074e-02
