3.000000000000000000e+00 2.727851924420627849e-01 2.321721925453197055e-01 5.188557055073600432e-02 4.017333792472604914e-02
1.000000000000000000e+01 6.746526810015973652e-01 7.768151200095451125e-01 4.596150687429823023e-02 3.237894359708226588e-02
1.300000000000000000e+01 4.431182878311036299e-01 9.513114683676540118e-01 4.369986560070004966e-02 3.403354390961377263e-02
7.000000000000000000e+00 7.516061401312312817e-01 6.395523301002896677e-01 5.442001736766965969e-02 4.457643158723523236e-02
2.000000000000000000e+00 6.069447953732485246e-01 6.511975588746428123e-01 5.417598167571713308e-02 4.230602291190366238e-02
5.000000000000000000e+00 3.942425633922773676e-01 6.516430125574073084e-01 6.211004477733000906e-02 4.784202745268462120e-02
8.000000000000000000e+00 2.843019584592317850e-01 6.614007823129297581e-01 5.833361712082696382e-02 4.375037976962659059e-02
7.000000000000000000e+00 8.086218890345726606e-01 5.299493572273686892e-01 4.883976938238043797e-02 4.121811028756039441e-02
1.500000000000000000e+01 6.399963902887391143e-01 5.487108711582227016e-01 5.435876168006303910e-02 3.909517976058951572e-02
1.000000000000000000e+00 5.005264360242708266e-01 5.377328939118064532e-01 5.140591819498535608e-02 3.897400381742877062e-02
6.000000000000000000e+00 1.515205736898874167e-01 5.315829099695141835e-01 6.374232014968649052e-02 4.445897162891487842e-02
3.000000000000000000e+00 9.103601100012731484e-02 4.317542110504113961e-01 5.960248078822734386e-02 4.511736866172366689e-02
1.500000000000000000e+01 2.920423691171826486e-02 3.251170005161155840e-01 5.840847382343652971e-02 4.065400637008148577e-02
7.000000000000000000e+00 1.186522813391112374e-01 2.419927711539873738e-01 5.651995523843955649e-02 4.280985820024943433e-02
5.000000000000000000e+00 8.574837801392072301e-01 4.371025873878747192e-01 5.212969333608319378e-02 4.077541456229483163e-02
2.000000000000000000e+00 7.168533209059126943e-01 4.519148077893099247e-01 5.708205600784055367e-02 4.239613554428761644e-02
3.000000000000000000e+00 7.834935866708836461e-01 3.437241123737304616e-01 5.448040212132909677e-02 4.128046915816652174e-02
1.000000000000000000e+00 5.541735430606655743e-01 4.556960255825215356e-01 5.442605584303550348e-02 4.291677985781089388e-02
0.000000000000000000e+00 6.884244111321042858e-01 3.426376077592683256e-01 4.857837307375079128e-02 3.727315691231086747e-02
0.000000000000000000e+00 6.976880710283557274e-01 2.563704390625614060e-01 5.027088804410906331e-02 3.602957936050532606e-02
6.000000000000000000e+00 4.499596626872305882e-01 4.185963441968894583e-01 5.110521373421406111e-02 4.000707663424163396e-02
0.000000000000000000e+00 4.988561734162588190e-01 3.485213326783935806e-01 6.299140090057353536e-02 4.640870242495698239e-02
8.000000000000000000e+00 5.715894059811243988e-01 2.735644315600193055e-01 5.730890526990528588e-02 4.298180959252106970e-02
1.000000000000000000e+00 6.305890553223623129e-01 1.780004203836797472e-01 5.212957721155675461e-02 4.077544359342635816e-02
2.000000000000000000e+00 5.006587454063875509e-01 1.705621654625345540e-01 4.755363219169772560e-02 3.650481898425769756e-02
8.000000000000000000e+00 4.376238413551608031e-01 2.524898186748643081e-01 5.094310389554368435e-02 3.779176904662434611e-02
5.000000000000000000e+00 3.478505683835372286e-01 3.304417890591806461e-01 5.340230201945567190e-02 4.214890642786284225e-02
9.000000000000000000e+00 2.644755826224987616e-01 4.341678012666315700e-01 5.810676785876212058e-02 4.316467669026174958e-02
6.000000000000000000e+00 2.234601967266708344e-01 3.290583249999193827e-01 5.742563944993636649e-02 4.138297808372964903e-02
9.000000000000000000e+00 2.213612749455057815e-01 1.666424691717482143e-01 5.378687741932419719e-02 3.950129626008075379e-02
