6.000000000000000000e+00 6.690145812761912891e-01 1.338683593828317031e-01 5.206192946912691077e-02 3.820525428482546282e-02
1.000000000000000000e+01 3.081555420553763747e-01 7.584037965620729072e-01 3.702120454006674333e-02 3.238712827377887571e-02
1.400000000000000000e+01 2.693471039837730951e-01 7.393936535842376978e-01 4.148838475501714917e-02 2.902430766425823094e-02
3.000000000000000000e+00 5.989518025161075787e-01 7.154842021485252612e-01 5.630071051584961683e-02 4.574799195046297395e-02
2.000000000000000000e+00 5.592374843473597590e-01 8.202732765233053391e-02 4.970163261384186182e-02 3.559323641708138364e-02
3.000000000000000000e+00 4.348330299868510274e-01 6.816778550291171523e-01 5.906995720060642663e-02 4.604254139273411539e-02
5.000000000000000000e+00 3.421388827527755416e-01 5.356166443197785121e-01 5.569474417201092376e-02 4.235975540737657585e-02
8.000000000000000000e+00 2.300469852109108815e-01 5.163875399187980442e-01 5.901935482271725153e-02 4.133124199647009167e-02
7.000000000000000000e+00 7.559330006367033228e-01 6.855666076092843397e-01 5.291344930204233687e-02 4.201420198104266479e-02
2.000000000000000000e+00 6.155426985895862124e-01 6.078716190652886375e-01 5.505395283567937614e-02 4.254185512100516764e-02
6.000000000000000000e+00 4.735119787535836400e-01 5.264426110626303501e-01 5.555825544525533344e-02 4.041087539091636760e-02
3.000000000000000000e+00 3.410609717825009435e-01 4.341052048554425724e-01 5.554603514311201584e-02 3.997742758484729153e-02
1.000000000000000000e+00 8.706818672516137836e-01 6.172426401506482252e-01 5.341832563472359574e-02 4.157375475308877633e-02
8.000000000000000000e+00 7.641615382162846304e-01 5.553426789884314818e-01 5.007495423847330152e-02 4.018098454261476160e-02
5.000000000000000000e+00 6.371780263804324163e-01 4.781900452389720169e-01 5.118671487196158054e-02 3.780820920978900102e-02
8.000000000000000000e+00 4.897463919755717932e-01 4.213983998619004190e-01 5.265751142475910695e-02 3.914802477764189881e-02
0.000000000000000000e+00 3.813854014445232643e-01 3.266744059381263554e-01 5.481364891301621078e-02 3.906136390258346802e-02
1.500000000000000000e+01 2.384686379877428153e-01 2.645163841231368274e-01 5.789089884686401954e-02 3.853026842398904472e-02
7.000000000000000000e+00 8.878523670922414679e-01 4.992478059796930379e-01 5.079021483387524682e-02 4.018479980126510309e-02
1.000000000000000000e+00 6.490291950777784535e-01 3.820668840920996012e-01 5.163364517100565987e-02 3.930777797631823667e-02
9.000000000000000000e+00 5.165426746464764074e-01 3.001358396861313338e-01 5.364001224261905065e-02 3.987782925376381904e-02
1.000000000000000000e+00 3.906856107556088142e-01 2.420511371742903595e-01 5.312251400162076864e-02 3.789332103246317862e-02
2.000000000000000000e+00 2.609132309047977882e-01 1.344576160412278842e-01 5.397506653612577088e-02 3.785772151377808648e-02
9.000000000000000000e+00 8.919534545936874670e-01 3.713065638210530928e-01 5.203771835408232960e-02 3.734593181767764669e-02
0.000000000000000000e+00 7.616204325243580708e-01 3.222074838985733436e-01 4.877713520192972219e-02 3.657570854878605671e-02
0.000000000000000000e+00 6.532835240206552596e-01 2.560281364368549584e-01 4.828723304229720625e-02 3.656770511146684166e-02
1.500000000000000000e+01 5.302408875090884877e-01 2.049200359733996391e-01 5.310805617936675826e-02 3.808379710342926772e-02
5.000000000000000000e+00 4.246384724130379262e-01 1.013590998030079460e-01 5.306775213121794899e-02 3.665187029101724114e-02
7.000000000000000000e+00 8.858245427764892543e-01 2.738652021243206391e-01 5.048901020358254055e-02 3.535063760199697036e-02
6.000000000000000000e+00 7.898606328205758365e-01 2.058179556624578077e-01 5.025906198297036553e-02 3.517740191034571251e-02
