2.000000000000000000e+00 3.315162220104804769e-01 8.519980488845929623e-01 4.326995379689924093e-02 3.279669683118480172e-02
1.000000000000000000e+01 4.168980054178932360e-01 4.279153907215103858e-02 3.035933162024723186e-02 2.689917235621978181e-02
1.100000000000000000e+01 6.697561272703433932e-01 7.165087155422839027e-02 3.643974667071059326e-02 2.704056425980586043e-02
1.000000000000000000e+00 8.886165066217019959e-01 6.036550566409462082e-01 5.313312100168920971e-02 3.950181510346728597e-02
5.000000000000000000e+00 9.410381625353676505e-01 6.900253828761671038e-01 5.110383594518952410e-02 3.693571508387660796e-02
0.000000000000000000e+00 8.630250463431567987e-01 7.806613279553198392e-01 4.928145141008000163e-02 3.571138569483689462e-02
6.000000000000000000e+00 7.842590553167356759e-01 7.022548932791081722e-01 4.891003829646711765e-02 3.667800833130285820e-02
9.000000000000000000e+00 7.016607212230530077e-01 5.861697690822514906e-01 5.022145561270530134e-02 3.641206112816353091e-02
7.000000000000000000e+00 6.235890029777206855e-01 4.853638926871530757e-01 5.285976332142294787e-02 3.797531609909071681e-02
1.000000000000000000e+00 5.526395832250208251e-01 3.810548614397355482e-01 5.137488155659242217e-02 3.978124937497795610e-02
7.000000000000000000e+00 3.968542950939114577e-01 3.896804493223824384e-01 5.198849870462918243e-02 4.149508524112899277e-02
2.000000000000000000e+00 4.914437445413547545e-01 4.951277150355765100e-01 5.012731291128180722e-02 3.859752940059507642e-02
1.000000000000000000e+00 5.521929093057045268e-01 5.953973248428912068e-01 5.237126466920083434e-02 3.777493679757248923e-02
9.000000000000000000e+00 6.423822101074495583e-01 6.840155748517712242e-01 4.853145184099516563e-02 3.640328712324492066e-02
3.000000000000000000e+00 7.010828818585861377e-01 7.812692834988312907e-01 5.036693809966541480e-02 3.927873010003146703e-02
8.000000000000000000e+00 7.739449457578041480e-01 8.816856948580349407e-01 4.763098994432035660e-02 3.622525782074215162e-02
6.000000000000000000e+00 2.459535784983024609e-01 3.850982993584412539e-01 5.231755353098330175e-02 4.048835710245102248e-02
5.000000000000000000e+00 3.352893998283589250e-01 4.713527257313933072e-01 5.266501598252126826e-02 3.950347505034379481e-02
3.000000000000000000e+00 4.090274265868691916e-01 5.847803342628187240e-01 4.988979229840234675e-02 3.791881862147339355e-02
2.000000000000000000e+00 4.823499627138142509e-01 6.793249206817342234e-01 5.258486426191394392e-02 3.844087191412703941e-02
0.000000000000000000e+00 5.571621084899970322e-01 7.695154368017279589e-01 4.807668568065603942e-02 3.505558811099240835e-02
1.500000000000000000e+01 6.233958563018784371e-01 8.610608252758333858e-01 4.631388138164871382e-02 3.223207775791270269e-02
6.000000000000000000e+00 4.744302524194372594e-01 8.535307134059393341e-01 4.640105823457252310e-02 3.514931582569658097e-02
3.000000000000000000e+00 4.115922075415312520e-01 7.728288093348207877e-01 4.639889437525140936e-02 3.514285388964166756e-02
0.000000000000000000e+00 3.463400811718209682e-01 6.865897671123847301e-01 4.781417693890366305e-02 3.586078091372035814e-02
1.500000000000000000e+01 2.670781069112795336e-01 5.763492862257137972e-01 4.819640934912228225e-02 3.858303450733435724e-02
8.000000000000000000e+00 1.672404834576149968e-01 4.818275240763499889e-01 4.818633110022932375e-02 3.857520904348804569e-02
7.000000000000000000e+00 1.369480091620089712e-01 5.892018695455060184e-01 4.646037169349831464e-02 3.693109094614932530e-02
5.000000000000000000e+00 1.966110943986031923e-01 6.782213227860500737e-01 4.845485714940886424e-02 3.425573085179600685e-02
8.000000000000000000e+00 2.863969095417289168e-01 7.630517222323398574e-01 4.393820098231743243e-02 3.469087406870230428e-02
