7.000000000000000000e+00 5.594525616933847534e-01 7.155884839270776343e-01 3.474444466651938068e-02 4.226276929598704601e-02
1.300000000000000000e+01 3.115524744990055828e-01 5.571154683695952459e-01 2.572405828332158251e-02 2.818138951938387038e-02
1.300000000000000000e+01 1.637268439436170286e-01 2.038062724185771835e-01 2.861175832262219387e-02 4.659185931489387422e-02
5.000000000000000000e+00 4.376077319151442935e-01 2.735519457067914217e-01 3.545921068340696092e-02 4.914991398827156521e-02
6.000000000000000000e+00 5.584523757495711838e-01 2.159582068553445033e-01 3.946866134196369558e-02 5.262487257565176546e-02
0.000000000000000000e+00 6.783585695889342571e-01 1.766637661021290828e-01 3.503920721743358779e-02 5.241120842349816789e-02
5.000000000000000000e+00 7.733170827265656300e-01 1.318074650384189472e-01 3.554332194019904634e-02 4.819682813698961121e-02
1.000000000000000000e+00 4.185503545107076562e-01 3.793167928383613940e-01 3.617533110436377264e-02 4.908360347067552976e-02
3.000000000000000000e+00 5.185689488920652845e-01 3.805064709678268597e-01 3.753863554324093910e-02 5.168126755285484819e-02
1.000000000000000000e+00 6.329213812044498511e-01 3.422059831356164539e-01 3.357252581490099974e-02 4.556928424258804844e-02
1.500000000000000000e+01 7.396510201081862856e-01 2.884791784655588720e-01 3.357241525130361115e-02 4.556928424258810395e-02
3.000000000000000000e+00 8.065923583096089589e-01 2.924772134326746320e-01 2.978130005689449966e-02 4.539791066647530515e-02
9.000000000000000000e+00 8.889599166057310375e-01 3.491997664176820226e-01 2.638478634193464067e-02 3.761340417604502884e-02
8.000000000000000000e+00 8.103954143725473624e-01 3.710158299635955559e-01 3.035976879897350766e-02 4.372759875826159881e-02
2.000000000000000000e+00 6.933670251305092957e-01 4.390535720795494812e-01 3.093497591492655463e-02 4.206123949865825384e-02
7.000000000000000000e+00 6.083151761735728913e-01 4.509385368897221857e-01 3.540379068016386022e-02 4.314186045964746308e-02
7.000000000000000000e+00 5.105725334465915921e-01 5.157121375578139766e-01 3.287321106076313004e-02 4.304274019449561006e-02
2.000000000000000000e+00 4.216671008626629580e-01 5.467687334299820012e-01 3.429511420631115026e-02 4.813386216821780028e-02
1.500000000000000000e+01 3.863903062946684730e-01 6.778473787959290453e-01 3.460272977543377149e-02 4.218117336103799353e-02
2.000000000000000000e+00 4.868776074066948345e-01 6.442096757403064089e-01 3.155272237501466348e-02 4.319891127595343328e-02
6.000000000000000000e+00 5.753582408286088690e-01 6.112159227173774578e-01 3.368955738284640233e-02 4.097332134023468075e-02
8.000000000000000000e+00 6.559093221406326890e-01 5.384071402424412955e-01 3.015036134532322887e-02 4.020048179376445319e-02
5.000000000000000000e+00 7.612867958879391272e-01 5.143324420656085749e-01 3.016810680272086209e-02 4.082411576541894460e-02
8.000000000000000000e+00 8.465674562098856049e-01 4.880933647247187590e-01 2.794804504687675717e-02 4.009188070012781324e-02
0.000000000000000000e+00 7.959702370895420653e-01 6.153393091631500500e-01 2.923655321205043123e-02 3.897372339778992778e-02
3.000000000000000000e+00 7.225881823616090438e-01 6.322947896565622727e-01 3.192612328464505822e-02 4.086734613203846234e-02
0.000000000000000000e+00 4.693508724459398707e-01 7.730292580413941073e-01 3.215855560747304942e-02 4.044455093522847378e-02
1.000000000000000000e+00 5.107796467055938372e-01 8.392908512454348990e-01 3.090567656159109999e-02 3.556383148753383683e-02
9.000000000000000000e+00 6.046410925471091824e-01 7.906257033503678588e-01 3.007716824378348086e-02 3.785741803571018860e-02
6.000000000000000000e+00 7.608201622247233731e-01 7.241673345836903142e-01 2.786042339586414229e-02 3.714721276721932863e-02
