8.000000000000000000e+00 5.371010263979951738e-01 4.971741793610556792e-01 5.198237852634979284e-02 3.762552562661686251e-02
1.100000000000000000e+01 4.175497301279901263e-01 8.938529336029338301e-02 4.059500506163599143e-02 3.180749110452468775e-02
1.100000000000000000e+01 4.421708300405258196e-01 2.548072023290129939e-01 4.468701009959891168e-02 3.351524360146734827e-02
1.500000000000000000e+01 8.158841877645742757e-01 4.269556294581474676e-01 5.830560127072437204e-02 4.167779079335759418e-02
2.000000000000000000e+00 9.207845365252769199e-01 6.738638369571002817e-01 6.050901224586602289e-02 4.401456229274169907e-02
5.000000000000000000e+00 9.296665374757795419e-01 7.825986920402648872e-01 6.157332536515591759e-02 4.481254561403669179e-02
6.000000000000000000e+00 8.298093516412614612e-01 8.423832201640725215e-01 5.220991863288426682e-02 3.984712974955417764e-02
5.000000000000000000e+00 7.858119484771630692e-01 7.372501053081443878e-01 5.715856661921370208e-02 4.014218851211770467e-02
9.000000000000000000e+00 7.295806734662665383e-01 6.363328542168018576e-01 5.702861556352889494e-02 3.866460308928676426e-02
2.000000000000000000e+00 6.852950304767202461e-01 5.229783089702035870e-01 5.716678287950860415e-02 4.013581671841948140e-02
2.000000000000000000e+00 6.393065815142864317e-01 4.124653601412449078e-01 5.646728289589808547e-02 4.303392088543456229e-02
7.000000000000000000e+00 7.055177622442081464e-01 9.047833975474099955e-01 4.893643756695353897e-02 3.670846242397285408e-02
1.000000000000000000e+00 6.700474958359705635e-01 8.107098441383071563e-01 5.396590672598000626e-02 3.774706479676148696e-02
5.000000000000000000e+00 6.452274869688463532e-01 7.111040646902277995e-01 4.795948509284031491e-02 3.665301664021392014e-02
9.000000000000000000e+00 5.744833618984683810e-01 5.978860938111845158e-01 5.198243441927707931e-02 3.762549768015344132e-02
8.000000000000000000e+00 5.025200444075949013e-01 3.697818320162782335e-01 5.518498736062094068e-02 4.002179514698006590e-02
0.000000000000000000e+00 3.535154531524964394e-01 3.284092166053028672e-01 5.131166340023501915e-02 4.053483632553067650e-02
6.000000000000000000e+00 3.897281732588796510e-01 4.616739822903150881e-01 4.739217188200145481e-02 4.031833507211357581e-02
7.000000000000000000e+00 4.555852443486765324e-01 5.572729514946799245e-01 4.788089963723046738e-02 3.591103803194961586e-02
8.000000000000000000e+00 4.931981940666788078e-01 6.645616050336231595e-01 4.575221750572355806e-02 3.431417710252449016e-02
1.000000000000000000e+00 5.304732989863643056e-01 7.768928346230152826e-01 4.575221750572355806e-02 3.431412120959731471e-02
0.000000000000000000e+00 5.612792726752817707e-01 8.702825660145804276e-01 4.865311631909752244e-02 3.375603033174257028e-02
6.000000000000000000e+00 4.294976677325862413e-01 8.180135685576708227e-01 4.449060235350160708e-02 3.479776270845336139e-02
3.000000000000000000e+00 3.942552767884460740e-01 7.189417901358333696e-01 4.597428010539478249e-02 3.590477802410574348e-02
1.500000000000000000e+01 3.147357106332266952e-01 5.416811723154517644e-01 4.864557077392855922e-02 3.534294232013024395e-02
3.000000000000000000e+00 2.743141972175457410e-01 4.389834520289102593e-01 4.776140055892774683e-02 4.208049933366231343e-02
7.000000000000000000e+00 3.078943325074647297e-01 7.923187794873116641e-01 4.023731827417165174e-02 3.302467137964171240e-02
0.000000000000000000e+00 2.974989187678110936e-01 6.961169072507285005e-01 3.995416470509688400e-02 3.735687627214445694e-02
3.000000000000000000e+00 2.292737202464843471e-01 6.040532635028832420e-01 4.440111777709246366e-02 3.387161690514306489e-02
1.000000000000000000e+00 2.034466605639624337e-01 5.369585832730865427e-01 4.275467982126210376e-02 3.377900232481201304e-02
