1.200000000000000000e+01 9.275905646274693606e-01 3.655605659265241947e-01 3.865604913881204308e-02 2.639835158458198050e-02
9.000000000000000000e+00 2.583115667207304122e-01 2.867356599370328718e-01 4.472165967223826200e-02 3.386666945765032244e-02
8.000000000000000000e+00 1.968628115491382058e-01 3.924006274704909258e-01 4.259063337925653170e-02 3.291607239434768406e-02
3.000000000000000000e+00 1.433006936138906118e-01 4.748234226145737757e-01 4.301452385913760723e-02 3.258666157717932110e-02
1.500000000000000000e+01 8.899285541677984246e-02 5.621001711327664463e-01 3.790814359634368802e-02 3.005845378949234536e-02
0.000000000000000000e+00 3.768093922679772168e-01 2.814010257660775061e-01 4.312292456866928525e-02 3.525470034483230153e-02
5.000000000000000000e+00 3.142644221063284338e-01 3.736522957944914403e-01 4.472843134423737377e-02 3.386831516279747989e-02
6.000000000000000000e+00 2.041006902334397410e-01 5.482836131013206771e-01 4.591266458089607316e-02 3.767461533807914265e-02
5.000000000000000000e+00 1.575470234977107142e-01 6.318659289260815104e-01 4.862459781206521225e-02 3.484545933863847367e-02
1.500000000000000000e+01 2.033847815156364369e-01 7.358934333274655959e-01 4.301455083791050349e-02 3.258668855595214797e-02
1.000000000000000000e+00 2.581011592708454261e-01 6.254831289596129995e-01 4.259060640048359381e-02 3.161739520302653261e-02
6.000000000000000000e+00 3.221046693426631302e-01 5.571663201226990658e-01 5.053048624515593668e-02 3.659816229917534081e-02
8.000000000000000000e+00 3.926128829663199094e-01 4.635303510855568465e-01 4.687318983262767080e-02 3.613091693123626769e-02
9.000000000000000000e+00 4.388218419206435517e-01 3.694410847060671799e-01 5.201623424779927563e-02 3.998113854880708251e-02
1.000000000000000000e+00 5.134683564989491744e-01 2.716655467119494238e-01 5.265444409963654371e-02 3.884233756572014196e-02
0.000000000000000000e+00 5.997407392594397146e-01 3.531088235481757986e-01 5.115153759742563366e-02 3.933594119478744933e-02
0.000000000000000000e+00 5.135024171997415454e-01 4.570061823490668695e-01 4.967272313941872852e-02 3.595501533189654486e-02
6.000000000000000000e+00 4.584696323959044362e-01 5.691260101514221681e-01 4.729314141166468533e-02 3.579171281950344063e-02
2.000000000000000000e+00 3.843888761747999983e-01 6.442151924355508097e-01 4.875406894323558449e-02 3.658332397407781933e-02
8.000000000000000000e+00 3.314864566840084459e-01 7.380125080240504953e-01 4.430664520864280309e-02 3.420271705295319098e-02
2.000000000000000000e+00 2.767682713510147829e-01 8.103215547391064977e-01 4.691139177506098434e-02 3.356450720111592290e-02
7.000000000000000000e+00 3.719179383995298571e-01 8.097502252653003829e-01 4.987757296208550351e-02 3.772975994989691273e-02
3.000000000000000000e+00 4.757837455255086723e-01 7.337787291920913058e-01 5.221471708006031331e-02 3.916476088070619532e-02
2.000000000000000000e+00 5.211880895567179151e-01 6.374984222392929833e-01 4.964765985939023629e-02 3.723572466046298768e-02
5.000000000000000000e+00 5.855373865608570760e-01 5.467627926939009342e-01 5.096473657383249201e-02 4.017193243079020260e-02
1.000000000000000000e+00 6.558355974162224378e-01 4.508115053660639582e-01 4.986087310165732145e-02 3.772082997606523991e-02
3.000000000000000000e+00 5.390877364840627184e-01 8.401285663651256730e-01 5.244398269220584829e-02 4.095723055250488631e-02
7.000000000000000000e+00 6.040841058669385033e-01 7.407964206213297764e-01 5.166348679206844707e-02 3.647449160417959302e-02
7.000000000000000000e+00 7.441937495781467682e-01 5.579431199309485834e-01 5.290359306741299061e-02 3.805399084266747334e-02
1.400000000000000000e+01 8.871644381983695427e-01 4.120437236392663349e-01 3.969041529198436002e-02 2.750027258510800987e-02
