2.000000000000000000e+00 2.864795452556611610e-01 8.142981595298114383e-01 4.185945910166133377e-02 3.517433843998740706e-02
6.000000000000000000e+00 3.833155493401726455e-01 8.946140093497545465e-01 4.661344692183833072e-02 3.496643300439816748e-02
7.000000000000000000e+00 5.138587754193700841e-01 8.742057031371730513e-01 5.138656553629855628e-02 3.793750068155876676e-02
1.500000000000000000e+01 3.989924199398410254e-01 8.278307942165037403e-01 4.846890102004430823e-02 3.604771597991296428e-02
0.000000000000000000e+00 5.406642649126975897e-01 7.952692796757978577e-01 4.870216858930287440e-02 3.774141731975755309e-02
0.000000000000000000e+00 6.448800966451981864e-01 8.622728046865931750e-01 4.950350718698082186e-02 3.712742656137701935e-02
3.000000000000000000e+00 1.058546514325718890e-01 6.973134980799384763e-01 4.485143379601423674e-02 3.287969138870094898e-02
1.000000000000000000e+00 1.988220274618661687e-01 7.240906116843327522e-01 4.433362114039995916e-02 3.451486472777065551e-02
6.000000000000000000e+00 3.443605932341932130e-01 7.275585558815069742e-01 5.044379882928490266e-02 3.859202426435681677e-02
6.000000000000000000e+00 4.659666518318404949e-01 7.058229743797048705e-01 4.890987019603382224e-02 3.541840893874248497e-02
7.000000000000000000e+00 6.810776850728672560e-01 7.520612597284151990e-01 5.492494716326123960e-02 3.902268552379184463e-02
8.000000000000000000e+00 1.244978288496362828e-01 5.987797451968220885e-01 4.573080972805888822e-02 3.551205373998267412e-02
0.000000000000000000e+00 2.256051394583797609e-01 6.194511944656251323e-01 4.527973646437333244e-02 3.547874228083502945e-02
8.000000000000000000e+00 3.547390782512506169e-01 6.285906475299539720e-01 4.662494869313493773e-02 3.557774486921094770e-02
5.000000000000000000e+00 5.667106520596527641e-01 6.613585242306070366e-01 4.976167099537498473e-02 3.631944896659644595e-02
2.000000000000000000e+00 1.836423828031115146e-01 5.011907681908952528e-01 4.748024370147760354e-02 3.582030121073193074e-02
2.000000000000000000e+00 2.690806119864191381e-01 5.475504190655910985e-01 4.640923952410888620e-02 3.480698060029630003e-02
8.000000000000000000e+00 3.789659870935111474e-01 5.356533653756850866e-01 4.603090404447124362e-02 3.603012846127207069e-02
5.000000000000000000e+00 5.068730799875462711e-01 5.571502924026846548e-01 4.648049226933115285e-02 3.662792938461234549e-02
1.000000000000000000e+00 6.193224911007364497e-01 5.859942015130591431e-01 4.864072874769320709e-02 3.623279258335920794e-02
1.000000000000000000e+00 3.056582102022057379e-01 4.221104852330874180e-01 4.689508016735938201e-02 3.426278666672066819e-02
5.000000000000000000e+00 2.101244978125540730e-01 3.597235673918933729e-01 4.697981473564583066e-02 3.922706763197142399e-02
9.000000000000000000e+00 3.511358353696974466e-01 3.580118126388741606e-01 4.528908347345239616e-02 3.598234515317649818e-02
7.000000000000000000e+00 5.389587414990644199e-01 4.680164130689383750e-01 5.136207695487970959e-02 3.634504404753241547e-02
3.000000000000000000e+00 7.617756848839413175e-01 5.331018648443799357e-01 5.000183962741155952e-02 3.750159810862130350e-02
9.000000000000000000e+00 6.698154709217174485e-01 4.583423605865837303e-01 5.132468891856356574e-02 3.849331286006424380e-02
3.000000000000000000e+00 4.495025068257253453e-01 3.569399640276633701e-01 4.676445498751985452e-02 3.658637741590287096e-02
1.500000000000000000e+01 3.982962279147000961e-01 2.977316116415024139e-01 4.662500692995164009e-02 3.557777398761929888e-02
1.300000000000000000e+01 8.073230486394213923e-01 3.880752152499771235e-01 3.546301834032827838e-02 2.538368129141205243e-02
1.600000000000000000e+01 8.307759173918283224e-01 3.634794052923829288e-01 3.707914824033975432e-02 2.388160819689133518e-02
