1.500000000000000000e+01 7.653937153498566737e-01 6.448479256025982931e-01 3.727229412504506900e-02 4.345963076114867096e-02
8.000000000000000000e+00 5.631605457658963587e-01 7.645953286671480775e-01 4.340022785675279327e-02 6.410528489835687349e-02
6.000000000000000000e+00 3.168962836566847630e-01 8.325484075786762084e-01 3.889836127566953516e-02 5.532506972351514118e-02
0.000000000000000000e+00 6.325690831923356239e-01 6.190278708255193552e-01 4.023259709891391367e-02 5.536187622898403049e-02
1.000000000000000000e+00 5.017532883708724079e-01 6.513873991616723202e-01 4.015455798921740982e-02 5.179216934178343390e-02
5.000000000000000000e+00 3.768789196327561597e-01 6.677551706102544671e-01 3.949501103599861729e-02 5.266003412737851885e-02
2.000000000000000000e+00 2.505460057582259426e-01 6.811890209630966364e-01 3.940998334931439251e-02 4.909574338734346011e-02
0.000000000000000000e+00 1.503815417831496082e-01 7.136877384575890382e-01 3.614331863174499726e-02 5.252055377833142469e-02
7.000000000000000000e+00 6.712226695590093328e-01 4.647176886126810902e-01 4.079913774005428095e-02 5.093772844781863096e-02
7.000000000000000000e+00 5.393819708032218108e-01 4.973024384017996069e-01 3.882142869066274038e-02 5.262113104881349646e-02
3.000000000000000000e+00 4.243529782896279245e-01 5.188297306450831980e-01 3.951641355302354386e-02 5.355777507959663675e-02
6.000000000000000000e+00 3.168590840437603973e-01 5.648200707288496547e-01 4.146622653260562119e-02 5.095924744112689808e-02
2.000000000000000000e+00 2.070532666135978528e-01 5.728740562783809498e-01 3.800912309212001183e-02 4.634888320230878822e-02
9.000000000000000000e+00 1.194053149045092299e-01 5.807794763287811302e-01 3.670263774333117068e-02 4.806795666501195718e-02
0.000000000000000000e+00 6.938475760563602712e-01 3.377155602534323564e-01 4.141628732621394082e-02 4.828894129317862216e-02
8.000000000000000000e+00 5.750598502075826568e-01 3.704604066937119966e-01 3.882952379234017037e-02 5.264128144579482971e-02
6.000000000000000000e+00 4.602476637354983025e-01 3.909835714596744394e-01 4.015455798921735431e-02 5.179214022271261264e-02
1.000000000000000000e+00 3.498564801849348149e-01 4.207772146357044996e-01 3.811342760366220883e-02 5.081729197106316098e-02
0.000000000000000000e+00 2.485436619749527565e-01 4.526095276358088060e-01 3.399680632902860045e-02 4.705653486045990874e-02
5.000000000000000000e+00 1.381763560624306997e-01 4.669000173724596747e-01 3.462641887748325875e-02 4.529899510525348116e-02
2.000000000000000000e+00 6.316441741470778526e-01 2.249271055221108706e-01 3.744502845292552173e-02 4.632273427674629684e-02
3.000000000000000000e+00 5.218919503666901161e-01 2.442353789764301619e-01 3.912985788838874157e-02 4.640135576785844873e-02
5.000000000000000000e+00 4.020149383180885438e-01 2.863217834785569127e-01 3.684884459772902465e-02 4.481174569385337758e-02
9.000000000000000000e+00 2.940874756678082402e-01 2.930670560703845240e-01 3.288000260731555047e-02 4.239821151206346617e-02
1.500000000000000000e+01 1.816453049262296560e-01 3.141946453885749446e-01 3.345915180610445350e-02 4.316156795262116042e-02
1.500000000000000000e+01 5.250756548516006816e-01 1.374749067663561530e-01 3.796113486347085786e-02 4.412115781118067237e-02
7.000000000000000000e+00 4.299518913028984590e-01 1.673516557703988994e-01 3.680842732748329516e-02 4.258495211299026528e-02
3.000000000000000000e+00 3.492779133675615322e-01 1.652055074560673797e-01 3.345915180610448125e-02 4.316153883355036691e-02
8.000000000000000000e+00 2.441050565751440304e-01 2.010213821368654896e-01 3.396398913625697791e-02 4.095495388781017487e-02
1.300000000000000000e+01 8.267093059100580899e-01 5.326781200895819302e-01 2.983196387317976761e-02 3.562683367327967865e-02
