6.000000000000000000e+00 2.601255683018794396e-01 4.364488451660184509e-01 5.069842243535138682e-02 3.732067256580384740e-02
7.000000000000000000e+00 3.177720144810247671e-01 8.238993417331583746e-01 4.829396059527230056e-02 3.727942657228133783e-02
5.000000000000000000e+00 2.272269065078968420e-01 7.430456374409577514e-01 4.776375841028146496e-02 3.582231916347777823e-02
3.000000000000000000e+00 1.118367935195093560e-01 7.251951303244124070e-01 4.582256091036870926e-02 3.507033286865490762e-02
6.000000000000000000e+00 5.991312117152816086e-01 8.559161386965354890e-01 5.212427673529917982e-02 3.661960653545570654e-02
2.000000000000000000e+00 4.798210928263741959e-01 7.980658521526334814e-01 5.003451835000993775e-02 3.664949829480623755e-02
3.000000000000000000e+00 3.558900468310143839e-01 7.113839789091660482e-01 4.758655125552735399e-02 3.740895752946682418e-02
8.000000000000000000e+00 2.293917273877179308e-01 6.536414996601305205e-01 4.922025755654019230e-02 3.621178098152677549e-02
5.000000000000000000e+00 1.332298216976837979e-01 5.932607540347012431e-01 4.872368360081863470e-02 3.583958223380034891e-02
1.500000000000000000e+01 7.608694099704094160e-01 8.266720920617465218e-01 5.455136014907291386e-02 3.939038725199361934e-02
0.000000000000000000e+00 4.903660047173601377e-01 6.896221988043529372e-01 5.203248702078216992e-02 3.986541133469534426e-02
3.000000000000000000e+00 3.788289742671095972e-01 6.039294473535788965e-01 4.906332581995015429e-02 3.721749965223164480e-02
8.000000000000000000e+00 2.622792811490349263e-01 5.289154979658816647e-01 4.846557752758973159e-02 3.676947084057158310e-02
9.000000000000000000e+00 1.227972066584437083e-01 4.933690548314092483e-01 4.892154271721703418e-02 3.617705208669996786e-02
6.000000000000000000e+00 7.651323745691748224e-01 6.995441195073643925e-01 5.836829451311142947e-02 3.911985524391858871e-02
2.000000000000000000e+00 6.310928885061355409e-01 6.264954953671950655e-01 5.310520146607777825e-02 3.729738479979827215e-02
2.000000000000000000e+00 5.048131525530894503e-01 5.570170247871243374e-01 4.909095831841953084e-02 3.808731509147089689e-02
9.000000000000000000e+00 3.791598980564305776e-01 4.984069603948477201e-01 4.903580918101319019e-02 3.634982761434113474e-02
5.000000000000000000e+00 4.883469206468141754e-01 9.265166509178066612e-01 4.822742825881104478e-02 3.511250573843616163e-02
7.000000000000000000e+00 1.634490869812823544e-01 3.202752031251214770e-01 4.634329157858863013e-02 3.652729545304306269e-02
1.000000000000000000e+00 6.257170641341096573e-01 5.073981814743613317e-01 5.250377463356470376e-02 3.879782367370682161e-02
0.000000000000000000e+00 5.415838399187509200e-01 4.533791669116281620e-01 5.196659191174890502e-02 3.769912772827804792e-02
1.000000000000000000e+00 3.905645166424570602e-01 3.871925263300292630e-01 5.082129146942576670e-02 3.811599032573165236e-02
0.000000000000000000e+00 2.994557230794843150e-01 3.066779573715060492e-01 4.925860706175338999e-02 3.745081178553411050e-02
7.000000000000000000e+00 7.930047602002803231e-01 4.958728227731677984e-01 5.360252850875979469e-02 3.772844018996668325e-02
8.000000000000000000e+00 6.385823383271184150e-01 4.124180285320209194e-01 4.970565106738833450e-02 3.939736778881880452e-02
1.000000000000000000e+00 5.516475437244954261e-01 3.474228294515100401e-01 5.248975563014846024e-02 3.992499209921457348e-02
1.500000000000000000e+01 3.949105670083705721e-01 2.783612504337761306e-01 4.798942381444776251e-02 3.980084861028415633e-02
1.200000000000000000e+01 7.850853556546866230e-01 9.829388588657371473e-02 3.287884981394795236e-02 2.642883378758867363e-02
0.000000000000000000e+00 9.185459205993748988e-01 1.828567462128293797e-01 3.546692004794438358e-02 2.702753792109105491e-02
