0.000000000000000000e+00 5.051272542094773499e-01 5.412565386463277228e-01 3.985158473956179614e-02 4.946398474413771229e-02
1.000000000000000000e+01 8.888391248376750209e-01 6.247982182332194601e-01 3.144867216216196137e-02 3.642255765092616837e-02
1.300000000000000000e+01 6.858940606972219189e-01 7.998123600908522146e-01 3.080215406633646236e-02 4.475062323523892882e-02
2.000000000000000000e+00 5.316366715811690069e-01 8.201094770363138720e-01 4.234393669318525788e-02 6.858030658970282190e-02
2.000000000000000000e+00 2.766629960640447639e-01 8.241993977822910100e-01 4.312677274146348161e-02 5.520680108568531974e-02
6.000000000000000000e+00 1.486340247189675001e-01 8.411393066509441629e-01 3.909094408789814956e-02 5.979339895193214183e-02
0.000000000000000000e+00 1.157056692484578347e-01 7.163105734221142384e-01 4.056918690030672514e-02 5.317170370019907999e-02
2.000000000000000000e+00 2.171179650701237640e-01 7.025951118208504376e-01 4.060928560359453043e-02 5.965593448230310791e-02
1.000000000000000000e+00 3.357325752043924250e-01 6.804474573573811025e-01 3.779349821480060267e-02 5.314265859840394679e-02
1.500000000000000000e+01 4.483845022801854485e-01 6.740013850187283051e-01 4.195559074712057468e-02 5.226824816541786323e-02
6.000000000000000000e+00 5.968268150747189082e-01 6.618681171205076375e-01 4.131701007789889690e-02 6.150811828138424975e-02
8.000000000000000000e+00 7.498498039258380543e-02 6.048667814711867763e-01 3.636602553478068822e-02 4.573668680245357443e-02
3.000000000000000000e+00 1.584866494698164430e-01 5.827078088253379029e-01 3.777171438845436380e-02 4.944205392840983482e-02
5.000000000000000000e+00 2.812286626423583513e-01 5.488316364246941248e-01 3.500702050868848003e-02 5.218569892873736737e-02
0.000000000000000000e+00 4.022342902506072515e-01 5.465346627570317750e-01 3.570957095676219328e-02 5.219310719356773376e-02
7.000000000000000000e+00 6.386268322604031766e-01 5.262265951026443567e-01 4.056924569605924180e-02 5.317173309807549098e-02
6.000000000000000000e+00 6.937762486915299842e-01 3.697940277204845305e-01 3.984076632107946825e-02 4.762112007184726714e-02
5.000000000000000000e+00 5.626717744193916459e-01 4.154406394299219318e-01 3.842237758483968424e-02 4.575088597671150836e-02
7.000000000000000000e+00 4.486565649265030764e-01 4.117487218323775400e-01 3.984308875330810906e-02 4.669493997867785184e-02
7.000000000000000000e+00 3.415294248425991830e-01 4.428187640465954811e-01 3.774998935786072485e-02 4.575317901106379370e-02
3.000000000000000000e+00 2.449785970306853078e-01 4.328233538105054068e-01 3.706496004406822919e-02 4.757905171084658713e-02
1.000000000000000000e+00 1.219445747527489604e-01 4.728273077429857585e-01 3.566226977377820462e-02 4.571857771064602449e-02
7.000000000000000000e+00 1.885693199113241680e-01 3.356196138646684313e-01 3.425655152222822908e-02 4.200447941542523322e-02
3.000000000000000000e+00 2.821514766786901163e-01 3.380102491662566599e-01 3.564369031594988302e-02 4.109561467140288027e-02
8.000000000000000000e+00 5.070987198916890870e-01 2.938000911880520594e-01 3.633727441174877670e-02 4.208135486197778219e-02
1.000000000000000000e+00 5.977534361360330450e-01 2.684236679693758343e-01 4.121153049769599175e-02 4.301867675026893600e-02
5.000000000000000000e+00 5.289402983659492463e-01 1.853662742978890443e-01 3.347918347894363045e-02 3.827024357493163942e-02
9.000000000000000000e+00 4.257024679200779871e-01 2.067487608367427621e-01 3.300690659601202004e-02 4.019786232462593811e-02
1.500000000000000000e+01 3.229228768712002484e-01 2.196898088812913041e-01 3.059845618137940759e-02 3.888621727727026300e-02
9.000000000000000000e+00 2.389210617242931711e-01 2.362386231024447003e-01 3.106494168267801004e-02 3.631622553231028672e-02
