9.000000000000000000e+00 7.772734725348641183e-01 2.220458189285791084e-01 4.670031258688189801e-02 3.302028911252674614e-02
7.000000000000000000e+00 3.806675230574902979e-01 1.039589643026497812e-01 4.659675472852248257e-02 3.301092498503037376e-02
5.000000000000000000e+00 5.352859660019257948e-01 1.587232132378372795e-01 4.564821557189280288e-02 3.423563684581518163e-02
0.000000000000000000e+00 6.506409952618636972e-01 1.849984854051037741e-01 4.619067201960225244e-02 3.383648745843351180e-02
3.000000000000000000e+00 2.656119525178709528e-01 1.893572381495037260e-01 4.929931374323839877e-02 3.504606202757218347e-02
8.000000000000000000e+00 3.985769002931873750e-01 2.033297317770490220e-01 5.037660274724425902e-02 3.443465908360648919e-02
6.000000000000000000e+00 5.526427492241579031e-01 2.541864601351426223e-01 4.737685008139758125e-02 3.385239818833882253e-02
1.000000000000000000e+00 6.795386650928301187e-01 2.865841728831364232e-01 5.115675334570923827e-02 3.434455352639959047e-02
8.000000000000000000e+00 8.115799894725839181e-01 3.054091905266484996e-01 4.846772950053079843e-02 3.635079712539807106e-02
9.000000000000000000e+00 1.703433496453534979e-01 2.150844602530785077e-01 4.914669780100422436e-02 3.149462690049470437e-02
7.000000000000000000e+00 2.897538747950637594e-01 2.827641198863293237e-01 4.951435720211488922e-02 3.526878462345162113e-02
1.500000000000000000e+01 4.488777889594063875e-01 3.187494950570096686e-01 4.810241803699299989e-02 3.498835800887045711e-02
6.000000000000000000e+00 5.657894317731453349e-01 3.512878630770136512e-01 4.924172021571660007e-02 3.469226926953877799e-02
2.000000000000000000e+00 8.424173043438651920e-01 4.314115366006903707e-01 4.736546948986808392e-02 3.633013527475725812e-02
8.000000000000000000e+00 1.674623059409098280e-01 3.437971273472241185e-01 5.201767299667975353e-02 3.565815554141238408e-02
7.000000000000000000e+00 3.215659704782004580e-01 3.872853646546878248e-01 4.980301540959858331e-02 3.802059508160715584e-02
5.000000000000000000e+00 4.822398549141526658e-01 4.168859793721654827e-01 4.962791451225506689e-02 3.527814875094803515e-02
1.500000000000000000e+01 6.069316789148215818e-01 4.643850603213253159e-01 4.890168360958035976e-02 3.611130749296914688e-02
5.000000000000000000e+00 7.409864288202671068e-01 5.098868888912507780e-01 5.315161635317822153e-02 3.762440133328781577e-02
3.000000000000000000e+00 9.007100752976988645e-01 5.475860098849445468e-01 4.678262851590597737e-02 3.846231119604448523e-02
2.000000000000000000e+00 3.416536951369847364e-01 5.128545853035294533e-01 5.122964990164702304e-02 3.730626960356636657e-02
1.000000000000000000e+00 5.021735272453641263e-01 5.281563568822353893e-01 5.040917002251910084e-02 3.671157845056016722e-02
1.000000000000000000e+00 6.317822778084828395e-01 5.655956854891940333e-01 5.163451720758827079e-02 3.817503412830958176e-02
2.000000000000000000e+00 7.871900006851224596e-01 6.125403216976255116e-01 4.890118639927076849e-02 3.834977592931831936e-02
3.000000000000000000e+00 2.305469274415486991e-01 5.821315192447836795e-01 5.317039985376090239e-02 3.848584581736269605e-02
0.000000000000000000e+00 3.426200648077704081e-01 6.257760325148156166e-01 5.287920034913962120e-02 4.105774901184922054e-02
6.000000000000000000e+00 5.032969048827848901e-01 6.825727528928300369e-01 5.178210580113712380e-02 4.218464855562942262e-02
0.000000000000000000e+00 6.532149977887682368e-01 6.819499417345398218e-01 5.246193040825464227e-02 4.095769924845171772e-02
1.200000000000000000e+01 3.779130884338122165e-01 7.455442728594459112e-01 3.709959585156707984e-02 2.530966212334251342e-02
1.600000000000000000e+01 5.352202789954764173e-01 8.432051064565382337e-01 3.525906139962065033e-02 2.756058844022535315e-02
