1.400000000000000000e+01 8.394679450252559016e-01 3.872226087678716233e-01 3.661106220699084091e-02 2.829782429084476414e-02
2.000000000000000000e+00 2.993777000175310565e-01 8.720721007191898355e-01 4.663326144672846896e-02 3.606014058961093394e-02
1.000000000000000000e+00 4.116515932879879491e-01 8.585728954597909857e-01 4.944513107536180341e-02 3.889961796107677117e-02
1.000000000000000000e+01 7.945424957473410377e-01 3.103600601163746808e-01 3.981501784017904555e-02 3.060215990200154668e-02
8.000000000000000000e+00 5.572110910356184998e-01 8.675349013184225910e-01 5.286280146905675270e-02 3.820014706754137901e-02
3.000000000000000000e+00 2.000554677830131411e-01 7.637776043175358298e-01 4.831893136494530561e-02 3.684122950053603240e-02
6.000000000000000000e+00 3.229962641517228894e-01 7.744766557214020075e-01 4.998523382093128520e-02 3.869932869175463086e-02
5.000000000000000000e+00 4.540247417762274251e-01 7.635968787076017339e-01 5.328706380739028914e-02 3.895791654492664069e-02
1.500000000000000000e+01 6.061921878060687607e-01 7.636268968726512840e-01 5.076904146389182859e-02 3.657120615591669122e-02
1.000000000000000000e+00 4.104101697899723566e-01 6.697910378572040635e-01 4.761399497917379042e-02 3.480627258619650721e-02
8.000000000000000000e+00 1.351403450183955302e-01 6.827335757253337745e-01 4.680297198769491074e-02 3.540400123964815293e-02
0.000000000000000000e+00 2.583589845898468518e-01 6.553962486315787483e-01 4.734517684566277862e-02 3.525455506220265267e-02
0.000000000000000000e+00 8.205860153600108564e-02 5.992818997046334140e-01 4.471949831919956597e-02 3.437458278405525203e-02
7.000000000000000000e+00 1.852560499488559165e-01 5.911043741649297800e-01 4.659875877522892673e-02 3.422597745156918947e-02
1.000000000000000000e+00 5.473943102194553934e-01 6.587758007204490562e-01 4.975083427442394957e-02 3.804061075058329244e-02
5.000000000000000000e+00 3.265953468454022013e-01 5.655077923342304302e-01 4.470918395436462855e-02 3.570009077800806452e-02
7.000000000000000000e+00 1.150196398588574087e-01 5.087807336994739638e-01 4.710508758159696885e-02 3.569114979327342452e-02
2.000000000000000000e+00 4.667494167153841689e-01 5.878735395212071335e-01 4.871830469248139561e-02 3.653902982213808048e-02
5.000000000000000000e+00 6.015717167261585008e-01 5.950354084344862127e-01 4.763364272305781189e-02 3.632769745568265041e-02
0.000000000000000000e+00 7.618508361213019997e-01 5.935478135605319894e-01 5.237242068875147538e-02 3.878021797684616523e-02
9.000000000000000000e+00 6.658624420380296893e-01 5.025748494486692586e-01 5.318153776498912855e-02 3.864587898050397818e-02
3.000000000000000000e+00 5.163580500930957662e-01 4.861280621841945759e-01 4.867914934553990713e-02 3.615568860516077399e-02
3.000000000000000000e+00 3.797184318716323448e-01 4.700851747959537974e-01 4.698207196404097230e-02 3.481400835982273456e-02
6.000000000000000000e+00 2.696757767571976716e-01 4.670496964644583748e-01 4.745431852138917717e-02 3.517254465049857171e-02
7.000000000000000000e+00 1.679095305496886570e-01 4.122074338483803224e-01 4.755894766250026717e-02 3.545349897958988139e-02
8.000000000000000000e+00 2.788734854720237855e-01 3.136873957332678708e-01 4.493977167038953890e-02 3.699936440922851899e-02
2.000000000000000000e+00 4.544668300276994977e-01 4.016138103883367672e-01 4.891237170910428533e-02 3.598723933163344713e-02
6.000000000000000000e+00 5.950303073083993421e-01 3.682164576160626979e-01 5.146144925976869899e-02 3.859593278991735321e-02
9.000000000000000000e+00 4.022677635414050323e-01 2.868503573762561376e-01 5.002738818156104994e-02 3.647442490109309432e-02
1.500000000000000000e+01 5.214820611769254155e-01 2.795546679876930174e-01 5.213959071950169388e-02 3.952767308939658664e-02
