0.000000000000000000e+00 7.382201394167970943e-01 1.055132864188968178e-01 5.077306756773347640e-02 3.707392963801663111e-02
2.000000000000000000e+00 5.966045703177479398e-01 9.403598852669933783e-02 5.058461988338525117e-02 3.659716502054385923e-02
6.000000000000000000e+00 7.468741178847986273e-01 3.031950505846006116e-01 5.220281693931216882e-02 3.914805775507185226e-02
7.000000000000000000e+00 9.056530126146649096e-01 4.812448703055441923e-01 5.358654335148338443e-02 3.817464064102976673e-02
6.000000000000000000e+00 8.410164885311357530e-01 6.154713758981382732e-01 5.415761778178918018e-02 3.922084624628896510e-02
0.000000000000000000e+00 7.602982929904096299e-01 5.024948541933565993e-01 5.478898630088280264e-02 3.975033953456486024e-02
1.000000000000000000e+00 5.823772859734116514e-01 3.100834926157332028e-01 5.591067414467199015e-02 3.959146575688449188e-02
5.000000000000000000e+00 5.239239006352519601e-01 2.053929233165683876e-01 5.479497559012064256e-02 3.974638488425466520e-02
1.000000000000000000e+00 4.422716911991546596e-01 9.027641997000035445e-02 5.490146457963385185e-02 3.850024018323854047e-02
8.000000000000000000e+00 3.411224682674687259e-01 1.911909000175107676e-01 5.610932368054510899e-02 4.006662558872411961e-02
8.000000000000000000e+00 4.410009159043585258e-01 3.072947190679791163e-01 5.452373816123456951e-02 4.056184524097800059e-02
7.000000000000000000e+00 5.049376531527383083e-01 4.108433257762932889e-01 5.249652136706223216e-02 4.098129608583878092e-02
3.000000000000000000e+00 6.018909634483871063e-01 5.056039974015684724e-01 5.745241462793437837e-02 4.107832830287089232e-02
1.500000000000000000e+01 6.872093343202689830e-01 6.184798044794277416e-01 5.253294426955723573e-02 3.939593982161870844e-02
1.000000000000000000e+00 7.713836649770432485e-01 7.235247161777661473e-01 5.301346293913611341e-02 4.056307748708909422e-02
5.000000000000000000e+00 2.707616881589881563e-01 2.994312694656146578e-01 5.830796596859982861e-02 4.494050284098849435e-02
7.000000000000000000e+00 4.004699771152615551e-01 4.069099532041484668e-01 6.206969812021495558e-02 4.373639779218330137e-02
8.000000000000000000e+00 3.460013891317229584e-01 4.228498017310172719e-01 6.143623764842093271e-02 4.205779201992349003e-02
6.000000000000000000e+00 4.500021441921730481e-01 5.495393886122605931e-01 5.533343848381033769e-02 4.109741378915066079e-02
2.000000000000000000e+00 5.365803720851685110e-01 6.435373858653881118e-01 5.593222412317400138e-02 4.244445938685015296e-02
1.500000000000000000e+01 6.160712791560678525e-01 7.183381349821307271e-01 5.561820196303302044e-02 4.461304060116988435e-02
5.000000000000000000e+00 1.590125552231352879e-01 4.229645152469002078e-01 5.992123404008201093e-02 4.373123955264823781e-02
9.000000000000000000e+00 2.675341203681167457e-01 5.333473021721264473e-01 6.249748811899080714e-02 4.486172506053320852e-02
0.000000000000000000e+00 3.546510547383354695e-01 6.383116307061723615e-01 5.830722088955581084e-02 4.655018880168237949e-02
2.000000000000000000e+00 4.323260035809104451e-01 7.675089387227236326e-01 6.134530934817200576e-02 4.722230741310318169e-02
1.500000000000000000e+01 1.526462703173842583e-01 6.230258182954653279e-01 4.426124866487754494e-02 3.207788807942979492e-02
3.000000000000000000e+00 1.648276392492336873e-01 6.723946411204324569e-01 4.249165727859616215e-02 3.577451178535773213e-02
9.000000000000000000e+00 8.114500326537905650e-01 2.462799955602330559e-01 5.245539873521321006e-02 3.833543443009279628e-02
8.000000000000000000e+00 9.007399040850474492e-01 3.215517635887442660e-01 4.974159160203550645e-02 3.596095348766453759e-02
3.000000000000000000e+00 9.667123548943893363e-01 4.095231746663919870e-01 4.637990958325222124e-02 3.344353199634192420e-02
