1.600000000000000000e+01 6.058302930883816551e-01 2.682432364408883219e-01 4.156911103581650835e-02 3.221416391523262979e-02
1.000000000000000000e+01 5.071470194828171518e-01 1.202710258224034268e-01 3.551177879426969941e-02 2.904149654526644309e-02
5.000000000000000000e+00 1.447676150670018924e-01 5.990300571667761531e-01 4.421708672354740521e-02 3.376328240607262554e-02
1.000000000000000000e+00 2.267289529540972570e-01 6.901508628809847057e-01 4.423976451798650178e-02 3.267870178679466164e-02
7.000000000000000000e+00 3.600995329967798253e-01 8.104699603995904056e-01 4.124865677831812683e-02 3.243687852599552723e-02
8.000000000000000000e+00 4.863316183207776477e-01 8.442292069269918819e-01 4.071435586115113026e-02 3.033783724748528865e-02
8.000000000000000000e+00 3.983219808729714928e-01 7.515327337785742134e-01 4.351135705519637575e-02 3.203340047868630247e-02
9.000000000000000000e+00 2.085989623135875437e-01 5.316501567346476609e-01 4.716283887433750377e-02 3.651965026383463542e-02
3.000000000000000000e+00 3.660267287423926152e-01 6.220658916994721288e-01 4.686769808714535968e-02 3.562873691086865247e-02
3.000000000000000000e+00 1.860241514179641342e-01 4.500751100918121139e-01 4.899995986356309174e-02 3.774974215493759333e-02
1.500000000000000000e+01 1.940892921160828899e-01 3.967547558380242201e-01 4.753315133365357270e-02 3.505372029254749666e-02
7.000000000000000000e+00 2.463686504947479317e-01 4.009177235051086252e-01 4.776500844508035915e-02 3.881466502504071769e-02
1.000000000000000000e+00 3.561734466982436897e-01 5.133687657340476607e-01 4.951353228823440755e-02 3.857045318298735204e-02
2.000000000000000000e+00 4.645972448397712729e-01 6.008501011727799268e-01 4.788863811621768551e-02 3.821252290925492012e-02
7.000000000000000000e+00 4.737425459090993662e-01 6.798788652884202310e-01 4.445610957873774582e-02 3.362776473857664872e-02
3.000000000000000000e+00 5.551940177907114249e-01 7.814016129064287330e-01 4.408014139829030675e-02 3.392279570594103344e-02
0.000000000000000000e+00 6.201255126171646426e-01 8.574878096462850152e-01 4.338514661810588535e-02 3.224947098986774563e-02
2.000000000000000000e+00 3.840672299507300047e-01 4.023920272382650043e-01 5.061225221034071353e-02 3.881812434961617875e-02
6.000000000000000000e+00 4.807110807167968014e-01 4.941487995752195661e-01 4.936708754787311193e-02 3.703300304885026595e-02
6.000000000000000000e+00 5.424905817558657306e-01 5.506312784955056383e-01 4.902153945972420601e-02 3.618903767226555601e-02
1.500000000000000000e+01 6.208517236833990260e-01 6.599923339573277037e-01 4.662499626772409478e-02 3.401054174834716726e-02
3.000000000000000000e+00 6.856400134544109459e-01 7.427822349901599397e-01 4.700107426799926547e-02 3.502214709205708765e-02
2.000000000000000000e+00 7.722960117048477402e-01 8.314898872634148841e-01 4.508729903897457092e-02 3.333701674449629504e-02
5.000000000000000000e+00 8.336409282303850476e-01 7.706141759521205614e-01 4.740845091919521082e-02 3.469351125738839858e-02
1.000000000000000000e+00 5.374021898549314891e-01 3.793424926820518905e-01 5.244242709545843262e-02 3.962079747095104132e-02
5.000000000000000000e+00 6.935206842967953644e-01 5.731281996782672250e-01 5.188102813578343575e-02 3.867448001486373244e-02
8.000000000000000000e+00 7.914492211358563623e-01 6.719368326172567851e-01 4.890513044226441064e-02 3.548234708042130592e-02
9.000000000000000000e+00 8.542354405362984071e-01 5.775216242539740197e-01 5.165891753407325648e-02 3.771416053073284314e-02
0.000000000000000000e+00 7.821275768780506787e-01 4.842446984057597326e-01 5.573905359604525156e-02 3.870588848561229423e-02
0.000000000000000000e+00 6.929323794793114111e-01 3.820215336535696116e-01 5.602024726510779207e-02 4.097759398836942069e-02
