5.000000000000000000e+00 6.870630823536456599e-01 8.753221942088798002e-01 3.475963459416553381e-02 4.442954921942510182e-02
1.000000000000000000e+01 2.629729208760350767e-01 2.396079214707597105e-01 2.696650867439717714e-02 3.115486081479479363e-02
1.200000000000000000e+01 1.952339559791724799e-01 3.350140024682357609e-01 2.526217316365422794e-02 3.127191889785296830e-02
9.000000000000000000e+00 2.824421988396238481e-01 5.597156112054078037e-01 3.993058981054603551e-02 5.036695340650831909e-02
3.000000000000000000e+00 3.355095115972146491e-01 4.286912858915036817e-01 3.686064437248531833e-02 4.971939064460317859e-02
3.000000000000000000e+00 3.853964369077910734e-01 3.397878191311373142e-01 3.905361177728294830e-02 4.976007369677165615e-02
3.000000000000000000e+00 5.065860986458747828e-01 3.321556408211067124e-01 3.627599235031003788e-02 4.981001344911245576e-02
7.000000000000000000e+00 4.352540396618652108e-01 4.617475425645992670e-01 3.728723606287653869e-02 4.812671589330680399e-02
8.000000000000000000e+00 3.694453143849690813e-01 5.887700135813915825e-01 3.696867789832208873e-02 4.609140257012922515e-02
0.000000000000000000e+00 3.195639895230862892e-01 6.874348302718553683e-01 3.698130067128446719e-02 4.663113493127979403e-02
1.000000000000000000e+00 6.830230405410888661e-01 2.269501964853016251e-01 3.761835896465548501e-02 4.974275002905081955e-02
7.000000000000000000e+00 6.162566385375770617e-01 3.707019331967769671e-01 3.699076049653915454e-02 4.852144596366869678e-02
6.000000000000000000e+00 5.458661948897587379e-01 4.606128133110177769e-01 3.557573313852024910e-02 5.022003593637364149e-02
1.500000000000000000e+01 4.857936784060729041e-01 5.939337433484210838e-01 3.570065506404468403e-02 4.626725085553629047e-02
5.000000000000000000e+00 4.364539575578834096e-01 7.233595323015153955e-01 3.661640097013019179e-02 4.786451043011563655e-02
8.000000000000000000e+00 3.538386049478726703e-01 8.222266905916729707e-01 3.685295463723242682e-02 4.971927457312763643e-02
6.000000000000000000e+00 7.922270021190848110e-01 2.527557727705196378e-01 3.996271259139505538e-02 5.376691906733063742e-02
2.000000000000000000e+00 7.251339169477324376e-01 3.507461416435618817e-01 3.957422136284216574e-02 5.084020583005699478e-02
8.000000000000000000e+00 6.553032570084602604e-01 4.870459880643522310e-01 3.737147493623249606e-02 4.982838176011294973e-02
0.000000000000000000e+00 5.691865212858948642e-01 5.960767710008778586e-01 3.596364400969565001e-02 4.795214439413031382e-02
9.000000000000000000e+00 5.250608471893711826e-01 7.141720687642389986e-01 3.683812650623519147e-02 4.738873345197436304e-02
1.000000000000000000e+00 4.570669458054715806e-01 8.160928064144096217e-01 3.816908909811139727e-02 4.916369845556900486e-02
1.500000000000000000e+01 8.301253545005544687e-01 3.683889914130988874e-01 3.861018972294194551e-02 4.975177458627216831e-02
2.000000000000000000e+00 7.679731418632403939e-01 5.245409195237306088e-01 3.685298365510125684e-02 4.971924555525869538e-02
0.000000000000000000e+00 6.623104049317700692e-01 6.071710277200663697e-01 3.861024775867982761e-02 4.976140851874000237e-02
1.000000000000000000e+00 5.822481024614771794e-01 8.280955255545949800e-01 3.861552901081566347e-02 5.034228821796116193e-02
7.000000000000000000e+00 6.653100690914057758e-01 7.493979044398156875e-01 3.729556419124480104e-02 4.972710939772495564e-02
5.000000000000000000e+00 8.717273155227968084e-01 5.237299426332329144e-01 3.683806847049742039e-02 4.738873345197447406e-02
6.000000000000000000e+00 8.236245974070530718e-01 6.516396640088715220e-01 3.858906471439793595e-02 4.742158167954546588e-02
2.000000000000000000e+00 7.491211320064472545e-01 7.596748148462875161e-01 3.846539055723552369e-02 5.033938643107327415e-02
