0.000000000000000000e+00 7.229071371985736905e-01 5.817065492160136131e-01 3.582615165422109449e-02 3.622567945186216942e-02
1.600000000000000000e+01 8.320876127991715387e-01 3.522303346196469231e-01 3.803032073781964506e-02 3.763758598673810907e-02
1.600000000000000000e+01 8.809064191726735382e-01 4.875867679872442073e-01 3.416145249738367085e-02 3.218808589688443300e-02
3.000000000000000000e+00 3.132867921443697190e-01 3.216628065019574989e-01 4.016535110643681961e-02 3.897385610992354366e-02
6.000000000000000000e+00 2.669318479229329522e-01 4.209286292742808744e-01 4.358775777300380461e-02 4.121459487499978813e-02
7.000000000000000000e+00 2.243274574768582275e-01 5.114124121946663770e-01 3.881697163938471751e-02 3.857508011190169395e-02
6.000000000000000000e+00 1.821287434753102175e-01 6.234771536093970390e-01 4.212180221550348991e-02 3.927546200716147684e-02
8.000000000000000000e+00 4.282703150307511919e-01 3.124039511665245294e-01 4.046722550353887282e-02 4.213128026070284138e-02
1.500000000000000000e+01 3.829817717191873472e-01 4.147033391023612903e-01 3.833592728303147901e-02 3.905072762098849015e-02
3.000000000000000000e+00 2.978857876199067500e-01 6.077560301220727990e-01 3.751882849688814581e-02 3.728399851582853142e-02
1.000000000000000000e+00 2.395996223415778892e-01 7.018244204768715466e-01 3.880784264400852224e-02 3.857236826327514745e-02
1.000000000000000000e+00 5.720834335400768467e-01 3.052597604850238455e-01 3.931477038725195161e-02 4.030655518491765843e-02
2.000000000000000000e+00 5.070941557318432436e-01 4.065185906228982460e-01 3.777962241479732031e-02 3.936140881362992783e-02
9.000000000000000000e+00 4.607781708406737398e-01 5.008585148901661954e-01 3.735802392833498242e-02 3.794952912874033357e-02
2.000000000000000000e+00 4.063782860189619206e-01 6.090438360198051626e-01 3.803032073781975608e-02 3.763761283672450997e-02
5.000000000000000000e+00 3.634832444701005527e-01 7.050137961114675278e-01 3.686119177997815299e-02 3.626976712953189352e-02
1.500000000000000000e+01 3.010851917244234954e-01 7.847495831756630125e-01 3.884707047413982206e-02 3.686546092781595174e-02
5.000000000000000000e+00 6.204105361126245333e-01 4.092466163661659939e-01 3.830268699986749681e-02 4.028469929598749166e-02
7.000000000000000000e+00 5.632698986540911612e-01 5.069653563470795099e-01 3.707918681956468010e-02 3.786999946902175340e-02
0.000000000000000000e+00 5.135596324571093385e-01 6.015101325855909398e-01 3.677768832227212847e-02 3.855980246963974789e-02
0.000000000000000000e+00 4.616204549140607849e-01 6.979375358955604014e-01 3.499828602353122209e-02 3.599041987101991857e-02
3.000000000000000000e+00 4.098873107416572403e-01 7.821895443723106967e-01 3.511333821525786103e-02 3.551232901317091795e-02
5.000000000000000000e+00 3.663048155659879290e-01 8.741071971164477983e-01 3.634349719218799013e-02 3.535821009123141234e-02
6.000000000000000000e+00 6.798811616910298561e-01 4.914137770988819542e-01 3.560190056780321299e-02 3.876864166386362331e-02
9.000000000000000000e+00 6.203493449936176019e-01 5.988883119635307617e-01 3.527739163216558893e-02 3.606860703141867575e-02
8.000000000000000000e+00 5.650277404137524773e-01 6.871477883105172602e-01 3.519394187443236621e-02 3.578480267516426228e-02
7.000000000000000000e+00 5.134245636005211333e-01 7.855900414499746853e-01 3.410785992452791682e-02 3.470607762153332665e-02
1.000000000000000000e+00 4.750477572131946991e-01 8.549421601234499235e-01 3.719762210957777704e-02 3.561629216051398483e-02
2.000000000000000000e+00 5.807346871082572637e-01 8.619526110226891635e-01 3.427239664119074991e-02 3.526439623874766394e-02
8.000000000000000000e+00 6.284405078454813331e-01 7.695975988500723952e-01 3.402441016679480512e-02 3.442383056449016543e-02
