3.000000000000000000e+00 6.666690111891082626e-01 7.907816086994865490e-01 5.136232878383772960e-02 4.032169077974645521e-02
1.000000000000000000e+01 3.869748456712645557e-01 2.066608371428852453e-01 4.640659542689706818e-02 3.181345313038141942e-02
1.300000000000000000e+01 6.519650937444863015e-01 6.261675987461616522e-02 4.319866060483068537e-02 3.419944619503163113e-02
7.000000000000000000e+00 2.820440780172266404e-01 3.325512643394732404e-01 5.311577172787901313e-02 4.521568298411038356e-02
2.000000000000000000e+00 4.268987069146703561e-01 3.383953987535563979e-01 5.352138765430075606e-02 4.253502281527316020e-02
5.000000000000000000e+00 6.363383298739613281e-01 3.634020851957489029e-01 6.155966311274396752e-02 4.796850475321662310e-02
8.000000000000000000e+00 7.466188251176162360e-01 3.669503055263439451e-01 5.816311818744768214e-02 4.362259915177812974e-02
7.000000000000000000e+00 2.026188323201166264e-01 4.336035992538233019e-01 4.726848223380014646e-02 4.202334988789452330e-02
1.500000000000000000e+01 3.725727738614620366e-01 4.353105264771937044e-01 5.467001044686958799e-02 3.860885863601704049e-02
1.000000000000000000e+00 5.075065865877891325e-01 4.627997253807860645e-01 5.113177637864624314e-02 3.894931781867394527e-02
6.000000000000000000e+00 8.496957806543548042e-01 5.106034423320244819e-01 6.448005146987967340e-02 4.357101793570128390e-02
3.000000000000000000e+00 8.879948914827189288e-01 6.160920947043877494e-01 5.930496768901660776e-02 4.507382016705541172e-02
1.500000000000000000e+01 9.273919412039042243e-01 7.285912190444795433e-01 6.205874466582783633e-02 3.936694620562986024e-02
7.000000000000000000e+00 8.204576253883665293e-01 7.995546125572992047e-01 5.623053038016356808e-02 4.277402736137059236e-02
5.000000000000000000e+00 1.347822822843356971e-01 5.191396125703423570e-01 5.148005089707248516e-02 4.100972978431655092e-02
2.000000000000000000e+00 2.763431813403801618e-01 5.213845243515143890e-01 5.703290485246859109e-02 4.217994606015884607e-02
3.000000000000000000e+00 1.877455826004951200e-01 6.198954712750031071e-01 5.419698001301639922e-02 4.124911062435854259e-02
1.000000000000000000e+00 4.372593238697769502e-01 5.371240316769321232e-01 5.364330689230029092e-02 4.323009562203572465e-02
0.000000000000000000e+00 2.810831824844028937e-01 6.323377463307695567e-01 4.819179179071159114e-02 3.734219532764526672e-02
0.000000000000000000e+00 2.536191229108680223e-01 7.161350500584567902e-01 5.059367603809250546e-02 3.555277289337754887e-02
6.000000000000000000e+00 5.319382379914963099e-01 5.861049987062052491e-01 5.045876018616557435e-02 4.024359531343046914e-02
0.000000000000000000e+00 4.689105653644153326e-01 6.492245449471065744e-01 6.304399799513232816e-02 4.608992959980418025e-02
8.000000000000000000e+00 3.813841018102318570e-01 7.142974041079244163e-01 5.714145118259644773e-02 4.285623311538755420e-02
1.000000000000000000e+00 3.029919421919026745e-01 8.012950009960370101e-01 5.148002195138445813e-02 4.100972978431660643e-02
2.000000000000000000e+00 4.292895339092221985e-01 8.241591131371019952e-01 4.717006689448427492e-02 3.657588718263049543e-02
8.000000000000000000e+00 5.087531615886653480e-01 7.510653748763491677e-01 5.091202071509148830e-02 3.758927572070425160e-02
5.000000000000000000e+00 6.136876342907716664e-01 6.850832158716284592e-01 5.262204512708135162e-02 4.246396115114936531e-02
9.000000000000000000e+00 7.178062293571050301e-01 5.929683976330328843e-01 5.805462974869601833e-02 4.294625420517361736e-02
6.000000000000000000e+00 7.358204046309939628e-01 7.013253650697581776e-01 5.773159587023557471e-02 4.088705795842817459e-02
9.000000000000000000e+00 7.033449057238967406e-01 8.614287126791575488e-01 5.386757808318853868e-02 3.920218734933966775e-02
