1.000000000000000000e+00 5.236521613247187013e-01 3.870944140135846867e-01 4.772923723918814920e-02 3.490000531264858541e-02
7.000000000000000000e+00 6.648788745268610079e-01 4.349000140577284346e-01 4.507070007846236681e-02 3.380347416926010595e-02
5.000000000000000000e+00 7.777611488758876535e-01 4.745802242968708562e-01 4.902388221362841136e-02 3.417890240534915414e-02
3.000000000000000000e+00 2.902935344752574087e-01 3.885464581531740125e-01 4.175497403612515868e-02 3.310336717378092874e-02
2.000000000000000000e+00 4.039674501358670455e-01 4.190424586839405774e-01 4.441342698864847449e-02 3.380341803045838756e-02
1.500000000000000000e+01 5.392296823211351064e-01 4.889453998020779624e-01 4.533545066708244420e-02 3.429603601500902377e-02
0.000000000000000000e+00 6.590904026878856570e-01 5.271454684314011985e-01 4.868087413549682108e-02 3.350184038795067654e-02
3.000000000000000000e+00 1.986609895033882023e-01 4.431755891918657819e-01 4.247172618629607710e-02 3.364867142368765940e-02
7.000000000000000000e+00 3.063694697874955741e-01 4.833252180557735533e-01 4.533500155666919662e-02 3.256715740974280848e-02
1.500000000000000000e+01 5.222151343145730040e-01 5.663080368151540700e-01 4.247136128408524058e-02 3.221362330630028747e-02
5.000000000000000000e+00 6.544590638286889028e-01 6.397080042355838270e-01 4.653255447364157416e-02 3.519358317592002905e-02
7.000000000000000000e+00 7.777398161312576441e-01 6.657046762992526734e-01 4.732714307231156159e-02 3.489239850502390272e-02
9.000000000000000000e+00 1.941506999352668461e-01 5.511614512949662981e-01 4.198997105986634892e-02 3.149976230441497993e-02
2.000000000000000000e+00 3.150966114074709168e-01 5.915102325577563658e-01 4.533528225067751105e-02 3.370001035780401111e-02
3.000000000000000000e+00 4.325550963124661363e-01 6.258996835387246049e-01 4.581633564208648091e-02 3.328851294164958396e-02
1.000000000000000000e+00 5.395832164245775164e-01 6.696565111031789197e-01 4.486461453757517592e-02 3.435526245075848362e-02
1.000000000000000000e+00 6.715913068329273372e-01 7.415246751815636195e-01 4.573824656897984564e-02 3.355315125266622456e-02
6.000000000000000000e+00 7.873214745206730258e-01 7.872791177948218477e-01 4.731726264321967079e-02 3.310420925580581653e-02
0.000000000000000000e+00 2.107249793898247625e-01 6.379797431571357924e-01 4.031282436032809779e-02 3.127919295269987465e-02
9.000000000000000000e+00 3.111218158336666040e-01 6.719939904572215239e-01 4.409955494857759062e-02 3.264039047650579839e-02
0.000000000000000000e+00 4.459618701957647202e-01 7.291028986774590326e-01 4.151921913856165824e-02 3.185281922804328314e-02
2.000000000000000000e+00 5.409812129328703811e-01 8.052533305463298596e-01 4.580589382497801676e-02 3.292787727979762380e-02
6.000000000000000000e+00 2.018929985577527231e-01 7.353204393775077952e-01 4.200058129337971846e-02 3.256668022992870171e-02
5.000000000000000000e+00 3.133283795022423490e-01 7.721366023377542742e-01 4.295134803826278214e-02 3.149330634222424763e-02
6.000000000000000000e+00 4.398674980265540047e-01 8.336018815666668136e-01 4.374641381674676532e-02 3.255932604691136323e-02
8.000000000000000000e+00 6.702227270567033823e-01 8.509182598403441933e-01 4.397195145240850866e-02 3.453120145515509165e-02
8.000000000000000000e+00 5.430038658872139434e-01 8.768645473295251236e-01 4.390340597558384239e-02 3.150004299842323885e-02
1.300000000000000000e+01 6.354884434865497589e-01 1.967611261429715597e-01 3.048320088398859262e-02 2.510515982393618506e-02
8.000000000000000000e+00 4.131671401188001247e-01 3.295163678625901982e-01 4.539495779684010746e-02 3.503897691615343035e-02
1.200000000000000000e+01 9.189001592351393466e-01 1.913299356724493805e-01 3.098221869192807620e-02 2.119175202974510341e-02
