1.000000000000000000e+01 3.390294674888388315e-01 8.386124621369732690e-01 4.048458616700945090e-02 2.903156613398127917e-02
7.000000000000000000e+00 7.824408080762716988e-01 2.762390801443591615e-01 4.533643258571562473e-02 3.355592471732782300e-02
9.000000000000000000e+00 7.887037385576920467e-01 3.684936325420657965e-01 4.583260299578995056e-02 3.462936926077747612e-02
1.000000000000000000e+00 8.113250376087214333e-01 4.878968332053527091e-01 4.516039689941653279e-02 3.670903773803946279e-02
8.000000000000000000e+00 8.539795599287915984e-01 6.130184225380301832e-01 4.829062747586809756e-02 3.673460900668512608e-02
9.000000000000000000e+00 7.281709759656203040e-01 6.523825097348437962e-01 4.864132699929013537e-02 3.751497169211592819e-02
8.000000000000000000e+00 7.026558708251784413e-01 5.473189467043141354e-01 4.660753315848276124e-02 3.588993403187079601e-02
1.000000000000000000e+00 6.918907508431001441e-01 4.279576560333624435e-01 4.657702323280243917e-02 3.760976647019642627e-02
6.000000000000000000e+00 6.664622368226644777e-01 3.238245908621148472e-01 4.715380350047460034e-02 3.536514684797942287e-02
7.000000000000000000e+00 6.340346854898042395e-01 2.424569100608805483e-01 4.656763978443689833e-02 3.671084857895215436e-02
8.000000000000000000e+00 5.523128618237153065e-01 1.794370397861939914e-01 4.783018001834382638e-02 3.364904583941313865e-02
3.000000000000000000e+00 5.405806156093485582e-01 2.828317345752964229e-01 5.037737469487946207e-02 3.703276670665617276e-02
5.000000000000000000e+00 5.706145370624648994e-01 3.908346353693992192e-01 4.737011667858914699e-02 3.701517960021644127e-02
2.000000000000000000e+00 5.992339173929432938e-01 5.167578236127562397e-01 4.736226970130086311e-02 3.626516221856479483e-02
5.000000000000000000e+00 6.050962404779085535e-01 6.107037837338562536e-01 4.936884605445091001e-02 3.702686775519836715e-02
6.000000000000000000e+00 6.042180923831930173e-01 7.088594825482164019e-01 5.040464705650371524e-02 3.965906220669579429e-02
5.000000000000000000e+00 4.040853814369819164e-01 1.484952697036956981e-01 4.834610505655639878e-02 3.477289212159909160e-02
2.000000000000000000e+00 4.161270756700404805e-01 2.032626852290729536e-01 4.787289940169298097e-02 3.591193849265811311e-02
1.000000000000000000e+00 4.327016888253055193e-01 3.466782262896377365e-01 4.736622062692852353e-02 3.664425901993584311e-02
1.500000000000000000e+01 4.400827861333218571e-01 4.597236879749321825e-01 5.015101958079454247e-02 3.538267908045222843e-02
1.500000000000000000e+01 4.650535415206189516e-01 5.656351635443322978e-01 5.005932518185246538e-02 3.754427439052121507e-02
2.000000000000000000e+00 4.648124939018560831e-01 6.708070477858204539e-01 5.222533784626909314e-02 3.809224582549153304e-02
3.000000000000000000e+00 2.926646007311468622e-01 1.575910824526102760e-01 5.000530176129086568e-02 3.322958923527608022e-02
3.000000000000000000e+00 2.920470491059560803e-01 2.963756585303403135e-01 5.079406016368048782e-02 3.862644389473196549e-02
0.000000000000000000e+00 3.129711649485599767e-01 5.061033432667443321e-01 5.006486745252469728e-02 3.807959737608623829e-02
6.000000000000000000e+00 3.353147468523447472e-01 6.413895256045867299e-01 5.298723544178723932e-02 4.187926291357502162e-02
0.000000000000000000e+00 1.627008913904228748e-01 2.314998546605500640e-01 5.220292183072877679e-02 3.593786644208965542e-02
7.000000000000000000e+00 1.698692423281829011e-01 3.641395890339534924e-01 5.513198444397163223e-02 4.134920782884687895e-02
0.000000000000000000e+00 2.023175634575717918e-01 5.978425879583677549e-01 5.660705155226683494e-02 4.405523520301135587e-02
1.600000000000000000e+01 2.558868470678679619e-01 7.725505437508861650e-01 3.943045725996172091e-02 2.647932305247679974e-02
