0.000000000000000000e+00 4.496239990995939406e-01 9.107276865703953783e-01 4.884141862453555971e-02 3.493359890341207752e-02
2.000000000000000000e+00 5.818422591272287558e-01 8.879381797130406762e-01 4.882004755103541704e-02 3.435065715652174667e-02
6.000000000000000000e+00 3.596488455767963277e-01 7.348484189104724784e-01 4.972167212575129280e-02 3.728441698842355212e-02
7.000000000000000000e+00 1.427313305034649538e-01 6.117453584320063920e-01 5.199208257023744950e-02 3.559143493597849428e-02
6.000000000000000000e+00 1.450955498618973216e-01 4.758325911316884094e-01 5.225044602075085143e-02 3.682904663047237293e-02
0.000000000000000000e+00 2.647081244909412212e-01 5.586285787663427538e-01 5.282637325181813170e-02 3.735543554940357058e-02
1.000000000000000000e+00 5.048233939719182217e-01 6.901796819164554009e-01 5.435572875811611748e-02 3.681272491661158330e-02
5.000000000000000000e+00 6.009538943048737814e-01 7.707256203081958024e-01 5.283584421287124133e-02 3.734850291508795550e-02
1.000000000000000000e+00 7.222967207192675376e-01 8.552290011406438186e-01 5.354220868564607549e-02 3.563745234328530298e-02
8.000000000000000000e+00 7.713700004796695264e-01 7.407564153328980439e-01 5.439585069687125074e-02 3.739430197170756642e-02
8.000000000000000000e+00 6.332140619830812778e-01 6.596268801422058292e-01 5.209246929863264874e-02 3.851067444718825339e-02
7.000000000000000000e+00 5.326236396907244597e-01 5.813910101384967000e-01 4.918791387113052860e-02 3.960712242247066417e-02
3.000000000000000000e+00 4.059736360633023899e-01 5.187851053720020644e-01 5.567358433012009611e-02 3.836003976692370365e-02
1.500000000000000000e+01 2.822630284448929272e-01 4.371555607547644717e-01 5.003585147065509053e-02 3.752061784419608026e-02
1.000000000000000000e+00 1.628378123523004373e-01 3.623059005004682920e-01 5.009295017533224592e-02 3.892324807046732005e-02
5.000000000000000000e+00 7.896896231275241096e-01 6.268911446674902965e-01 5.492993647752264508e-02 4.323884022569413066e-02
7.000000000000000000e+00 6.282743416826095384e-01 5.604998441548063592e-01 6.043974312818156669e-02 4.057447055400420499e-02
8.000000000000000000e+00 6.706660631238555714e-01 5.334166893862788417e-01 6.036632270964359392e-02 3.847945029893262703e-02
6.000000000000000000e+00 5.243992154165062480e-01 4.437245865885551810e-01 5.289883838610009992e-02 3.899437580679077087e-02
2.000000000000000000e+00 4.074033281278562901e-01 3.793787134311347176e-01 5.302927562780768156e-02 4.060613140363394935e-02
1.500000000000000000e+01 3.047670008381079265e-01 3.306519152704097131e-01 5.148256124188504979e-02 4.350853061810089351e-02
5.000000000000000000e+00 8.388983894892727555e-01 4.895839489385854781e-01 5.765244201965336046e-02 4.119767070882907056e-02
9.000000000000000000e+00 6.953426930883248591e-01 4.156243270256707034e-01 6.048117517105922047e-02 4.196492772946947003e-02
0.000000000000000000e+00 5.733027002238504366e-01 3.415353186837301047e-01 5.408955927053893387e-02 4.532916594099284380e-02
2.000000000000000000e+00 4.496850281166389074e-01 2.434297954451833945e-01 5.782141815763436332e-02 4.541353118772187281e-02
1.500000000000000000e+01 7.614514478118987739e-01 3.080505721176651779e-01 4.269154422847287744e-02 3.013143953581454149e-02
3.000000000000000000e+00 7.299635319262991473e-01 2.664699961851669796e-01 3.838828888706757869e-02 3.540302558684543799e-02
9.000000000000000000e+00 3.251966280569363876e-01 8.011707478998681964e-01 5.044392161101279859e-02 3.613512814686237196e-02
8.000000000000000000e+00 2.135459382947065832e-01 7.543116805758596222e-01 4.801850947252009338e-02 3.374293260664507077e-02
3.000000000000000000e+00 1.175997259416649565e-01 6.905704750586961760e-01 4.481366726258106947e-02 3.134555123760907058e-02
