0.000000000000000000e+00 6.735540874361776176e-01 7.870549189914081978e-02 5.194274810107757379e-02 3.755899616015149350e-02
2.000000000000000000e+00 5.285441414631570911e-01 8.065927842750231225e-02 5.182994351444469849e-02 3.700988350732051929e-02
6.000000000000000000e+00 7.159169950122803439e-01 2.775727856004498451e-01 5.315383635063397616e-02 3.985970201928690226e-02
7.000000000000000000e+00 9.065949412495810655e-01 4.422461087374269795e-01 5.504735441709940336e-02 3.848401711344590082e-02
6.000000000000000000e+00 8.641285370700675372e-01 5.840233396159436596e-01 5.548164915777287209e-02 3.967120806438551028e-02
0.000000000000000000e+00 7.633738204157525242e-01 4.776182394664690856e-01 5.611208265461475886e-02 4.022145868381737932e-02
1.000000000000000000e+00 5.509162146912658375e-01 3.002683331294929703e-01 5.748978088598022396e-02 3.986297002593530703e-02
5.000000000000000000e+00 4.740622105535001740e-01 2.001035354431683899e-01 5.612001924218940063e-02 4.021594392259805750e-02
1.000000000000000000e+00 3.719999265069228178e-01 9.162600845254145754e-02 5.653706941206643188e-02 3.868310291132386058e-02
8.000000000000000000e+00 2.869835067813677476e-01 2.032449943698775574e-01 5.761624107182267140e-02 4.041027360365734289e-02
8.000000000000000000e+00 4.076256195375271285e-01 3.109762632887430600e-01 5.559801353736215646e-02 4.123912178986888222e-02
7.000000000000000000e+00 4.898246236206076909e-01 4.094628666145146978e-01 5.304412469886476966e-02 4.201877480456911451e-02
3.000000000000000000e+00 6.038818488733064260e-01 4.959134306326977160e-01 5.898279306622644658e-02 4.144109627219505487e-02
1.500000000000000000e+01 7.092665723040658676e-01 6.017767565549849706e-01 5.348979910554629846e-02 4.011221389014074656e-02
1.000000000000000000e+00 8.121637591027437431e-01 6.998388108027667753e-01 5.377569133002368940e-02 4.144888696661586103e-02
5.000000000000000000e+00 2.343151007218663429e-01 3.193190465827587809e-01 5.906498926916095571e-02 4.597989064879115517e-02
7.000000000000000000e+00 3.836239197798148037e-01 4.154835707023415425e-01 6.387021372349760417e-02 4.398970377851951774e-02
8.000000000000000000e+00 3.313115659625244236e-01 4.367966347045696418e-01 6.349701903569759942e-02 4.203438537204157166e-02
6.000000000000000000e+00 4.579183306567636835e-01 5.548271141118987781e-01 5.644101335950674203e-02 4.177119412231877771e-02
2.000000000000000000e+00 5.613651115556805848e-01 6.414998150462837279e-01 5.682888489859394543e-02 4.330896632219638498e-02
1.500000000000000000e+01 6.543873743362074169e-01 7.094577215143691440e-01 5.588238847303839130e-02 4.594216267918016516e-02
5.000000000000000000e+00 1.424377052883186723e-01 4.548012212974484880e-01 6.130710443767067863e-02 4.429905562215169512e-02
9.000000000000000000e+00 2.708379637026763209e-01 5.559263023123768299e-01 6.412053719704230437e-02 4.529381350303340881e-02
0.000000000000000000e+00 3.766940241458969219e-01 6.536255202862888414e-01 5.864367901918876580e-02 4.790121595039920077e-02
2.000000000000000000e+00 4.771333781586369893e-01 7.767077543994966859e-01 6.215661109448133992e-02 4.830399776981997295e-02
1.500000000000000000e+01 1.700320385513255372e-01 6.575092252230259060e-01 4.533772734237193069e-02 3.245118930452584038e-02
3.000000000000000000e+00 1.907338831850868832e-01 7.062155087755430660e-01 4.222713940703820557e-02 3.710453898560217567e-02
9.000000000000000000e+00 7.714707445667343677e-01 2.139002571005522713e-01 5.365588387200104226e-02 3.884329359435922946e-02
8.000000000000000000e+00 8.744719531841774751e-01 2.813965576295448523e-01 5.097238355553601608e-02 3.636100911581963135e-02
3.000000000000000000e+00 9.560781058468733606e-01 3.639525622603371757e-01 4.754832958962884604e-02 3.379743297190007656e-02
