1.200000000000000000e+01 1.371821096467919499e-01 3.149911678948578153e-01 3.229526919409039798e-02 3.588837292263408196e-02
2.000000000000000000e+00 6.272075382812649647e-01 1.765676321402055993e-01 3.482924502419548762e-02 3.462207620278576203e-02
8.000000000000000000e+00 5.395468013744012525e-01 2.240056194214699314e-01 3.271738617116937142e-02 3.462541020318260498e-02
0.000000000000000000e+00 3.602111910828227903e-01 3.250161140557282224e-01 3.818677316372021124e-02 3.818680026941445593e-02
1.000000000000000000e+00 7.029257231323156052e-01 2.468626994188476698e-01 3.484193048912032076e-02 3.463481587909905679e-02
7.000000000000000000e+00 6.370891088722220319e-01 2.814623321067665773e-01 3.210853806617053330e-02 3.337488899740737036e-02
8.000000000000000000e+00 5.478056895770688772e-01 3.301367591856257944e-01 3.381126356967956159e-02 3.274972326444974824e-02
9.000000000000000000e+00 4.572345194050420059e-01 3.715003468250816510e-01 3.287202415705753333e-02 3.223905198414611650e-02
6.000000000000000000e+00 3.525852479473721157e-01 4.280676539166966554e-01 3.636283099537468422e-02 3.530156174708776184e-02
5.000000000000000000e+00 7.893770310659380396e-01 2.934549619327685432e-01 3.247403124789094431e-02 3.374046349621068197e-02
3.000000000000000000e+00 7.124027141303952426e-01 3.437869022170716438e-01 3.154072798231710717e-02 3.324144766444908639e-02
0.000000000000000000e+00 6.317866387450697951e-01 3.814754049556230431e-01 3.353852607379770312e-02 3.375263395294403335e-02
0.000000000000000000e+00 5.406613604176497834e-01 4.317062816587896590e-01 3.447085353437739919e-02 3.319677748026966801e-02
7.000000000000000000e+00 4.521800934862792998e-01 4.795653016893616227e-01 3.477815079047091862e-02 3.541090611782787834e-02
5.000000000000000000e+00 3.570440939984877993e-01 5.279706098825258653e-01 3.652115535568539739e-02 3.694891031717539853e-02
1.500000000000000000e+01 7.902778074983716206e-01 4.023477247004705881e-01 3.294426083232326885e-02 3.251696666763614907e-02
5.000000000000000000e+00 7.049273702323843871e-01 4.299929171702743247e-01 3.352025683585047044e-02 3.564005765730177133e-02
2.000000000000000000e+00 6.243793572454052754e-01 4.817456159733011223e-01 3.182338616230673267e-02 3.330265232214152382e-02
9.000000000000000000e+00 5.288372873515505557e-01 5.377288224587981613e-01 3.369210693760871234e-02 3.432442857385720192e-02
2.000000000000000000e+00 4.455199804495429960e-01 5.888579954233714719e-01 3.419494467226430467e-02 3.419491756657000447e-02
1.000000000000000000e+00 3.426278356238093847e-01 6.349041188560186066e-01 3.788839368104596206e-02 3.704188284856813063e-02
1.000000000000000000e+00 7.907772570212416863e-01 4.969271358618420620e-01 3.135315657787440813e-02 3.156783367660065398e-02
3.000000000000000000e+00 7.023249254185188750e-01 5.396528117447445538e-01 3.418223210164528236e-02 3.418223210164539339e-02
1.500000000000000000e+01 5.441020217215424282e-01 6.447589361267178631e-01 3.323846603807789624e-02 3.260554807655513532e-02
8.000000000000000000e+00 4.601221838870070413e-01 7.021633754805884919e-01 3.761701146987828093e-02 3.803752921099445850e-02
3.000000000000000000e+00 5.488588542227650358e-01 7.496274519926009461e-01 3.389474910807310781e-02 3.304043183564175923e-02
6.000000000000000000e+00 6.291141257114810648e-01 6.937222556952520325e-01 3.566805783949678066e-02 3.672924577070091345e-02
7.000000000000000000e+00 7.045354218930431900e-01 6.495060647893871053e-01 3.211119442421028758e-02 3.338434888471242257e-02
6.000000000000000000e+00 7.900049615797126723e-01 5.862330528832505605e-01 3.171225281574374666e-02 3.086509144660332105e-02
1.200000000000000000e+01 1.598182646829109932e-01 3.953512842090629587e-01 3.061585458766527545e-02 3.272681895278001241e-02
