6.000000000000000000e+00 7.782063951362420129e-01 7.067335151406746174e-01 3.362302143082684935e-02 4.083890180567162353e-02
1.400000000000000000e+01 2.386467267525317348e-01 5.336756143170611200e-01 3.002803767566950000e-02 3.659061268412577839e-02
1.200000000000000000e+01 2.701213245187026324e-01 3.396900067564900816e-01 2.805880203750571456e-02 4.379285470921773227e-02
1.000000000000000000e+00 4.200665697352710115e-01 1.889258638769508447e-01 4.917261542213191561e-02 6.156180599050764535e-02
0.000000000000000000e+00 6.795460047597734476e-01 1.121441994136411213e-01 4.017863519826325724e-02 5.917282172547211339e-02
5.000000000000000000e+00 7.923463804409073274e-01 6.121492192350309891e-02 4.116292626521578235e-02 6.605118135716331329e-02
1.000000000000000000e+00 8.626351959588722806e-01 2.024824971841679422e-01 3.739067237650028908e-02 5.383744247571184416e-02
5.000000000000000000e+00 7.407483265813796791e-01 2.758960575231042545e-01 4.199776374946007085e-02 5.759696723799109797e-02
9.000000000000000000e+00 6.327880307481497102e-01 2.964618933799536560e-01 3.891805389590163866e-02 5.906451049785188534e-02
0.000000000000000000e+00 5.131787799859923727e-01 3.482377572243836594e-01 3.949998523191722288e-02 5.825047149698042714e-02
6.000000000000000000e+00 4.238483136423559783e-01 3.622259164417485078e-01 4.199776374946012636e-02 5.759699565121978448e-02
8.000000000000000000e+00 3.486667685637957481e-01 5.359055981545617353e-01 4.188064442095779105e-02 5.504966446290826543e-02
3.000000000000000000e+00 4.660060438691251972e-01 4.811612054202872857e-01 4.054255183083432801e-02 5.409270692191880947e-02
3.000000000000000000e+00 5.789603055966365819e-01 4.274107074242496918e-01 4.242640571689981766e-02 5.259339767242549035e-02
9.000000000000000000e+00 6.922369438164304167e-01 7.502598253519106031e-01 3.373178727010550659e-02 4.337387323951946705e-02
0.000000000000000000e+00 6.913395688159233998e-01 4.081363380493062687e-01 3.815419265682906680e-02 5.563742051079750839e-02
1.000000000000000000e+00 6.095729738650437213e-01 7.834155344111027874e-01 3.426686519207455817e-02 4.089584191588957474e-02
3.000000000000000000e+00 5.038220480719273198e-01 8.348232480518926746e-01 3.355565366569357444e-02 3.914899661838255884e-02
1.500000000000000000e+01 8.175740599623282368e-01 3.484489527529517350e-01 3.846145331146877400e-02 4.968950887776374392e-02
8.000000000000000000e+00 9.153477871254916964e-01 3.066235436484928689e-01 3.643570376151661350e-02 4.698854736213248229e-02
0.000000000000000000e+00 8.815146498687854715e-01 4.421295696428505506e-01 3.699697868030238368e-02 4.534595020054860148e-02
6.000000000000000000e+00 7.752880440081965085e-01 4.871985903103452920e-01 3.636279541679621197e-02 4.529068647082107324e-02
1.500000000000000000e+01 6.738237509886915166e-01 5.297694204684817443e-01 3.779090111528848883e-02 4.878625233892597279e-02
8.000000000000000000e+00 5.609515750787549271e-01 5.765485055089938360e-01 3.825699171809104904e-02 4.461712247240356977e-02
5.000000000000000000e+00 4.436184370308142721e-01 6.066941171248241282e-01 3.903000201678930026e-02 4.804790617918264228e-02
2.000000000000000000e+00 3.448683176782636473e-01 6.752981702498860317e-01 4.030837000028686390e-02 4.816002477944247850e-02
7.000000000000000000e+00 8.237695644698330710e-01 5.970890820055718695e-01 3.561467510639693135e-02 4.270155942316289366e-02
7.000000000000000000e+00 7.274787805364595350e-01 6.128905308556457099e-01 3.765451761776017481e-02 4.625764546829591595e-02
2.000000000000000000e+00 5.287719740766635423e-01 7.096612710474039520e-01 3.767480466301753594e-02 4.624957611135893654e-02
2.000000000000000000e+00 4.313204245131818659e-01 7.532375885410668159e-01 3.700419564037993325e-02 4.534654687835026898e-02
