6.000000000000000000e+00 5.416228761143384585e-01 2.704395056232764549e-01 3.463297265693510152e-02 4.708464235397447073e-02
7.000000000000000000e+00 1.879163313167505067e-01 3.726812834148108822e-01 3.462867031741653778e-02 4.480582755907475123e-02
5.000000000000000000e+00 2.561422129416179305e-01 2.788369060093832674e-01 3.325622401097882985e-02 4.434225047594414493e-02
3.000000000000000000e+00 2.644174268853961562e-01 1.700171737693527141e-01 3.257153356621345086e-02 4.252104326809311163e-02
6.000000000000000000e+00 1.783667240731259263e-01 6.365641080904147486e-01 3.394615793203245580e-02 4.845036625491438986e-02
2.000000000000000000e+00 2.233025763993398694e-01 5.190650108880761060e-01 3.400631001642709372e-02 4.647236566123180701e-02
3.000000000000000000e+00 2.945354303378213134e-01 3.936518139204919220e-01 3.476064458215000208e-02 4.413124761217812608e-02
8.000000000000000000e+00 3.388603638972030874e-01 2.695280549962582040e-01 3.360353036861890574e-02 4.571230360602465681e-02
5.000000000000000000e+00 3.877799809454881563e-01 1.730861132168456940e-01 3.325794494678624424e-02 4.525125414736125284e-02
1.500000000000000000e+01 2.168805010895274443e-01 7.822293851985044899e-01 3.653780658917926694e-02 5.068112929531543021e-02
0.000000000000000000e+00 3.241997655328196504e-01 5.150869467658670819e-01 3.702561122172409735e-02 4.828238678633450798e-02
3.000000000000000000e+00 3.954009972758392166e-01 4.012446499269960443e-01 3.455985977474068660e-02 4.553727905648313756e-02
8.000000000000000000e+00 4.563837827626328059e-01 2.841238224820205049e-01 3.414393110177865731e-02 4.498241170669187161e-02
9.000000000000000000e+00 4.792870317385630186e-01 1.508170694203921358e-01 3.357508114855206616e-02 4.543050036755549859e-02
6.000000000000000000e+00 3.345855862411306614e-01 7.700867579270115337e-01 3.622150396569517872e-02 5.430031107761701392e-02
2.000000000000000000e+00 3.925090722099151552e-01 6.370628567991100111e-01 3.457421883288408493e-02 4.936235467437244395e-02
2.000000000000000000e+00 4.476876117865802307e-01 5.116565570195665824e-01 3.538249398032156101e-02 4.554002179792615568e-02
9.000000000000000000e+00 4.928738064935335172e-01 3.882034924918516539e-01 3.373725245878178569e-02 4.553456320466198193e-02
5.000000000000000000e+00 1.052857195255581524e-01 5.431853244897670852e-01 3.257578212648808147e-02 4.479897070546690063e-02
7.000000000000000000e+00 6.420302304488131329e-01 1.664654849382492807e-01 3.394309251512539483e-02 4.297563921747860061e-02
1.000000000000000000e+00 5.021121260281753429e-01 6.170345789824382976e-01 3.600681722371634752e-02 4.875782219276325602e-02
0.000000000000000000e+00 5.460125800148019071e-01 5.325056808819566001e-01 3.497269614117370917e-02 4.827558371197071541e-02
1.000000000000000000e+00 5.963909590561169427e-01 3.846689323499567492e-01 3.538555939722864974e-02 4.718074586297160700e-02
0.000000000000000000e+00 6.642635648272621207e-01 2.903469011442860737e-01 3.477801527795632008e-02 4.571620260121350698e-02
7.000000000000000000e+00 5.246576489179437530e-01 7.700658646907243554e-01 3.497560022034873484e-02 4.982270500286400949e-02
8.000000000000000000e+00 5.907409923521635964e-01 6.169022820422409570e-01 3.661382355054876303e-02 4.608768272902374896e-02
1.000000000000000000e+00 6.445785061456879017e-01 5.283978071095845053e-01 3.707594859409191201e-02 4.871452990135716199e-02
1.500000000000000000e+01 6.972051533713203852e-01 3.749172227074453190e-01 3.701905015395823284e-02 4.444833003469994548e-02
1.200000000000000000e+01 8.912556162906174473e-01 7.124656054230864566e-01 2.456764935313882070e-02 3.047572953858679323e-02
0.000000000000000000e+00 8.226576629662558648e-01 8.464112559032290761e-01 2.509974119310331986e-02 3.291472581168886080e-02
