8.000000000000000000e+00 4.615748907415497260e-01 5.020768640020675244e-01 5.373103758979502764e-02 3.884445173810324725e-02
1.100000000000000000e+01 5.685895036772747879e-01 9.258776398855491641e-01 4.190439597741002498e-02 3.288210900210342125e-02
1.100000000000000000e+01 5.498327548359160932e-01 7.545017080240183915e-01 4.616566620093964790e-02 3.462426408590202342e-02
1.500000000000000000e+01 1.708680335713309573e-01 5.682652314066061194e-01 6.027999787099738715e-02 4.301948609335570772e-02
2.000000000000000000e+00 7.249788075850517599e-02 3.109249573280642442e-01 6.253916397893538592e-02 4.544477245106476326e-02
5.000000000000000000e+00 6.770881641850222399e-02 1.984419741056930864e-01 6.363846198910705354e-02 4.626919543550317426e-02
6.000000000000000000e+00 1.732327931470369620e-01 1.389713144380243792e-01 5.391987884001259168e-02 4.117590931378990737e-02
5.000000000000000000e+00 2.144278868379511371e-01 2.485312135260660249e-01 5.911120882134041077e-02 4.142081687006499147e-02
9.000000000000000000e+00 2.684258023542116511e-01 3.540151325822759043e-01 5.900317580523981031e-02 3.986744529569502538e-02
2.000000000000000000e+00 3.095870743780061440e-01 4.720711412712411681e-01 5.911981219889195227e-02 4.141397458657608555e-02
2.000000000000000000e+00 3.526213132429353303e-01 5.872315215710162128e-01 5.831831230766143515e-02 4.446808700620019650e-02
7.000000000000000000e+00 3.040937312001448234e-01 7.735369345051898438e-02 5.055558290222034179e-02 3.792331293219574490e-02
1.000000000000000000e+00 3.369292289503790228e-01 1.753000000021548155e-01 5.581204449346882646e-02 3.894619100820967406e-02
5.000000000000000000e+00 3.585441324089079229e-01 2.787174483983058115e-01 4.952900941571442006e-02 3.787590774447868736e-02
9.000000000000000000e+00 4.270324742239655635e-01 3.972323087017539667e-01 5.373103758979502764e-02 3.884442286770878328e-02
8.000000000000000000e+00 4.921492158914304582e-01 6.344085465605768803e-01 5.703935383271319104e-02 4.131988597100355598e-02
0.000000000000000000e+00 6.443465158372364554e-01 6.805088790588346148e-01 5.296048676143461087e-02 4.191017005630359726e-02
6.000000000000000000e+00 6.123239650896394881e-01 5.420762614356799958e-01 4.884108565632239163e-02 4.173071168428832411e-02
7.000000000000000000e+00 5.481719276533348895e-01 4.418658808090467072e-01 4.946526358472835838e-02 3.709932300367435598e-02
8.000000000000000000e+00 5.136564472137896686e-01 3.302248737709506665e-01 4.726614789728450505e-02 3.544961092296344818e-02
1.000000000000000000e+00 4.796931275036490083e-01 2.133844674762729321e-01 4.726617676767902454e-02 3.544963979335788440e-02
0.000000000000000000e+00 4.516464342598675019e-01 1.162500541578762592e-01 5.032233898531046634e-02 3.482263256629407333e-02
6.000000000000000000e+00 5.856198029294257257e-01 1.732117610646667916e-01 4.592685029789744799e-02 3.597233828520748911e-02
3.000000000000000000e+00 6.180186215281286977e-01 2.763141324107873942e-01 4.745952179943357940e-02 3.711569251733787267e-02
1.500000000000000000e+01 6.929873275671318833e-01 4.611595612467279115e-01 5.027860033769082637e-02 3.649050412512566677e-02
3.000000000000000000e+00 7.305879849707492824e-01 5.681235643809499081e-01 4.918285338603867185e-02 4.357085288691253666e-02
7.000000000000000000e+00 7.101540105627512922e-01 2.025016567998474404e-01 4.149795856408444727e-02 3.416265534874740606e-02
0.000000000000000000e+00 7.170109890825365762e-01 3.020771774521217035e-01 4.108228262452895407e-02 3.870714414201165132e-02
3.000000000000000000e+00 7.837508820678014132e-01 3.986906100671395725e-01 4.585577138671637076e-02 3.500084951134718736e-02
1.000000000000000000e+00 8.077161387751966570e-01 4.685593464881100401e-01 4.412851342646351149e-02 3.492523794823459982e-02
