9.000000000000000000e+00 3.134883740774058181e-01 1.176516532455221115e-01 3.110562304772374054e-02 4.194809159634352302e-02
1.400000000000000000e+01 7.584137326185627082e-01 5.638327120932389303e-01 2.786001522769010474e-02 3.714696570196707182e-02
1.200000000000000000e+01 9.203178079336564732e-01 6.990064718160486912e-01 2.551928204283593349e-02 3.673093074617939102e-02
8.000000000000000000e+00 4.817439368245163278e-01 8.099988338483508077e-01 4.094184223691099689e-02 5.594881344594038186e-02
7.000000000000000000e+00 3.685699137963375227e-01 7.317997596435545926e-01 3.977691091289997649e-02 5.235607314973234061e-02
3.000000000000000000e+00 2.536826105438924062e-01 7.120276468043803542e-01 3.763168015199697125e-02 5.152656756992257669e-02
2.000000000000000000e+00 1.279237530885086183e-01 6.859008132453109363e-01 3.339816351928860672e-02 5.130832063813794974e-02
0.000000000000000000e+00 1.224169481781094693e-01 5.690635586705430349e-01 3.147282420728064745e-02 5.007933676633113951e-02
5.000000000000000000e+00 2.298097549238049264e-01 6.016032285118027012e-01 3.517987237925485067e-02 4.772009579569091997e-02
1.000000000000000000e+00 4.554686228815877369e-01 6.290219556904488307e-01 3.730929905199431573e-02 5.462361138658311521e-02
0.000000000000000000e+00 5.534230302763968323e-01 6.634957170195249221e-01 3.918995767030475363e-02 5.388196204291451075e-02
0.000000000000000000e+00 6.352585499101008892e-01 5.624500913008705361e-01 3.910689561963842653e-02 5.130185406238141343e-02
9.000000000000000000e+00 5.331760422166842428e-01 5.173893469119023036e-01 3.645543232041192905e-02 4.779256604123877095e-02
3.000000000000000000e+00 3.637748642533183974e-01 4.674345614118137204e-01 3.436527894612523282e-02 4.428893627388319487e-02
1.500000000000000000e+01 2.873563421718768329e-01 4.560078851279782408e-01 3.261074642823935665e-02 4.673282806595768779e-02
2.000000000000000000e+00 1.922416674122762736e-01 4.448869357242549727e-01 3.375223641513280803e-02 4.255725975651630799e-02
6.000000000000000000e+00 1.106378435155402490e-01 4.383622444053785761e-01 3.128153063220559527e-02 4.496862355760833374e-02
3.000000000000000000e+00 1.835015746235865441e-01 3.298461349171051271e-01 3.220664118979577051e-02 4.200252790001857139e-02
2.000000000000000000e+00 2.515095623579675088e-01 3.378426133035450918e-01 3.116973134186223904e-02 4.391590962151104005e-02
6.000000000000000000e+00 3.736273753111682971e-01 3.540083419291282785e-01 3.411991141860293286e-02 4.406985314695766043e-02
6.000000000000000000e+00 4.673266643654614416e-01 3.906091328382064187e-01 3.746708907508916608e-02 4.525646979829028860e-02
7.000000000000000000e+00 5.896909040266964386e-01 4.026604468923221103e-01 3.377826995718724579e-02 4.503763752990697089e-02
5.000000000000000000e+00 7.285961288195959007e-01 4.077442764272638520e-01 3.797864538914319521e-02 5.017368745140021735e-02
1.000000000000000000e+00 2.312843711182620554e-01 2.421262543302831749e-01 3.133869850667425627e-02 4.138324177864041720e-02
1.000000000000000000e+00 3.419500874553428327e-01 2.196291766389940336e-01 3.134561105317273944e-02 4.179331187575602291e-02
5.000000000000000000e+00 4.416053157668181628e-01 2.517736467200610839e-01 3.244314504882422900e-02 4.351640345634261164e-02
8.000000000000000000e+00 5.304689440674141832e-01 2.849483370879342115e-01 3.429659945188301418e-02 4.850611922817188448e-02
8.000000000000000000e+00 6.343378711867575515e-01 2.898512139943771326e-01 3.556861950027656594e-02 4.465741959932278959e-02
1.500000000000000000e+01 6.059660766596426384e-01 1.929603771359118258e-01 3.485824385487912291e-02 4.411263846500224073e-02
7.000000000000000000e+00 5.049651595078570310e-01 1.783846596342350821e-01 3.362284915365837401e-02 4.006852003171618160e-02
