1.600000000000000000e+01 9.160497046290889678e-01 7.635566816287160385e-01 3.322291054576487213e-02 3.450321255422139632e-02
5.000000000000000000e+00 1.904892855106909144e-01 5.279317944415868880e-01 3.390134724823817836e-02 3.393319312357057083e-02
6.000000000000000000e+00 2.192944231937947741e-01 4.329529385642045813e-01 3.148981018701954571e-02 3.234747504110752070e-02
1.000000000000000000e+00 2.463245473247231421e-01 3.311136469521974712e-01 3.223049851098300222e-02 3.285920999856017932e-02
7.000000000000000000e+00 2.355217579746669010e-01 7.061947606145031475e-01 3.352927764847182801e-02 3.483069249407255707e-02
0.000000000000000000e+00 2.599493648952524438e-01 5.987705529605782395e-01 3.369019170454545797e-02 3.391732453040152695e-02
1.500000000000000000e+01 2.874789149550280865e-01 4.991516144688011858e-01 3.226883855372530974e-02 3.334287602323288136e-02
2.000000000000000000e+00 3.159147002632233248e-01 4.000767730825321999e-01 3.312275363750966095e-02 3.246127241814839026e-02
6.000000000000000000e+00 3.372487738555532966e-01 3.023102347068782336e-01 3.342317001777811436e-02 3.318432595278536512e-02
7.000000000000000000e+00 4.299198227306603171e-01 2.717081418808728888e-01 3.379485920606445370e-02 3.251453002535958925e-02
3.000000000000000000e+00 3.851351068292103719e-01 4.680903378140912063e-01 3.405894628998545892e-02 3.533927547069026787e-02
5.000000000000000000e+00 3.600917767558674543e-01 5.685895212985236924e-01 3.326991853580324454e-02 3.435490642148730789e-02
1.000000000000000000e+00 3.328227678015734936e-01 6.728598732323520792e-01 3.282543489357886424e-02 3.477803267633006179e-02
2.000000000000000000e+00 4.323625399471210384e-01 6.410066613928622203e-01 3.497350983259378543e-02 3.540766802035888450e-02
0.000000000000000000e+00 4.561591529112489218e-01 5.412483700242574081e-01 3.390629259747923729e-02 3.370027260876751196e-02
9.000000000000000000e+00 4.909437884439832311e-01 4.369930986883894253e-01 3.601806541239510606e-02 3.339366095582341210e-02
3.000000000000000000e+00 5.076368283932184422e-01 3.386760777288118085e-01 3.483066532182388375e-02 3.352925047622323795e-02
1.500000000000000000e+01 5.276026298223237543e-01 2.383987420678870817e-01 3.478987977670977561e-02 3.282646743902481457e-02
2.000000000000000000e+00 6.084896043483849493e-01 3.025150862889011139e-01 3.394683359235628473e-02 3.392509579349456406e-02
8.000000000000000000e+00 5.831901214877055484e-01 4.087421933595128953e-01 3.511915308496715848e-02 3.425138015440853945e-02
9.000000000000000000e+00 5.597590567836856490e-01 5.064335597094782315e-01 3.338752002764500126e-02 3.318147286668476914e-02
7.000000000000000000e+00 5.360908326940846402e-01 6.066813727223239194e-01 3.396150660658792120e-02 3.440664238277812981e-02
0.000000000000000000e+00 6.402318175524372990e-01 5.805089813761049600e-01 3.608067027311689934e-02 3.759932724609149624e-02
6.000000000000000000e+00 6.159480605158189626e-01 6.851396101538171912e-01 3.555510464113831315e-02 3.685736182644494541e-02
5.000000000000000000e+00 6.622126450053997804e-01 4.741656178399559773e-01 3.586731377728935577e-02 3.454405244383262907e-02
1.000000000000000000e+00 6.842602346731161411e-01 3.714695308858154132e-01 3.703979630339171436e-02 3.487139652244097832e-02
3.000000000000000000e+00 1.624280560630069203e-01 6.336049680527058303e-01 3.272965271734457060e-02 3.313101400107709704e-02
1.400000000000000000e+01 9.221845462238348334e-01 6.166527999549149541e-01 3.532006469094639556e-02 3.580813261988835539e-02
