5.000000000000000000e+00 3.478613466093756212e-01 5.636030727901554516e-02 3.225675885029805068e-02 4.516223117072259985e-02
5.000000000000000000e+00 4.425743403689892386e-01 9.771919723691552262e-02 3.425780262089367367e-02 4.567662138073323719e-02
3.000000000000000000e+00 5.497476064783606287e-01 1.420561357790876278e-01 3.708795853198321169e-02 4.944359674229341362e-02
1.000000000000000000e+00 6.502834242445678647e-01 1.871810206108074914e-01 3.672175367806262969e-02 4.717864079396433263e-02
5.000000000000000000e+00 2.631286204848716226e-01 1.447640965762770904e-01 3.482429038844730984e-02 4.642562620943212204e-02
8.000000000000000000e+00 3.621748285931277733e-01 1.945754054894648366e-01 3.627517809773023183e-02 4.836731388637752205e-02
7.000000000000000000e+00 4.711816360451065444e-01 2.319441932712376087e-01 3.660102197870035434e-02 4.793613342698196944e-02
1.000000000000000000e+00 5.677263565133008338e-01 2.876802822818623206e-01 3.748612435940756882e-02 5.128533320631212256e-02
3.000000000000000000e+00 6.843415878542249420e-01 3.513625366225939795e-01 3.768397800490819183e-02 4.874329434941004902e-02
8.000000000000000000e+00 1.825870989622691842e-01 2.255860522267439383e-01 3.634229028843033449e-02 4.882000653947768387e-02
1.000000000000000000e+00 2.866327555216128253e-01 2.839432922841802487e-01 3.479742209753461379e-02 4.711644567611100731e-02
1.500000000000000000e+01 3.710130182547054511e-01 3.265449285016623904e-01 3.600160738404772909e-02 4.872274800930037619e-02
7.000000000000000000e+00 4.641468413866591258e-01 3.719784035569524416e-01 3.775392921981135519e-02 4.961908941365750225e-02
6.000000000000000000e+00 5.888403551221559340e-01 4.219749514823255554e-01 3.923244619556665036e-02 5.302899162801250066e-02
2.000000000000000000e+00 6.998229917122453791e-01 4.694447825010066300e-01 3.997826078057331589e-02 5.150025026532251138e-02
8.000000000000000000e+00 7.179739894483361251e-02 3.377237619114603628e-01 3.436053432144197534e-02 4.944804552248810436e-02
2.000000000000000000e+00 2.072522924590966542e-01 3.772615349161781428e-01 3.740949997421230688e-02 5.146427953598531335e-02
1.500000000000000000e+01 2.959936475877754658e-01 4.082020109263732599e-01 3.658070978491662073e-02 5.188679658131745143e-02
0.000000000000000000e+00 3.893693731428152227e-01 4.624253683293507167e-01 4.062181195768355124e-02 5.231074777289668187e-02
6.000000000000000000e+00 4.953114246991615621e-01 5.160232769930495067e-01 4.017067052399347915e-02 5.097529420234953035e-02
6.000000000000000000e+00 6.120118560344719461e-01 5.774940924550967525e-01 4.053611440235438401e-02 5.352075744926976242e-02
0.000000000000000000e+00 9.540369495045339376e-02 4.601579099421621022e-01 3.685369513278402565e-02 5.216297217287707566e-02
0.000000000000000000e+00 2.081288192306129381e-01 5.268873738382188199e-01 3.668341221717419387e-02 5.107176248867650870e-02
9.000000000000000000e+00 4.033339185641920954e-01 6.234866357662343095e-01 3.736612436731417963e-02 5.057636739936544057e-02
2.000000000000000000e+00 4.983903610816645680e-01 6.710489545836995084e-01 3.933564618876722596e-02 5.331189892644572215e-02
3.000000000000000000e+00 8.442483713723565597e-02 6.202041969581151282e-01 3.801787066583570129e-02 5.224758680144847567e-02
9.000000000000000000e+00 2.096398679115417663e-01 6.837497244785870620e-01 3.764203654425693490e-02 5.278220140037048758e-02
7.000000000000000000e+00 4.298219851116469314e-01 7.635596997079256987e-01 3.920388034379018727e-02 5.527533294342168446e-02
1.000000000000000000e+01 8.827705894144139975e-01 8.750281021196677500e-01 2.842021276161443843e-02 4.221593868191919618e-02
1.100000000000000000e+01 6.734311885730819291e-01 7.257712046367331693e-01 3.006380289722487831e-02 4.051726562310831170e-02
