1.000000000000000000e+00 6.413670138276724719e-01 9.263994238203434595e-01 3.143330864993143514e-02 4.269072211328239774e-02
3.000000000000000000e+00 3.322888357322855146e-01 7.178265347663619345e-01 3.605693973245888140e-02 4.579962067909193468e-02
6.000000000000000000e+00 4.396637098418133549e-01 7.454907472842429161e-01 3.489052686329324748e-02 4.521605343531243104e-02
2.000000000000000000e+00 6.260450015002003710e-01 8.065966157043678031e-01 2.982221232314985482e-02 4.057127338294963526e-02
3.000000000000000000e+00 7.183055783613221390e-01 8.528008977747993935e-01 2.992446009857474554e-02 3.932753632748264838e-02
5.000000000000000000e+00 3.138968922322438182e-01 5.712340878706743119e-01 3.902145911049426097e-02 4.642243286164726701e-02
1.500000000000000000e+01 4.229021243287446330e-01 6.149735157913476247e-01 3.569241142561024871e-02 4.706250837653569441e-02
2.000000000000000000e+00 5.270670732973959938e-01 6.625766273627058389e-01 3.447925988819933174e-02 4.429615651113161245e-02
6.000000000000000000e+00 6.178171363339457489e-01 7.056129214227349067e-01 3.260205290159856606e-02 4.458807890578919686e-02
1.000000000000000000e+00 6.953020215004575011e-01 7.438291376699277535e-01 3.546099395777835284e-02 4.447867045553821619e-02
0.000000000000000000e+00 7.960594884157800033e-01 7.749097414528398620e-01 3.040389225728534761e-02 4.297071004989638787e-02
2.000000000000000000e+00 3.930562512486595050e-01 4.857714199430290258e-01 3.873789083646717035e-02 5.084920089556221878e-02
0.000000000000000000e+00 5.047603777680644832e-01 5.384987853572908989e-01 3.496524212155704969e-02 4.743008968427919747e-02
5.000000000000000000e+00 6.162088154625231518e-01 5.736620839732649024e-01 3.427010157234655630e-02 4.730896881241319907e-02
9.000000000000000000e+00 6.987546324579234636e-01 6.003744540757830483e-01 3.319300285663306926e-02 4.344875448092722081e-02
7.000000000000000000e+00 7.783798377790673850e-01 6.515421662283418236e-01 3.321354122628950023e-02 4.346057792075652682e-02
7.000000000000000000e+00 8.696904872890243166e-01 6.785840106365248481e-01 2.916770444039495924e-02 4.369632509894860739e-02
6.000000000000000000e+00 4.875533871789863860e-01 3.349201478171983659e-01 3.911843352073718361e-02 5.459023717393346464e-02
9.000000000000000000e+00 5.898671629323042342e-01 4.218912202233427999e-01 3.664838926945790387e-02 5.048114776040757423e-02
8.000000000000000000e+00 6.777621150410695350e-01 4.798954062615915506e-01 3.219189610864836570e-02 4.696264749271955585e-02
0.000000000000000000e+00 7.787544132343156011e-01 5.409038561986163618e-01 3.556579515213342813e-02 4.661937917392067199e-02
8.000000000000000000e+00 8.808485949596307485e-01 5.563235090456174481e-01 2.855510593356047622e-02 4.452535361467635511e-02
7.000000000000000000e+00 8.851165514379046861e-01 4.187400931042463137e-01 3.305695003493580586e-02 4.988950394153351953e-02
8.000000000000000000e+00 7.898378056466581754e-01 3.858299369032471282e-01 3.331323558278420638e-02 5.216343451714711144e-02
3.000000000000000000e+00 5.848168333428869214e-01 2.582707857319544442e-01 3.648474842149229680e-02 5.155344493835020692e-02
1.200000000000000000e+01 3.312700215791105629e-01 1.483153200500625553e-02 3.236225355858263208e-02 2.966306401001251106e-02
1.000000000000000000e+01 2.744049795611253617e-01 1.745501601149276882e-01 2.756990254478275393e-02 4.080513325149737192e-02
5.000000000000000000e+00 4.539381126667610955e-01 8.478444340856228223e-01 3.299536268051994625e-02 4.165725355581184619e-02
1.500000000000000000e+01 3.624755347304535746e-01 8.274360667581739381e-01 3.422228047651132421e-02 4.407300990026941090e-02
1.000000000000000000e+00 5.328164290735264430e-01 9.022732230213243998e-01 3.278201342707498522e-02 4.292996636522661280e-02
