1.500000000000000000e+01 5.311386455888139624e-01 1.938466607447191792e-01 5.036674372372118569e-02 3.362291187922830660e-02
1.100000000000000000e+01 4.675441994066456552e-01 8.153228606422119329e-01 4.353415104892577325e-02 2.918495930179165754e-02
1.000000000000000000e+01 2.777591619320517458e-01 6.835496193883818794e-01 3.350119439092374973e-02 3.146311770420484599e-02
1.000000000000000000e+00 1.983930207177929117e-01 5.010582773789801214e-01 5.675820610076337536e-02 4.083871756456786128e-02
7.000000000000000000e+00 2.128881528511576415e-01 2.596898654671543905e-01 5.907039716000778151e-02 3.969481437397470724e-02
1.000000000000000000e+00 2.593557600802749996e-01 1.538709225253959700e-01 5.058176422626006752e-02 4.139485882879537226e-02
6.000000000000000000e+00 3.869547944934694228e-01 1.218427068205719943e-01 5.041018904277039248e-02 3.943881937621872280e-02
2.000000000000000000e+00 3.929299965912120829e-01 2.321283697886703246e-01 5.597586679761323847e-02 3.865956860285885144e-02
3.000000000000000000e+00 3.657116218651379480e-01 3.375346851504539281e-01 5.261928203615995336e-02 3.697317250825393753e-02
3.000000000000000000e+00 3.551553653096779506e-01 4.447553352765815093e-01 5.596368916586885733e-02 3.699014471481554267e-02
0.000000000000000000e+00 3.172595165875196632e-01 5.773470516321073109e-01 5.267443435384266959e-02 4.365022093989956442e-02
7.000000000000000000e+00 4.636555492060439598e-01 6.604478871905673509e-01 5.487879160155384461e-02 4.115133560847805683e-02
1.000000000000000000e+00 4.716816233282080661e-01 5.181129329786480220e-01 5.265937409429405358e-02 4.198641523461754677e-02
7.000000000000000000e+00 4.983469600271296374e-01 4.071948861823575516e-01 5.149914581766695809e-02 3.613326889272788778e-02
5.000000000000000000e+00 5.131830952639052645e-01 3.128598323649125490e-01 5.037418560978718096e-02 3.612750363711941803e-02
1.500000000000000000e+01 8.489562735227271784e-01 6.155352811744075892e-01 4.536161941852057122e-02 3.442592962468826734e-02
8.000000000000000000e+00 5.272186247499142109e-01 9.083538257698173246e-02 4.813758999397987903e-02 3.361941154546609078e-02
8.000000000000000000e+00 6.398814555611296306e-01 1.617738525526382087e-01 4.590061198876993487e-02 3.402956830160872026e-02
7.000000000000000000e+00 6.429386882494860789e-01 2.811623540787681064e-01 4.751335400152012500e-02 3.363100088582182678e-02
6.000000000000000000e+00 6.155579009782998767e-01 3.728124459985726058e-01 4.969732695261575017e-02 3.726564157210410233e-02
9.000000000000000000e+00 6.214271370896682356e-01 4.938192488910750910e-01 4.860775247176118974e-02 3.645532901342529719e-02
5.000000000000000000e+00 6.144846809980488711e-01 5.921479335074202321e-01 4.970850448899932772e-02 3.968137191574494516e-02
0.000000000000000000e+00 5.791728433712446389e-01 7.131958579679869015e-01 4.970862214727722606e-02 3.968919619121347164e-02
5.000000000000000000e+00 7.170726688043929098e-01 6.581022811804495554e-01 5.077007629975593961e-02 3.847349203663974482e-02
2.000000000000000000e+00 7.297554369495654614e-01 5.452004864071786638e-01 4.701507119536296742e-02 3.765323735349335177e-02
0.000000000000000000e+00 7.367627227522102196e-01 3.339299296667133099e-01 4.751341283065890764e-02 3.363191273747412335e-02
9.000000000000000000e+00 7.619873338404128393e-01 2.291537626258450255e-01 4.269748303603682071e-02 3.562627937401910416e-02
6.000000000000000000e+00 8.612529754441209384e-01 2.906020335786361763e-01 4.267548093810269449e-02 3.321046078667011514e-02
3.000000000000000000e+00 8.492711270739140561e-01 3.748247114006161840e-01 4.482180324032714047e-02 3.321928515749927868e-02
2.000000000000000000e+00 8.290419628975693733e-01 4.784647112826515558e-01 4.537609138668041719e-02 3.483232131594377057e-02
