8.000000000000000000e+00 5.357000510849588837e-01 4.629617447848355938e-01 3.709854539023949016e-02 3.601418680783474713e-02
1.000000000000000000e+00 1.642455415117255457e-01 4.564716283425725440e-01 3.481592126682978017e-02 3.612898535316011461e-02
6.000000000000000000e+00 2.494414622775697199e-01 4.059557159035111495e-01 3.643882524908687026e-02 3.676765864404007988e-02
7.000000000000000000e+00 3.386167777583816152e-01 3.520187716906372777e-01 3.696075471451337746e-02 3.794757911272772510e-02
1.500000000000000000e+01 4.329833164205023066e-01 2.916735884164392001e-01 3.801650146837032285e-02 3.856731294014026368e-02
2.000000000000000000e+00 5.358350589293908728e-01 3.445452080726041921e-01 3.847067034267515062e-02 3.770212258547855910e-02
3.000000000000000000e+00 4.396745937404355486e-01 4.057595803328379880e-01 3.731836204469174412e-02 3.633118641534316406e-02
2.000000000000000000e+00 2.623535833398398243e-01 5.124703128221113069e-01 3.502768662297500724e-02 3.546075461144798657e-02
6.000000000000000000e+00 1.738244656015137113e-01 5.652293223730947558e-01 3.404740052741273004e-02 3.432387346559018226e-02
5.000000000000000000e+00 1.800086191992160689e-01 6.616948182932160805e-01 3.301180903710318471e-02 3.328158156595117934e-02
1.500000000000000000e+01 2.661643060570511587e-01 6.152094587347081145e-01 3.341656239260351602e-02 3.341661642816262656e-02
3.000000000000000000e+00 3.523746363740344334e-01 5.650998531734714447e-01 3.655143535426846890e-02 3.655143535426830237e-02
9.000000000000000000e+00 4.512779735611039400e-01 5.114706009430496358e-01 3.613709068702641858e-02 3.641415801635394800e-02
1.000000000000000000e+00 6.322765090257090881e-01 4.046537291067979769e-01 3.894818257851473398e-02 3.731266129320581770e-02
3.000000000000000000e+00 1.892024453681295237e-01 7.624626524473157030e-01 3.248480022912045295e-02 3.384409173626801159e-02
0.000000000000000000e+00 2.713539081715866663e-01 7.104417281070815049e-01 3.460826261317673236e-02 3.378621965246297876e-02
5.000000000000000000e+00 3.585749736216897188e-01 6.642478633721831116e-01 3.235492576280385446e-02 3.344557948784465662e-02
0.000000000000000000e+00 4.437337854673163440e-01 6.192158712292299416e-01 3.653968262016243918e-02 3.653965560238292554e-02
9.000000000000000000e+00 5.359477500879110679e-01 5.648542885751040021e-01 3.458545960723302670e-02 3.485542126053797762e-02
5.000000000000000000e+00 6.308544552166572839e-01 5.131613600786568696e-01 3.814337696115643883e-02 3.705828889870382836e-02
0.000000000000000000e+00 6.291306128099860562e-01 6.179483321014482833e-01 3.641715698988434724e-02 3.614665498098856844e-02
7.000000000000000000e+00 5.365345222242675627e-01 6.614678419271819987e-01 3.523064418298549327e-02 3.577516051211937498e-02
2.000000000000000000e+00 4.464223112018573802e-01 7.131654715172713876e-01 3.424503558485109123e-02 3.261575540661931782e-02
1.000000000000000000e+00 3.611092953794255989e-01 7.600733891480058180e-01 3.421407320948210984e-02 3.366971898702564303e-02
7.000000000000000000e+00 2.800773142717935538e-01 8.060828035018883231e-01 3.485544827831743575e-02 3.458545960723302670e-02
8.000000000000000000e+00 3.701213729452784706e-01 8.519663420208283267e-01 3.107974060340829014e-02 3.053506216759716008e-02
8.000000000000000000e+00 4.564594433239936855e-01 8.031267882408718028e-01 3.383782361141141060e-02 3.387737764067888513e-02
6.000000000000000000e+00 6.268055167371173741e-01 7.162809457132164326e-01 3.287231624126529805e-02 3.348961846851783442e-02
1.100000000000000000e+01 8.193085469492228379e-01 6.029742951569461162e-01 3.381869502348711087e-02 3.512489659381068385e-02
1.100000000000000000e+01 8.426803852236353087e-01 7.054240401238489611e-01 3.338716704844868488e-02 3.631746138332958562e-02
