8.000000000000000000e+00 8.289407728421103183e-01 5.669641006476349165e-01 4.618618209185865187e-02 3.596942012785409037e-02
2.000000000000000000e+00 6.998879161037263597e-01 1.148895357286754820e-01 4.513659571896166955e-02 3.195767097221127728e-02
2.000000000000000000e+00 7.941386103745514680e-01 2.012883957049851347e-01 4.796111019271043219e-02 3.464531546247986982e-02
7.000000000000000000e+00 8.513295657759107904e-01 2.836760974765072940e-01 4.478473493160706198e-02 3.377984631462249698e-02
9.000000000000000000e+00 9.311840918453864191e-01 3.891781356978814554e-01 4.573083283763501594e-02 3.468025363012472440e-02
6.000000000000000000e+00 5.746700998017908457e-01 1.143171637916511468e-01 4.728085369099055413e-02 3.356612389307186972e-02
3.000000000000000000e+00 6.521596982017776600e-01 2.158383264362172538e-01 4.865376224895789914e-02 3.668164562950659846e-02
2.000000000000000000e+00 7.228641430146454105e-01 2.921698773611914879e-01 4.685029554582187394e-02 3.513286433160395239e-02
6.000000000000000000e+00 8.030886043195890611e-01 3.779224677166832524e-01 4.452944416208293177e-02 3.396693270737460857e-02
5.000000000000000000e+00 8.908649851532250974e-01 4.578743133026352830e-01 4.684216636820148771e-02 3.418371077725057550e-02
8.000000000000000000e+00 4.467704908643987394e-01 1.134412304896229157e-01 4.873441983399950939e-02 3.503352693415803798e-02
9.000000000000000000e+00 5.241438016667950839e-01 1.959314838547067672e-01 4.899028714094361137e-02 3.674699614605028697e-02
5.000000000000000000e+00 5.924064087183613658e-01 2.971895580611447762e-01 4.847855252705535190e-02 3.521992148200620010e-02
1.500000000000000000e+01 6.706534043268483902e-01 3.787499430485703478e-01 4.677817071459444698e-02 3.584442681522348462e-02
1.000000000000000000e+00 3.737703316992989633e-01 2.047919703653075518e-01 5.024344887680126659e-02 3.659283003997360062e-02
7.000000000000000000e+00 4.464426716874532741e-01 3.085406862256400706e-01 4.976521108700826534e-02 3.786755427533483598e-02
1.500000000000000000e+01 5.383847083409698531e-01 3.936008695532878798e-01 5.000032304683654782e-02 3.722924087091145084e-02
1.000000000000000000e+00 6.091012027859132871e-01 4.838491978149787043e-01 4.962909060217401969e-02 3.613165775780924349e-02
0.000000000000000000e+00 6.864061939040534410e-01 5.648896325302827925e-01 4.788961955264503523e-02 3.510259611706001426e-02
3.000000000000000000e+00 7.745934729568400012e-01 6.513867633098114895e-01 4.629272620705304764e-02 3.444839910671881889e-02
5.000000000000000000e+00 3.942105722882496277e-01 4.060383383511977362e-01 4.937535648368346353e-02 3.676022767983661010e-02
1.000000000000000000e+00 4.606783751114136849e-01 4.917999515173106517e-01 5.085829720823542566e-02 3.705339695784715115e-02
0.000000000000000000e+00 5.482782057736460546e-01 5.668770434972325578e-01 4.938308208510977515e-02 3.676169785025729109e-02
6.000000000000000000e+00 6.442370939389714390e-01 6.664918419226488755e-01 4.940706604177691474e-02 3.814959638114168161e-02
3.000000000000000000e+00 2.447535085496574947e-01 3.904278093823488893e-01 5.025549850887681136e-02 3.796749703707158474e-02
7.000000000000000000e+00 3.349524419678998610e-01 4.847168001512897062e-01 5.174423343449863211e-02 3.689597341534806008e-02
8.000000000000000000e+00 4.192059917913893985e-01 5.923668005976154838e-01 4.951179406409872419e-02 3.713425633098565992e-02
0.000000000000000000e+00 4.850044202566337614e-01 6.612044172449020873e-01 5.148320611764656274e-02 3.752232366830898780e-02
1.200000000000000000e+01 2.216645397462803369e-01 5.914947877500423834e-01 3.645180898707023331e-02 2.865569703418646696e-02
1.600000000000000000e+01 1.867627804394365598e-01 6.680622145469262696e-01 4.332736364162684262e-02 3.260653501141863586e-02
