5.000000000000000000e+00 8.089768336021589956e-01 6.895224751620779857e-01 3.473387922879545009e-02 4.504672603764103833e-02
1.000000000000000000e+01 1.938075322511568221e-01 4.441030831466262763e-01 2.654856661959106856e-02 3.223293153279122025e-02
1.200000000000000000e+01 1.736313773241529024e-01 5.735395073440356928e-01 2.511646687642329900e-02 3.189888004714880321e-02
9.000000000000000000e+00 3.373908324633835276e-01 7.044736735695540375e-01 3.981712666966757963e-02 5.119128775273995569e-02
3.000000000000000000e+00 3.308828291559728907e-01 5.548800746431883368e-01 3.716693621639782785e-02 4.993491544319061948e-02
3.000000000000000000e+00 3.383512304846050256e-01 4.435942532372679770e-01 3.900489099443810170e-02 5.048058153691409311e-02
3.000000000000000000e+00 4.390943402831680720e-01 3.516406541523818263e-01 3.669377447921712276e-02 4.987566802497656049e-02
7.000000000000000000e+00 4.293951670776666729e-01 5.128813056092909051e-01 3.731766818920245754e-02 4.870856104686149823e-02
8.000000000000000000e+00 4.234066663909782369e-01 6.680288900884201464e-01 3.679641355019885873e-02 4.695023549970811505e-02
0.000000000000000000e+00 4.198131600947300202e-01 7.876689624663232303e-01 3.687426156249978826e-02 4.739735056510618882e-02
1.000000000000000000e+00 5.484583728362861788e-01 1.371995295779962487e-01 3.780248084795412300e-02 5.012804625840369677e-02
7.000000000000000000e+00 5.482824702008395334e-01 3.073466097685570997e-01 3.712094573651247842e-02 4.896505652324983915e-02
6.000000000000000000e+00 5.236572984508087725e-01 4.339465747690856023e-01 3.616860699938528878e-02 5.006485679905664510e-02
1.500000000000000000e+01 5.250775720705775917e-01 5.904441477345971911e-01 3.575332026609823188e-02 4.679196984829370187e-02
5.000000000000000000e+00 5.341435658692024191e-01 7.360416557639670732e-01 3.672370479152331502e-02 4.833222752002963585e-02
8.000000000000000000e+00 5.026016595468766335e-01 8.789270102935170526e-01 3.716048294906149074e-02 4.993304662369046909e-02
6.000000000000000000e+00 6.521956380772031547e-01 8.232506139330816874e-02 4.027720667034762059e-02 5.402342530452694525e-02
2.000000000000000000e+00 6.335971172119370109e-01 2.135190227296444587e-01 3.957669136085828487e-02 5.149865015989643635e-02
8.000000000000000000e+00 6.278430511714443440e-01 3.794451988774089068e-01 3.760748121324075655e-02 5.014311361562312497e-02
0.000000000000000000e+00 5.973326164119532322e-01 5.335010715651301583e-01 3.619085763155827085e-02 4.825484671260360514e-02
9.000000000000000000e+00 6.063709283217328938e-01 6.657217448146367511e-01 3.684844849315471738e-02 4.799075915699635431e-02
1.000000000000000000e+00 5.885593556678355709e-01 8.009160894927580543e-01 3.818763286680204594e-02 4.977659139116685783e-02
1.500000000000000000e+01 7.304911742477659953e-01 1.546243441962876219e-01 3.863136069685624285e-02 5.036842316660361529e-02
2.000000000000000000e+00 7.391825281372308432e-01 3.321368654411471222e-01 3.716048294906160177e-02 4.993307582399519884e-02
0.000000000000000000e+00 6.814687391258023030e-01 4.773637486032517585e-01 3.863258710965311593e-02 5.037636564947900464e-02
1.000000000000000000e+00 7.005047681562237560e-01 7.229616128809628339e-01 3.871107752865732277e-02 5.085875468294154267e-02
7.000000000000000000e+00 7.404257603096702223e-01 5.970316780718282201e-01 3.753109321617442706e-02 5.004114615164922952e-02
5.000000000000000000e+00 8.277008573769784050e-01 2.583130347303544405e-01 3.684839009254536890e-02 4.799072995669159680e-02
6.000000000000000000e+00 8.372249163552596407e-01 4.017405659172176291e-01 3.832493269944980963e-02 4.844155346078526936e-02
2.000000000000000000e+00 8.162636528360824872e-01 5.467585062991201506e-01 3.858563301971329462e-02 5.082067748562701937e-02
