1.000000000000000000e+00 5.868405753530614444e-01 3.909856849947637158e-01 4.988801148302501876e-02 3.834840861600569140e-02
1.400000000000000000e+01 7.571269296564107076e-01 2.068436551355352648e-01 3.944818165027241808e-02 3.402490986864137312e-02
1.400000000000000000e+01 7.386667764214032150e-01 2.834177158390090434e-01 3.921026534039195877e-02 3.115092228208993230e-02
6.000000000000000000e+00 7.839191606842443871e-01 5.633972149381404337e-01 5.197314593471202837e-02 3.920681227348521425e-02
3.000000000000000000e+00 6.630921771585527313e-01 7.683933373799849420e-01 4.903418313919716276e-02 3.653810951454461442e-02
5.000000000000000000e+00 6.120299214983039304e-01 8.799158306963308362e-01 4.858948567271292873e-02 3.481836709271490804e-02
3.000000000000000000e+00 6.894766297602478167e-01 4.692382383583093008e-01 5.073165327947770642e-02 3.874450416577623901e-02
1.000000000000000000e+00 6.332436366114873039e-01 5.775098418352236918e-01 4.857262319598465439e-02 3.619780977087683205e-02
8.000000000000000000e+00 5.659233635849441058e-01 6.771264769879661305e-01 5.075801169019988901e-02 3.598251104923622101e-02
6.000000000000000000e+00 5.092727076060243885e-01 7.784114326411841756e-01 4.795593422198318745e-02 3.666230482096011212e-02
2.000000000000000000e+00 4.706142855206795206e-01 8.857102783948880287e-01 4.787642735645342151e-02 3.498451716204842299e-02
9.000000000000000000e+00 5.337591100434884162e-01 5.016438900521097422e-01 4.811520693306048368e-02 3.724593067932874257e-02
0.000000000000000000e+00 4.914237472135249973e-01 5.835486803441114478e-01 5.073369634406432738e-02 3.735493249135424243e-02
8.000000000000000000e+00 4.290302524985262211e-01 6.893844616493929323e-01 4.641155004790514793e-02 3.503568010338453664e-02
0.000000000000000000e+00 3.773837666932000623e-01 7.805437877828218518e-01 4.718509458614927876e-02 3.515694030292915162e-02
1.500000000000000000e+01 2.977557416784353816e-01 9.000171978565953967e-01 4.688441878523752493e-02 3.399843635568899902e-02
0.000000000000000000e+00 5.134423722226895137e-01 2.878867038053809502e-01 4.958307689959462472e-02 3.857898715870905493e-02
7.000000000000000000e+00 4.390088101436421808e-01 4.058629503950271777e-01 4.772406077918978085e-02 3.579288012493636595e-02
5.000000000000000000e+00 3.883222913261923370e-01 5.184571605770216252e-01 4.780080519119395133e-02 3.608293774510984431e-02
1.000000000000000000e+00 3.402796275737327569e-01 6.091129432287625267e-01 4.965987886271400198e-02 3.607982998489356330e-02
3.000000000000000000e+00 2.806677077421915190e-01 7.111205394589066309e-01 4.710832139858756040e-02 3.486694023387093555e-02
2.000000000000000000e+00 2.273286148658117400e-01 8.013302146418430638e-01 4.675541796070989409e-02 3.481439606577219070e-02
5.000000000000000000e+00 3.436146283679030189e-01 3.201335431970249723e-01 4.833982893534949365e-02 3.671882001600179635e-02
6.000000000000000000e+00 3.006200606776476270e-01 4.313096363515009912e-01 4.857262319598476541e-02 3.619780977087688756e-02
7.000000000000000000e+00 1.967105008074450101e-01 6.189488316595114226e-01 4.711068099430723577e-02 3.626042538412055372e-02
8.000000000000000000e+00 1.392997816389963950e-01 7.142680387200361913e-01 4.641155004790516181e-02 3.503562255226932987e-02
2.000000000000000000e+00 2.168679803049453902e-01 3.302622085381362593e-01 4.740603331707110568e-02 3.602414928102110059e-02
7.000000000000000000e+00 1.700106249315901930e-01 4.287331736423090067e-01 4.741486741324105192e-02 3.602547295666869154e-02
9.000000000000000000e+00 1.062567081819746767e-01 5.343002056277881273e-01 4.795826504214525943e-02 3.527348131103458240e-02
1.500000000000000000e+01 5.706369835284229308e-02 6.371279627994184125e-01 4.686683691957018588e-02 3.538749007007491176e-02
