9.000000000000000000e+00 4.549006890306125372e-01 6.272053290672752190e-01 4.761473406167332501e-02 3.510973976893738691e-02
1.100000000000000000e+01 2.180289860521207046e-01 6.360683110080682656e-01 3.961456080160635773e-02 2.670391871287791652e-02
1.000000000000000000e+01 4.738583021350069036e-01 7.839648919056432241e-01 3.204742744380334463e-02 2.453638674806446485e-02
2.000000000000000000e+00 5.486271326560887562e-01 1.444799433744956563e-01 4.711607257148742178e-02 3.608075153611978170e-02
1.500000000000000000e+01 4.481137898109532891e-01 1.763780795724350092e-01 4.753611331220819469e-02 3.507207917838309208e-02
1.000000000000000000e+00 6.519886714401067485e-01 2.128070920152395906e-01 4.279966826980863281e-02 3.499883444977497371e-02
6.000000000000000000e+00 5.587138277889009963e-01 2.389200466576080761e-01 4.227190800006319638e-02 3.025354315083295109e-02
5.000000000000000000e+00 7.578886876280754858e-01 2.708272993353605940e-01 4.353518756780805354e-02 3.299491556416678240e-02
7.000000000000000000e+00 8.531421060665633771e-01 3.372199906933162072e-01 3.920228542434578412e-02 3.044525945018000668e-02
7.000000000000000000e+00 6.439718012263725422e-01 2.908020328302670654e-01 4.353581334801370772e-02 3.335297561997990767e-02
1.000000000000000000e+00 7.353396365901712084e-01 3.823612147142003703e-01 4.313611046397436422e-02 3.085127702538470462e-02
1.500000000000000000e+01 5.684895670486477259e-01 7.007949763468761528e-01 4.687918631911935918e-02 3.816627784944692792e-02
8.000000000000000000e+00 8.232448309645911122e-01 4.242047334967092853e-01 4.248114614516662613e-02 3.185408980483278585e-02
0.000000000000000000e+00 2.895323390154148635e-01 1.977741874706606673e-01 4.923450923471744956e-02 3.452594372623721264e-02
5.000000000000000000e+00 3.940279479770021354e-01 2.617076195097815527e-01 5.098968048860602620e-02 3.887198725401677657e-02
0.000000000000000000e+00 5.152316039821291938e-01 3.396025919369669577e-01 4.509235627573915384e-02 3.261182430013032096e-02
2.000000000000000000e+00 6.314885385735031775e-01 3.865629163486510311e-01 4.761470561711844685e-02 3.510973976893727588e-02
3.000000000000000000e+00 8.165423836281309189e-01 5.202575861478303532e-01 4.591087678464267352e-02 3.263250349146940010e-02
9.000000000000000000e+00 6.165122244706973120e-01 4.957697826993630597e-01 4.679624199732457246e-02 3.509056813900268690e-02
3.000000000000000000e+00 4.690595492953196222e-01 4.225827112038360589e-01 4.597811971218812577e-02 3.508448100427558058e-02
1.000000000000000000e+00 3.739567447744940321e-01 3.624195480142480830e-01 5.015395102404890393e-02 3.822345140459348922e-02
2.000000000000000000e+00 2.756490069307708790e-01 3.057100231124449952e-01 4.928502676404095117e-02 3.636286463061888519e-02
5.000000000000000000e+00 8.005342432999817959e-01 6.170679457378106525e-01 5.038304346840205561e-02 3.173172133008628215e-02
0.000000000000000000e+00 6.959421930753477703e-01 5.640856957409612349e-01 4.454496926318196603e-02 3.427432319448298070e-02
3.000000000000000000e+00 3.508784827945494178e-01 4.827716878269042722e-01 4.842839055170633511e-02 3.634966635719205641e-02
7.000000000000000000e+00 2.506304280897492798e-01 5.205434823681176493e-01 5.175014566116439840e-02 3.640521857271494799e-02
6.000000000000000000e+00 3.570345244555931385e-01 5.898633744159107462e-01 5.013691273572412621e-02 3.760250677332555025e-02
