1.400000000000000000e+01 2.396031228721424156e-01 7.130636046238385539e-01 3.758880861214974889e-02 2.966765976419216688e-02
2.000000000000000000e+00 4.846725547239626453e-01 8.358273720409103991e-02 4.787072926520158367e-02 3.781104099725755840e-02
1.000000000000000000e+00 3.853636831216606939e-01 1.314129852068398052e-01 5.041981239753823285e-02 4.100965711327035634e-02
1.000000000000000000e+01 3.249192962785144578e-01 7.721694479048436532e-01 4.096328475800631308e-02 3.202549329583503912e-02
8.000000000000000000e+00 2.419508906353277644e-01 1.682531013792797903e-01 5.554741958035891436e-02 3.911598351151299169e-02
3.000000000000000000e+00 6.391426374986515224e-01 1.556317332225189976e-01 4.985912582099893964e-02 3.845414468952013110e-02
6.000000000000000000e+00 5.162809586487686619e-01 1.837704580324586445e-01 5.128837766652361019e-02 4.059428415940602441e-02
5.000000000000000000e+00 3.976825691179085021e-01 2.349542360732910784e-01 5.578402332274434716e-02 4.006635496807839369e-02
1.500000000000000000e+01 2.529334585933852297e-01 2.823492705034238992e-01 5.340149083901915561e-02 3.740139913121443005e-02
1.000000000000000000e+00 4.911394182184252166e-01 3.105840128532311173e-01 4.984702362539678022e-02 3.579506539955917832e-02
8.000000000000000000e+00 7.457885815520252093e-01 2.124848517043584906e-01 4.843304498345668563e-02 3.685496754468731151e-02
0.000000000000000000e+00 6.437367589532213552e-01 2.768880529165942406e-01 4.926227811673511425e-02 3.649987283430294882e-02
0.000000000000000000e+00 8.425132561996544478e-01 2.753159020691517966e-01 4.600777662151134262e-02 3.597441644736515398e-02
7.000000000000000000e+00 7.488888673287705799e-01 3.152557949115509794e-01 4.870924268789622591e-02 3.525974688687827374e-02
1.000000000000000000e+00 3.669513852774524132e-01 3.637526964318987255e-01 5.128360660864195175e-02 3.974285397025156819e-02
5.000000000000000000e+00 6.286373207878375169e-01 3.836506842453532573e-01 4.531923151210792700e-02 3.780498989945646482e-02
7.000000000000000000e+00 8.613051149717987354e-01 3.716675614475244416e-01 4.871762113100530645e-02 3.717480297365388653e-02
2.000000000000000000e+00 4.829394243107401063e-01 4.060573175664160539e-01 5.056535875474388320e-02 3.792449908102779599e-02
5.000000000000000000e+00 3.507366105108830068e-01 4.412633027766770244e-01 4.914753999304538601e-02 3.792112443033096580e-02
0.000000000000000000e+00 1.991129728693659673e-01 4.926298792455531261e-01 5.459789178646776153e-02 4.007036963873483737e-02
9.000000000000000000e+00 3.408150792787913996e-01 5.492426993243306743e-01 5.578233599739595983e-02 3.965616035752461688e-02
3.000000000000000000e+00 4.921269690162876076e-01 5.182921922804017978e-01 5.069452641934391046e-02 3.739959543860060798e-02
3.000000000000000000e+00 6.309788919941401453e-01 4.909669328392781140e-01 4.896623979354386424e-02 3.598180576871834457e-02
6.000000000000000000e+00 7.373266740217290227e-01 4.595588406159591965e-01 4.945434228828660128e-02 3.635566470064938160e-02
7.000000000000000000e+00 8.645060293413032726e-01 4.800056309989735315e-01 4.946562991303071755e-02 3.672021425134791572e-02
8.000000000000000000e+00 8.135489783712048784e-01 6.082942863678404422e-01 4.495465286959299256e-02 3.952251255320649026e-02
2.000000000000000000e+00 5.978194578805626769e-01 5.793883958148078328e-01 5.109901903389280076e-02 3.709759329305739595e-02
6.000000000000000000e+00 4.826278073198927987e-01 6.549611089969746835e-01 5.341272028013077655e-02 4.005931474852142404e-02
9.000000000000000000e+00 7.110529237367162469e-01 6.722764126302069876e-01 5.241810017089498785e-02 3.747404139664356482e-02
1.500000000000000000e+01 6.017056881678556346e-01 7.163692495322080411e-01 5.391411773494603210e-02 4.117847692355725009e-02
