1.000000000000000000e+00 5.830694314976720971e-01 9.522456958715168618e-01 3.422094492040372860e-02 4.363265612143918393e-02
1.300000000000000000e+01 2.567874957948649284e-01 2.464227492632177219e-01 3.596275532530374131e-02 4.021327311644981584e-02
1.000000000000000000e+01 3.568799310207808051e-01 2.347073505176489605e-01 2.797675681663724934e-02 3.135386738938486517e-02
5.000000000000000000e+00 5.238310327632307306e-01 1.951449215730384767e-01 4.334568071081734697e-02 5.851802179380796720e-02
3.000000000000000000e+00 7.753246278928817015e-01 3.277251901838594828e-01 4.063495008335515912e-02 5.776610781494301294e-02
2.000000000000000000e+00 8.709625582948479217e-01 4.135312161715286594e-01 3.670131552137512188e-02 4.965364112805525920e-02
1.500000000000000000e+01 4.097703661760212501e-01 3.208290669129274519e-01 4.415682846259655348e-02 5.529536706605137075e-02
2.000000000000000000e+00 5.099232134498037361e-01 3.764694503409583559e-01 4.237172736315003574e-02 5.648952691037295581e-02
8.000000000000000000e+00 6.531543021134240679e-01 4.385230388687013647e-01 4.085018164132148133e-02 5.518437647485890940e-02
2.000000000000000000e+00 7.772306112744788997e-01 5.186188098652803058e-01 3.854902520594516435e-02 5.089955779065502561e-02
7.000000000000000000e+00 8.786965805229591808e-01 5.746438927919581552e-01 3.697991208789142004e-02 5.228939855669634262e-02
6.000000000000000000e+00 8.802866116580688738e-01 7.146932463258592882e-01 3.566670283356732085e-02 4.705622854848157122e-02
1.500000000000000000e+01 7.432083147830822467e-01 6.581577230525308408e-01 3.770543852646501826e-02 5.127666396183128139e-02
3.000000000000000000e+00 6.789586690363935695e-01 6.143158867605347240e-01 3.583107946272523492e-02 5.076287789618005863e-02
9.000000000000000000e+00 5.670991509796523555e-01 5.373084907869551952e-01 3.876082376528511286e-02 5.217273478980721801e-02
0.000000000000000000e+00 4.441770857805821260e-01 5.068647316987442419e-01 3.845790527629516786e-02 5.027419926963738739e-02
3.000000000000000000e+00 3.077416469916465225e-01 4.164053633522617481e-01 4.585651190129824695e-02 5.666690820382008775e-02
8.000000000000000000e+00 2.563082724611499552e-01 5.317393524046667430e-01 4.249569352542295619e-02 5.268023672237898136e-02
6.000000000000000000e+00 3.506548571551306726e-01 5.767590854373207954e-01 3.991754065000902019e-02 4.775423281162438638e-02
6.000000000000000000e+00 4.639792328165473489e-01 6.275519584316709976e-01 3.941227889450704680e-02 5.055631611440625228e-02
1.000000000000000000e+00 6.508676340959806961e-01 7.402237297821220308e-01 3.492831719674815982e-02 4.806582107680701377e-02
0.000000000000000000e+00 7.659533271587311010e-01 7.832016432417561180e-01 3.614790450547389344e-02 4.720146184631468511e-02
5.000000000000000000e+00 6.883534770831740701e-01 8.832502495487646321e-01 3.191914843443610650e-02 4.056233343443860218e-02
9.000000000000000000e+00 5.765179027371933884e-01 8.354927873909744340e-01 3.730849078695508414e-02 4.576367547233495259e-02
1.000000000000000000e+00 4.785386236320310904e-01 7.670431005702352811e-01 3.729827907070115689e-02 4.872804069324820908e-02
8.000000000000000000e+00 3.685123413885313948e-01 7.195545760336725660e-01 3.749468732263838699e-02 5.000610535146221558e-02
0.000000000000000000e+00 2.623254171642175336e-01 6.701933216530574500e-01 3.981044854878243444e-02 5.308085020618524830e-02
7.000000000000000000e+00 2.938192956204737083e-01 8.167350283609404737e-01 3.836716355835823045e-02 4.667772590328789217e-02
5.000000000000000000e+00 3.869162833609539609e-01 8.690399045046655058e-01 3.758804742935845100e-02 4.762744460810763858e-02
7.000000000000000000e+00 5.034609862934312785e-01 9.252069331965930843e-01 3.326412747266110914e-02 4.335010287853990896e-02
