1.200000000000000000e+01 8.160314459865544157e-01 6.009533469234650260e-01 3.276135931338020058e-02 4.441196370523115000e-02
1.500000000000000000e+01 1.532575307011016519e-01 5.904701936354070924e-01 3.542051394644038509e-02 4.747557370544897015e-02
3.000000000000000000e+00 1.701536714606186884e-01 4.529823601764479402e-01 3.557104276635275619e-02 4.692459373329294081e-02
1.000000000000000000e+00 1.824384248514303031e-01 3.040984569203329935e-01 3.542184868474507198e-02 4.748485755187897839e-02
6.000000000000000000e+00 2.334476144054379032e-01 8.290012167361592299e-01 3.606946371015701258e-02 4.954518925977446919e-02
2.000000000000000000e+00 2.446377785734644150e-01 6.819921017331690427e-01 3.501908398610675821e-02 4.669282384190487356e-02
9.000000000000000000e+00 2.427613589735228006e-01 5.428207183592890228e-01 3.642717357580094184e-02 4.747883639908234699e-02
7.000000000000000000e+00 2.759468239679900847e-01 3.854082822492840843e-01 3.529943835178378508e-02 4.633549956732663233e-02
8.000000000000000000e+00 2.612369548906243732e-01 2.701408309862050605e-01 3.562852549600595276e-02 4.642842701418090079e-02
3.000000000000000000e+00 3.182407507792883727e-01 9.130092600392195612e-01 3.615429374462980627e-02 4.783630897791657510e-02
9.000000000000000000e+00 3.323523604876625903e-01 7.643124426021384865e-01 3.695457317124151153e-02 4.890404029992723167e-02
8.000000000000000000e+00 3.425955723198228497e-01 6.163993538366916436e-01 3.642717357580088633e-02 4.747877707738001885e-02
5.000000000000000000e+00 3.513656779764273708e-01 4.719423474547294051e-01 3.609381526900395931e-02 4.740165886422292862e-02
2.000000000000000000e+00 3.561169310890335282e-01 2.144217800374607907e-01 3.535442956993506414e-02 4.677750557212145832e-02
0.000000000000000000e+00 4.177369638955764630e-01 8.468200620856747296e-01 3.628061930995135631e-02 4.873562598673275570e-02
7.000000000000000000e+00 1.468247742723082783e-01 7.429994006753279923e-01 3.575674935580516745e-02 4.666227316515403345e-02
6.000000000000000000e+00 4.393702095416704978e-01 6.972387877262358202e-01 3.640896181315539382e-02 4.962912946871089748e-02
5.000000000000000000e+00 4.340750357394974057e-01 5.588895438263123960e-01 3.575844002432437829e-02 4.731605764761859234e-02
6.000000000000000000e+00 4.531330076397651618e-01 4.134015114257172940e-01 3.594776523762499565e-02 4.865331712461318237e-02
2.000000000000000000e+00 4.551141152140675272e-01 2.693999770750011291e-01 3.468640787888771504e-02 4.661069294489253445e-02
5.000000000000000000e+00 4.572956411600245241e-01 1.394355592048345804e-01 3.553607262277119760e-02 4.551846175977887488e-02
1.000000000000000000e+00 5.237259818339412565e-01 6.418239532979705952e-01 3.634468674857416204e-02 4.918196247580486347e-02
1.500000000000000000e+01 5.294787929094990631e-01 4.947731796294501105e-01 3.636005106950301879e-02 4.704243629516718928e-02
8.000000000000000000e+00 5.499878774641473456e-01 3.617509652859038916e-01 3.735279975964411747e-02 4.944176187159043945e-02
0.000000000000000000e+00 5.453235603064501280e-01 2.079977883902012215e-01 3.670316779634952287e-02 4.712320279302359416e-02
7.000000000000000000e+00 6.205968685179790167e-01 7.202972224427490744e-01 3.649008424122635041e-02 4.793092709329005441e-02
3.000000000000000000e+00 6.218099676717907531e-01 5.992941782282421581e-01 3.573984267061303122e-02 4.947435914707487559e-02
1.000000000000000000e+00 6.299044732898625432e-01 4.407699051104710941e-01 3.716546182337476800e-02 4.809456600943912141e-02
0.000000000000000000e+00 6.512544429764348664e-01 2.916452892163268196e-01 3.790004246454703463e-02 4.871898624920156795e-02
1.100000000000000000e+01 7.557325074930942854e-01 4.368579206133977322e-01 3.102424190116648273e-02 3.629728870833370813e-02
