9.000000000000000000e+00 6.334792810590381684e-01 5.375523986195837045e-01 3.638023396340250848e-02 4.935874197114320516e-02
1.100000000000000000e+01 6.522115400398634799e-01 7.820819949530199988e-01 2.763432494327666689e-02 4.110845509834026856e-02
1.000000000000000000e+01 7.949625400535778041e-01 5.066846786537991809e-01 2.543621772529514047e-02 3.320556362073462386e-02
2.000000000000000000e+00 1.300694953385182484e-01 4.751761167751838988e-01 3.740405394641393988e-02 4.881854566924276329e-02
1.500000000000000000e+01 1.671407318787815344e-01 5.769203391106221268e-01 3.634143793997432481e-02 4.927690476670776309e-02
1.000000000000000000e+00 1.966178679349042668e-01 3.632935442535172310e-01 3.631083742909388401e-02 4.430435122890225008e-02
6.000000000000000000e+00 2.274092635050535272e-01 4.579608972834244840e-01 3.133510002310435638e-02 4.383611624401440032e-02
5.000000000000000000e+00 2.523959662111725510e-01 2.495230263394688508e-01 3.420069930982810869e-02 4.511435087914322795e-02
7.000000000000000000e+00 3.172693440802487608e-01 1.461713485545889091e-01 3.156728655845514320e-02 4.061044504987906811e-02
7.000000000000000000e+00 2.776672123961140826e-01 3.659955575721529630e-01 3.457639575555060407e-02 4.510863170851625581e-02
1.000000000000000000e+00 3.687450635912013497e-01 2.648599552243121602e-01 3.195383174021226846e-02 4.473269942070609573e-02
1.500000000000000000e+01 7.050616587972087235e-01 4.147068245717485668e-01 3.959499746098138484e-02 4.853040559858273761e-02
8.000000000000000000e+00 4.085062707634966594e-01 1.708748933541507919e-01 3.301376504290415292e-02 4.402809170341062672e-02
0.000000000000000000e+00 1.956855841621855663e-01 7.395193375418580573e-01 3.574965118138728748e-02 5.106877398860854012e-02
5.000000000000000000e+00 2.576406225576737263e-01 6.267782113801431132e-01 4.029544846148097603e-02 5.283523122555844331e-02
0.000000000000000000e+00 3.333718016416691299e-01 4.957423722708272917e-01 3.378258076857870718e-02 4.675504532282165338e-02
2.000000000000000000e+00 3.772848318865381634e-01 3.720457915297505913e-01 3.638020448314166488e-02 4.935874197114314965e-02
3.000000000000000000e+00 5.081927708836626589e-01 1.709209415217762262e-01 3.379575844522958450e-02 4.761359896287001292e-02
9.000000000000000000e+00 4.909198143008056126e-01 3.797117206697293579e-01 3.636808809588554237e-02 4.850015885083386324e-02
3.000000000000000000e+00 4.211206533279430175e-01 5.375778990453173867e-01 3.636965054971663669e-02 4.764175261209047108e-02
1.000000000000000000e+00 3.626888304004975971e-01 6.403268676349231914e-01 3.962297422863608753e-02 5.196945492157400981e-02
2.000000000000000000e+00 3.079608927204117719e-01 7.461452325552955234e-01 3.767901634042314374e-02 5.108982289493657625e-02
5.000000000000000000e+00 6.090388181083170593e-01 1.805441978483150467e-01 3.279808745369305889e-02 5.231443293537227368e-02
0.000000000000000000e+00 5.584223008031540259e-01 2.925994362584465325e-01 3.553344294747895482e-02 4.615117165723947590e-02
3.000000000000000000e+00 4.881862718430691195e-01 6.555788344076689533e-01 3.767350353162302046e-02 5.019108765919477744e-02
7.000000000000000000e+00 5.313261380237712661e-01 7.566271162225350899e-01 3.769735306274257791e-02 5.367606722876749892e-02
6.000000000000000000e+00 5.987792156087445861e-01 6.415242084339674022e-01 3.897148994159738145e-02 5.196232069842088297e-02
