1.300000000000000000e+01 3.572897349466993000e-01 1.764409355756861933e-02 2.225434999443498540e-02 3.318512858685681438e-02
6.000000000000000000e+00 6.193121915496873076e-01 8.778218843260767734e-01 3.117797789491394411e-02 4.064068849812774165e-02
0.000000000000000000e+00 5.356441549745654118e-01 8.200554960272898875e-01 3.029834877299641960e-02 4.039802068906095389e-02
9.000000000000000000e+00 4.527632602940849793e-01 7.888174069927729182e-01 3.149134507483142276e-02 4.128848815792485194e-02
3.000000000000000000e+00 3.574628150102435731e-01 7.257942814718102431e-01 3.189258623691421102e-02 4.112291156534353398e-02
5.000000000000000000e+00 6.833783273251265999e-01 7.987063981185791306e-01 3.029723714766874298e-02 4.039023931176599636e-02
9.000000000000000000e+00 5.949441971569028320e-01 7.492085291239436451e-01 3.070209109206700759e-02 4.125858543660609890e-02
2.000000000000000000e+00 5.251772020501834781e-01 7.033620158436548753e-01 3.133894124238489898e-02 4.120028068816106170e-02
7.000000000000000000e+00 4.261581338243447536e-01 6.539007471129384408e-01 3.295427179689824904e-02 4.281046997553317190e-02
3.000000000000000000e+00 3.363947637750431818e-01 6.159972414501773130e-01 3.388578603099257069e-02 4.400741254728168794e-02
6.000000000000000000e+00 7.754136789054113521e-01 7.201147097655582474e-01 3.073388357644313285e-02 4.146117915260438824e-02
1.000000000000000000e+00 6.920591206727395583e-01 6.684101533326333167e-01 3.059693133605367876e-02 4.098990559486770380e-02
1.000000000000000000e+00 5.859381978196309682e-01 6.185258833740416851e-01 3.299726390645241203e-02 4.282236436654107692e-02
1.500000000000000000e+01 5.161031712428481022e-01 5.692915251633701157e-01 3.164063635635983029e-02 4.316202148546155470e-02
3.000000000000000000e+00 4.240590517177899033e-01 5.272859275064574192e-01 3.289063124687957584e-02 4.326929332959805752e-02
8.000000000000000000e+00 3.305023991904100233e-01 4.897852470718712659e-01 3.449890298056113025e-02 4.459234979478965410e-02
8.000000000000000000e+00 8.442021658173020082e-01 6.531148280061576106e-01 2.955800630465699186e-02 4.104809918078000663e-02
2.000000000000000000e+00 7.616416137656709662e-01 6.045640082095731227e-01 3.146338769783618705e-02 4.382610645631146440e-02
2.000000000000000000e+00 6.924035855712031839e-01 5.792806459405810404e-01 3.115279958123851056e-02 4.317536098939567246e-02
5.000000000000000000e+00 5.806353003557166437e-01 4.847432202817670843e-01 3.216087700978764730e-02 4.259692675005560814e-02
0.000000000000000000e+00 4.905430698484910534e-01 4.526590871055500287e-01 3.258785229820992946e-02 4.372803331176317032e-02
1.500000000000000000e+01 4.022146830395778583e-01 3.961577423251583796e-01 3.375011215973006129e-02 4.472213205181463369e-02
8.000000000000000000e+00 8.614721823761474218e-01 5.271699294034977168e-01 3.121416129933507477e-02 4.301884414323609018e-02
1.000000000000000000e+00 7.688333571960130897e-01 4.860862304215935459e-01 3.258173835890676440e-02 4.372633808313819426e-02
5.000000000000000000e+00 6.788951423779592265e-01 4.086001090383731826e-01 3.216943652481207838e-02 4.429904745203983030e-02
0.000000000000000000e+00 5.756101702705955780e-01 3.695041628864411121e-01 3.349888483563878694e-02 4.634899571910433558e-02
7.000000000000000000e+00 4.938110398825832914e-01 3.071292538847733566e-01 3.473615161615473124e-02 4.725135757897613864e-02
6.000000000000000000e+00 8.424210363451416494e-01 3.931991793057529883e-01 3.230533272114011201e-02 4.518612446365388724e-02
7.000000000000000000e+00 7.331342323489861146e-01 3.333193133524157692e-01 3.288354463541454109e-02 4.657226566620042973e-02
1.300000000000000000e+01 3.454551215908462369e-01 2.745578814320486227e-01 2.308590132092358527e-02 3.214225728554637174e-02
