3.000000000000000000e+00 1.351639217697593875e-01 6.174091757617341525e-01 3.272532577512024532e-02 4.507505330956929068e-02
9.000000000000000000e+00 5.284910301532648180e-01 1.292046829637417960e-01 3.765672966385447129e-02 4.383328859586825554e-02
2.000000000000000000e+00 4.257842446316427720e-01 1.770222445014077439e-01 3.275035770850992511e-02 4.366741672122917417e-02
6.000000000000000000e+00 3.359198580377513732e-01 1.867354398598416454e-01 3.367591768350164383e-02 4.329366113792121329e-02
5.000000000000000000e+00 2.283559027187959667e-01 2.576899948273037033e-01 3.341811137178615776e-02 4.536388113693001767e-02
3.000000000000000000e+00 2.125561334259168655e-01 3.465841397276302471e-01 3.689136276145726923e-02 4.678055860414670475e-02
0.000000000000000000e+00 3.016504349087474335e-01 3.507443425218172983e-01 3.266271768889977833e-02 4.307326146255757715e-02
9.000000000000000000e+00 3.966721060995554993e-01 2.934805882064152605e-01 3.471403660050725870e-02 4.918221157222235629e-02
2.000000000000000000e+00 5.113671817697880151e-01 2.640385706063181348e-01 3.886419554331727033e-02 5.036826186984635911e-02
5.000000000000000000e+00 6.198702160029305741e-01 2.400596170783921568e-01 4.144186312202169375e-02 4.801571217516914514e-02
3.000000000000000000e+00 7.002818551819003368e-01 3.210751869663187597e-01 3.891228171784222312e-02 5.188277859815570991e-02
8.000000000000000000e+00 6.190951866612340870e-01 3.502905469077050027e-01 4.067621369215967952e-02 4.748176351926652883e-02
6.000000000000000000e+00 4.482167134486066962e-01 4.032210362302993123e-01 3.584959924015462818e-02 4.972861968932684729e-02
1.000000000000000000e+00 3.793549382982251972e-01 4.327601726464537224e-01 3.475101944566189038e-02 5.068166958665287769e-02
7.000000000000000000e+00 2.709129865029927253e-01 4.638444235153654782e-01 3.453313426473580972e-02 4.266232526486973820e-02
1.000000000000000000e+00 1.622385711096457350e-01 4.765594308091755105e-01 3.348891275448853677e-02 4.561496329498115898e-02
1.000000000000000000e+00 6.912053213392312934e-01 4.595990386905129954e-01 4.140236578242950660e-02 5.311796042192462597e-02
2.000000000000000000e+00 5.626026616931256719e-01 4.936046376727991625e-01 3.919593929259557186e-02 5.157349578233655363e-02
7.000000000000000000e+00 4.362351474536607654e-01 5.276342373632281202e-01 3.542976342732256922e-02 4.821195575228431895e-02
1.500000000000000000e+01 3.345931231889835988e-01 5.675642677678569559e-01 3.482639777329549213e-02 5.319839599117981432e-02
0.000000000000000000e+00 2.200444673774323290e-01 5.890998390211423796e-01 3.476619117052659469e-02 5.118798705648897052e-02
5.000000000000000000e+00 1.784720341875099536e-01 7.301688535392050206e-01 3.380065355925229720e-02 4.788173765131653603e-02
6.000000000000000000e+00 2.698345932958665649e-01 7.003930579920825128e-01 3.871643367917781964e-02 5.046607287819249166e-02
7.000000000000000000e+00 3.931246488712301090e-01 6.733477491294252992e-01 3.697931356127875935e-02 4.930516752494418231e-02
1.500000000000000000e+01 5.246179741480225811e-01 6.275865213658686770e-01 3.920328500668268656e-02 5.157380656254784146e-02
7.000000000000000000e+00 6.271879598711431747e-01 6.210669458387273467e-01 4.307668004488285352e-02 5.535961808663092398e-02
0.000000000000000000e+00 3.323210514426814255e-01 8.321793501235965618e-01 3.707896099814672608e-02 5.291400384501787624e-02
8.000000000000000000e+00 6.022043951835480691e-01 7.486484664684673884e-01 4.099682585932118428e-02 5.813714559400129378e-02
1.600000000000000000e+01 7.561757327046453314e-01 5.918636639464653904e-01 2.752303455304594415e-02 3.283867579403565440e-02
1.400000000000000000e+01 8.786764206694690493e-01 4.441876881563697754e-01 2.722140823152552347e-02 3.589132854671944761e-02
