6.000000000000000000e+00 2.840383710150587437e-01 6.990110018053380392e-01 3.774707743547189853e-02 2.886816893627686120e-02
1.600000000000000000e+01 3.854814616428590690e-01 2.584338824592156691e-01 3.329081852587700840e-02 2.496788605801505967e-02
1.100000000000000000e+01 7.344685858509032439e-01 2.300893505947700368e-01 3.668265342515653060e-02 2.638273624861978139e-02
3.000000000000000000e+00 8.401654233558243368e-01 6.569775899844513267e-01 5.295238118887790613e-02 3.642769759755526415e-02
7.000000000000000000e+00 8.995699102546368398e-01 7.386146006349270099e-01 5.345566487629160868e-02 3.446515633535329748e-02
2.000000000000000000e+00 8.382079635355935698e-01 8.164735591797755987e-01 5.076227969926749850e-02 3.479114188442211653e-02
0.000000000000000000e+00 7.588178891985154495e-01 7.156354363118788697e-01 5.043850347279477120e-02 3.829391239456325646e-02
8.000000000000000000e+00 6.901938714892391635e-01 6.162512410280074349e-01 4.741035068938193042e-02 3.509243825347863055e-02
1.000000000000000000e+00 6.411805744067188284e-01 5.124986488325384837e-01 4.902575213865634218e-02 3.770537647146865456e-02
3.000000000000000000e+00 6.016627249103947417e-01 3.863102475900237476e-01 5.247544367342382721e-02 3.841967808335167156e-02
6.000000000000000000e+00 4.744349340442328700e-01 3.855231487985960603e-01 4.762227995942214243e-02 3.712429701213637578e-02
3.000000000000000000e+00 5.146972976389428966e-01 5.075788740422614298e-01 4.554120853993404161e-02 3.650008052911329903e-02
0.000000000000000000e+00 5.630893055908801070e-01 5.881537114298165392e-01 4.480914949768421973e-02 3.595678048617589884e-02
2.000000000000000000e+00 6.119543018941308032e-01 6.925084406906127921e-01 4.555054292790305936e-02 3.650055001016483391e-02
1.500000000000000000e+01 3.384379827788419615e-01 7.722568671527940687e-01 3.653866082494933165e-02 3.247207118825878869e-02
9.000000000000000000e+00 6.723046274129077515e-01 8.063986062765966523e-01 4.526935139447196832e-02 3.395237256077587862e-02
6.000000000000000000e+00 6.938503280024781450e-01 8.789278226069112687e-01 3.970329451174237079e-02 3.212123075998263300e-02
1.000000000000000000e+00 5.705147836036343900e-01 8.466948553566259195e-01 4.018625243127116331e-02 2.901061501066681814e-02
7.000000000000000000e+00 5.182715673516032906e-01 7.409432266513189536e-01 4.393199319392881996e-02 3.407786208423990715e-02
9.000000000000000000e+00 4.622401637265350915e-01 6.509889173056015998e-01 4.043695531287461176e-02 3.145048041977716036e-02
5.000000000000000000e+00 4.372057908666406867e-01 5.723119018364460908e-01 4.663208918833888772e-02 3.666757479843751888e-02
8.000000000000000000e+00 3.868431223919603923e-01 4.682161742252552994e-01 4.150850438856273916e-02 3.395273157569783651e-02
1.000000000000000000e+00 3.256053534110895376e-01 3.506976105230042995e-01 4.609751596965655507e-02 3.907250529399552974e-02
8.000000000000000000e+00 4.467089986984561500e-01 8.018834965363454970e-01 4.106470671205159073e-02 2.966943500885277363e-02
0.000000000000000000e+00 3.993044198643568299e-01 7.155875492446063246e-01 4.131540959365503918e-02 3.210924518489832735e-02
5.000000000000000000e+00 3.500192242115757191e-01 6.242246034280860556e-01 4.130599235608878317e-02 3.210880332037902019e-02
1.500000000000000000e+01 2.999009068160347624e-01 5.269042192309196793e-01 4.375071827491089360e-02 3.224876390684816574e-02
5.000000000000000000e+00 2.488982113935022944e-01 4.505621539640878304e-01 4.259620913573552992e-02 3.644664253881768623e-02
2.000000000000000000e+00 1.770833380998694251e-01 5.193986532740533235e-01 3.881453926435710078e-02 3.136823838613367332e-02
7.000000000000000000e+00 2.358079473945008941e-01 6.104972260254062366e-01 3.982864595254412277e-02 3.324500269853836176e-02
