9.000000000000000000e+00 1.625553228789620719e-01 7.387417945298075939e-01 4.268598540783549722e-02 3.162076250248191389e-02
1.400000000000000000e+01 5.012835199314699119e-01 2.327032286458119992e-01 3.778167518300090677e-02 2.833600833257651774e-02
1.200000000000000000e+01 5.973366824932215824e-01 5.226497015865803203e-02 3.747326526296779203e-02 2.586186848875136890e-02
8.000000000000000000e+00 8.146436615660102021e-01 4.760308311988204477e-01 5.696355886734272289e-02 4.159465823791208550e-02
7.000000000000000000e+00 7.638023471991217672e-01 5.999410297791565316e-01 5.321949248819202172e-02 4.047912093178973603e-02
3.000000000000000000e+00 7.718449034160208555e-01 7.176048714746369184e-01 5.246512278766046755e-02 3.822825864382273231e-02
2.000000000000000000e+00 7.761616217286826380e-01 8.470139460719627866e-01 5.246274146278850914e-02 3.372619387862163531e-02
0.000000000000000000e+00 6.605743520198213981e-01 8.684441406247657147e-01 5.126363099330033535e-02 3.171357747427983043e-02
5.000000000000000000e+00 6.671238742401706112e-01 7.565405820491912792e-01 4.857108963978362670e-02 3.575298483577293851e-02
1.000000000000000000e+00 6.399013904272174980e-01 5.269837276454267805e-01 5.576342783005205916e-02 3.777569352171539219e-02
0.000000000000000000e+00 6.506725764090869335e-01 4.242617781759851492e-01 5.487258553506890735e-02 3.980359009398581893e-02
0.000000000000000000e+00 5.297315497549013319e-01 3.561352770362189446e-01 5.213984514978398099e-02 3.980279631902849946e-02
9.000000000000000000e+00 5.093656798489192283e-01 4.644307740668517925e-01 4.857179836742397949e-02 3.710512377739438872e-02
3.000000000000000000e+00 5.004087232302674160e-01 6.407601415346394491e-01 4.497554422497296311e-02 3.500167683864829904e-02
1.500000000000000000e+01 5.074845324218874021e-01 7.187904877698503281e-01 4.766919119360885082e-02 3.305613441820209886e-02
2.000000000000000000e+00 5.193950264349410650e-01 8.154887484045236778e-01 4.317242771115831212e-02 3.440685590454262144e-02
6.000000000000000000e+00 5.326323719874036522e-01 8.980402100039120983e-01 4.587520309180370681e-02 3.170348519267940368e-02
3.000000000000000000e+00 4.063886876507729617e-01 8.399097736001703840e-01 4.267711213777664048e-02 3.278749829335281252e-02
2.000000000000000000e+00 3.979174929569088692e-01 7.707633850366417683e-01 4.476644122192441344e-02 3.162138618280563307e-02
6.000000000000000000e+00 3.845144610566537668e-01 6.463552344161013208e-01 4.475765299918244011e-02 3.474868942010100881e-02
6.000000000000000000e+00 3.984449564160629231e-01 5.476016636240235158e-01 4.580923472302744770e-02 3.825575727627372746e-02
7.000000000000000000e+00 3.808648822465325878e-01 4.235074935227703952e-01 4.580719358742285641e-02 3.435540227784344980e-02
5.000000000000000000e+00 3.523056247072035019e-01 2.838098197685338109e-01 5.100965135605634027e-02 3.864331789919611682e-02
1.000000000000000000e+00 3.070314368290833484e-01 8.040448097972009434e-01 4.207188708190867654e-02 3.188781107741633924e-02
1.000000000000000000e+00 2.577119024518427226e-01 6.963648710714342993e-01 4.250738604243350927e-02 3.188123408491272404e-02
5.000000000000000000e+00 2.657401848940625366e-01 5.922582804107785481e-01 4.427174932886637770e-02 3.298855015040558225e-02
8.000000000000000000e+00 2.774134252421875946e-01 4.988106416228449413e-01 4.945297361739098285e-02 3.478718750553216887e-02
8.000000000000000000e+00 2.571598744926694713e-01 3.941990966928967111e-01 4.529379128465602089e-02 3.626451609756897732e-02
1.500000000000000000e+01 1.670718598625821061e-01 4.357929328067458030e-01 4.475804988666104434e-02 3.552936709064735687e-02
7.000000000000000000e+00 1.769509278397154717e-01 5.388523925531389924e-01 4.052807983719453055e-02 3.434618881851714267e-02
