6.000000000000000000e+00 5.548068635042582297e-01 7.356985443803849556e-01 3.634367389447135110e-02 4.898877278933444490e-02
7.000000000000000000e+00 8.311558191886752045e-01 3.915182075860055289e-01 3.594847943435119930e-02 4.713403353973799614e-02
5.000000000000000000e+00 8.076078934635702034e-01 5.244199608205979413e-01 3.474845485162381120e-02 4.633153536225986802e-02
3.000000000000000000e+00 8.438676735248326066e-01 6.279737491181212050e-01 3.387658833047724194e-02 4.463843081542662183e-02
6.000000000000000000e+00 7.337898332441190608e-01 1.479111663044099800e-01 3.603450854261869285e-02 4.990747488313977687e-02
2.000000000000000000e+00 7.406370141542140129e-01 2.854174294841511639e-01 3.572865848625106366e-02 4.829781463792454099e-02
3.000000000000000000e+00 7.270640258636502651e-01 4.487930697653024215e-01 3.594477079872382408e-02 4.663097959345269272e-02
8.000000000000000000e+00 7.371188956342530352e-01 5.918078368722479166e-01 3.526816956250811153e-02 4.755482320483239711e-02
5.000000000000000000e+00 7.319379878541411033e-01 7.132618607487443141e-01 3.490708331187097890e-02 4.707320629630284969e-02
1.500000000000000000e+01 6.407530050972352065e-01 4.468717966834837019e-02 3.852159826242140817e-02 5.250950421166933335e-02
0.000000000000000000e+00 6.516953064203299117e-01 3.609959397019431027e-01 3.849996455459447908e-02 5.069960573829573880e-02
3.000000000000000000e+00 6.335056005923437317e-01 5.139660053320388444e-01 3.601703300201042346e-02 4.770482627767341777e-02
8.000000000000000000e+00 6.258014438950613156e-01 6.625852654087733828e-01 3.558239214476199841e-02 4.712512719508732406e-02
9.000000000000000000e+00 6.587652583295924291e-01 7.985519109843544072e-01 3.519568259342598093e-02 4.731634669569706464e-02
6.000000000000000000e+00 5.400065977782498861e-01 1.395875691223062154e-01 3.893286347692703764e-02 5.541359067376568082e-02
2.000000000000000000e+00 5.414318938796213176e-01 3.002938767670068065e-01 3.670419823061954467e-02 5.084376490045100505e-02
2.000000000000000000e+00 5.422623192072031362e-01 4.522055624091919079e-01 3.669088085723004600e-02 4.796532983477796996e-02
9.000000000000000000e+00 5.512750623664898209e-01 5.952332114057978796e-01 3.534582614488912533e-02 4.745086902436579379e-02
5.000000000000000000e+00 8.368547278404800949e-01 1.795465305997503980e-01 3.427571619202041120e-02 4.649766538093530466e-02
7.000000000000000000e+00 5.064478704263427611e-01 9.006574489736303146e-01 3.507984392151675124e-02 4.543921515371340814e-02
1.000000000000000000e+00 4.511214326898224103e-01 3.964880321883212377e-01 3.775112921081674733e-02 5.077344130215155626e-02
0.000000000000000000e+00 4.456619277060597795e-01 5.036699618627533681e-01 3.682981421463749072e-02 5.006728336381399691e-02
1.000000000000000000e+00 4.598043039483362682e-01 6.722835723403755015e-01 3.697310240933476821e-02 4.929748860959592971e-02
0.000000000000000000e+00 4.367651356015801456e-01 8.053618088681033793e-01 3.622564375605502596e-02 4.791748281603880333e-02
7.000000000000000000e+00 3.694564192535694236e-01 2.752579171878327124e-01 3.710956334299064796e-02 5.134111541467287210e-02
8.000000000000000000e+00 3.716446688002549847e-01 4.598598491955748213e-01 3.779512711530608193e-02 4.879696327851124060e-02
1.000000000000000000e+00 3.588642468485762071e-01 5.777011422000234431e-01 3.861538179063700449e-02 5.106544016636505035e-02
1.500000000000000000e+01 3.732549190556836427e-01 7.529836802639644500e-01 3.786497308628988812e-02 4.762034243425072866e-02
1.200000000000000000e+01 6.361827547313302078e-02 5.885802562388291470e-01 2.528654534554768823e-02 3.238346915028256223e-02
0.000000000000000000e+00 7.140156377833017931e-02 4.194286266858430201e-01 2.613084996100818042e-02 3.451806991113004486e-02
