6.000000000000000000e+00 1.610237175753859717e-01 5.396390656847755984e-01 3.369984728281280595e-02 3.337126872574658343e-02
5.000000000000000000e+00 1.566621036102590625e-01 6.426783731672309763e-01 3.509691976264209257e-02 3.498664280425956008e-02
3.000000000000000000e+00 1.561543791380826662e-01 7.532092082238754926e-01 3.489825375749089353e-02 3.479583103652117426e-02
1.000000000000000000e+01 8.529475703024269606e-01 6.805468858328420634e-01 3.261581814046088379e-02 3.638192497997250197e-02
1.000000000000000000e+00 6.082818088244925647e-01 3.711241785476313004e-01 4.040935846870197246e-02 3.872525981282570751e-02
1.000000000000000000e+01 8.210703969892579890e-01 5.918383275312701919e-01 3.697445789068520838e-02 3.886207369834993042e-02
7.000000000000000000e+00 2.459036238968711208e-01 8.072028168087560518e-01 3.735553278457764970e-02 3.690319223651172820e-02
0.000000000000000000e+00 2.431658735168725771e-01 6.949463884669617730e-01 3.278159452644538452e-02 3.408450278493757590e-02
1.500000000000000000e+01 2.457821430998258783e-01 5.918836337757588106e-01 3.454429330819672184e-02 3.454426443232394561e-02
2.000000000000000000e+00 2.497251290984296435e-01 4.846833418926809189e-01 3.539564066718994817e-02 3.595687213174203478e-02
6.000000000000000000e+00 2.461256216072784386e-01 3.808279733678450185e-01 3.395308868763485810e-02 3.320477044294112279e-02
7.000000000000000000e+00 3.309026720697013646e-01 3.289486850683097652e-01 3.466817080268785878e-02 3.411476469967578140e-02
3.000000000000000000e+00 3.342741467930212540e-01 5.369911770210604729e-01 3.385095472539367822e-02 3.459924409421466507e-02
5.000000000000000000e+00 3.355067711770167715e-01 6.422478627790334516e-01 3.660311416594019818e-02 3.604182494964236483e-02
0.000000000000000000e+00 4.228577014410613844e-01 5.943035185475155080e-01 3.608415697922845444e-02 3.495955723553390015e-02
1.000000000000000000e+00 3.332759656206278898e-01 7.534708813835675478e-01 3.535377065156936061e-02 3.666444651985611980e-02
8.000000000000000000e+00 3.381080686199017249e-01 8.635944511296520520e-01 3.628735649641584571e-02 3.834687037510742247e-02
8.000000000000000000e+00 4.322062941494488331e-01 8.065385851057774724e-01 3.736260737342389504e-02 3.886034114597936018e-02
2.000000000000000000e+00 4.239334865217169734e-01 6.985520032052189299e-01 3.641475684739359231e-02 3.622582201139001867e-02
9.000000000000000000e+00 4.329300679022271003e-01 4.810366367873699645e-01 3.501419038695047226e-02 3.538154924124314871e-02
3.000000000000000000e+00 4.258195574701847397e-01 3.769323004868925242e-01 3.589045762420600694e-02 3.514239926236784051e-02
1.000000000000000000e+00 1.618992340399476038e-01 4.314389611424886972e-01 3.279395340002161374e-02 3.355824000239687743e-02
1.500000000000000000e+01 4.205405137110663771e-01 2.715806275452066210e-01 3.569580536537975135e-02 3.438530275233009359e-02
2.000000000000000000e+00 5.164889896688210635e-01 3.171017229657818182e-01 3.512241715836134093e-02 3.493403096394176455e-02
8.000000000000000000e+00 5.181163039207539178e-01 4.308769933431790822e-01 3.699314058041369702e-02 3.661841837854634685e-02
9.000000000000000000e+00 5.168827266329546477e-01 5.352260815418632411e-01 3.413442916908099312e-02 3.563097903084999629e-02
7.000000000000000000e+00 5.174690367930698809e-01 6.409904051443939821e-01 3.577154677984373254e-02 3.559107257458282714e-02
6.000000000000000000e+00 6.151863765314276034e-01 7.012176794066045105e-01 3.765691026942685760e-02 3.821831498921601789e-02
0.000000000000000000e+00 6.144677138081422463e-01 5.906149434265839382e-01 3.731929356416119337e-02 3.695193470986846140e-02
5.000000000000000000e+00 6.114347942559554827e-01 4.797522957151149070e-01 3.647155568927329394e-02 3.553464911905007684e-02
