1.200000000000000000e+01 2.781239860815341025e-01 1.376434516285249543e-01 2.556085526077839232e-02 4.025906835562494124e-02
9.000000000000000000e+00 3.455711937804057943e-01 8.152307051141374217e-01 3.429462381820713723e-02 4.495118624995853018e-02
8.000000000000000000e+00 4.609916050806779353e-01 8.343450019487379521e-01 3.357831232901303808e-02 4.245890351042402866e-02
3.000000000000000000e+00 5.522328153622964031e-01 8.547013844298998464e-01 3.300313456346504193e-02 4.322872877024253047e-02
1.500000000000000000e+01 6.483301553515232740e-01 8.739263290150542929e-01 3.093281035507067234e-02 3.737465978719034521e-02
0.000000000000000000e+00 3.149664478813128943e-01 7.026256189897031046e-01 3.663303405248213851e-02 4.190917608848432341e-02
5.000000000000000000e+00 4.176450834099378895e-01 7.279207835510581592e-01 3.429497767325201396e-02 4.495978764950969708e-02
6.000000000000000000e+00 6.102474316196448978e-01 7.678386539846185910e-01 3.919227705434447095e-02 4.454022444482674814e-02
5.000000000000000000e+00 7.011056210348627360e-01 7.809720111927890285e-01 3.450696406471898126e-02 4.987113235391982258e-02
1.500000000000000000e+01 7.919054243676850735e-01 6.969163855984581435e-01 3.300313456346515295e-02 4.322872877024264149e-02
1.000000000000000000e+00 6.733396227936130352e-01 6.861267736698537512e-01 3.177242671757563031e-02 4.313808743953062574e-02
6.000000000000000000e+00 5.935033647537342194e-01 6.502842245678841504e-01 3.641124859823552384e-02 5.163382043026998325e-02
8.000000000000000000e+00 4.877752336684560430e-01 6.178135874076379208e-01 3.682476904753773095e-02 4.677833038370415863e-02
9.000000000000000000e+00 3.868260782812056320e-01 6.090244269258850984e-01 4.070715772084437800e-02 5.197194253540626807e-02
1.000000000000000000e+00 2.762045266105184749e-01 5.741303182225125923e-01 3.893627653922548948e-02 5.345448629473337210e-02
0.000000000000000000e+00 3.364730361856672625e-01 4.595768517820532084e-01 4.005745263893312202e-02 5.109753950003353973e-02
0.000000000000000000e+00 4.555061577856638344e-01 5.033487072166686893e-01 3.576195181060681794e-02 5.076820933177994544e-02
6.000000000000000000e+00 5.757937363489810112e-01 5.137918406171551045e-01 3.623573649600397850e-02 4.754703963915052345e-02
2.000000000000000000e+00 6.643457435586215265e-01 5.567985253467722107e-01 3.691655360224055382e-02 4.917953627862536869e-02
8.000000000000000000e+00 7.664496912748375301e-01 5.721747519271156435e-01 3.487704200236463326e-02 4.419045234282992229e-02
2.000000000000000000e+00 8.481545489279436190e-01 5.975102015243427545e-01 3.321566534730857612e-02 4.814040011007869602e-02
7.000000000000000000e+00 8.271713802839273377e-01 5.056751816480855588e-01 3.819119391292569166e-02 5.015443414672760003e-02
3.000000000000000000e+00 7.313702986260726124e-01 4.341896168599974626e-01 3.951559168683604906e-02 5.267837330296437637e-02
2.000000000000000000e+00 6.284741783429765860e-01 4.270152466556689230e-01 3.756781020242527802e-02 5.009041360323368552e-02
5.000000000000000000e+00 5.268744740656312597e-01 3.993959485501166196e-01 4.126026037551921988e-02 5.037853326857494318e-02
1.000000000000000000e+00 4.189514754059908697e-01 3.680122452090867080e-01 3.818354520003364172e-02 5.013578870782747776e-02
3.000000000000000000e+00 8.206665446538294884e-01 3.323496586170278100e-01 4.193323823153227714e-02 5.204973620602942885e-02
7.000000000000000000e+00 7.106111202254286052e-01 3.073858384757198747e-01 3.588258916127207154e-02 5.324984920035108482e-02
7.000000000000000000e+00 5.036244147358224232e-01 2.416351071303885489e-01 3.774618036463422976e-02 5.418919824625811898e-02
1.400000000000000000e+01 3.317747122182397868e-01 1.590103488490312578e-01 2.681663237561238144e-02 4.115260678303700459e-02
