3.000000000000000000e+00 7.891232074707533739e-01 6.231953499380602501e-01 4.397124403172680829e-02 3.484764038010090825e-02
1.000000000000000000e+01 2.676865361556320377e-01 7.842337405765416047e-01 4.146834326504059143e-02 3.344534220638462063e-02
1.000000000000000000e+01 3.715137122196661146e-01 7.405586949347442438e-01 4.165790156907306363e-02 3.139583782318622340e-02
8.000000000000000000e+00 3.674110206062196626e-01 1.605377570097959172e-01 4.563754276344483829e-02 3.190117318197893681e-02
1.000000000000000000e+00 3.182726203047524516e-01 2.482134553002027233e-01 4.789802553903121929e-02 3.359095006363921332e-02
0.000000000000000000e+00 2.301498081346486091e-01 4.486947451852595359e-01 5.224096876295986069e-02 3.544967755370781459e-02
6.000000000000000000e+00 4.866359770871692692e-01 1.506117665970797270e-01 4.396463657084337395e-02 2.924288876550168448e-02
9.000000000000000000e+00 4.549956496714177012e-01 2.254914398928100638e-01 4.419392087944945535e-02 3.128118212900435346e-02
7.000000000000000000e+00 4.149783075243508312e-01 3.235618385824108878e-01 4.370017565696049378e-02 3.277473908623340648e-02
1.000000000000000000e+00 3.704962851025299653e-01 4.276969927309821617e-01 4.815902024392604286e-02 3.564958032518888986e-02
5.000000000000000000e+00 3.398280262097354565e-01 5.193567732960265859e-01 4.953478025507784821e-02 3.575177933081996606e-02
2.000000000000000000e+00 5.992411107753050636e-01 1.385637522099939511e-01 4.181964896192813530e-02 2.856521782858581493e-02
3.000000000000000000e+00 5.778159855847075921e-01 2.326634460252703096e-01 4.488908533985169758e-02 3.133417721486025931e-02
5.000000000000000000e+00 5.395271037532025638e-01 3.122096656496703426e-01 4.356943458669348956e-02 3.173939870936609564e-02
3.000000000000000000e+00 5.010151524174877302e-01 4.047153772262170879e-01 4.595350937650904966e-02 3.447058183362267103e-02
1.000000000000000000e+00 4.649027113334884276e-01 5.019180863189884878e-01 4.865550052194467234e-02 3.415781063196920986e-02
8.000000000000000000e+00 4.327305780957739767e-01 5.991504748262197477e-01 4.795023531191328070e-02 3.922427082263180154e-02
2.000000000000000000e+00 7.017207168559727037e-01 2.075573558280620623e-01 4.187944106697150115e-02 2.907818967905526075e-02
2.000000000000000000e+00 6.575720733314291966e-01 2.946177207838219791e-01 4.439173850958610945e-02 3.282375344770466219e-02
1.500000000000000000e+01 6.276599625134200444e-01 3.796575296173850811e-01 4.513951893923617842e-02 3.338441275151704524e-02
1.500000000000000000e+01 5.853143975768329010e-01 4.718491837037867009e-01 4.305432343536441664e-02 3.274874251882314846e-02
7.000000000000000000e+00 5.564486756768403097e-01 5.677898677678256956e-01 4.803028307573031785e-02 3.462249927442584418e-02
0.000000000000000000e+00 5.150216155024420761e-01 6.664217923134860833e-01 4.692047336513605060e-02 3.658410276406853789e-02
7.000000000000000000e+00 7.718776262460087523e-01 2.755713762904061781e-01 4.262700485855996924e-02 2.963855110553276218e-02
6.000000000000000000e+00 7.500758216255414279e-01 3.648494786241932020e-01 4.269784550475252960e-02 3.015336437952698123e-02
0.000000000000000000e+00 6.855959397234563379e-01 5.509992806322744352e-01 4.639347420016826096e-02 3.246218452264160170e-02
6.000000000000000000e+00 6.677620507622682444e-01 6.536205138458121011e-01 4.849415932545531049e-02 3.823396408285106851e-02
9.000000000000000000e+00 8.682911499595777904e-01 3.611984367498616288e-01 4.275947903332089073e-02 3.066942332237637681e-02
5.000000000000000000e+00 8.495425338624026379e-01 4.287119691300448343e-01 4.212104666533966757e-02 3.112671919097570461e-02
8.000000000000000000e+00 8.195063706742831133e-01 5.379746212431770758e-01 4.507501495634980149e-02 3.287444675415451822e-02
