0.000000000000000000e+00 4.658652300882123454e-01 5.162527080640642030e-01 4.862008744294976648e-02 3.796589014110562932e-02
1.000000000000000000e+01 5.847958912117072749e-01 8.814185750743164238e-01 3.644062172257089838e-02 2.958275478469474251e-02
1.300000000000000000e+01 3.268109057070474610e-01 7.503902214678710436e-01 4.251793369129130973e-02 3.038235322589655230e-02
2.000000000000000000e+00 2.310453635002046036e-01 6.188554251973659159e-01 6.393737731779244871e-02 4.300709511504663407e-02
2.000000000000000000e+00 9.897169381697543122e-02 3.930932450110494747e-01 5.386781460776852992e-02 4.134008073368394820e-02
6.000000000000000000e+00 2.377294592256041020e-02 2.839499621341826652e-01 4.754589184512082040e-02 3.907282748266016625e-02
0.000000000000000000e+00 1.139140546772476892e-01 2.192756166597463197e-01 5.160238043467157976e-02 3.907927952468184807e-02
2.000000000000000000e+00 1.772032149450596394e-01 3.056442002200020491e-01 5.656158478644326970e-02 4.016592277811537048e-02
1.000000000000000000e+00 2.566619599426084308e-01 4.049333674288010942e-01 5.081352592247478928e-02 3.698355963753741094e-02
1.500000000000000000e+01 3.191431227453531694e-01 5.033646830681013373e-01 5.133028616915091824e-02 3.999876657049739048e-02
6.000000000000000000e+00 4.047138558846022360e-01 6.320372881246930641e-01 5.817342994505703135e-02 4.100593885700365426e-02
8.000000000000000000e+00 1.925850252401187790e-01 1.514587145859272177e-01 4.481250153430979544e-02 3.473560566639338765e-02
3.000000000000000000e+00 2.543669515416545623e-01 2.194948723961117343e-01 4.799671217590717465e-02 3.637453803226103899e-02
5.000000000000000000e+00 3.463428143881994714e-01 3.191341694711821719e-01 4.934393834235573095e-02 3.475570079286616210e-02
0.000000000000000000e+00 4.093392594368048254e-01 4.261757209768183841e-01 4.953286663891026675e-02 3.527507596406198598e-02
7.000000000000000000e+00 5.464871048813984000e-01 6.308058860606153839e-01 5.160235201157892249e-02 3.907919425540395952e-02
6.000000000000000000e+00 7.134882361061138933e-01 6.355642244169379396e-01 4.725134499539807020e-02 3.768708802572995342e-02
5.000000000000000000e+00 6.068246122513181184e-01 5.318175772870545881e-01 4.544045291926201990e-02 3.631999411754949225e-02
7.000000000000000000e+00 5.526793598366189775e-01 4.293004420855906500e-01 4.657032769654989579e-02 3.755739345416719832e-02
7.000000000000000000e+00 4.710662865349715123e-01 3.427629685090679557e-01 4.523631826816315593e-02 3.580201167789126560e-02
3.000000000000000000e+00 4.313279891851186654e-01 2.540027522445430508e-01 4.639529829227984070e-02 3.554941565389851954e-02
1.000000000000000000e+00 3.337514554213155682e-01 1.558398216571782180e-01 4.459458168329683003e-02 3.419505529120575593e-02
7.000000000000000000e+00 4.894231135100453045e-01 1.762581329043519940e-01 4.141102477282948557e-02 3.256001688902512847e-02
3.000000000000000000e+00 5.344340650769325851e-01 2.602215543682579457e-01 4.116630194548864807e-02 3.350255506294450014e-02
8.000000000000000000e+00 6.870891519242572354e-01 4.478932517870286567e-01 4.210301338542377092e-02 3.418092901418035012e-02
1.000000000000000000e+00 7.553376302362111439e-01 5.213838579145579910e-01 4.435929532270144193e-02 3.812838496153614365e-02
5.000000000000000000e+00 7.945947814744235282e-01 4.366082750025180315e-01 3.842620212586567163e-02 3.142118883756628289e-02
9.000000000000000000e+00 7.235625170495104674e-01 3.507873333790552106e-01 3.969637328825847966e-02 3.133205401915278854e-02
1.500000000000000000e+01 6.602737831280877101e-01 2.629824456801225785e-01 3.800701835610698076e-02 2.928783677581112133e-02
9.000000000000000000e+00 6.032328713079309068e-01 1.929115497279805802e-01 3.624302438277138272e-02 2.926990180437649691e-02
