3.000000000000000000e+00 6.707136412408765125e-01 2.191087183534816130e-01 3.499428923320102580e-02 4.550069903623782386e-02
8.000000000000000000e+00 1.379048257621167395e-01 5.257101933797255766e-01 3.286347096094889564e-02 4.639910430500249205e-02
1.000000000000000000e+00 2.223328207928180755e-01 5.800216464329895905e-01 3.354689501402649543e-02 4.537857985299198482e-02
7.000000000000000000e+00 4.120219548802834253e-01 7.238366080699245586e-01 3.688127966960885740e-02 4.981909828492225856e-02
5.000000000000000000e+00 1.498161124936126243e-01 3.934293092311026419e-01 3.284067282566344170e-02 4.507829036877558648e-02
9.000000000000000000e+00 2.224106574035646655e-01 4.504345412333948806e-01 3.225799299345716298e-02 4.526962501917269899e-02
8.000000000000000000e+00 3.248505340609284531e-01 5.048984653691022118e-01 3.425913831855131875e-02 4.694464479797422207e-02
1.500000000000000000e+01 4.071653362685059840e-01 5.718689730437416241e-01 3.417711429520131627e-02 4.522416559215081122e-02
7.000000000000000000e+00 4.970866829450983904e-01 6.330915453336840581e-01 3.601092732841615351e-02 4.782610883535631796e-02
5.000000000000000000e+00 1.553662405280387404e-01 2.748672782544668847e-01 3.009323752102022187e-02 4.180939903580804806e-02
6.000000000000000000e+00 2.385972787188329614e-01 3.163599392114527786e-01 3.256977733580071477e-02 4.361491282306234618e-02
1.000000000000000000e+00 3.212771931998509300e-01 3.654611288689160187e-01 3.236062565530656299e-02 4.426672601629039194e-02
3.000000000000000000e+00 4.110178516541687088e-01 4.366276839749606009e-01 3.307210263595633526e-02 4.407218922684352780e-02
1.000000000000000000e+00 4.901679141540234985e-01 5.074474775275032989e-01 3.351416203707396901e-02 4.390463798528576600e-02
1.500000000000000000e+01 5.931851474295322113e-01 5.559845022849579932e-01 3.738609552235871991e-02 4.782222247856093844e-02
1.600000000000000000e+01 7.365619360221450362e-01 7.908314602119547176e-01 3.113760011928978777e-02 4.097522812900611378e-02
1.200000000000000000e+01 7.137589017376101408e-01 7.576706829561605794e-01 3.040658187982381300e-02 3.785798681718721692e-02
2.000000000000000000e+00 2.425512362274676592e-01 1.962104683274603079e-01 2.918311844444965164e-02 4.160043893628270761e-02
5.000000000000000000e+00 3.119322293357212894e-01 2.522984790729820848e-01 3.015941506138070105e-02 4.236484700173692719e-02
2.000000000000000000e+00 4.053164704448865008e-01 3.056267385944386739e-01 3.341932945752518203e-02 4.375424692478907529e-02
0.000000000000000000e+00 4.966853344998476971e-01 3.625933122941009668e-01 3.381970631357711365e-02 4.428290092379777443e-02
2.000000000000000000e+00 5.904757272628380349e-01 4.320536746608515388e-01 3.529857454905205305e-02 4.706443764088491521e-02
3.000000000000000000e+00 6.895203512539653801e-01 4.881641551171408411e-01 3.787583121599402691e-02 4.996502824571713575e-02
8.000000000000000000e+00 3.194340474365851557e-01 1.231734261170333578e-01 2.974538121912539967e-02 3.965999740958370268e-02
0.000000000000000000e+00 4.029855184820280711e-01 1.845490716010352861e-01 3.212755372242415142e-02 4.390707380046030006e-02
0.000000000000000000e+00 5.704698572287010272e-01 2.914624186169604281e-01 3.440285141385024392e-02 4.668050937943862833e-02
6.000000000000000000e+00 6.758794304832091981e-01 3.460144426295992393e-01 3.576345945416503636e-02 4.797608936520558753e-02
9.000000000000000000e+00 4.114895513680285055e-01 5.040463831597089689e-02 3.192633896777963276e-02 4.309972422928830260e-02
7.000000000000000000e+00 4.922894407492895419e-01 1.160799354824260665e-01 3.202374420605214045e-02 4.243121612306616219e-02
6.000000000000000000e+00 5.743601551182793141e-01 1.702455133123147168e-01 3.442715482817615413e-02 4.455371430753102269e-02
