3.000000000000000000e+00 4.144427451336615276e-01 8.924170524015704320e-01 4.167147081923650020e-02 5.490308972924640152e-02
8.000000000000000000e+00 5.228608742718119373e-01 9.347118697120887498e-01 3.663960962863588300e-02 4.753481453742636198e-02
2.000000000000000000e+00 6.997297349782483078e-01 9.265094284591990359e-01 3.615704543224385059e-02 4.860639958805568206e-02
2.000000000000000000e+00 6.089576815592754322e-01 8.487203984860719475e-01 3.791596892637760785e-02 5.015801274849152058e-02
1.000000000000000000e+00 5.165088768004860720e-01 7.857697752113206313e-01 3.732703654027713647e-02 5.095410802139566098e-02
5.000000000000000000e+00 3.995197334072086992e-01 7.450795339857504418e-01 3.967639637883579873e-02 5.171699825365339009e-02
9.000000000000000000e+00 3.089625248582442696e-01 6.916976833566682581e-01 3.879522424779230372e-02 5.093741703293575007e-02
6.000000000000000000e+00 8.154858094820154335e-01 8.438931935850682020e-01 3.516844349385139790e-02 4.788078393073325056e-02
3.000000000000000000e+00 6.902632609879987280e-01 7.570393054729911420e-01 3.753402249080761699e-02 4.905564078628588121e-02
0.000000000000000000e+00 5.803819425920574426e-01 7.274749350780017609e-01 3.705334561466533394e-02 5.168025448753854612e-02
7.000000000000000000e+00 4.761293651604318056e-01 6.380717196490151011e-01 3.732927773307376240e-02 5.034361889931615597e-02
6.000000000000000000e+00 3.923759756016775846e-01 6.106531439100071346e-01 4.113320118609370413e-02 5.371000843753070964e-02
0.000000000000000000e+00 2.737056869511267365e-01 5.253323201390348585e-01 4.201950446906654868e-02 5.260126676948173596e-02
3.000000000000000000e+00 3.674897412973301414e-01 4.253228662251423708e-01 4.338754624582219499e-02 5.832291402203598762e-02
8.000000000000000000e+00 4.765764536340020285e-01 4.944314910920966089e-01 4.011973970128512867e-02 5.255331703938326271e-02
1.500000000000000000e+01 5.856072541082710803e-01 5.821967779485941463e-01 3.929271006991008619e-02 5.286814564856701093e-02
8.000000000000000000e+00 6.923341821109416649e-01 6.188917391414336944e-01 4.060280521711856494e-02 5.271285457925611873e-02
2.000000000000000000e+00 8.109491634313570341e-01 6.842725231529416252e-01 3.976548379250599563e-02 5.302001594992489242e-02
6.000000000000000000e+00 9.030316658700852095e-01 7.526320293275865492e-01 3.555693657153857767e-02 4.930400033541915139e-02
5.000000000000000000e+00 9.055574311732500492e-01 5.916495098882741388e-01 3.772735485890499341e-02 5.306873240387488533e-02
0.000000000000000000e+00 7.861132380074206116e-01 5.270221500183958074e-01 3.901722029218501753e-02 5.373124079034197198e-02
7.000000000000000000e+00 6.653340016798297007e-01 4.632634440382157326e-01 3.735059855402189655e-02 5.322399398380672775e-02
5.000000000000000000e+00 5.825591434365718913e-01 4.067578424805445847e-01 4.100032204475057007e-02 5.295251476161250137e-02
9.000000000000000000e+00 4.598110487264263080e-01 3.599668532919141906e-01 4.253854702716353131e-02 5.557804263361110220e-02
1.500000000000000000e+01 9.054452830652763851e-01 4.317768969474775620e-01 3.831366269028302352e-02 5.279344905180199943e-02
1.000000000000000000e+00 7.897351530138423392e-01 3.786543464271021064e-01 3.890521963110571413e-02 5.585828020133998262e-02
1.000000000000000000e+00 5.528105234021877257e-01 2.333199972861920157e-01 4.308881883752024855e-02 5.858531051552759439e-02
1.100000000000000000e+01 4.527318431713169833e-01 1.057656941128226613e-01 2.934184354177632459e-02 4.139978517138986902e-02
1.100000000000000000e+01 1.661563738942587465e-01 2.470248175147920500e-01 3.138230213631101884e-02 3.786675115298618333e-02
