1.600000000000000000e+01 3.835383172479683855e-02 7.795943672200231767e-01 3.786682845610037096e-02 3.634722426433911746e-02
5.000000000000000000e+00 6.236474771331992351e-01 1.826817185228919171e-01 3.718871926677225215e-02 3.715075372791504238e-02
6.000000000000000000e+00 7.027810001596190848e-01 2.572982803974498411e-01 3.548595740480664507e-02 3.446824274828985679e-02
1.000000000000000000e+00 7.895120974914477952e-01 3.335214545457617641e-01 3.603706814454621377e-02 3.529094853110048557e-02
7.000000000000000000e+00 4.267613489708101393e-01 1.398672954851635786e-01 3.822656310310657002e-02 3.668185699035962644e-02
0.000000000000000000e+00 5.202424213425042021e-01 2.162625354109546372e-01 3.717972664501933977e-02 3.691000754622106306e-02
1.500000000000000000e+01 6.045512279645683940e-01 2.918920923044537874e-01 3.658597539418717570e-02 3.531152436431644892e-02
2.000000000000000000e+00 6.878839480268391648e-01 3.681452964495794400e-01 3.554223573299486461e-02 3.632733329966708613e-02
6.000000000000000000e+00 7.733988677088313723e-01 4.367919187790966218e-01 3.635508536414921998e-02 3.663859116450907116e-02
7.000000000000000000e+00 7.581978828269420045e-01 5.426541489099647730e-01 3.557088110427375494e-02 3.709057462671483396e-02
3.000000000000000000e+00 5.873678761933658343e-01 4.028697991409316281e-01 3.878291457605287373e-02 3.726339971497127923e-02
5.000000000000000000e+00 5.009820121615445876e-01 3.292500634322957920e-01 3.769558154318480847e-02 3.640808823408320238e-02
1.000000000000000000e+00 4.119821686698468266e-01 2.516060699354839558e-01 3.819913858444984323e-02 3.588050123998864915e-02
2.000000000000000000e+00 3.946565577912795053e-01 3.648184135006457551e-01 3.882168409102709772e-02 3.830636517693963849e-02
0.000000000000000000e+00 4.809239395649732574e-01 4.368532740675790671e-01 3.692197785729606219e-02 3.716668436578851598e-02
9.000000000000000000e+00 5.662410513452964533e-01 5.218641007242281749e-01 3.646984551062415481e-02 3.958647381652236064e-02
3.000000000000000000e+00 6.545611032531990503e-01 5.862256941231840379e-01 3.668185699035952929e-02 3.822656310310657002e-02
1.500000000000000000e+01 7.432073610263407737e-01 6.547550997125357597e-01 3.588103722406665863e-02 3.821268707086555860e-02
2.000000000000000000e+00 6.408214491830370729e-01 7.028286431887730279e-01 3.717722538598877691e-02 3.720325039066429973e-02
8.000000000000000000e+00 5.489404083916951116e-01 6.261621655426292676e-01 3.749411108364963940e-02 3.852385560502791240e-02
9.000000000000000000e+00 4.645226778942275203e-01 5.554947194662034349e-01 3.635347741191535809e-02 3.659818392040781188e-02
7.000000000000000000e+00 3.777123442495369243e-01 4.833469151432818744e-01 3.772512022126034426e-02 3.719681858172840805e-02
0.000000000000000000e+00 3.525672169919358279e-01 5.983013558463544657e-01 4.127041668197212188e-02 3.946754490499659873e-02
6.000000000000000000e+00 2.617569681692776817e-01 5.234106232274615689e-01 4.044735357644271834e-02 3.890202214893812016e-02
5.000000000000000000e+00 4.461819578373003026e-01 6.717683658696583793e-01 3.779295198401838585e-02 3.936350444008152039e-02
1.000000000000000000e+00 5.361854166265744848e-01 7.435209117119607747e-01 3.811216027935049322e-02 4.068762332784514602e-02
3.000000000000000000e+00 5.336578050454863220e-01 1.035757688995950637e-01 3.632536802471453274e-02 3.584896751006727555e-02
1.400000000000000000e+01 1.794992981714212954e-01 8.573087830693033595e-01 3.926279898720710926e-02 3.868351930648028514e-02
