0.000000000000000000e+00 6.865929631621654483e-01 7.325679334879973137e-01 3.518815099501582111e-02 4.589192594588997753e-02
1.400000000000000000e+01 2.013150517486625990e-01 5.205635563186148396e-01 2.878921714491539108e-02 3.592144644739603265e-02
1.100000000000000000e+01 2.157811222683576613e-01 6.465148088322705267e-01 2.757633139289059065e-02 3.553551313947778123e-02
6.000000000000000000e+00 3.258495898620275000e-01 7.210154821044032492e-01 4.057165463245276937e-02 5.110623739649833297e-02
5.000000000000000000e+00 3.328541214584812558e-01 5.687773166750735854e-01 4.075556038810002057e-02 5.219831117103013174e-02
2.000000000000000000e+00 3.387711651478975683e-01 3.880801165604174097e-01 3.955791467910751980e-02 5.445932395531499770e-02
9.000000000000000000e+00 4.415966637445798426e-01 7.666288754819995388e-01 3.653742127759596059e-02 4.828921242405370684e-02
9.000000000000000000e+00 4.400944527028773923e-01 6.233947768587264626e-01 3.855112972721902453e-02 4.585374271080155939e-02
7.000000000000000000e+00 4.566384199625309614e-01 4.708935405774886118e-01 3.692285582046955783e-02 5.050638930274364835e-02
3.000000000000000000e+00 4.608528044806152746e-01 3.295985573204873176e-01 3.765302013673577086e-02 5.019809708678302229e-02
8.000000000000000000e+00 5.072791156081436492e-01 8.478509342056288478e-01 3.676701945317106812e-02 4.475008650356537832e-02
3.000000000000000000e+00 5.068494710858915120e-01 7.203966809389501513e-01 3.580603775788709919e-02 4.860210436209311258e-02
1.000000000000000000e+00 5.278153229768076660e-01 5.613288703342556030e-01 3.608570640211594682e-02 4.555132483870083515e-02
7.000000000000000000e+00 5.622684882601250989e-01 4.218737620542160061e-01 3.508346575396781297e-02 5.104469533181665852e-02
1.500000000000000000e+01 5.813945483015867666e-01 2.718628180773931535e-01 3.788436398996741783e-02 4.922445230119754100e-02
6.000000000000000000e+00 5.832763888152259213e-01 1.264115979937683876e-01 3.640203427712995765e-02 5.195818351117795220e-02
1.000000000000000000e+00 6.145842031808428363e-01 7.748990095247855203e-01 3.349800251355494751e-02 4.465787038863466840e-02
6.000000000000000000e+00 6.214580444810016147e-01 6.475064368686340721e-01 3.577320239244452527e-02 4.841190862504884951e-02
2.000000000000000000e+00 6.364744745183498198e-01 5.140007504421625351e-01 3.595818880568857345e-02 4.758966673969783345e-02
8.000000000000000000e+00 6.540183964196966127e-01 3.779093413327241358e-01 3.504860761917749645e-02 5.286740447849019864e-02
5.000000000000000000e+00 6.844245821303482913e-01 2.111921097833681094e-01 3.806696741466464307e-02 5.434252980734863292e-02
0.000000000000000000e+00 7.089519628050102718e-01 6.399076472165776686e-02 3.636662195895656868e-02 5.003394796873959771e-02
0.000000000000000000e+00 7.803032673299157285e-01 1.435719280119899799e-01 3.599360112386207344e-02 5.055440929288021468e-02
8.000000000000000000e+00 7.401865695457334748e-01 3.275931200578555691e-01 3.499634812616092550e-02 4.912112480943792159e-02
3.000000000000000000e+00 7.375477699492600792e-01 4.531448894798785210e-01 3.309195234883388625e-02 4.781247616883138596e-02
1.000000000000000000e+00 7.272826865643655658e-01 5.649114442319707052e-01 3.233416199092531418e-02 4.567490773310878271e-02
2.000000000000000000e+00 7.774866857041774493e-01 6.699142323583519021e-01 3.457821676369055020e-02 4.507849557632859216e-02
5.000000000000000000e+00 8.147006540557346632e-01 5.326855696740828705e-01 3.710562550018148276e-02 4.588106395158331186e-02
1.500000000000000000e+01 8.373624594990485281e-01 4.010902364963055966e-01 3.651891155260378330e-02 4.817904076751405862e-02
7.000000000000000000e+00 8.529527187203199690e-01 2.487443655264906517e-01 3.428017694031537665e-02 4.878781121373501617e-02
