1.500000000000000000e+01 7.902121034582354486e-01 5.183232257939823784e-01 3.672887980312367073e-02 4.555684134029397425e-02
8.000000000000000000e+00 6.275809989348216655e-01 7.240679745788127786e-01 4.510115550946203200e-02 6.355433702562596210e-02
6.000000000000000000e+00 4.097419009514172705e-01 9.002665155017000043e-01 4.002701147294196460e-02 5.526926883682836689e-02
0.000000000000000000e+00 6.568341057525259874e-01 5.537138714282361374e-01 4.106459211973423340e-02 5.569562981230313792e-02
1.000000000000000000e+00 5.401675583652172374e-01 6.437426229662085442e-01 4.038203693508302106e-02 5.288439694813340530e-02
5.000000000000000000e+00 4.251071958497777414e-01 7.158177185925520547e-01 4.001411915725672230e-02 5.335211954052032635e-02
2.000000000000000000e+00 3.079082725295234635e-01 7.857510082087593162e-01 3.934321720989525373e-02 5.056348510613284386e-02
0.000000000000000000e+00 2.205410908866796693e-01 8.620571140273044497e-01 3.739880818888882685e-02 5.223659496228560961e-02
7.000000000000000000e+00 6.545013636620362618e-01 3.889152057651826810e-01 4.074839111398165237e-02 5.243095325915991811e-02
7.000000000000000000e+00 5.369135614877673657e-01 4.796223232227554423e-01 3.948293804990676836e-02 5.311392146994298180e-02
3.000000000000000000e+00 4.325648399381980536e-01 5.521729299342565955e-01 4.018879970913785682e-02 5.406051836027525592e-02
6.000000000000000000e+00 3.416304696025405097e-01 6.446731118374009473e-01 4.128007375306314009e-02 5.266773524014245478e-02
2.000000000000000000e+00 2.388426770615428296e-01 7.019991328030830147e-01 3.777870372453703829e-02 4.799994991357159346e-02
9.000000000000000000e+00 1.571720403339618710e-01 7.491670710760278684e-01 3.703448963878250288e-02 4.890365108993055543e-02
0.000000000000000000e+00 6.438090906715603357e-01 2.574342075809233910e-01 4.081205614201077747e-02 5.061995167872204715e-02
8.000000000000000000e+00 5.387240910383404024e-01 3.423936828903574314e-01 3.949273266960362516e-02 5.313221262720807525e-02
6.000000000000000000e+00 4.343271044350845433e-01 4.138875769946043226e-01 4.038203693508302106e-02 5.288436744626690000e-02
1.000000000000000000e+00 3.365082080216666993e-01 4.922338696439315098e-01 3.861428509101694218e-02 5.148535943229071155e-02
0.000000000000000000e+00 2.478751897904827584e-01 5.684227940485141461e-01 3.474948156838125746e-02 4.727957333599475120e-02
5.000000000000000000e+00 1.461370589106323614e-01 6.319568927936822789e-01 3.493103605517000609e-02 4.609843660653856201e-02
2.000000000000000000e+00 5.557421837577293244e-01 1.778692370769466846e-01 3.732764968675450490e-02 4.779373186634158777e-02
3.000000000000000000e+00 4.558672285093219312e-01 2.459159413305984365e-01 3.868228689342972926e-02 4.841610324321771186e-02
5.000000000000000000e+00 3.521175866129824250e-01 3.402865710752919215e-01 3.660591602331614292e-02 4.644113028845880953e-02
9.000000000000000000e+00 2.507903134777312304e-01 3.955140357672097817e-01 3.306436445254004597e-02 4.329511024260579433e-02
1.500000000000000000e+01 1.488097510094527065e-01 4.665136703501022719e-01 3.364965198315458816e-02 4.407047829944393813e-02
1.500000000000000000e+01 4.317605748030678425e-01 1.425485846210981233e-01 3.738579786573748009e-02 4.629134931195139080e-02
7.000000000000000000e+00 3.485391872108771771e-01 2.140727623913652455e-01 3.622026762368940611e-02 4.473837105641678691e-02
3.000000000000000000e+00 2.709710357938445169e-01 2.484915575375146179e-01 3.364962248128799960e-02 4.407044879757746059e-02
8.000000000000000000e+00 1.796656057315724753e-01 3.302286177176475546e-01 3.368428717449192811e-02 4.253874138783003689e-02
1.300000000000000000e+01 8.202307542112143857e-01 3.835134435005524978e-01 2.953107340439975470e-02 3.710190140386410151e-02
