7.000000000000000000e+00 7.560319403693132045e-01 2.691172933470859507e-01 3.990275115365082836e-02 5.417986023772533577e-02
8.000000000000000000e+00 3.507336758648923469e-01 8.048060732695232478e-01 3.627597325146553198e-02 4.546615803273112988e-02
2.000000000000000000e+00 4.599358878393060568e-01 8.360765894865012093e-01 3.416655291100267888e-02 4.942379280013975418e-02
3.000000000000000000e+00 5.541629373722213314e-01 8.652845349801485675e-01 3.573129449613632325e-02 4.957728615918555182e-02
2.000000000000000000e+00 6.584803196850299578e-01 8.841668604849206581e-01 3.865301238079454915e-02 4.573710201622260829e-02
1.500000000000000000e+01 3.061427862495741392e-01 6.919710861669035040e-01 3.560553088512724562e-02 4.747404118016962382e-02
1.500000000000000000e+01 4.318792019169764851e-01 7.094380366415435901e-01 3.573188828089096658e-02 4.958755863543873321e-02
9.000000000000000000e+00 6.278094073131749164e-01 7.594966447227498030e-01 3.780562215760663314e-02 4.460748589920748852e-02
2.000000000000000000e+00 7.229148129442266590e-01 8.013574604829342141e-01 3.458653686788082382e-02 4.321529816373947952e-02
6.000000000000000000e+00 2.783758375982167688e-01 5.513541573478746294e-01 4.068862527626937453e-02 5.426022900425087059e-02
7.000000000000000000e+00 3.912225222605006936e-01 5.904355557398237586e-01 4.130728961201274307e-02 5.119968424398402274e-02
8.000000000000000000e+00 4.779696949298567477e-01 6.133400901040595432e-01 3.984723227910241805e-02 5.312936593925099427e-02
6.000000000000000000e+00 6.008742917244367376e-01 6.485379283767274128e-01 3.815067047846332215e-02 5.086704602449709789e-02
6.000000000000000000e+00 7.061613542306282021e-01 6.754041352447025526e-01 3.494827054033955438e-02 4.949860967921049237e-02
5.000000000000000000e+00 8.156201999759491450e-01 6.991369993415057493e-01 3.803149787822923678e-02 4.877336098002926779e-02
5.000000000000000000e+00 3.404234349011593941e-01 4.295097632325054482e-01 4.166896390599617028e-02 5.748548965542393807e-02
3.000000000000000000e+00 4.609250738618752008e-01 4.614589012008153412e-01 4.051755588848976464e-02 5.111996864068851787e-02
8.000000000000000000e+00 5.659553244617331336e-01 5.105426631612742794e-01 3.899853572945466418e-02 5.199865132043995919e-02
1.000000000000000000e+00 6.829210048984688530e-01 5.446930799715726801e-01 3.912429934046368629e-02 5.410180723174273787e-02
1.000000000000000000e+00 7.885036534554648036e-01 5.869357290181567155e-01 4.368646636645789894e-02 5.148173200238503888e-02
3.000000000000000000e+00 8.929013451563232451e-01 6.052615594509845875e-01 3.724853330090804882e-02 4.764867327647648310e-02
5.000000000000000000e+00 8.825699654553289530e-01 4.635127878221109166e-01 3.997305526858696556e-02 5.523249216131592698e-02
9.000000000000000000e+00 7.682755741830289420e-01 4.397411347362181755e-01 4.051749651001423924e-02 5.111996864068857338e-02
0.000000000000000000e+00 6.654369237336607013e-01 3.738797024887948739e-01 4.173249887473073905e-02 5.854670176871740184e-02
5.000000000000000000e+00 5.492328910015589205e-01 3.529147957144646020e-01 4.148287176392695397e-02 5.433468961246867845e-02
1.000000000000000000e+00 4.133100533363616158e-01 3.105277085263414838e-01 3.938826635308950719e-02 5.832159796827568465e-02
1.300000000000000000e+01 2.660757496989640813e-01 3.032487832683337103e-01 2.576435018823419743e-02 3.918537010246708752e-02
1.100000000000000000e+01 3.214802167698103674e-01 2.446533169266506547e-01 2.908488360327132760e-02 4.264087079220860166e-02
0.000000000000000000e+00 5.118138672530069266e-01 1.764298831488068098e-01 4.284920017333498921e-02 6.389201150745940638e-02
0.000000000000000000e+00 8.596907857001117037e-01 3.100510626592625218e-01 3.769256554034439155e-02 5.605081662076955018e-02
