1.600000000000000000e+01 1.831370069710201998e-01 6.133456884932120268e-01 4.423186643846080401e-02 3.494400130981079045e-02
1.000000000000000000e+01 1.058570789800856449e-01 7.814586027432155468e-01 3.709409631967239274e-02 3.193344337604242522e-02
5.000000000000000000e+00 8.685392801591109713e-01 6.300992793283149984e-01 4.726845071992780145e-02 3.647607384099238459e-02
1.000000000000000000e+00 9.001902697934649478e-01 5.143713685416024806e-01 4.775828900994338877e-02 3.496327024977363696e-02
7.000000000000000000e+00 9.230722687866167453e-01 3.470788596565482775e-01 4.368318853698172077e-02 3.532194400972177295e-02
8.000000000000000000e+00 8.627024733252750543e-01 2.489944962054041477e-01 4.384182532295310963e-02 3.254444287201008201e-02
8.000000000000000000e+00 8.339869724313282440e-01 3.693905658959659721e-01 4.701550530896303481e-02 3.423742433062870738e-02
9.000000000000000000e+00 7.515512013546716830e-01 6.440124572646030998e-01 5.019697549428392414e-02 3.960560936423940248e-02
3.000000000000000000e+00 7.257259234218016442e-01 4.853543810326501617e-01 5.017065406327836374e-02 3.844413195861856591e-02
3.000000000000000000e+00 6.850117155805985902e-01 7.183614112897312998e-01 5.223676836389989919e-02 4.088272991796704225e-02
1.500000000000000000e+01 6.243567516111416804e-01 7.538162608210332571e-01 5.133700034346866392e-02 3.748525875174757438e-02
7.000000000000000000e+00 5.893021825861086693e-01 7.205783721770130379e-01 5.000906644423463998e-02 4.261652139797655892e-02
1.000000000000000000e+00 6.218515238410188273e-01 5.727742714643815347e-01 5.259694704871487048e-02 4.189687222828375468e-02
2.000000000000000000e+00 6.298753110981211156e-01 4.445439317707912674e-01 5.046196030418403922e-02 4.176750770639048316e-02
7.000000000000000000e+00 7.039075522095904480e-01 3.798438035298922211e-01 4.766156070183069637e-02 3.623248257086714164e-02
3.000000000000000000e+00 7.465915296516016930e-01 2.565867388798356852e-01 4.700777412631340635e-02 3.672739629376731152e-02
0.000000000000000000e+00 7.756572649229096506e-01 1.619728502051217545e-01 4.675111066567749774e-02 3.457080945114660020e-02
2.000000000000000000e+00 4.872556175353522923e-01 6.401704135876984392e-01 5.403075683858604705e-02 4.198834805352757993e-02
6.000000000000000000e+00 5.085157206385992890e-01 5.155086786243604502e-01 5.305438519159583199e-02 3.980381682171135749e-02
6.000000000000000000e+00 5.198815329084909287e-01 4.374529471103655309e-01 5.292921085266533154e-02 3.871177251828372690e-02
1.500000000000000000e+01 5.729144655436504419e-01 3.100807834450512446e-01 5.050758018348311396e-02 3.624649902796095446e-02
3.000000000000000000e+00 6.089511603401649431e-01 2.105078722505432931e-01 5.061144950763096784e-02 3.756947552763337250e-02
2.000000000000000000e+00 6.346009522302203942e-01 9.389111152576733177e-02 4.866006359686370075e-02 3.567825710321209653e-02
5.000000000000000000e+00 5.261417842882138984e-01 1.043446737513315792e-01 5.131097399577011497e-02 3.701156151863782551e-02
1.000000000000000000e+00 3.483420965406702763e-01 5.692007240887329012e-01 5.624355705123562643e-02 4.267441674285665787e-02
5.000000000000000000e+00 4.293320479368512022e-01 3.335574785814459098e-01 5.585935858521134945e-02 4.149251957237498623e-02
8.000000000000000000e+00 4.568457630454082485e-01 2.028525850275202380e-01 5.305565404981688049e-02 3.774988946167892601e-02
9.000000000000000000e+00 3.129647506400144996e-01 2.376994301584229308e-01 5.594767701906777635e-02 4.020418585297239056e-02
0.000000000000000000e+00 2.716961255270065601e-01 3.493743569660514581e-01 6.114996621734913873e-02 4.057162358714561101e-02
0.000000000000000000e+00 2.341187270125738296e-01 4.776177245876562782e-01 6.063914750418880617e-02 4.370950996798744770e-02
