1.400000000000000000e+01 3.037227186494674269e-01 3.036467635882590388e-01 3.348907556065389146e-02 4.009989497194271779e-02
1.400000000000000000e+01 2.767629817149461768e-01 2.439163627579289395e-01 3.039291380733893932e-02 4.093067203061021009e-02
3.000000000000000000e+00 4.881071559284173578e-01 2.212330092561935468e-01 3.907051609901612821e-02 5.498341215971550011e-02
2.000000000000000000e+00 7.192083602173191537e-01 2.310302934498114080e-01 4.018933333999674673e-02 5.706140861192940394e-02
6.000000000000000000e+00 8.374082159916923507e-01 2.393507772546650536e-01 3.609592027255170699e-02 5.061074062283282826e-02
9.000000000000000000e+00 4.453584936983424614e-01 3.629267841410286910e-01 3.870127884842444743e-02 5.110216527534006126e-02
5.000000000000000000e+00 5.447326403132121131e-01 3.770167317120706740e-01 3.609581218993174190e-02 5.060168870340742142e-02
1.000000000000000000e+00 6.526642148566410562e-01 3.878776975001391181e-01 3.627966072655997021e-02 4.712577866470529786e-02
5.000000000000000000e+00 7.554515700802825195e-01 3.858718056657959306e-01 3.597502986207623543e-02 4.877849702785497232e-02
5.000000000000000000e+00 8.739888327736560214e-01 3.739673156919077757e-01 3.318471490272001390e-02 4.754181568975907046e-02
1.000000000000000000e+00 3.940681565815739029e-01 4.878031870699811590e-01 3.795783254672085993e-02 4.861818348173274629e-02
1.500000000000000000e+01 4.777147688290525607e-01 4.812385729787443944e-01 3.646372542842835074e-02 4.762620119532789964e-02
7.000000000000000000e+00 5.849734480009860516e-01 4.948935285352491498e-01 3.720717173013199375e-02 4.960981449962259537e-02
1.500000000000000000e+01 7.178742694179438555e-01 5.030399587909124559e-01 3.348837302362372981e-02 4.713564120378072042e-02
7.000000000000000000e+00 8.107781715791685384e-01 4.995570909335474985e-01 3.384996342885027154e-02 4.513289727574520960e-02
7.000000000000000000e+00 9.012225456395619450e-01 4.954169726639328086e-01 3.566321150336204671e-02 4.410430200181369997e-02
8.000000000000000000e+00 3.249665332456852518e-01 6.018430643933136981e-01 3.783094355083505000e-02 4.588961071905439670e-02
8.000000000000000000e+00 4.370166230450553413e-01 6.131718252710907091e-01 3.720714470947694696e-02 4.754203185499916717e-02
1.000000000000000000e+00 5.298249126185581304e-01 6.025960489862327574e-01 3.442377405845620242e-02 4.506672369164721470e-02
0.000000000000000000e+00 6.365383419932221232e-01 6.086065775260144362e-01 3.379278772286764543e-02 4.465147026558846655e-02
6.000000000000000000e+00 7.497586693400400959e-01 6.141316799986992203e-01 3.565591592651173869e-02 4.258411995144495421e-02
3.000000000000000000e+00 8.479624838351693672e-01 5.983240834305396660e-01 3.132147861645595555e-02 4.382009875251080544e-02
0.000000000000000000e+00 3.651937495439936399e-01 7.351764864968408641e-01 3.574116609304073267e-02 4.479322062172486074e-02
9.000000000000000000e+00 4.742633124831265867e-01 7.192106569729941334e-01 3.690254086564814795e-02 4.547333050810553612e-02
6.000000000000000000e+00 6.822464819932883007e-01 7.367388207690115376e-01 3.333948921456708625e-02 4.064738748357743514e-02
3.000000000000000000e+00 7.869470346942912808e-01 7.029775661505304196e-01 3.229865358392014496e-02 4.099708880060326521e-02
0.000000000000000000e+00 7.257762167871559811e-01 8.207935124586461795e-01 3.102392716358237656e-02 4.077022338121305545e-02
2.000000000000000000e+00 6.311893061085253054e-01 8.280512603919742975e-01 3.294331237093905962e-02 4.162991254073189484e-02
2.000000000000000000e+00 5.142839828946057512e-01 8.277011807857784786e-01 3.473570049979024521e-02 4.134662799369914765e-02
8.000000000000000000e+00 4.302875342268261960e-01 8.448291686812277046e-01 3.273111916721460624e-02 3.990129315768364826e-02
