9.000000000000000000e+00 7.297707449542711888e-01 8.706100523786243217e-01 3.426524911584161170e-02 4.856626400244445918e-02
7.000000000000000000e+00 9.217616517126491216e-01 5.086862067314682490e-01 3.425698449106362453e-02 4.845704469027473094e-02
5.000000000000000000e+00 8.381012656010077277e-01 6.469371082865630340e-01 3.556600922672692455e-02 4.742195783006386556e-02
0.000000000000000000e+00 7.904085839162384719e-01 7.548370649396596299e-01 3.513601916536301939e-02 4.800576174146209407e-02
3.000000000000000000e+00 8.566466244569096444e-01 3.646653918235834846e-01 3.637135099675625760e-02 5.126477877890078805e-02
8.000000000000000000e+00 8.181448081541122797e-01 4.943580735448128149e-01 3.570541737662724646e-02 5.241712000314879827e-02
6.000000000000000000e+00 7.385311324324443927e-01 6.333255582434152986e-01 3.513601916536301939e-02 4.926118120252387378e-02
1.000000000000000000e+00 6.825394761229901519e-01 7.508810358493329673e-01 3.559705896287190807e-02 5.324341030126100716e-02
8.000000000000000000e+00 6.393077117519614383e-01 8.780585167631391741e-01 3.776325155310944481e-02 5.035102120188850172e-02
9.000000000000000000e+00 8.481490979612573700e-01 2.600849590181490978e-01 3.260612569166798647e-02 5.118635093335169306e-02
7.000000000000000000e+00 7.579078608871032685e-01 3.585752099123407088e-01 3.660385096186358211e-02 5.148674708673911526e-02
1.500000000000000000e+01 6.923812380994533999e-01 5.075000321995355446e-01 3.632727299794058506e-02 4.999891375041121133e-02
6.000000000000000000e+00 6.380793245011107118e-01 6.149289052402888700e-01 3.599726193909857930e-02 5.121209179594143901e-02
2.000000000000000000e+00 5.064301363467704764e-01 8.680971473003060712e-01 3.775699569129842281e-02 4.918542214205934293e-02
8.000000000000000000e+00 7.187210851092191710e-01 2.151953912671819569e-01 3.697644779560305128e-02 5.412224409926366664e-02
7.000000000000000000e+00 6.465401193310833516e-01 3.566043264757098319e-01 3.951053097491474819e-02 5.172131320804113086e-02
5.000000000000000000e+00 5.871756065171966910e-01 5.091765170750658376e-01 3.661217297986929520e-02 5.160644066295044796e-02
1.500000000000000000e+01 5.163410284659076810e-01 6.195811715749302007e-01 3.750377677101845997e-02 5.081602113210348382e-02
5.000000000000000000e+00 4.458052682542464340e-01 7.400906786066893117e-01 3.904380924787098639e-02 5.527426966075976722e-02
3.000000000000000000e+00 3.784382742295842039e-01 8.890620898464085542e-01 4.001960890394545833e-02 4.851001863937220993e-02
2.000000000000000000e+00 5.160720264080308484e-01 3.359307549979509977e-01 3.873474671711218953e-02 5.324834611883672020e-02
1.000000000000000000e+00 4.711727592015951815e-01 4.930111118856895791e-01 3.811736776755375589e-02 5.239542536310665133e-02
1.000000000000000000e+00 4.095930973743072134e-01 6.116612505220926366e-01 3.964798775507583084e-02 5.365469017041946120e-02
2.000000000000000000e+00 3.336830496761794551e-01 7.532595259885543904e-01 3.987225179201914216e-02 5.075908705029996693e-02
3.000000000000000000e+00 4.665096455469327497e-01 2.011550277238365325e-01 3.995492673641248826e-02 5.527165826890279021e-02
0.000000000000000000e+00 4.018820159284888227e-01 3.000762874091824628e-01 4.267964152127956545e-02 5.489863098595632040e-02
6.000000000000000000e+00 3.150579572788000382e-01 4.437812099922212039e-01 4.388653500838479715e-02 5.370548317686718587e-02
0.000000000000000000e+00 2.881822297027027968e-01 5.953512430957160761e-01 4.258009296796455567e-02 5.445980236753800163e-02
1.200000000000000000e+01 2.744812610109157447e-01 2.966469990136881840e-01 2.624253679232818603e-02 3.860340231569309166e-02
1.600000000000000000e+01 1.470164265546998195e-01 4.236215805195343020e-01 2.865285147626728257e-02 3.660098130048250464e-02
