6.000000000000000000e+00 5.283259431599933720e-01 5.853947295928512151e-01 5.060311236092251974e-02 3.947860279217041413e-02
1.400000000000000000e+01 6.496855776489673939e-01 2.846763116777889513e-01 4.190206734338464134e-02 3.262490568689008219e-02
1.200000000000000000e+01 6.363477111821462806e-01 2.495678608291104217e-01 3.420959722223282373e-02 2.689154039301822063e-02
8.000000000000000000e+00 3.166823667193143788e-01 2.914380994076000153e-01 5.480131045624153652e-02 4.058901810396320364e-02
3.000000000000000000e+00 2.189237105089836266e-01 3.766568329427575357e-01 4.784330108081144561e-02 4.048304823710346945e-02
9.000000000000000000e+00 3.506644660632694532e-01 3.751282815907223678e-01 5.274362224568640567e-02 4.160268211305506725e-02
3.000000000000000000e+00 4.783364033075434563e-01 3.546196226760746639e-01 5.416647999698009919e-02 4.267686294238159928e-02
0.000000000000000000e+00 6.161547226584871417e-01 3.602505514013368826e-01 5.561568481176870637e-02 4.426748692910725813e-02
5.000000000000000000e+00 8.074720049032555469e-01 4.517963315783196654e-01 5.836014151182988829e-02 4.222090752457319240e-02
9.000000000000000000e+00 5.072906337818905431e-01 4.685453285096805587e-01 5.193686701889616009e-02 3.741143429166027268e-02
2.000000000000000000e+00 6.554754466341972119e-01 5.051467650827408118e-01 5.616676301621215117e-02 3.957698261093722802e-02
6.000000000000000000e+00 9.370934941137584739e-02 4.443339620530865064e-01 4.845893831501038584e-02 3.788489625717711418e-02
7.000000000000000000e+00 2.450147043927128343e-01 5.006094430570198206e-01 4.701906838695676938e-02 3.628770004489978440e-02
8.000000000000000000e+00 3.724556831620691177e-01 5.249217048080896397e-01 5.056126531415766623e-02 3.844019115500563188e-02
8.000000000000000000e+00 1.445559685451167919e-01 5.745843782215979134e-01 4.958677293257958418e-02 3.841745009137098599e-02
5.000000000000000000e+00 2.987875342517272159e-01 6.064836345979085497e-01 4.722905971752605625e-02 3.762692186395177885e-02
1.500000000000000000e+01 6.758845043430286026e-01 6.507537678656227786e-01 5.122357698203106047e-02 3.719030507442599998e-02
3.000000000000000000e+00 1.796102857749261039e-01 6.784282173573232821e-01 4.779118856670253046e-02 3.400347361732014573e-02
1.000000000000000000e+00 2.955959044883558207e-01 7.019453270585725990e-01 4.956766694944925167e-02 3.779023876084663947e-02
0.000000000000000000e+00 4.282001370656201011e-01 6.889883588673083592e-01 5.207066706209639850e-02 3.720496171901910287e-02
6.000000000000000000e+00 5.628026460976781609e-01 7.149898279883790675e-01 5.043194369013859202e-02 3.843053638118643089e-02
2.000000000000000000e+00 4.368547402946356684e-01 7.553842093418230430e-01 4.875233293266900692e-02 3.840453828542000903e-02
1.500000000000000000e+01 2.242317568435368280e-01 7.852343272169244326e-01 4.529877380848368329e-02 3.458880882043580129e-02
1.000000000000000000e+00 3.438583594319507553e-01 8.444178580839319936e-01 4.771473555353722418e-02 3.629851804448036567e-02
2.000000000000000000e+00 7.148406152038407901e-01 7.942028850789306649e-01 5.751854767348696384e-02 3.750972686849518567e-02
7.000000000000000000e+00 5.819017952766436519e-01 8.393026309596460788e-01 4.912407080535519110e-02 3.684302402337225057e-02
0.000000000000000000e+00 4.637842600087622169e-01 8.792673457974881090e-01 4.630769767259801384e-02 3.575401206558859180e-02
7.000000000000000000e+00 8.457350658554503298e-01 8.098484169724229353e-01 5.707960443243831339e-02 3.666970338493014125e-02
1.000000000000000000e+00 7.240499898790923039e-01 8.698525454527807899e-01 5.291391849714921491e-02 3.784491037163029148e-02
5.000000000000000000e+00 5.783144070286141414e-01 9.450939717456819933e-01 4.893120797412187084e-02 3.598101557291766284e-02
