1.500000000000000000e+01 2.782415901143499015e-01 4.671616566266424408e-01 3.837910409427724989e-02 4.880837443218938310e-02
1.300000000000000000e+01 7.361685583048446224e-01 6.971020995670474951e-01 2.828554225472146300e-02 3.841403313408719988e-02
1.200000000000000000e+01 7.017952712191077858e-01 6.645313661519003379e-01 3.549069644338553875e-02 3.813809081125918432e-02
5.000000000000000000e+00 4.856208980004533826e-01 8.313551359473447810e-01 4.494747949306815427e-02 6.698965219402430726e-02
1.000000000000000000e+00 2.267478676115793346e-01 7.670692415509623441e-01 4.764079638705320807e-02 6.528560365069202565e-02
6.000000000000000000e+00 1.044273008627949750e-01 7.234381593342602557e-01 4.109821787278467031e-02 6.186790907598660461e-02
3.000000000000000000e+00 6.228148808703549977e-02 6.052566401780041794e-01 4.365495960361620575e-02 5.586191739310242266e-02
1.000000000000000000e+00 1.887970732336055057e-01 5.993417082983214517e-01 4.088835280095429181e-02 5.569445576843523593e-02
9.000000000000000000e+00 2.997131630679700232e-01 6.055161213546769172e-01 4.180933357003030482e-02 5.574546787153811245e-02
1.500000000000000000e+01 4.154455196093453928e-01 6.584671206249370634e-01 4.417258412529551093e-02 5.772051457719229450e-02
7.000000000000000000e+00 5.690517161245838285e-01 6.917012440467984469e-01 4.561319616355008488e-02 5.965129650466960420e-02
8.000000000000000000e+00 6.300326718890942868e-01 5.834498676837269748e-01 4.540699558715355355e-02 5.229630516937677776e-02
2.000000000000000000e+00 5.047040633468220516e-01 5.386573149142785955e-01 3.931430659563239782e-02 4.947493451828699484e-02
7.000000000000000000e+00 3.779331123101181689e-01 5.238980215134705354e-01 3.852725440967419424e-02 5.373421246100185122e-02
2.000000000000000000e+00 1.569316824812309330e-01 4.806868584818603241e-01 3.750512193330518551e-02 5.055660050380733628e-02
9.000000000000000000e+00 7.062346473415898052e-02 4.596975156773559501e-01 3.796647027510748063e-02 5.062224150534855305e-02
3.000000000000000000e+00 1.615870167637720456e-01 3.612857021786698430e-01 3.452972614080540570e-02 4.368474089984047959e-02
2.000000000000000000e+00 2.544195341728889281e-01 3.749351333374248418e-01 3.595230653486181094e-02 4.498255394936356844e-02
0.000000000000000000e+00 3.591848120464897764e-01 4.003502995854529845e-01 3.833469389961474683e-02 4.758143737768433246e-02
8.000000000000000000e+00 4.734188552881758438e-01 4.152787705254568085e-01 3.790990326225962548e-02 4.878115246610931210e-02
5.000000000000000000e+00 5.712082716874016253e-01 4.270099982827278984e-01 4.158324001842139683e-02 4.778595112284944602e-02
3.000000000000000000e+00 7.038304621831524832e-01 4.751069661847006631e-01 4.325721643255842075e-02 5.766729214351029587e-02
6.000000000000000000e+00 6.369745349891664521e-01 3.345305521003322791e-01 3.972219983737568239e-02 4.766839643599540821e-02
7.000000000000000000e+00 5.434408192871129639e-01 3.174264178713196438e-01 3.691281150468872507e-02 4.627312525791033027e-02
1.000000000000000000e+00 3.409188291818685546e-01 2.832239224477675066e-01 3.440725637674257875e-02 3.940420306694980557e-02
0.000000000000000000e+00 2.377915662255479790e-01 2.742799360924465524e-01 3.172295530485669257e-02 4.229723496207937750e-02
8.000000000000000000e+00 3.255122288376390838e-01 1.857833311138872845e-01 3.343026117746350501e-02 3.750634343178316232e-02
0.000000000000000000e+00 4.000746190122987933e-01 2.081637134767495845e-01 3.154316236222148850e-02 3.616473093683647555e-02
6.000000000000000000e+00 5.052629279837805854e-01 2.101435298431272580e-01 3.346391055220121480e-02 3.872446824726866188e-02
5.000000000000000000e+00 6.104745617595318530e-01 2.278364990467537932e-01 3.528705519713359884e-02 3.764326759450173365e-02
