9.000000000000000000e+00 6.491948995241857423e-01 9.229048921388536275e-01 3.190060093007640596e-02 4.294656807021801637e-02
1.400000000000000000e+01 2.443930170629939336e-01 3.869934122852254910e-01 2.854699165817733975e-02 3.806288402869983933e-02
1.200000000000000000e+01 9.423629790990789568e-02 2.195770910102284867e-01 2.631444140587942127e-02 3.743235259142954630e-02
8.000000000000000000e+00 5.510641926459368678e-01 1.887380288970413045e-01 4.203251597444412901e-02 5.722373393099972061e-02
7.000000000000000000e+00 6.577361628555793427e-01 2.892298799396372244e-01 4.071895879444076272e-02 5.370070342950034048e-02
3.000000000000000000e+00 7.722788801782526358e-01 3.307344254403131734e-01 3.864037850990675871e-02 5.269297270373846098e-02
2.000000000000000000e+00 8.971900225254555439e-01 3.807177009308100324e-01 3.464864069232986843e-02 5.207432245856424835e-02
0.000000000000000000e+00 8.905181619523665493e-01 5.003421840444777224e-01 3.276867052759369070e-02 5.072634980626339329e-02
5.000000000000000000e+00 7.849226962919650941e-01 4.472760105303568712e-01 3.609574704118212463e-02 4.883455557054716678e-02
1.000000000000000000e+00 5.587424701591232612e-01 3.773429711263268649e-01 3.852904945512214407e-02 5.560489294735532217e-02
0.000000000000000000e+00 4.629305378575425123e-01 3.240745460212729467e-01 4.025365018475612899e-02 5.508489086924778233e-02
0.000000000000000000e+00 3.692580912302668716e-01 4.113739897535677592e-01 4.002302367952637052e-02 5.263345250102657857e-02
9.000000000000000000e+00 4.681491944026627827e-01 4.761590742736164783e-01 3.730765719553696957e-02 4.903562189832638696e-02
3.000000000000000000e+00 6.348593273224509836e-01 5.584715447066639360e-01 3.512394549728758975e-02 4.550319497327026674e-02
1.500000000000000000e+01 7.112297165584627878e-01 5.843278176423396530e-01 3.361406304212022356e-02 4.763883925253475926e-02
2.000000000000000000e+00 8.066099274664766394e-01 6.133619096158968720e-01 3.444357588644120227e-02 4.380304208121865717e-02
6.000000000000000000e+00 8.887581175703498371e-01 6.352097368076106143e-01 3.225258124592189635e-02 4.583101305711256845e-02
3.000000000000000000e+00 8.034085459683082409e-01 7.317660714909015596e-01 3.294660280345507175e-02 4.311296188067847979e-02
2.000000000000000000e+00 7.352154157529590117e-01 7.109608189056160210e-01 3.208007547606572807e-02 4.481762734088201583e-02
6.000000000000000000e+00 6.129548074232598065e-01 6.717680220843589289e-01 3.487889591030668424e-02 4.527002657838541388e-02
6.000000000000000000e+00 5.216853176171307727e-01 6.171343880302975204e-01 3.812657407286845768e-02 4.675774604060445316e-02
7.000000000000000000e+00 3.987427545656204719e-01 5.820719619747762863e-01 3.461108355866088226e-02 4.614814949229184560e-02
5.000000000000000000e+00 2.582788889999491078e-01 5.509959043519425670e-01 3.888891248495435216e-02 5.144727540936055998e-02
1.000000000000000000e+00 7.457001964904678148e-01 8.118922883360446541e-01 3.208881500679017229e-02 4.243521984116116474e-02
1.000000000000000000e+00 6.310066223008442554e-01 8.140812266163938160e-01 3.211846086591441107e-02 4.282387191337977406e-02
5.000000000000000000e+00 5.332238401392157545e-01 7.628598652202056574e-01 3.325814136928151310e-02 4.457006442480382358e-02
8.000000000000000000e+00 4.465032903554659871e-01 7.126061640870131608e-01 3.531024601662058338e-02 4.948950628484183323e-02
8.000000000000000000e+00 3.415844385925438376e-01 6.882505485462957484e-01 3.628693141591998739e-02 4.598209840852640617e-02
1.500000000000000000e+01 3.602152616609051727e-01 7.918940714359946620e-01 3.558097154517458893e-02 4.538952395273598839e-02
7.000000000000000000e+00 4.612077935641736293e-01 8.255331535268556342e-01 3.418538844281576727e-02 4.145033756173788220e-02
