3.000000000000000000e+00 1.860154386625888501e-01 5.864383423321619659e-01 4.105001245690151346e-02 5.173793092498113477e-02
1.000000000000000000e+01 8.083304814425711360e-01 4.674849907402214289e-01 3.185426196362051154e-02 4.745455972183809656e-02
1.300000000000000000e+01 9.107944709161622798e-01 7.695311820692478655e-01 3.484745263946908977e-02 4.346802709011821086e-02
7.000000000000000000e+00 6.994374036249955129e-01 3.291888121751136431e-01 4.639231509480490345e-02 5.289526123821786108e-02
2.000000000000000000e+00 6.715179826295805121e-01 4.713366353980346091e-01 4.335825194082865153e-02 5.382682535232818921e-02
5.000000000000000000e+00 6.147215401110266431e-01 6.723677138265788944e-01 4.879716491978680626e-02 6.206793666673104948e-02
8.000000000000000000e+00 5.943600384552292226e-01 7.808320704280988789e-01 4.418666729019504746e-02 5.891530227778507545e-02
7.000000000000000000e+00 6.112954354182815742e-01 2.229440011935781563e-01 4.327468912686627256e-02 4.673999504145975870e-02
1.500000000000000000e+01 5.836483998760986225e-01 3.911202042718014971e-01 3.881741930982463007e-02 5.574085359635189141e-02
1.000000000000000000e+00 5.357662917496286425e-01 5.175477071473978397e-01 3.952186849167060867e-02 5.169955067112957936e-02
6.000000000000000000e+00 4.360771447850166904e-01 8.441127527478524684e-01 4.353628471499704222e-02 6.602382959999808509e-02
3.000000000000000000e+00 3.255557062660264234e-01 8.534775346876222191e-01 4.572492675395822825e-02 5.998009776966550799e-02
1.500000000000000000e+01 2.079103912553110778e-01 8.620285027802548905e-01 3.894381906104993352e-02 6.389306580481290965e-02
7.000000000000000000e+00 1.538255034092669282e-01 7.366559291204344273e-01 4.339607510925375111e-02 5.686458286229012504e-02
5.000000000000000000e+00 5.367801579054205519e-01 1.324106265128302817e-01 4.181360065480455024e-02 5.175707707147841896e-02
2.000000000000000000e+00 5.129350984572429439e-01 2.722673186384721999e-01 4.265635362382991236e-02 5.786135529157671042e-02
3.000000000000000000e+00 4.287155394176397905e-01 1.576110454831929908e-01 4.185151178408641481e-02 5.480442231483184656e-02
1.000000000000000000e+00 4.727441117278751159e-01 4.276660637749856719e-01 4.412958069413025486e-02 5.384617674082481376e-02
0.000000000000000000e+00 4.021160883596895941e-01 2.468489619852384243e-01 3.796475608426636006e-02 4.862367678988657738e-02
0.000000000000000000e+00 3.231607960178631833e-01 1.968478914785378175e-01 3.572043482294900985e-02 5.161103272890057991e-02
6.000000000000000000e+00 4.096836687334124427e-01 5.083153502775441535e-01 4.103743405437876302e-02 5.072210031005391917e-02
0.000000000000000000e+00 3.566771076910536520e-01 4.286393359953631910e-01 4.654401825250359392e-02 6.404391867422926099e-02
8.000000000000000000e+00 3.054734803305769186e-01 3.241237181774235809e-01 4.341050068976937126e-02 5.788032551636046463e-02
1.000000000000000000e+00 2.311198455522334994e-01 2.227195837275892099e-01 4.181360065480449473e-02 5.175710639176406280e-02
2.000000000000000000e+00 1.891458189547638724e-01 3.418332733013380587e-01 3.718858948384046181e-02 4.758870002846204983e-02
8.000000000000000000e+00 2.495395526535434116e-01 4.405259556996623527e-01 3.800595108553533885e-02 5.166137565927725328e-02
5.000000000000000000e+00 2.989871148086710728e-01 5.625618368776774680e-01 4.335341409370452315e-02 5.281128794025713447e-02
9.000000000000000000e+00 3.744897822594263626e-01 6.908826532155204481e-01 4.343257886482676522e-02 5.889630273271562189e-02
6.000000000000000000e+00 2.642198971307486710e-01 6.793406348278879792e-01 4.112387025633007509e-02 5.884510951405652612e-02
9.000000000000000000e+00 1.103139503551742312e-01 6.036512264781408454e-01 3.956599552150000254e-02 5.475017978647034322e-02
