9.000000000000000000e+00 7.934002734139540269e-01 7.278843551798686029e-01 3.239948185233387790e-02 4.555324004176120045e-02
7.000000000000000000e+00 8.748023206946906605e-01 3.248511697098906414e-01 3.238705301933852976e-02 4.545637620200382312e-02
5.000000000000000000e+00 8.345867240403981313e-01 4.832797341441464889e-01 3.348662647059852393e-02 4.464928561416753316e-02
0.000000000000000000e+00 8.187530662843490736e-01 5.992978916035370807e-01 3.313705203300254531e-02 4.512952491342780981e-02
3.000000000000000000e+00 7.821474511927642981e-01 2.258149455697094354e-01 3.437734148913196286e-02 4.810071849857772142e-02
8.000000000000000000e+00 7.797489836358814097e-01 3.571058826770305838e-01 3.385343915917493618e-02 4.906684411035050486e-02
6.000000000000000000e+00 7.432838954147509281e-01 5.144135014711147535e-01 3.319714273861507081e-02 4.623590720363307538e-02
1.000000000000000000e+00 7.224713011991605871e-01 6.425610381082944578e-01 3.380091383016836648e-02 4.978979690264873081e-02
8.000000000000000000e+00 7.152799514088366006e-01 7.736798223690287690e-01 3.555537870347602603e-02 4.740713557903175612e-02
9.000000000000000000e+00 7.491387673892420107e-01 1.370872225350913409e-01 3.109045554589962013e-02 4.774803685273297515e-02
7.000000000000000000e+00 6.934132300400257520e-01 2.632344600880758834e-01 3.459203606952587773e-02 4.831503481014132184e-02
1.500000000000000000e+01 6.718239688582356983e-01 4.232343262241704540e-01 3.427818101719071198e-02 4.698209650979212615e-02
6.000000000000000000e+00 6.500353059644761178e-01 5.417011123892609969e-01 3.404689664666815663e-02 4.802403800283661095e-02
2.000000000000000000e+00 5.954354966542145799e-01 8.224770418609862466e-01 3.549739549563224461e-02 4.638364820106488651e-02
8.000000000000000000e+00 6.238258692894762536e-01 1.535253133531466752e-01 3.505038981503361128e-02 5.067121731563778431e-02
7.000000000000000000e+00 5.945239498308128034e-01 3.097683620723740705e-01 3.715718508455767566e-02 4.875858203286309589e-02
5.000000000000000000e+00 5.792691244427199404e-01 4.703200278646598731e-01 3.460505932496893422e-02 4.842116623624093119e-02
1.500000000000000000e+01 5.435971578819071004e-01 5.985829094758772229e-01 3.534987065181760535e-02 4.779610401338219017e-02
5.000000000000000000e+00 5.106531040099607788e-01 7.356452967710085389e-01 3.691487687955213870e-02 5.184882222274700414e-02
3.000000000000000000e+00 4.874490267012470124e-01 8.964840415862854739e-01 3.746377197151073979e-02 4.599046477117663123e-02
2.000000000000000000e+00 4.741966214047194095e-01 3.480554496626206973e-01 3.654674025006970917e-02 5.003915711941880895e-02
1.000000000000000000e+00 4.728230597339168062e-01 5.063203182605668928e-01 3.596401711700192294e-02 4.923787566004766969e-02
1.000000000000000000e+00 4.473396020018573505e-01 6.378574273188027943e-01 3.736777274622260503e-02 5.047003233632585406e-02
2.000000000000000000e+00 4.147887315597994506e-01 7.958842567456855255e-01 3.743267286982021602e-02 4.794481770209224614e-02
3.000000000000000000e+00 3.975389433799388916e-01 2.504467580495643442e-01 3.771453718679357303e-02 5.192031503167257589e-02
0.000000000000000000e+00 3.645516317653283433e-01 3.658719115694637480e-01 4.009406428295952951e-02 5.181696658339585149e-02
6.000000000000000000e+00 3.228704325280620235e-01 5.304912236803096537e-01 4.110517686633508028e-02 5.087802228899984680e-02
0.000000000000000000e+00 3.360795530627230798e-01 6.760741974354180783e-01 3.998641978153877341e-02 5.142337786547501732e-02
1.200000000000000000e+01 2.511394358258379200e-01 4.180670659255470434e-01 2.488536067296051590e-02 3.613204953525894769e-02
1.600000000000000000e+01 1.694671289754574595e-01 5.855197196521029213e-01 2.690539728433644084e-02 3.456328763842353435e-02
