7.000000000000000000e+00 4.379082714748244731e-01 7.316859554307635349e-01 3.655055101731580214e-02 4.621853475006998391e-02
1.300000000000000000e+01 3.156386578132135412e-01 3.745073648835260949e-01 2.659369811165901432e-02 3.167882585577991295e-02
5.000000000000000000e+00 5.652645968203688920e-01 2.566939364350782071e-01 3.830315821505159146e-02 5.222998602414619107e-02
6.000000000000000000e+00 6.942825638482504891e-01 3.199262644601671424e-01 4.227490949958734312e-02 5.636652626188226600e-02
0.000000000000000000e+00 8.131088107829551603e-01 3.973471996555069108e-01 3.854006824083489047e-02 5.491042667577067382e-02
5.000000000000000000e+00 9.142837508728849372e-01 4.473636519964879765e-01 3.820794418819362104e-02 5.144260510241388529e-02
1.000000000000000000e+00 4.951488068433229084e-01 3.262235946656305563e-01 3.889247264434592122e-02 5.238269558587932417e-02
3.000000000000000000e+00 5.767813787873210529e-01 4.187342951622868292e-01 4.048745562597722003e-02 5.499397580008458242e-02
1.000000000000000000e+00 6.905290705879678637e-01 4.918900061125091039e-01 3.609701131661957607e-02 4.862840295410242319e-02
1.500000000000000000e+01 8.059496988941007301e-01 5.453847014626225231e-01 3.609707052932287219e-02 4.862843256045412677e-02
3.000000000000000000e+00 8.589373114565861389e-01 6.099338607957319747e-01 3.291415087774929304e-02 4.740717055551124659e-02
9.000000000000000000e+00 8.974685866109852750e-01 7.319556989005098213e-01 2.868310716559452356e-02 3.975351416894612466e-02
8.000000000000000000e+00 8.216349071394999370e-01 6.779963170583096499e-01 3.308515716479298874e-02 4.612592608215593248e-02
2.000000000000000000e+00 6.903787295343654096e-01 6.268445647543576804e-01 3.327351277389478668e-02 4.486937330606399765e-02
7.000000000000000000e+00 6.143228247875078818e-01 5.587819900663737460e-01 3.725609998312895410e-02 4.715960224313942017e-02
7.000000000000000000e+00 5.006055831195176387e-01 5.225955527646406473e-01 3.507793108699192031e-02 4.628245486324999991e-02
2.000000000000000000e+00 4.115117664682301779e-01 4.667711039980191323e-01 3.715005003157251240e-02 5.102406010935012226e-02
1.500000000000000000e+01 3.150278935821597126e-01 5.422729850867311630e-01 3.641557566021191850e-02 4.610532006141776495e-02
2.000000000000000000e+00 4.149741108665345735e-01 6.065741320121944558e-01 3.398874301669269071e-02 4.601910636545691879e-02
6.000000000000000000e+00 5.047157737042986536e-01 6.604169240416561948e-01 3.543983912937781477e-02 4.481004217738748796e-02
8.000000000000000000e+00 6.084327595551353163e-01 6.742631337552484894e-01 3.229395702369985965e-02 4.305870805277201008e-02
5.000000000000000000e+00 7.074773154004667663e-01 7.509031718198641014e-01 3.241546149080976047e-02 4.359144474409171188e-02
8.000000000000000000e+00 7.911105513593744698e-01 8.073717511758320420e-01 3.042763182933394539e-02 4.232293100193929014e-02
0.000000000000000000e+00 6.840016990303005029e-01 8.657014746146297623e-01 3.131380914647219349e-02 4.174667297371614794e-02
3.000000000000000000e+00 6.149316201961780859e-01 8.124880544082244693e-01 3.391360209624305622e-02 4.416450528633830697e-02
0.000000000000000000e+00 3.342489143874454172e-01 6.964624499127823887e-01 3.404307067194284331e-02 4.388211990444390587e-02
1.000000000000000000e+00 3.342059407680472161e-01 7.888628371432467867e-01 3.220217733363139878e-02 3.944335802921794532e-02
9.000000000000000000e+00 4.364394411575098776e-01 8.347432969639969613e-01 3.184462142493577064e-02 4.106762169261635176e-02
6.000000000000000000e+00 5.990760570034712185e-01 9.230226872913336322e-01 2.984130764155501492e-02 3.978839045117210649e-02
