8.000000000000000000e+00 4.489737323095147614e-01 5.117117925247565147e-01 3.823969570008478591e-02 3.614584377206891963e-02
1.000000000000000000e+00 7.619494247176409329e-01 7.238357984203209750e-01 3.481478734492671201e-02 3.735371788200592125e-02
6.000000000000000000e+00 6.612426011600338605e-01 7.195061874350265896e-01 3.693330323243648738e-02 3.756758218183275932e-02
7.000000000000000000e+00 5.552415775836763157e-01 7.158790456104384692e-01 3.715701111921843047e-02 3.906078283320735256e-02
1.500000000000000000e+01 4.412520707523346353e-01 7.148263867193910270e-01 3.843458772337771112e-02 3.950027974352243731e-02
2.000000000000000000e+00 3.829986992610119323e-01 6.125613893372940932e-01 3.949827253165721919e-02 3.801312822379621092e-02
3.000000000000000000e+00 4.990006009635120643e-01 6.138710538352432078e-01 3.842050974426847176e-02 3.651585815658531242e-02
2.000000000000000000e+00 7.094782394447571860e-01 6.215439923866001859e-01 3.544791146009906857e-02 3.628511128024880517e-02
6.000000000000000000e+00 8.142734236190959374e-01 6.258156416922809884e-01 3.452387910474064014e-02 3.505675261086582672e-02
5.000000000000000000e+00 8.626541035831181148e-01 5.401600475340009311e-01 3.347297996108167251e-02 3.399298531442751514e-02
1.500000000000000000e+01 7.633710256471398781e-01 5.318614637938734457e-01 3.400838310407827692e-02 3.400838310407816589e-02
3.000000000000000000e+00 6.620256337558767523e-01 5.266214309994297071e-01 3.719880511969886339e-02 3.719880511969886339e-02
9.000000000000000000e+00 5.479046957914454063e-01 5.173215784912137405e-01 3.665053382392291503e-02 3.718423221163658088e-02
1.000000000000000000e+00 3.342337344609936922e-01 5.076937668114648305e-01 4.036219851527211855e-02 3.720174719736429880e-02
3.000000000000000000e+00 9.108626307596348060e-01 4.491637162873565181e-01 3.241916623581031498e-02 3.504677154364582714e-02
0.000000000000000000e+00 8.119135473788117174e-01 4.478100993487705850e-01 3.558962611699112433e-02 3.400299387770044923e-02
5.000000000000000000e+00 7.118845565184699353e-01 4.386705625772658879e-01 3.241669159104509923e-02 3.452429154553482427e-02
0.000000000000000000e+00 6.142594080870757978e-01 4.296877120634832736e-01 3.718676184850788768e-02 3.718678934456076668e-02
9.000000000000000000e+00 5.054323814328389730e-01 4.247324833854712045e-01 3.507465254133479426e-02 3.559465789468058139e-02
5.000000000000000000e+00 3.957946199094145578e-01 4.160051949358104517e-01 3.930349049257614302e-02 3.720870369876005945e-02
0.000000000000000000e+00 4.555433917363476137e-01 3.276555375097205958e-01 3.718434219584842992e-02 3.666340197670237000e-02
7.000000000000000000e+00 5.586660185059343364e-01 3.420638541990258519e-01 3.560210932502938519e-02 3.665592305030068720e-02
2.000000000000000000e+00 6.642201487337340282e-01 3.481205610100939207e-01 3.556927903781004208e-02 3.242166837662868728e-02
1.000000000000000000e+00 7.630200660273162017e-01 3.555903449742472411e-01 3.506709112677430795e-02 3.401338738571474396e-02
7.000000000000000000e+00 8.576715713245288697e-01 3.614449008040443445e-01 3.559474038283949593e-02 3.507465254133484978e-02
8.000000000000000000e+00 8.064474420370324470e-01 2.722590471637372778e-01 3.187677909536523746e-02 3.082296537009399096e-02
8.000000000000000000e+00 7.056995943684275518e-01 2.658654999560340348e-01 3.441928411932781984e-02 3.449517322546322151e-02
6.000000000000000000e+00 5.122148740575130921e-01 2.451412299204438483e-01 3.316799374178641679e-02 3.436165239234945101e-02
1.100000000000000000e+01 2.851293583833897083e-01 2.346460827465145504e-01 3.380263013987100384e-02 3.632880250838257941e-02
1.100000000000000000e+01 3.221895559001796139e-01 1.343308992190672957e-01 3.254936004651748371e-02 3.822528776834022146e-02
