1.500000000000000000e+01 2.406264374570204756e-01 7.195446082059042681e-01 4.440542517331863559e-02 3.815631461384016987e-02
8.000000000000000000e+00 2.160874680585666563e-01 4.939525956758770153e-01 6.561448435410355273e-02 4.435887070700728074e-02
6.000000000000000000e+00 2.613858722320447359e-01 2.389693605672131016e-01 5.661475840439719742e-02 3.976880286892686689e-02
0.000000000000000000e+00 3.253745840751594010e-01 5.978428933762847119e-01 5.664037378573300030e-02 4.114414034936775266e-02
1.000000000000000000e+00 3.530454061585005521e-01 4.633423192282747349e-01 5.296477506133967506e-02 4.108227622490928654e-02
5.000000000000000000e+00 3.934805216880924439e-01 3.386293376106723763e-01 5.386521528594628849e-02 4.039894124978693490e-02
2.000000000000000000e+00 4.374052563594490461e-01 2.132513389941354531e-01 5.019307165950065430e-02 4.032983929083458485e-02
0.000000000000000000e+00 4.511375431522477442e-01 1.083094405339129068e-01 5.375206082816186282e-02 3.694622612834189135e-02
7.000000000000000000e+00 4.569535303771983248e-01 6.742539928954718320e-01 5.207708295674667864e-02 4.175056960982870269e-02
7.000000000000000000e+00 4.848684730017347455e-01 5.387068070299421141e-01 5.383111108637717024e-02 3.970562819007439348e-02
3.000000000000000000e+00 5.158881338781388104e-01 4.221924898814241045e-01 5.478930506029783265e-02 4.041645502214202823e-02
6.000000000000000000e+00 5.198951539375590292e-01 3.067561930778893720e-01 5.209301810676375544e-02 4.243747882420734197e-02
2.000000000000000000e+00 5.615710070542706545e-01 1.986980643368616850e-01 4.737731575882953017e-02 3.890112650416832629e-02
9.000000000000000000e+00 5.934113430492148344e-01 1.120710443904074510e-01 4.916229084335288491e-02 3.754702596197431741e-02
0.000000000000000000e+00 5.693851578427107096e-01 7.282714707737303339e-01 4.933975182242089641e-02 4.239869832827802831e-02
8.000000000000000000e+00 5.912670079928121769e-01 6.052863657685343401e-01 5.385187145938996611e-02 3.971384894036356084e-02
6.000000000000000000e+00 6.231585151797738309e-01 4.892357912708388268e-01 5.296474527601258142e-02 4.108224643958208189e-02
1.000000000000000000e+00 6.441082930878518908e-01 3.751052087455679640e-01 5.198034021421349404e-02 3.898571683323059922e-02
0.000000000000000000e+00 6.590011949377780898e-01 2.692234342876125286e-01 4.814494320974282981e-02 3.476501683694671607e-02
5.000000000000000000e+00 6.949085982116458560e-01 1.590432499148789758e-01 4.632994451546779135e-02 3.542321299596745687e-02
2.000000000000000000e+00 7.062966010469873268e-01 6.967862056635578671e-01 4.735563204067538834e-02 3.832055090766040006e-02
3.000000000000000000e+00 7.370822683934219466e-01 5.859288220930916058e-01 4.742038534186610033e-02 4.005435480016650285e-02
5.000000000000000000e+00 7.504353879717968745e-01 4.595255529459268407e-01 4.580506748070145573e-02 3.771418121785374833e-02
9.000000000000000000e+00 7.925289058382536389e-01 3.536124741091529744e-01 4.335802414462996968e-02 3.363966760714648396e-02
1.500000000000000000e+01 8.227694719127975898e-01 2.396970310017754180e-01 4.413887628079093961e-02 3.423215733450835074e-02
1.500000000000000000e+01 8.387260673653551546e-01 6.160479533889076098e-01 4.507961605301080699e-02 3.886216729627622879e-02
7.000000000000000000e+00 8.527198097597417092e-01 5.166370710362752083e-01 4.350814219338816624e-02 3.768308533632519497e-02
3.000000000000000000e+00 8.911241765779587265e-01 4.392897888999199307e-01 4.413887628079093961e-02 3.423215733450835074e-02
8.000000000000000000e+00 9.039093495385308596e-01 3.286719389302701910e-01 4.186017961368404539e-02 3.476317014666430172e-02
1.300000000000000000e+01 3.213127590138115108e-01 8.071606201545363790e-01 3.641160929160269788e-02 3.053561952513939026e-02
