3.000000000000000000e+00 6.906834574247118219e-01 8.303433396696465740e-01 3.921383341929685074e-02 5.140601453082460637e-02
1.000000000000000000e+01 1.961210085724195973e-01 3.328085837488145016e-01 3.188237475497010531e-02 4.435987623103382349e-02
1.000000000000000000e+01 2.726405919635310759e-01 2.315379360463753200e-01 3.375492652351896883e-02 4.931740881569984802e-02
2.000000000000000000e+00 4.995324586980661175e-01 1.800528140438837355e-01 4.688676682023895648e-02 6.398265655079463099e-02
8.000000000000000000e+00 7.633547395814365144e-01 3.169974358584725094e-01 3.724798116153782424e-02 6.293425442407046821e-02
3.000000000000000000e+00 4.110260226569355524e-01 2.803000202379881123e-01 4.384715873676198195e-02 6.363702639064541811e-02
1.000000000000000000e+00 5.223967782233018831e-01 3.538562812600925533e-01 4.281973026800944826e-02 5.782530157509202517e-02
2.000000000000000000e+00 6.553250989608350174e-01 3.635198029196946568e-01 3.826207296692141213e-02 5.322519156871197143e-02
6.000000000000000000e+00 7.634660094697119925e-01 4.604354263726946339e-01 3.886517092305519228e-02 5.329600223190417152e-02
1.500000000000000000e+01 8.721399092011815624e-01 5.044954101796379486e-01 3.619407590634993177e-02 4.974294664731832016e-02
5.000000000000000000e+00 8.873080754926201408e-01 6.293681054705071443e-01 3.541032933523646786e-02 4.721392219197417806e-02
7.000000000000000000e+00 7.614076990383242816e-01 6.118453021262171276e-01 3.674989188119270889e-02 4.899929429786964441e-02
7.000000000000000000e+00 6.766345039231895786e-01 5.472114794767886092e-01 4.008405772341283591e-02 5.344520439851940807e-02
7.000000000000000000e+00 5.496074461474904638e-01 5.208510168230696680e-01 4.203660139498888171e-02 5.530733953104755019e-02
0.000000000000000000e+00 4.282878485569860949e-01 4.465235316548253897e-01 4.325972785043830093e-02 5.546151135959170864e-02
5.000000000000000000e+00 3.110852508712689812e-01 4.092476277317710354e-01 4.593728061993285205e-02 5.902380433838466667e-02
9.000000000000000000e+00 7.857500577910643269e-01 7.227857046235591776e-01 3.600685722983687498e-02 4.553911804470311964e-02
6.000000000000000000e+00 6.670718635930281692e-01 6.981026853725988968e-01 3.823669119074157852e-02 4.851277281817278908e-02
8.000000000000000000e+00 5.855336095446490585e-01 6.499143444391153324e-01 3.623787631657193753e-02 4.893589601179182402e-02
5.000000000000000000e+00 4.751834737294206024e-01 6.234075715689432196e-01 4.064970071336954094e-02 5.419205754717659751e-02
2.000000000000000000e+00 3.469469490492803621e-01 5.477517687677515568e-01 4.273434754526261870e-02 5.512787015788145339e-02
1.000000000000000000e+00 2.303200319475292024e-01 5.182235537534700676e-01 4.628102960861746329e-02 6.015896496997164000e-02
3.000000000000000000e+00 2.774397692189329856e-01 6.672722223926079721e-01 4.156212502810313625e-02 5.363826312972863608e-02
1.500000000000000000e+01 4.005072979877487560e-01 7.210810825047140327e-01 3.782201923012046274e-02 5.220711280291079337e-02
0.000000000000000000e+00 4.942806350879244137e-01 7.875894223257142723e-01 3.909105188474498727e-02 4.945611011473627361e-02
6.000000000000000000e+00 5.932621919283220802e-01 7.908455616679297417e-01 4.342507439902643096e-02 4.814417551984295773e-02
1.000000000000000000e+00 5.982843862724376294e-01 9.029481912042011116e-01 4.112706903041729589e-02 4.685784731861808439e-02
9.000000000000000000e+00 5.185752766629898591e-01 8.739804529776451503e-01 3.792278825081718541e-02 4.259370892038960577e-02
0.000000000000000000e+00 4.009970202666540695e-01 8.346901934579482596e-01 4.131038497807076881e-02 4.975181903810688144e-02
8.000000000000000000e+00 3.080224510321231124e-01 7.830301365478358200e-01 4.124996287371324177e-02 4.878360535471226722e-02
