1.400000000000000000e+01 7.566143518457129069e-01 8.226815710911339341e-01 3.383468295119929081e-02 4.168378539867811927e-02
1.200000000000000000e+01 6.392027446138736080e-01 7.831592323959691848e-01 3.586115444599347057e-02 4.099670804096122723e-02
5.000000000000000000e+00 4.373617596587693335e-01 7.723298199908645856e-01 4.042784005745347908e-02 5.640717259285699114e-02
1.500000000000000000e+01 2.420958492868346967e-01 6.565179601168233958e-01 3.851747123514978610e-02 5.392904765739670037e-02
9.000000000000000000e+00 1.513334043403214146e-01 5.630925856785371497e-01 3.855878599663076223e-02 5.226557257261188472e-02
0.000000000000000000e+00 5.465850562066927321e-01 7.286134478104592249e-01 3.837983338953598889e-02 5.331295444369743564e-02
6.000000000000000000e+00 4.426631574945829040e-01 6.030646466711256926e-01 3.868624145060461927e-02 5.287411677181963476e-02
5.000000000000000000e+00 3.526951731739417228e-01 5.484741824533341248e-01 3.753223706476216393e-02 5.132457913831434126e-02
6.000000000000000000e+00 2.597356431531757104e-01 4.939449296243656473e-01 3.668405554506629085e-02 4.933860313211063664e-02
1.000000000000000000e+00 1.506868078413218792e-01 4.024748669783793087e-01 3.610883819665663963e-02 4.857176370654869846e-02
3.000000000000000000e+00 6.643929574395930349e-01 6.196617402257555973e-01 4.035714851089677868e-02 5.295540034646128991e-02
8.000000000000000000e+00 5.480839744794600010e-01 5.585475522791846226e-01 4.062159809607024386e-02 5.416230635323704412e-02
9.000000000000000000e+00 4.453917897462040809e-01 4.733673402114696449e-01 3.726108699773361677e-02 5.011386936454681473e-02
3.000000000000000000e+00 3.461255409035450259e-01 4.165276061622713577e-01 3.565387840468237091e-02 4.839880934740276031e-02
5.000000000000000000e+00 2.472944868943755536e-01 3.389369479643320471e-01 3.700392308933686536e-02 4.891252270952844983e-02
2.000000000000000000e+00 1.644822807077058746e-01 2.648840564065507164e-01 3.378075723915294204e-02 4.547856964850249817e-02
8.000000000000000000e+00 6.278256775411773516e-01 4.692829722545792670e-01 3.922040737524823406e-02 5.140562863498732149e-02
7.000000000000000000e+00 5.597490452329333399e-01 3.975151644574204113e-01 3.672261989041469832e-02 5.045609135483114516e-02
0.000000000000000000e+00 4.560619267234605201e-01 3.518121579265242049e-01 3.725093386583999688e-02 5.026247961494473282e-02
1.500000000000000000e+01 3.292119446754450118e-01 2.676300689473500860e-01 3.400128794544338140e-02 4.711304832491094996e-02
6.000000000000000000e+00 2.457305827255394370e-01 2.020559203131872539e-01 3.391848286400489521e-02 4.607950631372650929e-02
7.000000000000000000e+00 7.301005158860593980e-01 3.702132903861618529e-01 3.978038039594422592e-02 5.218109968564610401e-02
0.000000000000000000e+00 6.368988322066413410e-01 3.089223150537070417e-01 3.978196042223325346e-02 5.218870721962992620e-02
3.000000000000000000e+00 5.310932203009171015e-01 2.544328554794227371e-01 3.745856102410416444e-02 4.909045122550992346e-02
2.000000000000000000e+00 4.249835118540655765e-01 1.957758717498565004e-01 3.462721243382932412e-02 4.745693812072251938e-02
8.000000000000000000e+00 3.308698896682187307e-01 1.190122402751889463e-01 3.497148260634008743e-02 4.714453181170528973e-02
1.000000000000000000e+00 7.013984020357266758e-01 2.151900205087955431e-01 3.970816734259086100e-02 5.151511860486110428e-02
2.000000000000000000e+00 6.090558137612964718e-01 1.624188541535983576e-01 3.648198773855948485e-02 4.935560304458966319e-02
1.000000000000000000e+00 5.285563125355594583e-01 1.224891759032230576e-01 3.680940429732160180e-02 4.764937947076529345e-02
7.000000000000000000e+00 4.015462504166784630e-01 8.105447872302043444e-02 3.434403661115742468e-02 4.608813793882345078e-02
