1.000000000000000000e+00 4.260881876828661596e-01 1.672299034400485940e-01 3.306235964481507583e-02 4.004569813781300169e-02
1.100000000000000000e+01 8.117832673793989873e-01 5.478070662543341740e-01 2.775571669194454305e-02 3.758241605640366689e-02
1.000000000000000000e+00 7.247807519135016641e-01 6.031153811568770173e-01 2.545379749952947357e-02 2.937237841349515932e-02
8.000000000000000000e+00 4.899063572961042667e-01 7.877953294653559091e-01 3.675077030262230426e-02 5.066318126587210369e-02
8.000000000000000000e+00 1.742523573371666523e-01 7.231314330944302871e-01 3.487956735661398855e-02 5.230692184108842735e-02
3.000000000000000000e+00 5.282976457903566514e-01 6.663697148790874714e-01 4.024053048993780912e-02 5.088647349319963542e-02
3.000000000000000000e+00 4.445471110977360363e-01 6.479030469120692359e-01 4.023332751486280445e-02 5.088631102007756812e-02
9.000000000000000000e+00 3.316472465092648036e-01 6.311242038940350074e-01 3.437021411916180158e-02 4.582749373595584874e-02
2.000000000000000000e+00 2.306180066993677169e-01 6.012803014016586678e-01 3.332126056471299003e-02 4.650148640369544673e-02
2.000000000000000000e+00 1.583593583985258846e-01 5.653503453113515320e-01 3.326515317991762810e-02 4.228877498121252909e-02
5.000000000000000000e+00 6.217187973349070917e-01 5.580386486388031475e-01 3.483878660299333241e-02 4.942930621973995464e-02
0.000000000000000000e+00 5.207698327867020804e-01 5.357857611945371357e-01 3.444034835015596929e-02 4.476995618489487683e-02
9.000000000000000000e+00 4.062234249616600845e-01 5.142609564282080159e-01 3.315467145696143758e-02 4.708408794031332389e-02
7.000000000000000000e+00 3.134129963432593646e-01 4.965931688020357448e-01 3.356153123328886601e-02 4.474810354998665085e-02
1.000000000000000000e+00 3.255184895591032301e-01 1.617240955184667817e-01 2.952932744934172460e-02 3.938183296134431521e-02
5.000000000000000000e+00 2.245717590163255895e-01 4.663852588192579640e-01 3.311984805114739916e-02 4.708335681126440964e-02
8.000000000000000000e+00 1.331835930290092285e-01 4.637118583728296328e-01 2.778940278590474877e-02 4.050647191178879947e-02
2.000000000000000000e+00 6.784065632008886571e-01 4.254276125871178094e-01 3.710902353661971187e-02 4.717691425067938038e-02
6.000000000000000000e+00 5.863076179231279106e-01 4.318419837463185473e-01 3.401678092111681817e-02 4.593039337988547022e-02
1.500000000000000000e+01 4.832189906736725771e-01 3.973016738078555266e-01 3.486581129895172104e-02 4.360987101500191088e-02
6.000000000000000000e+00 3.822632293331974518e-01 4.046755976861277637e-01 3.312182480746495017e-02 4.473743448164235748e-02
5.000000000000000000e+00 2.834885342612275538e-01 3.675879258256234960e-01 3.309832036248311349e-02 4.297208277461322945e-02
1.000000000000000000e+00 2.058950945391296861e-01 3.482749353661369063e-01 2.948570341608625078e-02 4.123253721512765146e-02
0.000000000000000000e+00 2.697836827113254676e-01 2.569904678489334238e-01 2.953647626670941051e-02 3.938196835561258435e-02
0.000000000000000000e+00 3.445441192234891536e-01 2.768797233932800972e-01 3.044697564236553688e-02 4.174681880394692790e-02
1.500000000000000000e+01 4.398890608478668307e-01 2.986068071964921300e-01 3.221955740332332896e-02 4.295911200370744476e-02
7.000000000000000000e+00 5.459461532727190036e-01 3.192268668435691570e-01 3.353824341913635987e-02 4.299193157435021728e-02
7.000000000000000000e+00 6.336710242390031222e-01 3.155214912839403585e-01 3.576683307582484428e-02 4.536915705880978367e-02
3.000000000000000000e+00 6.171664629297488602e-01 2.090150523613593658e-01 3.219004145282766682e-02 4.061779307920859727e-02
6.000000000000000000e+00 5.091038564447065706e-01 2.039270305335590672e-01 3.219004145282761131e-02 4.061782015806225665e-02
