1.200000000000000000e+01 8.019342649126539602e-01 1.850596859540705741e-01 3.953324621714837672e-02 3.334904049400760906e-02
2.000000000000000000e+00 7.924132851156560076e-01 7.304711641532324329e-01 3.702230281946505830e-02 3.737760746621821006e-02
8.000000000000000000e+00 7.708585527522253678e-01 6.258918757898256358e-01 3.768662610390627332e-02 3.440966958254243480e-02
0.000000000000000000e+00 7.226979603196278523e-01 4.107193991385970633e-01 4.090777226804043210e-02 4.090777226804054312e-02
1.000000000000000000e+00 6.969024538608683539e-01 7.864016210900477422e-01 3.703595051348040901e-02 3.739131323552769004e-02
7.000000000000000000e+00 6.817685840423373111e-01 7.081763783223977704e-01 3.615326412479080709e-02 3.397747324695254978e-02
8.000000000000000000e+00 6.594473158775830957e-01 6.015504294966573795e-01 3.473512352834273731e-02 3.655682934059489853e-02
9.000000000000000000e+00 6.450228357713913008e-01 4.958639356591818537e-01 3.432911915020397942e-02 3.541803090676243215e-02
6.000000000000000000e+00 6.193565468410767716e-01 3.710371607555046358e-01 3.746895990318188652e-02 3.929078186602141809e-02
5.000000000000000000e+00 6.223850572560640781e-01 8.606690906684867359e-01 3.654498198068345527e-02 3.436913302755173483e-02
3.000000000000000000e+00 5.945580770242691049e-01 7.661560510344689323e-01 3.614095216253010445e-02 3.321964873968152876e-02
0.000000000000000000e+00 5.808253027034901983e-01 6.718166855662104364e-01 3.622655514541894828e-02 3.585940313875413121e-02
0.000000000000000000e+00 5.574770600828904410e-01 5.628203645911464825e-01 3.514124405706875454e-02 3.732981149951708488e-02
7.000000000000000000e+00 5.357441527184401142e-01 4.572693023385400179e-01 3.813833573817337896e-02 3.704930783102761138e-02
5.000000000000000000e+00 5.155083828686701786e-01 3.447236517147386214e-01 3.971987117339920159e-02 3.898484121889872478e-02
1.500000000000000000e+01 5.104161378550062800e-01 8.279267046922929030e-01 3.469502253805456515e-02 3.542993634196744956e-02
5.000000000000000000e+00 5.084484162356114334e-01 7.318363981571351928e-01 3.883860762940455347e-02 3.519490562843197168e-02
2.000000000000000000e+00 4.802690786782174426e-01 6.332185967655944436e-01 3.614098120017678051e-02 3.359835772978936319e-02
9.000000000000000000e+00 4.523862590515461690e-01 5.179135711565566735e-01 3.697407128806118326e-02 3.588597258561426750e-02
2.000000000000000000e+00 4.257026361641376155e-01 4.166481026071789384e-01 3.663148513062453038e-02 3.663151416827137297e-02
1.000000000000000000e+00 4.102845748959681460e-01 2.968764045292083820e-01 3.940399965105662039e-02 4.085904709664034407e-02
1.000000000000000000e+00 4.132523821102331851e-01 7.991979313001864593e-01 3.388623696057646573e-02 3.351815574921290786e-02
3.000000000000000000e+00 3.967757389076311814e-01 6.952636561860712217e-01 3.661783743660884660e-02 3.661786647425568919e-02
1.500000000000000000e+01 3.378869119917742858e-01 5.004800648964080612e-01 3.472176621079559045e-02 3.581070700500088577e-02
8.000000000000000000e+00 3.049716649039326821e-01 3.965948924431019762e-01 4.088361294586834171e-02 4.016130148068447481e-02
3.000000000000000000e+00 2.288534663852234696e-01 4.729369567001361907e-01 3.511467461020872927e-02 3.658235343216853508e-02
6.000000000000000000e+00 2.613825127700722950e-01 5.725383067466709441e-01 3.968339988896607551e-02 3.786160696377338652e-02
7.000000000000000000e+00 2.834167147581507784e-01 6.635676127761662713e-01 3.616554704940477816e-02 3.397787977400856807e-02
6.000000000000000000e+00 3.218907982879298801e-01 7.707951054938764202e-01 3.278663934998032881e-02 3.424142545674235816e-02
1.200000000000000000e+01 7.125111472805527590e-01 1.834325178568334824e-01 3.571421490454618208e-02 3.208360888229927488e-02
