1.000000000000000000e+00 4.776960884459611201e-01 1.394362596057714676e-01 3.417542825327402056e-02 4.216762641237704889e-02
1.100000000000000000e+01 8.105391576802196685e-01 6.372699207670178279e-01 2.897709934930770004e-02 3.912190413024019264e-02
1.000000000000000000e+00 7.129250231662459525e-01 6.690202544731502776e-01 2.621388604433039227e-02 3.110703863414088222e-02
8.000000000000000000e+00 4.437570017605597661e-01 7.908269865313022340e-01 3.843748040320033033e-02 5.265049349451511596e-02
8.000000000000000000e+00 1.319587342010713760e-01 6.352563668251931528e-01 3.681934869879111005e-02 5.397716784588924011e-02
3.000000000000000000e+00 5.023187725984532559e-01 6.778090274550421235e-01 4.174530259070574623e-02 5.332870699224101507e-02
3.000000000000000000e+00 4.198003223595282440e-01 6.351957888610659797e-01 4.173852779509035216e-02 5.332757785963837538e-02
9.000000000000000000e+00 3.072659284344706476e-01 5.860324802679723888e-01 3.582946637444450744e-02 4.777309230451043387e-02
2.000000000000000000e+00 2.089310403519698545e-01 5.269053103935060767e-01 3.489409292648640304e-02 4.827120915212845809e-02
2.000000000000000000e+00 1.409277026321738013e-01 4.697323585425999815e-01 3.452469719555992245e-02 4.429423475603272431e-02
5.000000000000000000e+00 6.149474490958243278e-01 5.937712163861166292e-01 3.654607038065726954e-02 5.123783569545625749e-02
0.000000000000000000e+00 5.154826521321023147e-01 5.424133538950085542e-01 3.581780808032319907e-02 4.678690788943740131e-02
9.000000000000000000e+00 4.020256157291804966e-01 4.879395511880419978e-01 3.478298627839476742e-02 4.880294592298745071e-02
7.000000000000000000e+00 3.101341651856431847e-01 4.435704125979872403e-01 3.498637128843040678e-02 4.664796812269267345e-02
1.000000000000000000e+00 3.759448826470066507e-01 1.052762016700497516e-01 3.078371151339864831e-02 4.105286202218771940e-02
5.000000000000000000e+00 2.242950347617010953e-01 3.875306723411647836e-01 3.475046725944114234e-02 4.879792128290616482e-02
8.000000000000000000e+00 1.314613371754875804e-01 3.588667238050187724e-01 2.923900165647067007e-02 4.189398112614739489e-02
2.000000000000000000e+00 6.939661246048092202e-01 4.745311862176242457e-01 3.851426142017411181e-02 4.941408894412141484e-02
6.000000000000000000e+00 5.989563344386330535e-01 4.549395076315571051e-01 3.550376807523702993e-02 4.782446783792682066e-02
1.500000000000000000e+01 4.992695641194059286e-01 3.904352389338245910e-01 3.613608233266885073e-02 4.575589691004261494e-02
6.000000000000000000e+00 3.950683381711085351e-01 3.693092102824579448e-01 3.457090694731962399e-02 4.658081296115557102e-02
5.000000000000000000e+00 3.001905294920136913e-01 3.034296580748110372e-01 3.441805062124847492e-02 4.491359221685026215e-02
1.000000000000000000e+00 2.240904359341177599e-01 2.617001492263836271e-01 3.088392203187551033e-02 4.279389981038528301e-02
0.000000000000000000e+00 3.038602386786385945e-01 1.866769376598612640e-01 3.079048630901393135e-02 4.105396292647520151e-02
0.000000000000000000e+00 3.769772909279970330e-01 2.281905140122072462e-01 3.182688889658580322e-02 4.340605905086145078e-02
1.500000000000000000e+01 4.708071798669739572e-01 2.774214153057213417e-01 3.358746067880752362e-02 4.478300803136447961e-02
7.000000000000000000e+00 5.757454047791177310e-01 3.285626819353438810e-01 3.483458763833158223e-02 4.499246212913876608e-02
7.000000000000000000e+00 6.658590783824018811e-01 3.496775321739452047e-01 3.711413699300347702e-02 4.753151438419345176e-02
3.000000000000000000e+00 6.660186530474583311e-01 2.363050536887973396e-01 3.338760420815500840e-02 4.257682406754370597e-02
6.000000000000000000e+00 5.565543283262801566e-01 2.004449031358783162e-01 3.338760420815500840e-02 4.257682406754370597e-02
