3.000000000000000000e+00 6.450853434056056379e-01 7.757046374572864611e-01 3.114066376865287644e-02 4.005959412318538249e-02
1.000000000000000000e+01 2.187775209739578064e-01 4.988960173315508118e-01 2.726955500239788832e-02 3.888380814719771816e-02
2.000000000000000000e+00 2.439054073911405829e-01 4.534056233863715257e-01 3.022564865064289452e-02 3.611182973779669680e-02
9.000000000000000000e+00 4.381591015204946982e-01 2.259226724687445897e-01 3.511233532971014260e-02 5.352871152570873314e-02
6.000000000000000000e+00 5.861133468966073234e-01 1.807731397830419640e-01 3.609242049141581088e-02 5.278369087459716669e-02
2.000000000000000000e+00 6.876657951830495996e-01 1.557957295456665336e-01 3.610005334111610065e-02 5.337692685738121279e-02
5.000000000000000000e+00 8.077826424293228502e-01 1.635562659174572830e-01 3.145219307713809087e-02 4.961998371450193623e-02
2.000000000000000000e+00 8.287275363894579527e-01 2.788481844167924328e-01 3.245116954185212066e-02 4.754005943132744161e-02
7.000000000000000000e+00 7.316472565229974467e-01 3.030528367724486527e-01 3.360138547134361442e-02 5.179109329141845519e-02
1.500000000000000000e+01 6.136566213412961712e-01 3.230564231733738523e-01 3.639931556972586524e-02 4.707167506149934066e-02
7.000000000000000000e+00 5.269598521258052060e-01 3.669356315875141328e-01 3.407549447844671064e-02 4.753242658162692980e-02
3.000000000000000000e+00 4.154816597190846839e-01 3.687809547831121249e-01 4.050745157935486951e-02 5.120824343626234620e-02
0.000000000000000000e+00 8.857188629215639875e-01 3.909099899636390707e-01 3.033926907046835542e-02 4.604573828123659229e-02
8.000000000000000000e+00 6.943503996090401031e-01 4.420892558312174980e-01 3.460199754670756356e-02 4.683928204830051234e-02
9.000000000000000000e+00 4.860692587516689533e-01 5.047492408641054418e-01 3.566465378606475944e-02 4.615687802490947567e-02
5.000000000000000000e+00 4.810696467873024629e-01 8.450668778810970228e-01 3.374801796612331151e-02 4.159548704396587304e-02
1.000000000000000000e+00 3.589175001684244970e-01 5.316600519305858530e-01 3.993602373857180199e-02 4.696116230190916507e-02
6.000000000000000000e+00 3.060694343846579457e-01 6.454298302686900524e-01 3.756948594914821804e-02 4.505354960072049941e-02
5.000000000000000000e+00 4.451203558578574748e-01 6.030466331356456600e-01 3.312176990838505697e-02 4.838845067552410839e-02
3.000000000000000000e+00 5.321568686655475666e-01 6.115141349507560165e-01 3.440866836786826699e-02 4.839313942605416585e-02
8.000000000000000000e+00 6.445472820220842225e-01 5.578910214303602899e-01 3.498402167421144071e-02 4.244714950946237852e-02
7.000000000000000000e+00 7.286755427930442508e-01 5.559331682220367554e-01 3.117441186839953193e-02 4.493169660728935089e-02
0.000000000000000000e+00 8.215717397953568035e-01 5.320653835098532181e-01 3.305765397090176805e-02 4.155214336173873590e-02
3.000000000000000000e+00 7.583157518716683310e-01 6.572023014837076182e-01 3.096614411228915120e-02 4.088230628017575086e-02
2.000000000000000000e+00 6.952401718026838262e-01 6.687583814097195489e-01 3.250808879247490957e-02 4.091316480110729348e-02
8.000000000000000000e+00 5.913413855183462520e-01 6.991481635890979263e-01 3.344725642775092656e-02 4.174825307868312851e-02
0.000000000000000000e+00 5.632687184265815494e-01 8.031690482084639093e-01 3.189086385348960384e-02 4.106931109783507061e-02
1.000000000000000000e+00 4.868546244654826660e-01 7.351012300531269972e-01 3.407778433335689749e-02 4.341232335407496645e-02
1.500000000000000000e+01 3.903433735441850239e-01 7.584067463441679369e-01 3.533736809498372322e-02 4.589632524835185468e-02
1.000000000000000000e+00 7.274924510894860141e-01 7.690688014888459323e-01 2.929051552163708383e-02 3.953423598237959524e-02
