1 0.239578 0.139401 0.033656 0.045969
3 0.608949 0.197906 0.038992 0.048792
6 0.493008 0.222760 0.037625 0.048333
2 0.288141 0.252703 0.031922 0.043698
3 0.182320 0.251432 0.032203 0.042135
5 0.668012 0.336719 0.042555 0.048854
15 0.545984 0.346161 0.038391 0.050448
2 0.427770 0.349328 0.037227 0.047281
6 0.324348 0.350510 0.034867 0.048062
1 0.235637 0.350036 0.038414 0.047281
0 0.125426 0.368193 0.032336 0.046531
2 0.611793 0.461807 0.041695 0.054469
0 0.484559 0.463510 0.037445 0.051063
5 0.362437 0.482802 0.036594 0.051062
9 0.271801 0.496417 0.035742 0.046521
7 0.177352 0.483932 0.035766 0.046531
7 0.077785 0.501521 0.030680 0.047667
6 0.558176 0.660380 0.041695 0.059010
9 0.430949 0.622932 0.039148 0.054469
8 0.326270 0.607615 0.034039 0.051063
0 0.207551 0.595703 0.038289 0.049927
8 0.100320 0.630312 0.029781 0.048792
7 0.134039 0.771172 0.034719 0.054469
8 0.239230 0.757552 0.034711 0.057188
3 0.481262 0.785474 0.038805 0.055823
12 0.806125 0.913229 0.034750 0.046333
10 0.817473 0.717401 0.029070 0.044448
5 0.450324 0.126542 0.035711 0.044333
15 0.548211 0.102188 0.036937 0.047062
1 0.355727 0.110401 0.035297 0.045969
