1.400000000000000000e+01 5.671668101561466724e-01 1.687846831712985218e-01 3.828360776488881623e-02 3.301399934484081089e-02
1.200000000000000000e+01 6.208870687666421251e-01 2.765130575148830872e-01 3.618290107471100470e-02 3.572927182079160824e-02
5.000000000000000000e+00 7.578484483207632572e-01 4.385618050379230803e-01 5.445007285035197153e-02 3.770036221247757835e-02
1.500000000000000000e+01 8.080699005960293446e-01 6.380203202568930365e-01 5.211759087513545552e-02 3.586553012085691439e-02
9.000000000000000000e+00 8.004859853849872753e-01 7.467777046099657312e-01 4.994707369143036590e-02 3.638894207750220655e-02
0.000000000000000000e+00 6.450090954524547726e-01 3.709630702438779792e-01 5.138780442608059662e-02 3.585788765042707826e-02
6.000000000000000000e+00 6.218142532792020338e-01 5.030179420957778813e-01 5.067674897727925121e-02 3.638921998551769565e-02
5.000000000000000000e+00 6.439923411864560965e-01 5.954163822717591925e-01 4.920089066945310119e-02 3.529620776002917459e-02
6.000000000000000000e+00 6.683735448876488849e-01 6.901267392298000569e-01 4.701297644396951192e-02 3.472710772561360404e-02
1.000000000000000000e+00 6.754917974276943848e-01 8.123754183190411426e-01 4.628469069819896031e-02 3.418062940367083691e-02
3.000000000000000000e+00 4.750287975816160913e-01 3.230964298528846701e-01 4.998475801835056131e-02 3.856040414846018116e-02
8.000000000000000000e+00 5.110890300582262569e-01 4.387139040948796476e-01 5.144155183630405581e-02 3.858094155081559506e-02
9.000000000000000000e+00 5.185405359952193205e-01 5.534482700355944917e-01 4.775135025070748052e-02 3.527364162915958001e-02
3.000000000000000000e+00 5.456608149939021768e-01 6.540212077466416307e-01 4.627585322330174389e-02 3.362803710538420088e-02
5.000000000000000000e+00 5.562587815885029485e-01 7.626638438800590336e-01 4.630342169845258482e-02 3.525946832036230827e-02
2.000000000000000000e+00 5.580790235093028295e-01 8.573602498557150176e-01 4.335092694035669325e-02 3.196631391670190503e-02
8.000000000000000000e+00 3.839120830691397090e-01 4.126026257285594356e-01 4.850014560803189712e-02 3.748940223780966585e-02
7.000000000000000000e+00 3.769006861611055026e-01 4.948628703310048449e-01 4.844878820674275444e-02 3.446904234229597463e-02
0.000000000000000000e+00 4.159050761553425568e-01 5.943756723348128101e-01 4.795133285875780027e-02 3.521872700527028943e-02
1.500000000000000000e+01 4.415412290827340769e-01 7.275754557341210793e-01 4.537323577932400598e-02 3.180084748419353957e-02
6.000000000000000000e+00 4.504664256450313653e-01 8.193584408186792567e-01 4.407070870084878189e-02 3.198120978634011458e-02
7.000000000000000000e+00 2.328418554819089714e-01 3.728641695018265478e-01 4.924730130806403983e-02 3.801387024491426070e-02
0.000000000000000000e+00 2.521158879981920120e-01 4.705039270618642799e-01 4.925652785418310753e-02 3.801398140812056736e-02
3.000000000000000000e+00 2.857833880417962602e-01 5.752323955398855881e-01 4.631359313182487059e-02 3.580683594795508462e-02
2.000000000000000000e+00 3.164146874329955006e-01 6.818872945914805639e-01 4.552866973246810778e-02 3.253524720630807110e-02
8.000000000000000000e+00 3.242598917603365383e-01 7.865098801155453456e-01 4.496157063576522450e-02 3.307538922549424498e-02
1.000000000000000000e+00 1.324306880267623610e-01 4.581090628197767578e-01 4.840568467351787085e-02 3.809290728456060648e-02
2.000000000000000000e+00 1.577406603162042065e-01 5.516250267082256631e-01 4.713303270672339340e-02 3.445525810472049866e-02
1.000000000000000000e+00 1.845486540777189488e-01 6.306860776070968289e-01 4.473354710893756581e-02 3.533933908405550994e-02
7.000000000000000000e+00 2.436905228974132753e-01 7.466868564796550478e-01 4.387878542525189274e-02 3.253997164257382835e-02
