1.600000000000000000e+01 3.985835751083134926e-01 8.673298960735107421e-01 3.426236851103336978e-02 2.705808428189937498e-02
1.600000000000000000e+01 1.293292543867098909e-01 7.041002536764342512e-01 4.027349622630718717e-02 2.639166602444220633e-02
0.000000000000000000e+00 2.308330216576964244e-01 3.943846569698247206e-01 5.375335089115748644e-02 3.834752825060538939e-02
8.000000000000000000e+00 2.040270902903215666e-01 3.245637974622468391e-01 5.369972778395668001e-02 3.569680075486991733e-02
6.000000000000000000e+00 2.549538847038340661e-01 1.736771744301778830e-01 5.105753252129541231e-02 3.633296066258417945e-02
2.000000000000000000e+00 3.353311789512841146e-01 1.383815016395006647e-01 5.460911691703407289e-02 3.702780086200346821e-02
9.000000000000000000e+00 3.760844437734455203e-01 2.509079534597038474e-01 4.846859308427881041e-02 3.962482049325574684e-02
0.000000000000000000e+00 3.402421006388363089e-01 3.540464344323492885e-01 5.375335089115751419e-02 3.834747174575053874e-02
0.000000000000000000e+00 3.365556956595556759e-01 5.523818933079904792e-01 5.021868969942999694e-02 3.897518417767287247e-02
7.000000000000000000e+00 3.692374538673967588e-01 4.638579974941969830e-01 5.375391593970546555e-02 3.901191233328987762e-02
1.000000000000000000e+00 4.472650219806066918e-01 4.175279577755741101e-01 5.111737116252373925e-02 3.964914583324519182e-02
6.000000000000000000e+00 4.590797209532769818e-01 5.275415963243839101e-01 4.930444114884008355e-02 3.699259833746593173e-02
5.000000000000000000e+00 5.544289794399464011e-01 5.833460734446151985e-01 4.548686014915193088e-02 3.638584920667276013e-02
8.000000000000000000e+00 5.898886575716673075e-01 5.503739650404078088e-01 4.548233976076820895e-02 3.457260841628762016e-02
1.500000000000000000e+01 5.722467683122959281e-01 3.534029571459390562e-01 4.600173238604776671e-02 3.314659539581560344e-02
2.000000000000000000e+00 8.653408969322846644e-01 3.634785920763570766e-01 4.235841235854864717e-02 3.310150452168880708e-02
1.000000000000000000e+00 5.494974334803939264e-01 2.667837269775896192e-01 4.546115044021992180e-02 3.498113851645848205e-02
2.000000000000000000e+00 4.586669247365691149e-01 7.843339638119790902e-02 4.332069003571464849e-02 3.249743937149843220e-02
9.000000000000000000e+00 5.794610539007285510e-01 1.120881823148298234e-01 4.256222536979559212e-02 3.305285384171000040e-02
6.000000000000000000e+00 6.375584415237032232e-01 3.147392701065396814e-01 4.405564868203881712e-02 3.162969431640516582e-02
5.000000000000000000e+00 6.613924152958308156e-01 4.252344430279160203e-01 4.342437644426422327e-02 3.913181563516576755e-02
3.000000000000000000e+00 6.939091228228144725e-01 3.827452078043023231e-01 4.307602401445043139e-02 3.343768015529424709e-02
3.000000000000000000e+00 6.840473022629423028e-01 2.560331839352814054e-01 4.512336441825304245e-02 3.307926986132686542e-02
3.000000000000000000e+00 6.764774033708546019e-01 1.903516016919558074e-01 4.511082034048841116e-02 3.231289451573660099e-02
7.000000000000000000e+00 7.939287618301720251e-01 2.260778556023878560e-01 4.315659993738873990e-02 2.794933535658761237e-02
7.000000000000000000e+00 7.496575753795160502e-01 3.482435412332103297e-01 4.563009995605826763e-02 3.309215296822021202e-02
0.000000000000000000e+00 6.597923390701614377e-01 6.071064778957990793e-01 4.669651608061220482e-02 3.547612104446640213e-02
1.500000000000000000e+01 7.975375008865361881e-01 5.582540190804675673e-01 4.484745121228694842e-02 3.499797696318762696e-02
1.000000000000000000e+00 8.269087809140505119e-01 4.193362120125234682e-01 4.174589973256626063e-02 3.312585811410573289e-02
5.000000000000000000e+00 8.689665874450875904e-01 4.977369805654434098e-01 4.362118285351668234e-02 3.498667599222848867e-02
