2.000000000000000000e+00 5.478720489613460032e-01 3.904540852527186301e-01 4.029104444067899138e-02 5.552205251022362953e-02
2.000000000000000000e+00 3.028131538809383794e-01 7.165351243701481021e-01 3.732743351027301149e-02 4.914525402165248469e-02
2.000000000000000000e+00 3.989886574683952913e-01 7.363113484896400829e-01 3.824093226289132508e-02 4.721817557782070907e-02
6.000000000000000000e+00 6.229645942855852603e-01 7.946888862619281291e-01 3.467683570091428802e-02 4.749074002272990480e-02
8.000000000000000000e+00 7.071145489379624394e-01 8.256954968507475012e-01 3.278097980959537860e-02 4.182415615433565659e-02
3.000000000000000000e+00 7.941447137385828636e-01 7.564392060586480060e-01 3.239848947710044502e-02 4.383061301545676525e-02
1.500000000000000000e+01 6.838786409726443916e-01 7.346930920314282965e-01 3.248861295300220497e-02 4.520232382251998526e-02
9.000000000000000000e+00 5.967969730245904492e-01 6.890041745729449385e-01 3.360418631575767812e-02 4.600111485518587617e-02
6.000000000000000000e+00 4.912576149753460353e-01 6.490629633625379924e-01 3.751715974153330135e-02 4.914896697384329993e-02
9.000000000000000000e+00 3.906511389388704902e-01 6.114908688056375219e-01 3.963868999214092970e-02 4.892382705464259907e-02
8.000000000000000000e+00 2.612168098462436250e-01 5.593519626949449153e-01 4.010286527283152269e-02 5.256297025635325859e-02
3.000000000000000000e+00 3.419292177238107411e-01 4.246739184214926022e-01 4.119362936413073495e-02 5.369533628924383351e-02
1.500000000000000000e+01 4.748542000589451306e-01 5.024391423692549097e-01 3.784415269014729244e-02 4.920468938512967405e-02
7.000000000000000000e+00 5.821550585742134576e-01 5.284590190743274629e-01 3.527546485638988205e-02 4.891741377358604925e-02
6.000000000000000000e+00 6.893816861740931223e-01 5.815526320812701710e-01 3.587415026871687562e-02 5.034785673348407542e-02
5.000000000000000000e+00 7.813415263469543071e-01 6.260319991067770928e-01 3.660768335378827842e-02 4.566143598658689573e-02
0.000000000000000000e+00 8.691770079750000821e-01 6.593143399758216727e-01 3.509949342529061767e-02 4.616718508044315161e-02
5.000000000000000000e+00 4.444872861271045861e-01 3.197949876789586421e-01 4.035647115882756708e-02 5.651433898319185856e-02
8.000000000000000000e+00 6.648840495461492139e-01 4.446402906986302028e-01 3.843378074940295708e-02 4.943579253057583944e-02
7.000000000000000000e+00 7.571557214461785978e-01 5.048670193040221132e-01 3.573857125690438341e-02 5.307122278009562821e-02
0.000000000000000000e+00 8.801061108767916918e-01 5.278964786890085747e-01 3.386898731517740124e-02 4.695894400668720881e-02
3.000000000000000000e+00 8.520617047970938662e-01 3.915982511601850402e-01 3.567005041193027637e-02 5.208332434153462032e-02
5.000000000000000000e+00 7.501807157285174110e-01 3.332274501458490912e-01 4.308054041608122553e-02 5.291578509974809164e-02
1.000000000000000000e+00 5.408259345835473297e-01 2.087491668245444743e-01 4.129342901846899672e-02 5.958337525307366711e-02
1.200000000000000000e+01 3.090310830212280591e-01 2.674922340354987660e-02 3.194646567630682332e-02 3.987907551806395279e-02
1.200000000000000000e+01 2.395696094279530786e-01 3.595511982336208057e-01 3.652079464684043764e-02 3.773445182996709724e-02
0.000000000000000000e+00 4.501810983115641651e-01 8.587249069160124426e-01 3.501454557971522830e-02 4.480261889350445337e-02
1.000000000000000000e+00 5.482497012046226859e-01 8.858208787383883287e-01 3.708091598755003382e-02 4.505076786491712948e-02
7.000000000000000000e+00 6.215475123278884073e-01 9.319828319316537657e-01 3.441507257146891874e-02 4.337825167355480183e-02
1.000000000000000000e+00 3.244358685046682678e-01 8.240202240736678174e-01 3.856452167199719838e-02 4.389744615488955226e-02
