1.600000000000000000e+01 8.382027176569404325e-01 6.525402367014636607e-01 2.569855768034157162e-02 3.268590479309474439e-02
1.600000000000000000e+01 6.606092227379518622e-01 8.816921852916993485e-01 2.528655341459984385e-02 3.813446087913097138e-02
0.000000000000000000e+00 3.768418359473509338e-01 7.379677696663219377e-01 3.658039649234745561e-02 5.105572349553155753e-02
8.000000000000000000e+00 3.085538498425874909e-01 7.525074706554207848e-01 3.417578342199228958e-02 5.087201293923659939e-02
6.000000000000000000e+00 1.704368816494327976e-01 6.810934068900402760e-01 3.466275622270947876e-02 4.849039057813686604e-02
2.000000000000000000e+00 1.440762587668348860e-01 5.997103026943848558e-01 3.541257602105282731e-02 5.176840859272691109e-02
9.000000000000000000e+00 2.539195350598862921e-01 5.785904455986767836e-01 3.758271074672253631e-02 4.631856180020621494e-02
0.000000000000000000e+00 3.482397264712366880e-01 6.283798515843146415e-01 3.658039649234745561e-02 5.105572349553155753e-02
0.000000000000000000e+00 5.352852800940183231e-01 6.624946760146324110e-01 3.704284586985906458e-02 4.786982965627306630e-02
7.000000000000000000e+00 4.544967882419443939e-01 6.179482273279361948e-01 3.718493114202853222e-02 5.109170193878709298e-02
1.000000000000000000e+00 4.175079369266871954e-01 5.370807334831230184e-01 3.768432699265905628e-02 4.872519159944332934e-02
6.000000000000000000e+00 5.224632943180510525e-01 5.429107740044862851e-01 3.520767636663735267e-02 4.692707612821434005e-02
5.000000000000000000e+00 5.834649330860099958e-01 4.614539516457626944e-01 3.454005843752616656e-02 4.342014594065324307e-02
8.000000000000000000e+00 5.553970685356079962e-01 4.228630646860479514e-01 3.288623319537764544e-02 4.331430800892377420e-02
1.500000000000000000e+01 3.677875568482520396e-01 4.091076292245978685e-01 3.160466921513571670e-02 4.371071623797789796e-02
2.000000000000000000e+00 4.027689024548873342e-01 1.337802393604848872e-01 3.145161293784792811e-02 4.038991668137019431e-02
1.000000000000000000e+00 2.839827780558994430e-01 4.172206337301514467e-01 3.325846756756573042e-02 4.331791123119299591e-02
2.000000000000000000e+00 9.815877056183011651e-02 4.739373017527165888e-01 3.092965661345695172e-02 4.123151108870559689e-02
9.000000000000000000e+00 1.404463081174692485e-01 3.650220030874481436e-01 3.141332197880754296e-02 4.057260542836471640e-02
6.000000000000000000e+00 3.369363509883065433e-01 3.414367756025985523e-01 3.016335341771775314e-02 4.185543322537271793e-02
5.000000000000000000e+00 4.433908101819885594e-01 3.359866733577527853e-01 3.699640732613512784e-02 4.172439962747687137e-02
3.000000000000000000e+00 4.060765260494657580e-01 2.987060551527009888e-01 3.177966750266009166e-02 4.106154117852717222e-02
3.000000000000000000e+00 2.855160029109017339e-01 2.884521450454080038e-01 3.151574491629688390e-02 4.290617586263523187e-02
3.000000000000000000e+00 2.228095694395155757e-01 2.854590370424137102e-01 3.081809117170236645e-02 4.285392913973112838e-02
7.000000000000000000e+00 2.667635569601047307e-01 1.800215738893680417e-01 2.679705645753105436e-02 4.084838638055449112e-02
7.000000000000000000e+00 3.783263231877038724e-01 2.407123002880121321e-01 3.154344132627695529e-02 4.336894791676787486e-02
0.000000000000000000e+00 6.150647352621103625e-01 3.655878030977347537e-01 3.374632772899099908e-02 4.446959787143134335e-02
1.500000000000000000e+01 5.808810731526188320e-01 2.279160345277205235e-01 3.325542902938349865e-02 4.276056803735175937e-02
1.000000000000000000e+00 4.521982685556438231e-01 1.787137924336596462e-01 3.145545816758305024e-02 3.983399864260561696e-02
5.000000000000000000e+00 5.299166402511479301e-01 1.510908989437914629e-01 3.320837202213589023e-02 4.164502117867965869e-02
