3.000000000000000000e+00 3.794480480969100733e-01 8.996103677073298277e-01 4.684883940117412493e-02 3.472995728537076054e-02
1.500000000000000000e+01 5.162510281706966797e-01 8.927135159690919863e-01 5.154930889772152414e-02 3.661630743213750705e-02
7.000000000000000000e+00 2.570538280451580282e-01 8.288534143523910158e-01 4.517993884345483657e-02 3.552328596760201407e-02
8.000000000000000000e+00 3.980488249798170286e-01 7.904588629766571284e-01 4.759904342906162711e-02 3.604290270436705246e-02
9.000000000000000000e+00 1.940118724066478839e-01 7.586444151095443900e-01 4.629737993807997443e-02 3.513610669390343499e-02
5.000000000000000000e+00 1.234033073346713916e-01 6.621597760634985175e-01 4.409616679248744286e-02 3.453660330237018350e-02
2.000000000000000000e+00 3.146309120148388372e-01 7.275963724724293646e-01 4.966180993844115932e-02 3.577508210512281295e-02
2.000000000000000000e+00 2.189508099372112493e-01 6.481106532715754653e-01 4.535850554743842133e-02 3.254809721211682216e-02
9.000000000000000000e+00 1.227384541851726102e-01 5.821467224623289027e-01 4.940883553167588205e-02 3.823348197002918170e-02
0.000000000000000000e+00 6.745642706441362657e-01 8.463600504149801917e-01 5.515036481908230925e-02 3.783334173464247829e-02
6.000000000000000000e+00 5.419441463878472698e-01 7.805454357757257711e-01 5.266887087698646219e-02 3.773690039699129084e-02
5.000000000000000000e+00 4.237092167687053212e-01 7.004896699144479433e-01 4.763724880931013983e-02 3.631643790944649730e-02
8.000000000000000000e+00 3.444053045122570378e-01 6.296691194770445144e-01 4.846091792458390168e-02 3.634548224632017099e-02
8.000000000000000000e+00 3.081544078295284095e-01 5.571330384765761368e-01 4.688645564680055111e-02 3.690869494512694082e-02
1.000000000000000000e+00 1.400223679038455904e-01 4.824516973912569839e-01 4.590766738550605686e-02 3.501966423582902888e-02
0.000000000000000000e+00 7.106367184498058043e-01 7.579158028655599288e-01 5.611566189752870137e-02 4.013296981887082282e-02
5.000000000000000000e+00 5.970718589807066934e-01 6.848882952199978336e-01 5.386004216957773760e-02 3.827289507625319942e-02
2.000000000000000000e+00 4.841752401851836529e-01 5.989121682567499771e-01 4.972640854976345670e-02 3.680394680930276774e-02
7.000000000000000000e+00 3.735674388535719093e-01 5.092064361975809916e-01 4.966180993844115932e-02 3.577514101858503270e-02
3.000000000000000000e+00 2.598252645915611891e-01 4.620787446513621166e-01 4.759615666941291456e-02 3.569711013787690845e-02
3.000000000000000000e+00 1.651173082823629290e-01 3.617662623111459475e-01 4.550366831834426473e-02 3.510803442915638728e-02
6.000000000000000000e+00 7.283455160579970222e-01 6.349916267644234447e-01 5.369090161954903628e-02 4.085701626953341936e-02
6.000000000000000000e+00 6.295312619754538375e-01 5.642000617504314697e-01 5.354408927170117849e-02 3.838565544293903731e-02
7.000000000000000000e+00 4.934043433373530574e-01 4.801869313482964863e-01 4.828441319177789737e-02 3.572270803721067089e-02
1.000000000000000000e+00 3.928203288497729151e-01 3.865489318831754062e-01 4.766523270386380240e-02 3.672995150075664128e-02
1.000000000000000000e+00 2.853695674031484497e-01 3.388582780203643896e-01 4.431582563636826677e-02 3.764870694405059171e-02
1.500000000000000000e+01 5.262183759179231979e-01 3.641516831247294528e-01 5.401869612333154436e-02 3.953988799471946924e-02
0.000000000000000000e+00 7.757025429842658859e-01 5.334388393041260557e-01 5.531473337867132134e-02 4.189295058917952286e-02
1.100000000000000000e+01 7.555706641317683214e-01 2.011066881063047207e-01 3.498246038443808548e-02 3.113520510446701750e-02
1.200000000000000000e+01 6.585492645314516835e-01 2.384411064577863504e-01 3.949888422501546259e-02 2.717265617893477314e-02
