3.000000000000000000e+00 6.662116260473593954e-01 1.996199704058843893e-01 3.619852304206327975e-02 4.688821587798108759e-02
8.000000000000000000e+00 1.274282040637720603e-01 5.491309348544686220e-01 3.377854206245717306e-02 4.809771185398614701e-02
1.000000000000000000e+00 2.164174314182811254e-01 5.998767822254718052e-01 3.459960451465107778e-02 4.690110149465909206e-02
7.000000000000000000e+00 4.171199254606041684e-01 7.363654445122348458e-01 3.804221177049765812e-02 5.148493356446159908e-02
5.000000000000000000e+00 1.350670999904462488e-01 4.119489077071093464e-01 3.383113007262836258e-02 4.664095897900327747e-02
9.000000000000000000e+00 2.119455714013014358e-01 4.662121469491755654e-01 3.317113782891134566e-02 4.690983319543451380e-02
8.000000000000000000e+00 3.195180903822808505e-01 5.159904286230991843e-01 3.529737761253187722e-02 4.856679351376108622e-02
1.500000000000000000e+01 4.067723796570087980e-01 5.799251285331616934e-01 3.530763524159807876e-02 4.666537383165669794e-02
7.000000000000000000e+00 5.016703545777682072e-01 6.374562138548769408e-01 3.719325874009909993e-02 4.936496704159243354e-02
5.000000000000000000e+00 1.366268106381633429e-01 2.893141483728274288e-01 3.097202084043786108e-02 4.329459823720449574e-02
6.000000000000000000e+00 2.239311305802786645e-01 3.269130638458721538e-01 3.361662411604088296e-02 4.504797461716669726e-02
1.000000000000000000e+00 3.109343198773704131e-01 3.723940771314255826e-01 3.334616745545626593e-02 4.579141253204721540e-02
3.000000000000000000e+00 4.059952300300733730e-01 4.401929502456088938e-01 3.414860793091578639e-02 4.550275776369777647e-02
1.000000000000000000e+00 4.901205185706524192e-01 5.082955537344964192e-01 3.464727564477404487e-02 4.527194698074354928e-02
1.500000000000000000e+01 5.980803407581904985e-01 5.519245987177410218e-01 3.871528743641194925e-02 4.921712154496948877e-02
1.600000000000000000e+01 7.542128430914849524e-01 7.851983712230897750e-01 3.217905837641887867e-02 4.226459664089166068e-02
1.200000000000000000e+01 7.295282119679089572e-01 7.524194534807853163e-01 3.154489388192072141e-02 3.887296669313144992e-02
2.000000000000000000e+00 2.237887812512957819e-01 2.027406915661589537e-01 2.996996633819226652e-02 4.315302600133275046e-02
5.000000000000000000e+00 2.973204963093137865e-01 2.562586137409124110e-01 3.101098852771677628e-02 4.390231330799487797e-02
2.000000000000000000e+00 3.955128656361897033e-01 3.054310029806153182e-01 3.455083132520703204e-02 4.511463507713103782e-02
0.000000000000000000e+00 4.917543639011658363e-01 3.584819628404422032e-01 3.496449918167965354e-02 4.566006966731023242e-02
2.000000000000000000e+00 5.909323557432295537e-01 4.242681082810842441e-01 3.644600600449132699e-02 4.859423196506473808e-02
3.000000000000000000e+00 6.950607132821403633e-01 4.759566967565096451e-01 3.913644364468216175e-02 5.154582940643853695e-02
8.000000000000000000e+00 3.005221764427964959e-01 1.226069629840540187e-01 3.071230219375165049e-02 4.094913342246758736e-02
0.000000000000000000e+00 3.888554383088005384e-01 1.806937263960490814e-01 3.310848999519327984e-02 4.541674062078487895e-02
0.000000000000000000e+00 5.653590409378307369e-01 2.805077760140087251e-01 3.547461135771912133e-02 4.825830167763067724e-02
6.000000000000000000e+00 6.759977150137217450e-01 3.301914501339005548e-01 3.690774060212531626e-02 4.955813826003951927e-02
9.000000000000000000e+00 3.929145488520753293e-01 4.180239111260840995e-02 3.293261263070901279e-02 4.453924707976143760e-02
7.000000000000000000e+00 4.785608064165430831e-01 1.044958048739401679e-01 3.308017554801884197e-02 4.378820778135801561e-02
6.000000000000000000e+00 5.651135077726631151e-01 1.552383743249111658e-01 3.562240033847952070e-02 4.589438443374718735e-02
