6.000000000000000000e+00 6.279162521611477699e-01 8.678909718493527103e-01 3.184303277798683496e-02 3.937960445821153677e-02
1.400000000000000000e+01 2.839138222581556459e-01 3.304510264287418564e-01 2.844566086774830138e-02 3.527030353620441705e-02
1.200000000000000000e+01 3.898799518407142228e-01 2.041367502012784718e-01 2.726717959659041846e-02 4.127015039834311394e-02
1.000000000000000000e+00 5.691798839120720821e-01 1.998630598782687451e-01 4.668566741572333090e-02 5.916252179282002754e-02
0.000000000000000000e+00 8.019620314604567479e-01 3.347076917725257950e-01 3.877006950476669100e-02 5.601182894412876090e-02
5.000000000000000000e+00 9.105439575324454360e-01 3.797679416895430871e-01 4.014519946027272912e-02 6.212405423487815659e-02
1.000000000000000000e+00 9.053859178901293436e-01 5.415017715101368978e-01 3.598860843660744990e-02 5.105344957611157586e-02
5.000000000000000000e+00 7.803202577088015346e-01 5.070127992117722249e-01 4.021519857804578546e-02 5.485288231048884855e-02
9.000000000000000000e+00 6.882578249853866792e-01 4.421166578215992571e-01 3.768736222032909033e-02 5.577548696160145036e-02
0.000000000000000000e+00 5.740593379182280520e-01 3.926155336421470743e-01 3.812130248763967444e-02 5.513279738725790358e-02
6.000000000000000000e+00 4.991581927801773122e-01 3.365780519205553434e-01 4.021514431516381993e-02 5.485288231048895957e-02
8.000000000000000000e+00 3.679726291102981550e-01 4.144996725562308804e-01 3.993775246240760524e-02 5.263762728450188666e-02
3.000000000000000000e+00 4.816669054779632031e-01 4.600088392959892358e-01 3.871602367430004854e-02 5.164922888897099940e-02
3.000000000000000000e+00 5.915551833025296524e-01 5.030046443018029168e-01 4.024618268366475515e-02 5.059872662499725893e-02
9.000000000000000000e+00 5.431788744039427463e-01 8.371885991137735239e-01 3.210116130763507325e-02 4.156791796328829225e-02
0.000000000000000000e+00 6.864879596948110230e-01 5.722051209775919078e-01 3.677547448841056443e-02 5.270749074506997367e-02
1.000000000000000000e+00 4.653602718497339419e-01 8.009476411444504951e-01 3.240630862453136585e-02 3.951564150337194548e-02
3.000000000000000000e+00 3.620231246369298717e-01 7.615320061325945300e-01 3.167772090799042539e-02 3.792932041114294162e-02
1.500000000000000000e+01 8.091349604369950654e-01 6.205516666854048458e-01 3.661751523892442517e-02 4.759712104458602155e-02
8.000000000000000000e+00 9.022759764658159209e-01 6.614010626967621320e-01 3.468342333599228056e-02 4.501816905203048780e-02
0.000000000000000000e+00 8.191021565218431499e-01 7.407713259273260853e-01 3.506348056148200776e-02 4.368113163968445622e-02
6.000000000000000000e+00 7.180655655855214814e-01 6.961027183611045999e-01 3.450831701579570865e-02 4.355024956831365923e-02
1.500000000000000000e+01 6.217596127014858309e-01 6.530676405944473295e-01 3.597672486545056003e-02 4.673558926715826178e-02
8.000000000000000000e+00 5.148690877927089016e-01 6.047474123844016614e-01 3.611493242589075559e-02 4.322890478114171930e-02
5.000000000000000000e+00 4.115333242833957295e-01 5.402386944059494045e-01 3.700299875261364724e-02 4.626127741564378670e-02
2.000000000000000000e+00 3.063666497412629863e-01 5.193468879463410959e-01 3.812325595139143264e-02 4.652846784658509760e-02
7.000000000000000000e+00 7.092668664015442381e-01 8.172777841663039222e-01 3.369355984264743586e-02 4.123805390364332357e-02
7.000000000000000000e+00 6.282252250112247971e-01 7.574329337638432413e-01 3.569298425550104792e-02 4.454798117954761327e-02
2.000000000000000000e+00 4.339801285866016767e-01 6.835060244091228920e-01 3.571026698341628336e-02 4.454380293763404719e-02
2.000000000000000000e+00 3.403510586314012487e-01 6.442504106362688665e-01 3.506977505579345067e-02 4.368265100038026816e-02
