3.000000000000000000e+00 2.533204478654277336e-01 1.923488881352031221e-01 3.196153022554315548e-02 4.601951319416627828e-02
1.600000000000000000e+01 7.212695093095382592e-01 6.744066816362691563e-01 3.181262434677833983e-02 3.816200071851572062e-02
1.300000000000000000e+01 6.749054620683030414e-01 8.539250559131853491e-01 2.989209835230821621e-02 3.488430073657800001e-02
5.000000000000000000e+00 6.704717852442562132e-01 4.072661366284789919e-01 4.078530305833316660e-02 5.259987359878570690e-02
2.000000000000000000e+00 6.338834632057501750e-01 5.112973696458555928e-01 3.969326949634532919e-02 5.055934328851779958e-02
7.000000000000000000e+00 5.565822919283254233e-01 6.151046441090948225e-01 3.932725918904811380e-02 5.244468477154995423e-02
0.000000000000000000e+00 4.868428062095617737e-01 7.571107030982622277e-01 3.973088151060183426e-02 5.120123215140903739e-02
2.000000000000000000e+00 6.450152771593928858e-01 2.621294986075957123e-01 3.627266099554737888e-02 4.836319576816391907e-02
9.000000000000000000e+00 5.741691785823028749e-01 3.825424916444826184e-01 3.745071383387543751e-02 4.796685595506533506e-02
6.000000000000000000e+00 5.011388843663823200e-01 4.836238375164004788e-01 3.710763628849766960e-02 4.898620722678526107e-02
5.000000000000000000e+00 4.429570822721740075e-01 5.885912869736820152e-01 3.717454968971461993e-02 5.006516083241041581e-02
7.000000000000000000e+00 6.086643934553805924e-01 1.688307696096675858e-01 3.529577674372053053e-02 4.558390495312333868e-02
0.000000000000000000e+00 5.575358150353825204e-01 2.422530341336137094e-01 3.651215556772235971e-02 4.572552832343287910e-02
8.000000000000000000e+00 4.744700956534517733e-01 3.497806422985785257e-01 3.692214651431724448e-02 4.577322161409980161e-02
1.000000000000000000e+00 3.947042807645326778e-01 4.409931325361116650e-01 3.711529006208968973e-02 4.899583156148867857e-02
6.000000000000000000e+00 3.343707972898316005e-01 5.727264993779153102e-01 3.560432663136414710e-02 5.043802526531260266e-02
9.000000000000000000e+00 2.599916111548827291e-01 6.748060486881766185e-01 3.571282172791709342e-02 5.205051543155947424e-02
5.000000000000000000e+00 5.301522409778678391e-01 1.398473712388464962e-01 3.479468304429489400e-02 4.723857655069661765e-02
3.000000000000000000e+00 4.359003886968763064e-01 2.340551857628270782e-01 3.462275872704073665e-02 4.445791491053507904e-02
1.000000000000000000e+00 3.755301071353344122e-01 3.187747770943438752e-01 3.566521411382023166e-02 5.011319682935760911e-02
8.000000000000000000e+00 3.094618481642232855e-01 4.280138889816885728e-01 3.561100940382888602e-02 4.917829409686030884e-02
3.000000000000000000e+00 2.260482533489913404e-01 5.484039778155126443e-01 3.555126427564014868e-02 4.825550031959813246e-02
1.000000000000000000e+00 1.453250170690774390e-01 6.436276023129839929e-01 3.214910479626165163e-02 4.882587780534586308e-02
7.000000000000000000e+00 4.255775471971706692e-01 9.648878667818261423e-02 3.517020345086890876e-02 5.284665067941593519e-02
0.000000000000000000e+00 3.440545772534578939e-01 2.045059079261865032e-01 3.479522566257198246e-02 4.724742979626955774e-02
8.000000000000000000e+00 2.825211220179215665e-01 3.291075999144614794e-01 3.322528819278830481e-02 4.430009866848411137e-02
2.000000000000000000e+00 2.268157869018759265e-01 3.868030875175796357e-01 3.618478539352218415e-02 4.740067662125052594e-02
1.500000000000000000e+01 1.276518398296210832e-01 5.000809500792785522e-01 3.057885317905442712e-02 4.588068859181193559e-02
3.000000000000000000e+00 1.334026511240606894e-01 3.644991487840809619e-01 3.026493422635373465e-02 4.119949215686097288e-02
0.000000000000000000e+00 1.741849840612983980e-01 2.722516284625068894e-01 3.537868310468214594e-02 4.546592831615048347e-02
