8.000000000000000000e+00 5.166661826614223907e-01 4.697409497025942793e-01 3.808419647941208019e-02 5.206164171157473541e-02
1.100000000000000000e+01 1.515192995457090575e-01 1.921432217686452060e-01 3.181982567429914033e-02 4.114509034762431350e-02
1.100000000000000000e+01 2.875595693826437649e-01 3.225887097970702166e-01 3.374005499300358757e-02 4.498675874666574481e-02
1.500000000000000000e+01 6.053042639824106619e-01 1.982952816798741191e-01 4.227261632312306894e-02 5.829467125020798557e-02
2.000000000000000000e+00 8.428494288588654904e-01 3.420853126687143919e-01 4.451708989333402755e-02 6.064428154648227043e-02
5.000000000000000000e+00 9.285756139303814605e-01 4.332844593657445564e-01 4.532037161732649366e-02 6.171568020903045459e-02
6.000000000000000000e+00 9.226991827334267704e-01 5.616744920455418733e-01 4.001210637778351842e-02 5.269957996779239817e-02
5.000000000000000000e+00 8.218914058011475010e-01 4.999492040784299096e-01 4.083243730059671339e-02 5.701271779561872810e-02
9.000000000000000000e+00 7.180413597029986494e-01 4.511564649008820149e-01 3.956809572465769254e-02 5.662359655981946682e-02
2.000000000000000000e+00 6.109459170206825718e-01 3.822492300643831609e-01 4.082799212994714377e-02 5.701848526386671390e-02
2.000000000000000000e+00 5.051113976343440948e-01 3.171708345268228757e-01 4.322121011297497262e-02 5.698421806227582653e-02
7.000000000000000000e+00 9.064101924954268696e-01 7.106718857135756462e-01 3.695377270279343040e-02 4.926588257882424937e-02
1.000000000000000000e+00 8.181801665864865125e-01 6.525271405038255423e-01 3.842141050097869215e-02 5.379838113801671540e-02
5.000000000000000000e+00 7.312075050236044316e-01 5.814484960729215945e-01 3.679746024627561507e-02 4.841933077597559976e-02
9.000000000000000000e+00 6.108231121479861248e-01 5.324301082169176080e-01 3.808419647941196917e-02 5.206161357758321007e-02
8.000000000000000000e+00 4.039953002897213041e-01 3.809532658820498074e-01 4.049744586435499727e-02 5.528453110257858238e-02
0.000000000000000000e+00 2.976748506029907593e-01 4.550427538103693492e-01 4.050619553569723141e-02 5.207731234481460802e-02
6.000000000000000000e+00 4.155586099162101865e-01 5.478951663811977291e-01 3.990969864889121199e-02 4.871957673277194090e-02
7.000000000000000000e+00 5.203072275674059943e-01 5.847117296076704829e-01 3.615184141039096133e-02 4.820208009396853566e-02
8.000000000000000000e+00 6.194940927160590416e-01 6.531460320478288395e-01 3.454432140669683182e-02 4.605917023290617696e-02
1.000000000000000000e+00 7.222770165183607372e-01 7.263698370591112896e-01 3.454432140669694284e-02 4.605911396492357035e-02
0.000000000000000000e+00 8.076354903215738901e-01 7.873837148513237461e-01 3.440646484857257104e-02 4.844875893103650633e-02
6.000000000000000000e+00 7.018916045887043653e-01 8.388026636621250809e-01 3.481964064706488671e-02 4.508027613425868996e-02
3.000000000000000000e+00 6.100429846989604554e-01 7.759905736721438574e-01 3.593447819241801788e-02 4.657222170106001258e-02
1.500000000000000000e+01 4.373738756935292571e-01 6.759053620423756126e-01 3.575295767955721793e-02 4.874596641675565944e-02
3.000000000000000000e+00 3.401952429888485674e-01 6.136998690421324731e-01 4.148283891502868581e-02 4.942635886607738005e-02
7.000000000000000000e+00 6.211514380186180517e-01 9.065280739196188708e-01 3.283473128200797841e-02 4.109971021940916902e-02
0.000000000000000000e+00 5.440221004476937239e-01 8.277361299897337821e-01 3.659422029201242488e-02 4.185111286316045565e-02
3.000000000000000000e+00 4.407159969403148247e-01 7.958695456216382524e-01 3.401410820375622146e-02 4.481429737905318067e-02
1.000000000000000000e+00 3.775212424655731702e-01 7.547952122625205540e-01 3.375462840057674718e-02 4.339353081063035411e-02
