1.400000000000000000e+01 8.353269886464630423e-01 5.476078075340359286e-01 3.318115172077718000e-02 3.861169393970320662e-02
1.200000000000000000e+01 7.288191947102182766e-01 6.081090058164592138e-01 3.586954061964131579e-02 3.658587740321483928e-02
5.000000000000000000e+00 5.705073109359448669e-01 7.555821836840761474e-01 3.798822806059176660e-02 5.475623770019788505e-02
1.500000000000000000e+01 3.716418641506276099e-01 8.180852814477723722e-01 3.614272653921252187e-02 5.240744301222810542e-02
9.000000000000000000e+00 2.620242096536119503e-01 8.170040627130534805e-01 3.664109642894025631e-02 5.025787319822760946e-02
0.000000000000000000e+00 6.346615806507498458e-01 6.380486832398710728e-01 3.612745319167132152e-02 5.168053237266445610e-02
6.000000000000000000e+00 5.010887155426695383e-01 6.226718909383719414e-01 3.664753025665890007e-02 5.098265787732747523e-02
5.000000000000000000e+00 4.089282455265950134e-01 6.505333860622973807e-01 3.554712193143966248e-02 4.949728286921462050e-02
6.000000000000000000e+00 3.145175722390494144e-01 6.807493544264836549e-01 3.496228699180470301e-02 4.731386552678085167e-02
1.000000000000000000e+00 1.918314010004583958e-01 6.952637340820295719e-01 3.441225066817910072e-02 4.658074484481056210e-02
3.000000000000000000e+00 6.770400289613087708e-01 4.642445759028746011e-01 3.880068063565067504e-02 5.033063139777754769e-02
8.000000000000000000e+00 5.620015669064373220e-01 5.074625128514933525e-01 3.883547925165997672e-02 5.178101197773316011e-02
9.000000000000000000e+00 4.468827239648271998e-01 5.218598108291399029e-01 3.551246318125045320e-02 4.805697262829716765e-02
3.000000000000000000e+00 3.466696332162114147e-01 5.551828284511154399e-01 3.386201853240544679e-02 4.656222661024611575e-02
5.000000000000000000e+00 2.377828475614646164e-01 5.723774847879672389e-01 3.548510542686370006e-02 4.661694211901945550e-02
2.000000000000000000e+00 1.426224934788639653e-01 5.799064618771117008e-01 3.218334896108998588e-02 4.362739413658944798e-02
8.000000000000000000e+00 5.839528080220934836e-01 3.780084723563047477e-01 3.772209137834725556e-02 4.883689241363037281e-02
7.000000000000000000e+00 5.009987258740988825e-01 3.759084010559927136e-01 3.471822113595190995e-02 4.873554564047788418e-02
0.000000000000000000e+00 4.022539604901412824e-01 4.211177055896404009e-01 3.545950998180863456e-02 4.825463100508287084e-02
1.500000000000000000e+01 2.691827940783040329e-01 4.549117493335389506e-01 3.203777661566215018e-02 4.563371337777366588e-02
6.000000000000000000e+00 1.771925687383005266e-01 4.694097786747300494e-01 3.220421694142994173e-02 4.434261199360323147e-02
7.000000000000000000e+00 6.187981112420728458e-01 2.237085277352995338e-01 3.825050444620503587e-02 4.958841943750905146e-02
0.000000000000000000e+00 5.212689196995000662e-01 2.489652317609586663e-01 3.825067228518896911e-02 4.959756666213527287e-02
3.000000000000000000e+00 4.170988850380293322e-01 2.891218695615012102e-01 3.602895968124653070e-02 4.663534846092803887e-02
2.000000000000000000e+00 3.108889633385809037e-01 3.263413950755215120e-01 3.276826782021691198e-02 4.580074113998533480e-02
8.000000000000000000e+00 2.059513170839346041e-01 3.405260970068091919e-01 3.330096078216590594e-02 4.524690046605639449e-02
1.000000000000000000e+00 5.296812333612657131e-01 1.278699223319040845e-01 3.832060519517543895e-02 4.875218967305471052e-02
2.000000000000000000e+00 4.365030157195758931e-01 1.589479117177477474e-01 3.469270961038894985e-02 4.742827576751865171e-02
1.000000000000000000e+00 3.579107051137662143e-01 1.906623884905424005e-01 3.554885626760728723e-02 4.505640321925324931e-02
7.000000000000000000e+00 2.432680773160000864e-01 2.571131430766473991e-01 3.275889681027865930e-02 4.416187738103413696e-02
