12 0.762049 0.863097 0.033986 0.040778
2 0.213215 0.752535 0.038375 0.037986
8 0.322778 0.750132 0.035194 0.038792
0 0.548910 0.741340 0.041986 0.041986
1 0.174431 0.645764 0.038389 0.038000
7 0.256201 0.644965 0.034792 0.037181
8 0.367972 0.642167 0.037583 0.035583
9 0.477333 0.647167 0.036389 0.035194
6 0.608097 0.644361 0.040389 0.038389
5 0.113250 0.556792 0.035194 0.037583
3 0.213812 0.546194 0.033986 0.037194
0 0.311590 0.549792 0.036792 0.037194
0 0.425944 0.546396 0.038389 0.035986
7 0.536521 0.543993 0.037986 0.039181
5 0.653882 0.544396 0.039986 0.040792
15 0.167028 0.449819 0.036389 0.035583
5 0.264396 0.465618 0.035986 0.039986
2 0.369167 0.455424 0.034389 0.037181
9 0.490729 0.448618 0.036792 0.037986
2 0.597896 0.440424 0.037597 0.037597
1 0.721660 0.447028 0.041986 0.040389
1 0.214014 0.357049 0.034389 0.034792
3 0.321986 0.359653 0.037583 0.037583
15 0.529521 0.336257 0.036792 0.035597
8 0.640486 0.322257 0.041194 0.041986
3 0.577507 0.231285 0.037597 0.035986
6 0.470938 0.245688 0.038792 0.040792
7 0.374965 0.251083 0.034792 0.037194
6 0.259597 0.270076 0.035194 0.033597
12 0.780243 0.773125 0.032792 0.036778
