1.600000000000000000e+01 1.937649786038863065e-01 8.372675506087987607e-01 3.503087229405696390e-02 2.972350577376858816e-02
1.400000000000000000e+01 2.880851342347235944e-01 6.976493818465567820e-01 3.564687070082905862e-02 2.535357595098342021e-02
6.000000000000000000e+00 2.558523282100622631e-01 4.383378593619893238e-01 5.448332084973461775e-02 3.893341158210950059e-02
1.500000000000000000e+01 3.213790246078207513e-01 2.388778086225426256e-01 4.601897590700182450e-02 3.331032039505105180e-02
1.000000000000000000e+00 3.616607173221192406e-01 1.478737008511885609e-01 4.419308409581185204e-02 3.113265175463228451e-02
3.000000000000000000e+00 3.417322407344534074e-01 5.259835767601390710e-01 4.910519123081075188e-02 3.924192045148278130e-02
6.000000000000000000e+00 4.036906582581458736e-01 4.005223867104074631e-01 4.603472190355195615e-02 3.355858137983924738e-02
8.000000000000000000e+00 4.380069386014448507e-01 3.253231553228764783e-01 4.255550045460709807e-02 3.191681311263477872e-02
3.000000000000000000e+00 4.477339810273156528e-01 2.081478466468018040e-01 4.316278089054664813e-02 3.093248714431465207e-02
9.000000000000000000e+00 4.907857352062427458e-01 1.292307628302422073e-01 4.174708972542695573e-02 2.987130891003902944e-02
1.500000000000000000e+01 5.963245378356285542e-01 1.482088598867840334e-01 3.894819189573650586e-02 2.826250798484480908e-02
9.000000000000000000e+00 5.748528462879556322e-01 2.266526115361821025e-01 3.971537332900954009e-02 2.979324954042975038e-02
5.000000000000000000e+00 5.639205645128653188e-01 2.989429108898516985e-01 4.168268403936792321e-02 2.885583966745214335e-02
2.000000000000000000e+00 5.258561066143030427e-01 3.904206458981493988e-01 4.590663479362611099e-02 3.152147325376852827e-02
5.000000000000000000e+00 4.990819842590593081e-01 4.744954556187206407e-01 4.384259484381380911e-02 3.095861423228696285e-02
8.000000000000000000e+00 4.450113184994909932e-01 5.856218203509562237e-01 4.670377922203783339e-02 3.355099003908346145e-02
6.000000000000000000e+00 5.496176737931423029e-01 6.725850011064864464e-01 4.351662320824956076e-02 3.600403925971129571e-02
0.000000000000000000e+00 5.848021701455333732e-01 5.675643007775534876e-01 4.138868723836530705e-02 3.440873107091346750e-02
7.000000000000000000e+00 6.072158853845939230e-01 4.614913413691199562e-01 4.194760305457789773e-02 3.290620891630069433e-02
3.000000000000000000e+00 6.359957043463851933e-01 3.755623936118609452e-01 4.265952596503486127e-02 3.343993650293830555e-02
7.000000000000000000e+00 6.733886638946284808e-01 3.046909238928106056e-01 3.897909374927255310e-02 2.875047293074245447e-02
7.000000000000000000e+00 6.890191540372729850e-01 1.990591206330347140e-01 3.829914567337711073e-02 2.872431901824445966e-02
0.000000000000000000e+00 7.672499055408351643e-01 2.775283019327383638e-01 3.813020481090334535e-02 2.804407587256713130e-02
0.000000000000000000e+00 7.425277789233917236e-01 3.581051666854689342e-01 3.732353767588969529e-02 2.770654286645257702e-02
5.000000000000000000e+00 6.888488987730427837e-01 5.240207993946137677e-01 4.020234576745862487e-02 2.987173810244925232e-02
2.000000000000000000e+00 6.622840881913594213e-01 6.474714241863943620e-01 3.960941645273585721e-02 3.248847057852577436e-02
2.000000000000000000e+00 8.450976832918504211e-01 3.403864006340974746e-01 3.568788540053102754e-02 2.838989765710409063e-02
1.000000000000000000e+00 8.297996026709235640e-01 4.186440303123498685e-01 3.602898606855553520e-02 2.856924643552588572e-02
1.000000000000000000e+00 7.983759048131089386e-01 6.051231700168735461e-01 3.845081154133966894e-02 3.093930057382698884e-02
8.000000000000000000e+00 7.967981935131303040e-01 5.252253815429550610e-01 3.454601899313347602e-02 3.031230411154284266e-02
