6.000000000000000000e+00 5.160747028406585946e-01 8.682535452900157491e-01 4.948195225974916234e-02 3.635214776798634251e-02
1.000000000000000000e+01 5.530848248215076701e-01 2.215766841922074404e-01 3.536660496689603139e-02 3.069362409576062434e-02
1.400000000000000000e+01 5.961720151822089697e-01 2.285504333914585851e-01 3.938684923084356804e-02 2.765311216410845652e-02
3.000000000000000000e+00 3.143468199304180755e-01 3.339178700715901282e-01 5.365692412466493977e-02 4.342029662576213367e-02
2.000000000000000000e+00 6.370780428506278570e-01 8.862638980569633729e-01 4.721052270716974419e-02 3.388943649150188975e-02
3.000000000000000000e+00 4.754190845539550403e-01 3.220426085348579992e-01 5.623052533378991580e-02 4.374290040027756232e-02
5.000000000000000000e+00 6.240111714645480978e-01 4.280773352733616699e-01 5.298220048532242821e-02 4.026840373593737477e-02
8.000000000000000000e+00 7.322704893757190359e-01 4.165387399367972421e-01 5.603119624699948176e-02 3.937743790814712819e-02
7.000000000000000000e+00 1.885307204478744447e-01 4.005554360430787497e-01 5.039585989156189494e-02 3.989795225124953548e-02
2.000000000000000000e+00 3.484500298431097431e-01 4.337085251909735817e-01 5.239512490343944950e-02 4.042564102295820305e-02
6.000000000000000000e+00 5.115204410314790895e-01 4.697585558608069478e-01 5.279353756425442246e-02 3.846006581841426852e-02
3.000000000000000000e+00 6.710348043984043498e-01 5.179401770346678813e-01 5.276827702855335644e-02 3.805859788762250284e-02
1.000000000000000000e+00 1.176442969085041701e-01 4.905157872912785932e-01 5.084839447768040033e-02 3.949874849374401808e-02
8.000000000000000000e+00 2.403205609059531067e-01 5.182894053046953609e-01 4.770648577367286869e-02 3.814752806730437040e-02
5.000000000000000000e+00 3.880890206846285273e-01 5.543832054448661895e-01 4.865803869627127742e-02 3.596805668518765486e-02
8.000000000000000000e+00 5.447746541597671133e-01 5.671776122190855807e-01 5.006430854068577574e-02 3.723626651752520722e-02
0.000000000000000000e+00 6.839810744579888357e-01 6.236277350824586119e-01 5.205999997785837330e-02 3.719671168300420216e-02
1.500000000000000000e+01 8.390929574635110910e-01 6.423397633346157320e-01 5.490320148324034921e-02 3.676771904322484463e-02
7.000000000000000000e+00 1.559443566014812044e-01 5.996734091340234496e-01 4.836879737873467366e-02 3.816397742262600534e-02
1.000000000000000000e+00 4.211869512977635677e-01 6.427618543377510152e-01 4.912020283865592418e-02 3.736627916671708682e-02
9.000000000000000000e+00 5.760103158844489535e-01 6.816939866467782716e-01 5.099845733609487120e-02 3.793035838618519229e-02
1.000000000000000000e+00 7.141254319378296245e-01 7.011438080399421402e-01 5.045505574736253163e-02 3.608339312681219102e-02
2.000000000000000000e+00 8.781845912328454240e-01 7.635559629127013359e-01 5.124407921887330630e-02 3.606653458354736053e-02
9.000000000000000000e+00 2.103632295954069864e-01 7.143268342435329377e-01 4.943200405146760956e-02 3.555619538063548024e-02
0.000000000000000000e+00 3.483750802514911094e-01 7.246552289585249662e-01 4.638478143754493077e-02 3.478212090865429040e-02
0.000000000000000000e+00 4.746064236589184193e-01 7.557650517510369204e-01 4.593025547010232135e-02 3.476602618288349156e-02
1.500000000000000000e+01 6.070563871953913448e-01 7.697383289899686343e-01 5.044774492277526168e-02 3.625950761761831398e-02
5.000000000000000000e+00 7.478235867054263686e-01 8.347395523761104164e-01 5.036525263340141390e-02 3.493346588929102658e-02
7.000000000000000000e+00 2.600249517582559067e-01 7.992862814028185436e-01 4.793263031034911137e-02 3.367976858934340623e-02
6.000000000000000000e+00 3.761171907932722158e-01 8.352131192225156209e-01 4.771379659826024966e-02 3.351505680255784103e-02
