1.300000000000000000e+01 2.112297841230941498e-01 4.443184426801868869e-01 3.326705608777047463e-02 3.969521255009067495e-02
6.000000000000000000e+00 4.726407117173410111e-01 2.108499077987177617e-01 3.696999833098163490e-02 5.091497006880216225e-02
9.000000000000000000e+00 7.093994538028669528e-01 1.705786381862850198e-01 3.782168577748024063e-02 5.379337028213621030e-02
8.000000000000000000e+00 8.171005183332952226e-01 1.661545588095256765e-01 3.732019160630661858e-02 5.043827219165786246e-02
2.000000000000000000e+00 4.359312049804769940e-01 3.377741905196273153e-01 3.782125075477787979e-02 5.042867269069445380e-02
5.000000000000000000e+00 5.413828106197522416e-01 3.309710589887096543e-01 3.681829141394432625e-02 5.177617001172363231e-02
8.000000000000000000e+00 6.475439817886952110e-01 3.312328411501772596e-01 3.530516644940540072e-02 4.975896974131105432e-02
5.000000000000000000e+00 7.592666571925019703e-01 3.292031847297230973e-01 3.681040300227655937e-02 5.109695456591728524e-02
1.000000000000000000e+00 8.837056262138461848e-01 3.118678345602703406e-01 3.630815479175253380e-02 4.975896974131099881e-02
7.000000000000000000e+00 3.780188222419246236e-01 4.745969073041390596e-01 3.479613188472585605e-02 4.841124040817407215e-02
1.500000000000000000e+01 4.737888671354346659e-01 4.824730368309553263e-01 3.580700863874070050e-02 4.841132741271447770e-02
6.000000000000000000e+00 5.755903277867971957e-01 4.561132277075117814e-01 3.631598520039314160e-02 4.975894073979758581e-02
2.000000000000000000e+00 7.146225103753668373e-01 4.433210081276720560e-01 3.680999698108777807e-02 4.639464916954455509e-02
8.000000000000000000e+00 8.089618236041472565e-01 4.390718513794943378e-01 3.579923623312697423e-02 4.774292953143782769e-02
6.000000000000000000e+00 9.302099301058756042e-01 4.455652757479113824e-01 3.530510844637846368e-02 4.975896974131099881e-02
3.000000000000000000e+00 3.198388860407212486e-01 6.134386949566830172e-01 3.933428871477639976e-02 4.908047933334169777e-02
1.000000000000000000e+00 4.314087959722485155e-01 5.969478543591414388e-01 3.630824179629288384e-02 4.975899874282463387e-02
2.000000000000000000e+00 5.342812970173494991e-01 5.988519487269645669e-01 3.832317994865364064e-02 4.841187844147065711e-02
1.500000000000000000e+01 6.550667713759734667e-01 5.623082726442047985e-01 3.933423071174935171e-02 5.042893370431589251e-02
0.000000000000000000e+00 7.679452150951635581e-01 5.760966652107226693e-01 3.630803878569854870e-02 4.842115892578580105e-02
0.000000000000000000e+00 8.714407121521812183e-01 5.601875659721660128e-01 3.732007560025263349e-02 4.908105936361151223e-02
3.000000000000000000e+00 3.876874048104055892e-01 7.241930678282703093e-01 3.630792277964456360e-02 4.706388809471229173e-02
7.000000000000000000e+00 5.000915577780704613e-01 6.959476238003365900e-01 3.681782738972855240e-02 4.706400410076627683e-02
9.000000000000000000e+00 6.996834537598388692e-01 7.144733555915161460e-01 3.681028699622268530e-02 4.975911474887861896e-02
3.000000000000000000e+00 8.282906073037121786e-01 6.770140727265379077e-01 3.529733604076445985e-02 4.975899874282441182e-02
1.000000000000000000e+00 4.395037709198186260e-01 8.559376921054342446e-01 3.580718264782162263e-02 4.975899874282474489e-02
7.000000000000000000e+00 5.548527665682105869e-01 8.398404600489038918e-01 3.832317994865375166e-02 4.975934676098625609e-02
5.000000000000000000e+00 6.621545962640114080e-01 8.202778081446002734e-01 3.681788539275554495e-02 4.841153042330881284e-02
0.000000000000000000e+00 7.588294013736966992e-01 8.066383093483117106e-01 3.630792277964456360e-02 4.706383009168524367e-02
1.100000000000000000e+01 9.033667064717254558e-02 4.097951860358364229e-01 3.677209200296355229e-02 4.358767968392279757e-02
