1.400000000000000000e+01 5.650319123141382960e-01 8.265739418715154496e-01 3.864508354223983311e-02 3.193084457284423028e-02
1.200000000000000000e+01 4.727114003879444581e-01 7.368191341077372503e-01 3.759663764667942054e-02 3.406339853429851683e-02
5.000000000000000000e+00 2.809540616603176111e-01 6.140411566152824685e-01 5.305963966395821352e-02 3.764216032493905573e-02
1.500000000000000000e+01 1.563988097850519676e-01 4.371321404920804898e-01 5.074559757606100785e-02 3.584836959135173640e-02
9.000000000000000000e+00 1.214162749605261632e-01 3.330516170439696833e-01 4.901672185298830420e-02 3.602703651691580022e-02
0.000000000000000000e+00 4.134097716085092800e-01 6.531212255085698803e-01 5.012739850968350730e-02 3.575513301084887186e-02
6.000000000000000000e+00 3.841058074326731964e-01 5.236978134798049300e-01 4.962897722431025560e-02 3.611104256638764110e-02
5.000000000000000000e+00 3.274296347546568065e-01 4.415085488982068984e-01 4.817707221276662510e-02 3.503183736415715899e-02
6.000000000000000000e+00 2.677830525396009409e-01 3.576219211334506487e-01 4.623025187422349913e-02 3.430774739877140433e-02
1.000000000000000000e+00 2.137283506743830053e-01 2.440384427325960059e-01 4.551246167779066099e-02 3.376922671449811286e-02
3.000000000000000000e+00 5.920382274965044767e-01 6.611680025630018998e-01 4.948117916661542992e-02 3.784665630321004670e-02
8.000000000000000000e+00 5.132943202503946756e-01 5.601355401518498534e-01 5.070108833889386268e-02 3.802567930267142238e-02
9.000000000000000000e+00 4.618362598912109096e-01 4.537016695356355100e-01 4.695653306359293122e-02 3.484750064653552304e-02
3.000000000000000000e+00 3.973392664369229665e-01 3.648903754289023471e-01 4.539701156415382188e-02 3.330701540545416561e-02
5.000000000000000000e+00 3.452774006139039953e-01 2.648792836019632224e-01 4.574410144315860238e-02 3.467255880174360816e-02
2.000000000000000000e+00 3.068842256588805162e-01 1.760903536750128007e-01 4.261826564993131949e-02 3.158882189930156681e-02
8.000000000000000000e+00 6.431838330107745305e-01 5.570187431575549519e-01 4.802648034449252812e-02 3.678489872194901089e-02
7.000000000000000000e+00 6.179252654680399415e-01 4.780180792411649615e-01 4.738445171729321892e-02 3.425825312704144920e-02
0.000000000000000000e+00 5.426463407072213974e-01 3.927944761628056058e-01 4.711356165231883608e-02 3.482435584320858757e-02
1.500000000000000000e+01 4.669097514271249860e-01 2.729317852290523705e-01 4.428649924925753822e-02 3.168608485387430784e-02
6.000000000000000000e+00 4.229535654982476967e-01 1.884347235479105209e-01 4.322504296129431323e-02 3.168277062759905505e-02
7.000000000000000000e+00 8.008544503638272971e-01 5.615303637786203117e-01 4.875571968623992891e-02 3.730706739724465315e-02
0.000000000000000000e+00 7.448831396607404898e-01 4.737721171378131979e-01 4.876338897018239749e-02 3.730816300923639472e-02
3.000000000000000000e+00 6.726103276927444252e-01 3.824736468581773630e-01 4.586286578307063877e-02 3.513288018010163327e-02
2.000000000000000000e+00 6.024509238666460043e-01 2.886993125994541942e-01 4.455662238583768531e-02 3.231239144899122895e-02
8.000000000000000000e+00 5.545387158528987115e-01 1.918745206525401814e-01 4.418630553260671778e-02 3.269695125811578063e-02
1.000000000000000000e+00 8.624041243038031990e-01 4.593694210159061653e-01 4.807216736455088846e-02 3.728088227064052518e-02
2.000000000000000000e+00 8.023454687234786720e-01 3.768100176180259053e-01 4.627788360556728264e-02 3.409451391486584271e-02
1.000000000000000000e+00 7.464747899818392485e-01 3.081907566542612109e-01 4.445390876160582039e-02 3.456696919603313711e-02
7.000000000000000000e+00 6.458440063171837497e-01 2.118261217439064981e-01 4.317330268498109636e-02 3.212742475447427637e-02
