1.200000000000000000e+01 1.185752599852308298e-01 3.265167746403647708e-01 3.347701134943659174e-02 3.669766451612349600e-02
2.000000000000000000e+00 6.158828290461844102e-01 1.617143423879534858e-01 3.582007529294706227e-02 3.563623557770689843e-02
8.000000000000000000e+00 5.279616525623924694e-01 2.145026672230565534e-01 3.379237231726672785e-02 3.550170238803476708e-02
0.000000000000000000e+00 3.482754403910133800e-01 3.265691488796277353e-01 3.928907382738500154e-02 3.928904593907867060e-02
1.000000000000000000e+00 6.969406096804983131e-01 2.304863619431580246e-01 3.583318279691605213e-02 3.564931519336950183e-02
7.000000000000000000e+00 6.308611363794129900e-01 2.690756484442892726e-01 3.312037568825765277e-02 3.425693572389165720e-02
8.000000000000000000e+00 5.413289639929258490e-01 3.232094306734921707e-01 3.471770632085746655e-02 3.376741228311325171e-02
9.000000000000000000e+00 4.501371027209144504e-01 3.698879853607152102e-01 3.378043612216313774e-02 3.321109634870617056e-02
6.000000000000000000e+00 3.451740097338307223e-01 4.328407193666352626e-01 3.734230271663591116e-02 3.639256644501792648e-02
5.000000000000000000e+00 7.879407946231944404e-01 2.744021755092624915e-01 3.349642161063304258e-02 3.463298164626704700e-02
3.000000000000000000e+00 7.111366221332348081e-01 3.296738145803431719e-01 3.256696013770743470e-02 3.409072141824365243e-02
0.000000000000000000e+00 6.300082004190206142e-01 3.721173765676785150e-01 3.452193041051365707e-02 3.471204499467517302e-02
0.000000000000000000e+00 5.386543917522277347e-01 4.279355846101085548e-01 3.538384640554004257e-02 3.424076050622792966e-02
7.000000000000000000e+00 4.499092413141532187e-01 4.811943712286225194e-01 3.582322667156090379e-02 3.639292899300011763e-02
5.000000000000000000e+00 3.543491509588257982e-01 5.353205399502010131e-01 3.760450857262626068e-02 3.798777756633786584e-02
1.500000000000000000e+01 7.938719959457281039e-01 3.862856819880892689e-01 3.386794962738515213e-02 3.348431808569163337e-02
5.000000000000000000e+00 7.074156806395310859e-01 4.186238882932333816e-01 3.463175456078915193e-02 3.653309562054818382e-02
2.000000000000000000e+00 6.270036816262887225e-01 4.755201048721853230e-01 3.284149262508984091e-02 3.416917122391271988e-02
9.000000000000000000e+00 5.313745119362145441e-01 5.374538559419029804e-01 3.470588167897903364e-02 3.527497045767935546e-02
2.000000000000000000e+00 4.480874098157032748e-01 5.938365093600315170e-01 3.518196295611292213e-02 3.518199084441908653e-02
1.000000000000000000e+00 3.444467524258548741e-01 6.458943278994728754e-01 3.892711149969946272e-02 3.816726670579251302e-02
1.000000000000000000e+00 7.987327882952111047e-01 4.834757183502540467e-01 3.227357515525486331e-02 3.246430328215543781e-02
3.000000000000000000e+00 7.097814456643835035e-01 5.314569218813807172e-01 3.516888334045042974e-02 3.516888334045031872e-02
1.500000000000000000e+01 5.519840260809271149e-01 6.467626024283394948e-01 3.415748602356605268e-02 3.358811836180264354e-02
8.000000000000000000e+00 4.683043960490071989e-01 7.096256894736043819e-01 3.873164236072518252e-02 3.910821816092069358e-02
3.000000000000000000e+00 5.616937024730959127e-01 7.543325687925374057e-01 3.481715602118307107e-02 3.405145468294978883e-02
6.000000000000000000e+00 6.416139469810545615e-01 6.931816843135911732e-01 3.676956056980817955e-02 3.771926895311983330e-02
7.000000000000000000e+00 7.171029627217275770e-01 6.442674635504834768e-01 3.312344340195250147e-02 3.426630619481407791e-02
6.000000000000000000e+00 8.020440226808149831e-01 5.753039210516484037e-01 3.257186847961923704e-02 3.181313921796491417e-02
1.200000000000000000e+01 1.455355271327066768e-01 4.080740627291183920e-01 3.164313210265781717e-02 3.353747319753136447e-02
