3.000000000000000000e+00 1.359589322724513161e-01 6.708296002116196366e-01 5.302424436822888998e-02 4.034765314476640441e-02
1.000000000000000000e+01 7.117932469569182574e-01 2.009166100684307010e-01 4.555842044111280131e-02 3.295075501706209997e-02
1.000000000000000000e+01 8.054642760760883924e-01 2.869416045205629429e-01 5.048978227278622111e-02 3.502983826821770563e-02
2.000000000000000000e+00 8.281134730912922404e-01 5.234276565054949426e-01 6.580397843713881034e-02 4.838643181822910311e-02
8.000000000000000000e+00 6.526542747346384399e-01 7.836997473365044931e-01 6.392235906872900664e-02 3.922019713928448503e-02
3.000000000000000000e+00 7.370841561154951593e-01 4.251887240504154675e-01 6.517655987195380973e-02 4.547673917483574524e-02
1.000000000000000000e+00 6.468703502242173498e-01 5.338842180151358585e-01 5.951457878172550231e-02 4.415306301693755486e-02
2.000000000000000000e+00 6.193040219662239165e-01 6.694575631906848345e-01 5.466403049749479770e-02 3.954356702489980613e-02
6.000000000000000000e+00 5.055682385321532690e-01 7.730958760927455486e-01 5.479337845174087063e-02 4.012378168549413093e-02
1.500000000000000000e+01 4.459560992294814286e-01 8.812302741351892843e-01 5.113218344984510333e-02 3.737259234918255402e-02
5.000000000000000000e+00 3.159054662712416084e-01 8.874518471017145416e-01 4.863633484253288009e-02 3.647704866417156300e-02
7.000000000000000000e+00 3.505965760304751155e-01 7.596718607893020447e-01 5.047555168390233105e-02 3.785695300253821838e-02
7.000000000000000000e+00 4.281287579290511403e-01 6.775808576786168658e-01 5.505525599595934017e-02 4.129161554073634832e-02
7.000000000000000000e+00 4.720310212788892956e-01 5.493059823909913764e-01 5.703209304446271721e-02 4.326295703662197401e-02
0.000000000000000000e+00 5.643571729766408973e-01 4.304672601877276295e-01 5.730525093352811794e-02 4.443877390514044956e-02
5.000000000000000000e+00 6.181463404213441981e-01 3.130812439330356023e-01 6.097599084260219016e-02 4.719690499212719770e-02
9.000000000000000000e+00 2.336124726778911476e-01 7.763411156093966703e-01 4.710478217587629746e-02 3.695504604607491306e-02
6.000000000000000000e+00 2.746857846218760391e-01 6.565011904910544871e-01 5.016751149769452245e-02 3.925166640901167625e-02
8.000000000000000000e+00 3.349261523606449908e-01 5.764982949074022311e-01 5.036552493570189970e-02 3.736622907773046176e-02
5.000000000000000000e+00 3.767631436507749565e-01 4.653336346895270426e-01 5.582518291771210173e-02 4.187394165049435069e-02
2.000000000000000000e+00 4.713700653807551544e-01 3.395020387098306447e-01 5.693447467559409336e-02 4.391895247541960368e-02
1.000000000000000000e+00 5.171387774813820393e-01 2.221274040338496736e-01 6.209407548467266169e-02 4.759064687521147308e-02
3.000000000000000000e+00 3.580554003589936918e-01 2.593034725290239151e-01 5.539430266851597118e-02 4.271559999588989132e-02
1.500000000000000000e+01 2.865354687201274730e-01 3.814675680832947391e-01 5.364798959034827730e-02 3.906611919825836443e-02
0.000000000000000000e+00 2.058857321313805611e-01 4.726465520960432265e-01 5.115506230311184233e-02 4.012123637691339395e-02
6.000000000000000000e+00 1.893985536467018838e-01 5.738919856924724616e-01 5.040639449280157058e-02 4.422207558823265661e-02
1.000000000000000000e+00 7.378919170541987926e-02 5.706648814994599306e-01 4.892415717989944540e-02 4.194309884159508339e-02
9.000000000000000000e+00 1.140791415476994919e-01 4.911012685757169538e-01 4.453783847206647939e-02 3.864434999682331284e-02
0.000000000000000000e+00 1.699835905809329306e-01 3.734806356101868507e-01 5.167757366121930596e-02 4.226589024798760308e-02
8.000000000000000000e+00 2.353028468152019437e-01 2.820111682556462052e-01 5.075481252876962168e-02 4.215780140518393670e-02
