16 0.483677 0.205238 0.036771 0.032305
2 0.160375 0.767777 0.046208 0.035570
10 0.781542 0.244641 0.050437 0.029156
9 0.360437 0.336426 0.049167 0.039711
5 0.507323 0.381812 0.055479 0.041609
9 0.639406 0.449676 0.053417 0.039398
3 0.760109 0.498375 0.057781 0.038609
1 0.628776 0.567715 0.047281 0.035461
5 0.515833 0.504680 0.048333 0.038609
15 0.383974 0.451883 0.049385 0.037031
5 0.261568 0.404996 0.052531 0.036242
3 0.137594 0.471586 0.050438 0.040188
0 0.259245 0.518957 0.047281 0.036773
1 0.378318 0.562949 0.049031 0.036773
7 0.512156 0.623664 0.051479 0.038609
6 0.639281 0.667402 0.053583 0.039398
7 0.762208 0.724137 0.055688 0.040977
8 0.151234 0.566750 0.052365 0.038953
2 0.385589 0.667414 0.048031 0.036937
6 0.522057 0.725176 0.048885 0.035570
0 0.651193 0.778535 0.048885 0.037211
8 0.157823 0.674941 0.045958 0.035023
8 0.281495 0.722277 0.046698 0.035570
2 0.396776 0.789316 0.048156 0.036117
1 0.531391 0.821324 0.047427 0.036664
7 0.645578 0.876051 0.049615 0.036664
0 0.767193 0.835512 0.051177 0.034961
6 0.530052 0.921910 0.049854 0.035570
15 0.408146 0.879961 0.050458 0.036484
3 0.281979 0.817258 0.046208 0.034203
