1.500000000000000000e+01 7.742684447649903490e-01 6.067939754051626666e-01 3.692016968499733931e-02 4.362853363515784011e-02
8.000000000000000000e+00 5.831929913893434403e-01 7.534535361127067121e-01 4.348532469615651319e-02 6.357780575906990528e-02
6.000000000000000000e+00 3.444521428380817873e-01 8.548838493312482800e-01 3.888848022789098691e-02 5.496002797310084453e-02
0.000000000000000000e+00 6.406367486252240173e-01 5.995962465493833715e-01 4.015142291725992685e-02 5.507648678208609816e-02
1.000000000000000000e+00 5.135263976307555822e-01 6.497727884203865489e-01 3.994438503461938961e-02 5.169210211140184974e-02
5.000000000000000000e+00 3.910582386676928479e-01 6.832799374495308609e-01 3.935141414821191619e-02 5.246855219761570321e-02
2.000000000000000000e+00 2.669163252300529310e-01 7.140816676893741999e-01 3.914446330504012250e-02 4.909205910541813989e-02
0.000000000000000000e+00 1.701903502234965171e-01 7.601527899318206716e-01 3.617815821519237973e-02 5.212526853346211020e-02
7.000000000000000000e+00 6.669235095235970245e-01 4.413332076711031782e-01 4.052795565841826875e-02 5.092786656394815425e-02
7.000000000000000000e+00 5.388150189163936066e-01 4.918748220865659659e-01 3.871179010663539088e-02 5.238775055759997690e-02
3.000000000000000000e+00 4.265048156427340698e-01 5.291317619821501728e-01 3.940459526352579900e-02 5.332049451626108549e-02
6.000000000000000000e+00 3.235664420846713352e-01 5.895868237131440814e-01 4.116224127925410814e-02 5.099445175742611802e-02
2.000000000000000000e+00 2.153829250830627262e-01 6.127694670297212376e-01 3.771765430945583919e-02 4.640277163096417912e-02
9.000000000000000000e+00 1.291448433782115268e-01 6.327373075736009156e-01 3.653742812841206944e-02 4.793571075192659681e-02
0.000000000000000000e+00 6.794533342520523433e-01 3.123497673123881713e-01 4.102495102411762851e-02 4.847671907558065429e-02
8.000000000000000000e+00 5.642920226252357008e-01 3.612429557386360734e-01 3.872020392193331606e-02 5.240739246434705789e-02
6.000000000000000000e+00 4.521184713172762271e-01 3.974748463191101200e-01 3.994435602146323427e-02 5.169210211140201627e-02
1.000000000000000000e+00 3.450477829348597147e-01 4.422811400170347795e-01 3.797479791285296447e-02 5.063254164699237947e-02
0.000000000000000000e+00 2.471319638859794110e-01 4.878508278808835197e-01 3.393869071445709817e-02 4.680083213402280728e-02
5.000000000000000000e+00 1.388776402766657148e-01 5.172911882989508214e-01 3.446858699928677383e-02 4.517687874206227638e-02
2.000000000000000000e+00 6.090304545508093970e-01 2.091949120893420999e-01 3.718128809079379593e-02 4.633688275323485928e-02
3.000000000000000000e+00 5.017764465409457753e-01 2.435224226166083084e-01 3.878484523394598593e-02 4.653466543904766217e-02
5.000000000000000000e+00 3.862631182899590732e-01 3.018233300326719215e-01 3.656197325855697899e-02 4.487119612834311599e-02
9.000000000000000000e+00 2.798389880934508689e-01 3.234490258415314567e-01 3.270748841797066486e-02 4.231690686968608839e-02
1.500000000000000000e+01 1.700610530928929887e-01 3.599517542351288180e-01 3.328424095006263239e-02 4.307792195680171243e-02
1.500000000000000000e+01 4.966175011844689013e-01 1.372886477379256787e-01 3.759797504013251412e-02 4.430189997739447660e-02
7.000000000000000000e+00 4.046823526085286948e-01 1.800636868505816057e-01 3.645009852825126240e-02 4.277229736939502924e-02
3.000000000000000000e+00 3.245723427166897768e-01 1.891055644472983688e-01 3.328421193690650481e-02 4.307789294364550159e-02
8.000000000000000000e+00 2.231416813402738453e-01 2.391571031348155296e-01 3.368726270283131652e-02 4.103057957642028408e-02
1.300000000000000000e+01 8.262933567911578958e-01 4.871520460138160091e-01 2.957688182456463810e-02 3.571380265021772971e-02
