9.000000000000000000e+00 6.097973511350951448e-01 6.080240471222998488e-01 3.654639297208361892e-02 4.916460826934310191e-02
1.100000000000000000e+01 5.507487189644455494e-01 8.409415446668306870e-01 2.845242211793175269e-02 4.012296053800723517e-02
1.000000000000000000e+01 7.663742539443103574e-01 6.692699579818338629e-01 2.531410129258671038e-02 3.338819741230514282e-02
2.000000000000000000e+00 1.710399714228813262e-01 2.727454600769877446e-01 3.722272369755169619e-02 4.908962095530119973e-02
1.500000000000000000e+01 1.731169254027810633e-01 3.858554782797689042e-01 3.650207290405174665e-02 4.908994532040322767e-02
1.000000000000000000e+00 2.664254861974400534e-01 2.077351300258503120e-01 3.559376215515952513e-02 4.535048749778775035e-02
6.000000000000000000e+00 2.649893007327313033e-01 3.109299263020569581e-01 3.172582626440390019e-02 4.335519980425811548e-02
5.000000000000000000e+00 3.525961717639156667e-01 1.350479184101661123e-01 3.412055483721465610e-02 4.524562910662258131e-02
7.000000000000000000e+00 4.438024043813753039e-01 7.687511624660096909e-02 3.130916454697868501e-02 4.098644992734627041e-02
7.000000000000000000e+00 3.393501478116781600e-01 2.550343145934217404e-01 3.440525893358686860e-02 4.536399288112685779e-02
1.000000000000000000e+00 4.537162551282002410e-01 2.133758686378799396e-01 3.235813179920560279e-02 4.423496642417176772e-02
1.500000000000000000e+01 7.131761361434938440e-01 5.358209946529994827e-01 3.885074163237434153e-02 4.961441420264833813e-02
8.000000000000000000e+00 5.191522259125418426e-01 1.498347798041216872e-01 3.302449566972043282e-02 4.403757551571851891e-02
0.000000000000000000e+00 1.484958006629438776e-01 5.496340825229260041e-01 3.639594654021505171e-02 5.027452667301490763e-02
5.000000000000000000e+00 2.399679389447262889e-01 4.813010890614127790e-01 4.014324810075228789e-02 5.306784098074684985e-02
0.000000000000000000e+00 3.496715190775983584e-01 4.039390833636744560e-01 3.410870076712224641e-02 4.635646163012746568e-02
2.000000000000000000e+00 4.281323852778029515e-01 3.156535815635712616e-01 3.654642245982020476e-02 4.916466724481621808e-02
3.000000000000000000e+00 6.098656447329405816e-01 2.050275513121320725e-01 3.428031939383235915e-02 4.701551254197830487e-02
9.000000000000000000e+00 5.291694459198362788e-01 3.854983670463026924e-01 3.637961033416736711e-02 4.851089463780744460e-02
3.000000000000000000e+00 4.165152344047479693e-01 4.905613293837799427e-01 3.622409201161247427e-02 4.786296060263522945e-02
1.000000000000000000e+00 3.313592365967619746e-01 5.517493558164701106e-01 3.947614703682378323e-02 5.219429627324478904e-02
2.000000000000000000e+00 2.486190953248235136e-01 6.177800647592508465e-01 3.784541623023873758e-02 5.089612815944966062e-02
5.000000000000000000e+00 6.986540156482674568e-01 2.695783887085082542e-01 3.448455145716478043e-02 5.037304520082233616e-02
0.000000000000000000e+00 6.177148378860064515e-01 3.435600972147874188e-01 3.532094161661625265e-02 4.646423930721088613e-02
3.000000000000000000e+00 4.408319424963303979e-01 6.350612053246038613e-01 3.767624508566208563e-02 5.021443066592967686e-02
7.000000000000000000e+00 4.486486991391932522e-01 7.508952269103603694e-01 3.834490899962766930e-02 5.287882458947323894e-02
6.000000000000000000e+00 5.458597996834471111e-01 6.834545028690572899e-01 3.898208001095981867e-02 5.197620497373478532e-02
