1.200000000000000000e+01 7.972563835760941853e-01 5.964064071706169923e-01 3.083860226061252430e-02 4.181056556402551472e-02
1.500000000000000000e+01 1.733657972607942355e-01 5.836608641825888899e-01 3.334340417449277449e-02 4.469373896212658348e-02
3.000000000000000000e+00 1.896070113871540785e-01 4.543071548133595927e-01 3.348709096202140412e-02 4.417109432766086474e-02
1.000000000000000000e+00 2.015350809825519618e-01 3.142054587373283026e-01 3.334457689992542662e-02 4.470247855880282728e-02
6.000000000000000000e+00 2.482719589465887389e-01 8.085551742887613358e-01 3.395171360960708151e-02 4.664621511928246367e-02
2.000000000000000000e+00 2.591650145816076778e-01 6.702136134379212962e-01 3.296679177842093411e-02 4.395642972942548354e-02
9.000000000000000000e+00 2.577384080538569489e-01 5.391935729170922453e-01 3.429378644948516408e-02 4.469172857567060841e-02
7.000000000000000000e+00 2.893626386271974660e-01 3.911540892962144245e-01 3.323171603805391561e-02 4.361614389973028638e-02
8.000000000000000000e+00 2.757966206278724686e-01 2.825808093334761795e-01 3.354190191497880003e-02 4.370295350377734200e-02
3.000000000000000000e+00 3.278886515527947298e-01 8.880059820903215551e-01 3.403598230855020557e-02 4.502986440873923968e-02
9.000000000000000000e+00 3.415359645544301381e-01 7.480883620241585152e-01 3.478931878883040341e-02 4.603500179262087766e-02
8.000000000000000000e+00 3.515398011301740233e-01 6.088917168007426106e-01 3.429378644948516408e-02 4.469172857567060841e-02
5.000000000000000000e+00 3.601484434665406242e-01 4.729421388849625041e-01 3.397949603354627479e-02 4.461977349376994306e-02
2.000000000000000000e+00 3.652499666305903947e-01 2.305403364445375303e-01 3.328300881471352168e-02 4.403321532322704290e-02
0.000000000000000000e+00 4.217131361513204446e-01 8.261292746353826599e-01 3.415219381451473080e-02 4.588009034738016467e-02
7.000000000000000000e+00 1.669377261782259425e-01 7.272195174966590292e-01 3.366255302436685359e-02 4.392325835290300517e-02
6.000000000000000000e+00 4.424432640133629246e-01 6.854117162140104247e-01 3.427175596457276985e-02 4.672255396053848209e-02
5.000000000000000000e+00 4.377963394866533631e-01 5.551507082684199457e-01 3.366333484132189025e-02 4.454011193045481765e-02
6.000000000000000000e+00 4.560922244150107940e-01 4.182752357015616651e-01 3.383807093078061712e-02 4.580327683154428176e-02
2.000000000000000000e+00 4.583088011317936195e-01 2.827249707955846181e-01 3.265141240315166948e-02 4.387969997969187741e-02
5.000000000000000000e+00 4.606797448141518592e-01 1.603897020371222726e-01 3.345785659230848808e-02 4.284253602268645045e-02
1.000000000000000000e+00 5.219886577054697607e-01 6.336119312590975383e-01 3.421175151327082720e-02 4.630093124548184669e-02
1.500000000000000000e+01 5.277632415017341483e-01 4.952076016755788679e-01 3.423269303885312365e-02 4.428038116916632738e-02
8.000000000000000000e+00 5.473947210876617397e-01 3.700733584128733100e-01 3.516428378488978268e-02 4.654133995916642785e-02
0.000000000000000000e+00 5.433792812843774023e-01 2.253143228914095131e-01 3.455653279045767245e-02 4.435412326125001692e-02
7.000000000000000000e+00 6.129884934893883308e-01 7.079049529978767019e-01 3.435253440925212232e-02 4.511798634838959376e-02
3.000000000000000000e+00 6.144258918833224170e-01 5.940013986066448037e-01 3.363979656656734818e-02 4.658071002726116294e-02
1.000000000000000000e+00 6.224329260727610169e-01 4.448064034871875849e-01 3.499088795306837252e-02 4.527071987496972261e-02
0.000000000000000000e+00 6.428953095497254022e-01 3.045174901724506111e-01 3.568335439898928652e-02 4.585677544889854573e-02
1.100000000000000000e+01 7.408933005866304988e-01 4.416699772397114088e-01 2.921722558392958469e-02 3.414976459754726079e-02
