1.300000000000000000e+01 8.721403333427171223e-01 6.465239532422357716e-01 2.240121813654327720e-02 3.287456678335953786e-02
6.000000000000000000e+00 2.038850831465816027e-01 3.931255484692541824e-01 3.106007587825099225e-02 4.061489361454712066e-02
0.000000000000000000e+00 2.893312505680840641e-01 3.408594177271370151e-01 3.023055312515299242e-02 4.030763523685360061e-02
9.000000000000000000e+00 3.586466443088556222e-01 2.731300744849558537e-01 3.138416539350069590e-02 4.124549284074569000e-02
3.000000000000000000e+00 4.543359176247894204e-01 2.118937792773365469e-01 3.174721330787144691e-02 4.113249961909590247e-02
5.000000000000000000e+00 2.112136016756018808e-01 5.088837627774872585e-01 3.022902806326566161e-02 4.030039812498847906e-02
9.000000000000000000e+00 2.947091178938581191e-01 4.465429068374953125e-01 3.065135929245527135e-02 4.114231547197044758e-02
2.000000000000000000e+00 3.645890479527101879e-01 4.015347119874144721e-01 3.123778718071812399e-02 4.114977441101930200e-02
7.000000000000000000e+00 4.545622506730633283e-01 3.280718985799385701e-01 3.282210465443657910e-02 4.279495571823993538e-02
3.000000000000000000e+00 5.320350618069993320e-01 2.572180917282562151e-01 3.374912045472988620e-02 4.399251749733970596e-02
6.000000000000000000e+00 2.010597119015773981e-01 6.536492642068731929e-01 3.069114954351478963e-02 4.133394643020882331e-02
1.000000000000000000e+00 2.827379366465320176e-01 5.979898291729220938e-01 3.053961384871334284e-02 4.088341542030327069e-02
1.000000000000000000e+00 3.773212905385935900e-01 5.173396625103936497e-01 3.286244947345506873e-02 4.281034497910252146e-02
1.500000000000000000e+01 4.492412958840835691e-01 4.743402375856641817e-01 3.162110455399086417e-02 4.299817714682174774e-02
3.000000000000000000e+00 5.305341236259191184e-01 4.036135931669845300e-01 3.278594682350866041e-02 4.321426455205279460e-02
8.000000000000000000e+00 6.100984323604925486e-01 3.285347964553302358e-01 3.434783202328473006e-02 4.459402963408776177e-02
8.000000000000000000e+00 1.983423704949897615e-01 7.669202966757096007e-01 2.958065493398068235e-02 4.084198919376458292e-02
2.000000000000000000e+00 2.776728317854447736e-01 7.101570495761306834e-01 3.149433031855952692e-02 4.359774829571327892e-02
2.000000000000000000e+00 3.350989678306359743e-01 6.530774769127283275e-01 3.117232043315609769e-02 4.296409894574004795e-02
5.000000000000000000e+00 4.594882144332331775e-01 5.939229327738669850e-01 3.207280015661045924e-02 4.252310650472956866e-02
0.000000000000000000e+00 5.337304037861130279e-01 5.191511726127225890e-01 3.253079010556458872e-02 4.360911693887309371e-02
1.500000000000000000e+01 6.212919152304909876e-01 4.612213918113508004e-01 3.365867042061410075e-02 4.464327526884853681e-02
8.000000000000000000e+00 2.620262791181297013e-01 8.623613037805903936e-01 3.122042920360088014e-02 4.282407053608827674e-02
1.000000000000000000e+00 3.431404389277689093e-01 7.904450417688237973e-01 3.252493941359718699e-02 4.360700958062879717e-02
5.000000000000000000e+00 4.440681889129776683e-01 7.437120435168065313e-01 3.217370379675354997e-02 4.410112963211321180e-02
0.000000000000000000e+00 5.305467400469867645e-01 6.594115303134397976e-01 3.351581371437106771e-02 4.612702184319916743e-02
7.000000000000000000e+00 6.175637489408035696e-01 6.119348564283804137e-01 3.470752480150340880e-02 4.708065690552520888e-02
6.000000000000000000e+00 3.527457362125344664e-01 9.246435280231153353e-01 3.234672899996698936e-02 4.493902636139235351e-02
7.000000000000000000e+00 4.551687400572436148e-01 8.468109686541649417e-01 3.295938795269126587e-02 4.628019351347978372e-02
1.300000000000000000e+01 7.278678705572956265e-01 4.763662684387399704e-01 2.310784862992310007e-02 3.197569530698646245e-02
