15 0.747617 0.710083 0.038297 0.044250
8 0.527625 0.781792 0.044250 0.065813
6 0.270328 0.790682 0.039719 0.056740
0 0.617340 0.651953 0.041133 0.056719
1 0.481172 0.652911 0.041141 0.052948
5 0.353164 0.639198 0.040422 0.053896
2 0.224086 0.622177 0.040422 0.050125
0 0.118773 0.630688 0.036875 0.053896
7 0.677266 0.505870 0.041844 0.052010
7 0.540035 0.506807 0.039711 0.053885
3 0.421242 0.500672 0.040422 0.054844
6 0.306711 0.521000 0.042547 0.052000
2 0.195012 0.502557 0.039008 0.047281
9 0.105652 0.489323 0.037586 0.049167
0 0.717332 0.383417 0.042555 0.049167
8 0.593227 0.387672 0.039719 0.053906
6 0.474789 0.380578 0.041141 0.052948
1 0.359543 0.383891 0.039008 0.052010
0 0.253164 0.391453 0.034750 0.048219
5 0.140051 0.379156 0.035461 0.046333
2 0.670020 0.254766 0.038414 0.047281
3 0.556844 0.247672 0.040188 0.047281
5 0.430371 0.261073 0.037820 0.045708
9 0.320742 0.241766 0.033688 0.043344
15 0.204609 0.235854 0.034281 0.044125
15 0.574574 0.140906 0.039008 0.044917
7 0.474695 0.147995 0.037828 0.043344
3 0.393727 0.126323 0.034281 0.044125
8 0.282918 0.136964 0.034867 0.041760
13 0.824637 0.611927 0.030633 0.036313
