8.000000000000000000e+00 4.861832426450959366e-01 5.316984119413497023e-01 3.706991860825459284e-02 5.100310201838531565e-02
1.100000000000000000e+01 8.624482260965018465e-01 7.504857878450876818e-01 3.119410509918252306e-02 4.001572447568213509e-02
1.100000000000000000e+01 7.201526997886638082e-01 6.427344971832020804e-01 3.295020840204021528e-02 4.393362951950385842e-02
1.500000000000000000e+01 4.213412657557102925e-01 8.075944782633673880e-01 4.109418005556469966e-02 5.716924570458514765e-02
2.000000000000000000e+00 1.794408382549351477e-01 7.009961833318845148e-01 4.335143055543294599e-02 5.938561314364465549e-02
5.000000000000000000e+00 8.906923072722622292e-02 6.243587977325546490e-01 4.413598418540198853e-02 6.043197771880637337e-02
6.000000000000000000e+00 8.473580487013759877e-02 4.988749739980268827e-01 3.913662876759282927e-02 5.138214953647513017e-02
5.000000000000000000e+00 1.874469394789311516e-01 5.447966797252327131e-01 3.962607153993635833e-02 5.599539631614880442e-02
9.000000000000000000e+00 2.921008025186357937e-01 5.777379037449581478e-01 3.825871449204032437e-02 5.576828651732823605e-02
2.000000000000000000e+00 4.014788983085364471e-01 6.297591533334980785e-01 3.962054902970607584e-02 5.600242996101922888e-02
2.000000000000000000e+00 5.093332071401146521e-01 6.782379736235201184e-01 4.227000765662075610e-02 5.556716823431728791e-02
7.000000000000000000e+00 8.890150851976180713e-02 3.519338901043919110e-01 3.608935707787580549e-02 4.811183437387800410e-02
1.000000000000000000e+00 1.791196534559739151e-01 3.961273386188809420e-01 3.727155891959563205e-02 5.285622016513796817e-02
5.000000000000000000e+00 2.691282452303658257e-01 4.530543906534195697e-01 3.599654593579793005e-02 4.720303800131681049e-02
9.000000000000000000e+00 3.898546874157287068e-01 4.839162521955927554e-01 3.706989113307929129e-02 5.100304706803476806e-02
8.000000000000000000e+00 6.025295786505783235e-01 6.022486175082192306e-01 3.942605226393647300e-02 5.415120760136038491e-02
0.000000000000000000e+00 6.999735023578096405e-01 5.155275953064968331e-01 3.973723609909773913e-02 5.060641543776911444e-02
6.000000000000000000e+00 5.782475682463038558e-01 4.417551973465238535e-01 3.938264148700243439e-02 4.697812621651809017e-02
7.000000000000000000e+00 4.736575712515251890e-01 4.205677571462016484e-01 3.530560022798967523e-02 4.707365740094821005e-02
8.000000000000000000e+00 3.719957822744106579e-01 3.679062810234108305e-01 3.373564123761801925e-02 4.498087330027428221e-02
1.000000000000000000e+00 2.664676454198773858e-01 3.110940889591080616e-01 3.373564123761810252e-02 4.498090077544958376e-02
0.000000000000000000e+00 1.788134014147744477e-01 2.637155395381364231e-01 3.334846106764699503e-02 4.763220023910758050e-02
6.000000000000000000e+00 2.774701892593321451e-01 1.990878003279553665e-01 3.412991000281007103e-02 4.385095671710226295e-02
3.000000000000000000e+00 3.715669360011354394e-01 2.473102085447264342e-01 3.521850392236886007e-02 4.530920164480695123e-02
1.500000000000000000e+01 5.470551116576377604e-01 3.204897471726219638e-01 3.481297033531438601e-02 4.773918857162728901e-02
3.000000000000000000e+00 6.462798663254740728e-01 3.673821783174582301e-01 4.103911980431418360e-02 4.747147046375060908e-02
7.000000000000000000e+00 3.505732095240876589e-01 1.221023179954826010e-01 3.231091602374852600e-02 3.978361419496147244e-02
0.000000000000000000e+00 4.316270646977740100e-01 1.878874077513474905e-01 3.634526086038436521e-02 3.990634580291352318e-02
3.000000000000000000e+00 5.344292795126031059e-01 2.044688820934436047e-01 3.326842588207179485e-02 4.369596925337768112e-02
1.000000000000000000e+00 5.990032772799469551e-01 2.355672224692061389e-01 3.311418024807966098e-02 4.216738787696971968e-02
