3.000000000000000000e+00 6.061868944936739112e-01 1.666171180101678195e-01 3.808555425153548057e-02 4.771423591180820600e-02
1.000000000000000000e+01 8.293396356344560072e-01 7.039824806426666637e-01 3.658896671192912731e-02 4.493903911155194830e-02
1.000000000000000000e+01 7.723440674822656948e-01 5.989192509036400658e-01 3.420719268362437671e-02 4.536071941953057074e-02
8.000000000000000000e+00 1.451232651015069153e-01 7.000645644235945486e-01 3.457710683739870228e-02 4.992080141819121852e-02
1.000000000000000000e+00 2.446002778814564960e-01 7.386161910412720744e-01 3.641818264763177493e-02 5.238380848847801197e-02
0.000000000000000000e+00 4.697935346339823792e-01 8.005426402374224981e-01 3.833553610730755512e-02 5.723566871926843991e-02
6.000000000000000000e+00 1.232014491550410817e-01 5.727133653733084140e-01 3.157180874429560413e-02 4.821773918945182480e-02
9.000000000000000000e+00 2.071916214018603153e-01 5.944648544494314235e-01 3.393715328662222364e-02 4.830782114668208393e-02
7.000000000000000000e+00 3.170606675160004828e-01 6.214141078534112239e-01 3.569879533430725393e-02 4.759896404250352209e-02
1.000000000000000000e+00 4.339107703516573711e-01 6.521831135099724897e-01 3.879839336757595625e-02 5.249919834331939761e-02
5.000000000000000000e+00 5.359665045169605957e-01 6.700850884818947417e-01 3.884148758483652042e-02 5.408580884738767303e-02
2.000000000000000000e+00 9.960437132190824716e-02 4.528789068773033666e-01 3.090642931037151930e-02 4.580228029043414972e-02
3.000000000000000000e+00 2.034333396138722772e-01 4.603726550001301376e-01 3.395903960367033236e-02 4.910590481295062926e-02
5.000000000000000000e+00 2.930963891964362134e-01 4.885400648254200062e-01 3.450495868173869551e-02 4.754522163056046358e-02
3.000000000000000000e+00 3.968030654796649848e-01 5.147882186742558375e-01 3.754630135628767018e-02 5.005282723370002573e-02
1.000000000000000000e+00 5.053670293283698545e-01 5.376568538041264222e-01 3.703580743559775623e-02 5.320911731732791417e-02
8.000000000000000000e+00 6.135935840386469442e-01 5.562569786927765714e-01 4.294461160006135536e-02 5.190702893488507996e-02
2.000000000000000000e+00 1.646471724975314133e-01 3.304887046792066574e-01 3.150125339338030739e-02 4.582711624589835830e-02
2.000000000000000000e+00 2.629903737666818841e-01 3.637438425712374301e-01 3.572044568028212574e-02 4.839595634255799972e-02
1.500000000000000000e+01 3.578121344644722424e-01 3.819313867864230216e-01 3.633107982520172863e-02 4.921043999842039662e-02
1.500000000000000000e+01 4.615385143323211814e-01 4.123800027182178418e-01 3.570242338955920136e-02 4.685420983879978740e-02
7.000000000000000000e+00 5.680573021405848078e-01 4.276177905316771444e-01 3.761131138698048382e-02 5.244687175781614918e-02
0.000000000000000000e+00 6.786661765622736819e-01 4.559987689264912714e-01 3.994630415000444135e-02 5.097376334000269793e-02
7.000000000000000000e+00 2.316613940049990772e-01 2.432362913368499857e-01 3.211171055999492707e-02 4.664165889452917546e-02
6.000000000000000000e+00 3.303084817719774691e-01 2.519415296981662999e-01 3.270818644051681767e-02 4.667847038196321074e-02
0.000000000000000000e+00 5.377771695551228914e-01 2.906748245458969371e-01 3.518806544254404756e-02 5.074484190252215310e-02
6.000000000000000000e+00 6.504899325699271539e-01 2.928619371869253252e-01 4.177437205482215088e-02 5.264160688605290517e-02
9.000000000000000000e+00 3.152711071407061083e-01 1.246365367336697977e-01 3.330507527041692839e-02 4.670475166025148117e-02
5.000000000000000000e+00 3.900817686652699456e-01 1.336668989894105875e-01 3.387237922700270243e-02 4.592206510651554441e-02
8.000000000000000000e+00 5.111252397034948824e-01 1.479499625885097314e-01 3.574188955156787362e-02 4.918448318035792410e-02
