6.000000000000000000e+00 8.667379321007293580e-01 4.733060252844955018e-01 4.305819327623505721e-02 3.492227992146018645e-02
2.000000000000000000e+00 8.141226200967941473e-01 3.994828292947976145e-01 4.735982255106052641e-02 3.364493698454756876e-02
8.000000000000000000e+00 2.082668914200731525e-01 2.121412658777149796e-01 4.961544785761440313e-02 3.683620226788972274e-02
6.000000000000000000e+00 7.704855348235026824e-01 3.004957548884582552e-01 4.323362948120723637e-02 3.279407732535144504e-02
2.000000000000000000e+00 7.163054220819841111e-01 2.127461528198924534e-01 4.605164771006031721e-02 3.265819735536368285e-02
0.000000000000000000e+00 5.878142481735272318e-01 1.839662766432906271e-01 4.275788637597832675e-02 3.618650668743281229e-02
5.000000000000000000e+00 2.742502523254816138e-01 3.141453415089223711e-01 5.280671314095647384e-02 3.885437146615733361e-02
0.000000000000000000e+00 6.299895035534932575e-01 2.799573891125368696e-01 4.641640783041178775e-02 3.481821111719141104e-02
3.000000000000000000e+00 7.335738107116254181e-01 4.606767996092223094e-01 4.510140783258742569e-02 3.682967385701452212e-02
9.000000000000000000e+00 8.054760069640132247e-01 5.634088227276037308e-01 4.444844804669301208e-02 3.633921215272162275e-02
5.000000000000000000e+00 7.265363321611892911e-01 6.507857267216856645e-01 5.107603141795447055e-02 3.868184337148417029e-02
8.000000000000000000e+00 6.627307600999458037e-01 5.296570868760576145e-01 4.901928524633381024e-02 3.976811159191906420e-02
1.000000000000000000e+00 6.000392316799517678e-01 4.465845570568281464e-01 4.723234049142588376e-02 3.617389498460588104e-02
3.000000000000000000e+00 5.579520208230155376e-01 3.529160306174982664e-01 4.583888086472021062e-02 3.476070175230028259e-02
1.500000000000000000e+01 4.987154461365297387e-01 2.655072412712101149e-01 4.808601923713617943e-02 3.456523519577933690e-02
7.000000000000000000e+00 4.538788098768219426e-01 1.618890160511221588e-01 4.592615384828291347e-02 3.519415855981530838e-02
1.000000000000000000e+00 2.994313716817524340e-01 1.305565163850396504e-01 4.592618352287791694e-02 3.519412888522040206e-02
2.000000000000000000e+00 3.592093000027624106e-01 2.326943354154029087e-01 4.780814633061408747e-02 3.623131532571224889e-02
8.000000000000000000e+00 4.104355738946299792e-01 3.243832696298182827e-01 4.931929540064172723e-02 3.511528348660553078e-02
0.000000000000000000e+00 4.666671655671769114e-01 4.256653178555316330e-01 4.953885772821087219e-02 3.640419951552420486e-02
7.000000000000000000e+00 5.072177813889698905e-01 5.304607045801936760e-01 5.070041039587441789e-02 3.653162222596917363e-02
8.000000000000000000e+00 5.632105074099735820e-01 6.448463268804495163e-01 5.197529034141135096e-02 4.047507914050796352e-02
1.500000000000000000e+01 4.295260865114177151e-01 6.182698487234002949e-01 5.254073974698403315e-02 4.053603075840594983e-02
6.000000000000000000e+00 3.946624287521568464e-01 5.022664416963901202e-01 5.069922341207883099e-02 3.652464869617061405e-02
7.000000000000000000e+00 3.141406232483353600e-01 4.097187543805386190e-01 5.077210421712136101e-02 3.695430715554021139e-02
5.000000000000000000e+00 1.228221893228710337e-01 2.804178201268041626e-01 4.989830609607763534e-02 3.516943962227442322e-02
1.000000000000000000e+00 1.625176723438041537e-01 3.820480255370297673e-01 5.244162660006124188e-02 3.670830476392655806e-02
3.000000000000000000e+00 2.714666417894001649e-01 6.038417045941822936e-01 5.824953831135293303e-02 4.068998255667999331e-02
1.600000000000000000e+01 2.914684908897638982e-01 7.372271094373588074e-01 4.209697379865412481e-02 3.569657912584767168e-02
1.600000000000000000e+01 5.684300015792501659e-01 9.339710088952106748e-01 4.139884927934156522e-02 2.880073741680744259e-02
