2.000000000000000000e+00 8.430718753459967019e-01 4.113622738732827799e-01 3.472616109392379080e-02 4.164947552707132239e-02
6.000000000000000000e+00 8.615371914670578724e-01 2.704660043369180311e-01 3.464013998735571143e-02 4.617902622271777280e-02
7.000000000000000000e+00 7.859275234720521919e-01 1.850930561335731306e-01 3.760339691260516926e-02 5.088122491394100888e-02
1.500000000000000000e+01 8.022123401214937832e-01 3.124906899689962048e-01 3.572074047429019128e-02 4.800468141804886679e-02
0.000000000000000000e+00 7.120239696040954192e-01 2.283019310499315724e-01 3.734781441622936349e-02 4.830439949224127338e-02
0.000000000000000000e+00 7.167188412124654295e-01 9.245953133496129239e-02 3.678126360033540099e-02 4.904186749673880574e-02
3.000000000000000000e+00 8.342667698780206198e-01 6.474968317391848194e-01 3.259882624316412514e-02 4.439912202504503469e-02
1.000000000000000000e+00 8.126855108098909319e-01 5.531280719862001760e-01 3.414997545254572220e-02 4.397928594691258297e-02
6.000000000000000000e+00 7.488694749899194036e-01 4.366414020396537365e-01 3.820692930416003108e-02 5.000736931995530821e-02
6.000000000000000000e+00 6.763083061635932758e-01 3.593271199503095259e-01 3.513238149053377057e-02 4.839581494720912591e-02
7.000000000000000000e+00 6.140956899235940902e-01 1.537473918325714117e-01 3.873309462401275383e-02 5.431837678845249928e-02
8.000000000000000000e+00 7.487882424493106370e-01 7.130054813918140777e-01 3.513913163772930393e-02 4.536093146005215626e-02
0.000000000000000000e+00 7.187176924922480392e-01 6.172408258149439941e-01 3.509730380254361126e-02 4.492782586179167037e-02
8.000000000000000000e+00 6.668295706216480490e-01 5.089578059131865118e-01 3.522601814778392182e-02 4.621701743577960597e-02
5.000000000000000000e+00 5.955313427968829121e-01 3.167762401515957782e-01 3.601526612756300594e-02 4.925221823754838413e-02
2.000000000000000000e+00 6.455347312607999655e-01 7.461141168289340264e-01 3.547992753075235317e-02 4.704587204846200077e-02
2.000000000000000000e+00 6.426893999839911054e-01 6.417128209961460161e-01 3.448240577853156630e-02 4.597646411328770721e-02
8.000000000000000000e+00 5.831697463135931958e-01 5.655577757238852143e-01 3.564371956398282304e-02 4.567161131174157784e-02
5.000000000000000000e+00 5.414938759801807278e-01 4.481911202419897045e-01 3.622815538526658052e-02 4.612779433631114534e-02
1.000000000000000000e+00 5.126218088883187640e-01 3.369270449499418563e-01 3.590233097256168016e-02 4.817721402649394191e-02
1.000000000000000000e+00 5.279988605504912780e-01 7.150786131375297394e-01 3.397447162546318733e-02 4.641666602013805321e-02
5.000000000000000000e+00 5.229411829537556899e-01 8.403885764486622723e-01 3.873367155967044617e-02 4.673132672786584063e-02
9.000000000000000000e+00 4.571490415423077880e-01 7.316468494288326241e-01 3.558143935973046013e-02 4.495926885513812366e-02
7.000000000000000000e+00 4.572124035009184073e-01 4.955625859288934620e-01 3.608115217967605703e-02 5.078908828940104092e-02
3.000000000000000000e+00 4.061974881716891028e-01 2.686489743296701094e-01 3.715185822008043592e-02 4.953558018584403033e-02
9.000000000000000000e+00 3.898431507754908654e-01 4.012220527529634095e-01 3.813437964520005607e-02 5.084606068560221237e-02
3.000000000000000000e+00 4.113492207040265747e-01 6.556914527409303250e-01 3.619452003642070759e-02 4.639866562761685298e-02
1.500000000000000000e+01 3.885123044470146780e-01 7.437978355502667949e-01 3.522598930100101500e-02 4.621704628256240177e-02
1.300000000000000000e+01 2.721093767111882888e-01 3.509255521281350321e-01 2.518878004236996260e-02 3.507875532114751449e-02
1.600000000000000000e+01 2.421794259739152300e-01 3.525951173812663653e-01 2.380217288257388542e-02 3.656846088298043584e-02
