7.000000000000000000e+00 4.935438353881129170e-01 8.276825475207114646e-01 5.000629915773446843e-02 3.575214255076220038e-02
6.000000000000000000e+00 5.092431538271739999e-01 9.407717402302077092e-01 5.097764297730733585e-02 3.517904462903964635e-02
6.000000000000000000e+00 3.585736575955800198e-01 8.842878071098287940e-01 4.136835576971076289e-02 3.153553390550833946e-02
1.500000000000000000e+01 2.533548473084436536e-01 8.188557583156005348e-01 4.865540537329851589e-02 3.352507400322490838e-02
0.000000000000000000e+00 1.399468523380304474e-01 7.517900397505032917e-01 4.176964257232408662e-02 3.792329223849089104e-02
6.000000000000000000e+00 1.252635198898545132e-01 6.753841540493347173e-01 4.466990549003263533e-02 3.350260509580937907e-02
0.000000000000000000e+00 2.459140067621199133e-01 7.137673268201778498e-01 4.567120785282624551e-02 3.498797444643109156e-02
5.000000000000000000e+00 3.851628079475036825e-01 7.837600288457620135e-01 4.865084401615410448e-02 3.795753057360007343e-02
3.000000000000000000e+00 6.209064578463432404e-01 8.648489360384719049e-01 4.878484092140500383e-02 3.475607730172702858e-02
5.000000000000000000e+00 7.715917076540010910e-01 8.628220322313063795e-01 5.037258739904770799e-02 3.291334532840184401e-02
9.000000000000000000e+00 5.029914337475472896e-01 7.086932111882844332e-01 5.024334894662030315e-02 3.507925790237231833e-02
8.000000000000000000e+00 3.695026130007404985e-01 6.730183583002484760e-01 5.054118867424056694e-02 3.748421937854484742e-02
2.000000000000000000e+00 2.440454130200465088e-01 6.305846159155166220e-01 4.596800578899984391e-02 3.531965831780248255e-02
0.000000000000000000e+00 1.156574002913860755e-01 5.639153130741066944e-01 4.711797460687326689e-02 3.704024728314725401e-02
3.000000000000000000e+00 7.588157967966778772e-01 7.339182201104853531e-01 5.785535301196498281e-02 3.911482008812527944e-02
7.000000000000000000e+00 6.195115554124206447e-01 6.742235420647908484e-01 5.455439457868049846e-02 3.602036161346866550e-02
2.000000000000000000e+00 5.203834239568372322e-01 6.516789780650695807e-01 5.375753674814720551e-02 3.974440000016787877e-02
1.000000000000000000e+00 3.672071100177730640e-01 5.780984589235579341e-01 5.060907405742182119e-02 3.648787256425389813e-02
2.000000000000000000e+00 2.289955530000898909e-01 5.146734635859590012e-01 5.062391254640430382e-02 3.796766692281017264e-02
8.000000000000000000e+00 8.133507426626990222e-02 4.554973442719322252e-01 5.065640517692743261e-02 4.018831578251441661e-02
1.500000000000000000e+01 7.715210347747869513e-01 6.276103294920495346e-01 5.360642067534171495e-02 4.019738218375223937e-02
3.000000000000000000e+00 6.224465634826988891e-01 5.720803676149587291e-01 5.357404067092086386e-02 3.798427927290437545e-02
9.000000000000000000e+00 5.007266776905168193e-01 5.343681085357147031e-01 4.863608999674845501e-02 3.647683520622524433e-02
7.000000000000000000e+00 1.973775345528852032e-01 3.824037922403838441e-01 4.966684408530211425e-02 4.091565515138240183e-02
5.000000000000000000e+00 7.613812504686753302e-01 5.044173646726626270e-01 5.654145690214562592e-02 3.874168981109521459e-02
1.000000000000000000e+00 6.337127777512963078e-01 4.446405540418416624e-01 5.462213917923397499e-02 4.312588609662093564e-02
1.000000000000000000e+00 4.898476015704270603e-01 3.696612468658768691e-01 5.266396545101725835e-02 4.463349910245345553e-02
8.000000000000000000e+00 3.380886308161753506e-01 3.289011565183422858e-01 5.659253283955373304e-02 4.390587816832963730e-02
1.400000000000000000e+01 5.768218138970852005e-01 1.728413609508171467e-01 4.302272058688361156e-02 3.287826229752510709e-02
1.400000000000000000e+01 5.753986141549514155e-01 2.973396482179832545e-01 4.204253561827753227e-02 3.153933503646222380e-02
