1.400000000000000000e+01 8.459548483061123392e-01 5.290031980567979630e-01 3.404242680171698510e-02 3.978992867587183291e-02
1.200000000000000000e+01 7.385942771493352321e-01 5.974522521902296823e-01 3.674790823764595427e-02 3.782038189687952912e-02
5.000000000000000000e+00 5.809346108627841954e-01 7.582903487771815998e-01 3.910046078480255982e-02 5.621995599614049155e-02
1.500000000000000000e+01 3.787934396509370361e-01 8.342729135894215720e-01 3.720535859543311341e-02 5.380339662916899801e-02
9.000000000000000000e+00 2.661846830737716330e-01 8.396638923014542177e-01 3.768233304605689282e-02 5.163814885482187478e-02
0.000000000000000000e+00 6.428972380296972267e-01 6.337834547527827489e-01 3.718048622385183855e-02 5.306849712295724775e-02
6.000000000000000000e+00 5.052105605669616750e-01 6.259142676972815345e-01 3.769878044090602121e-02 5.237258829404489724e-02
5.000000000000000000e+00 4.114951593618649817e-01 6.599927810034313946e-01 3.656744696129471395e-02 5.084614353362681971e-02
6.000000000000000000e+00 3.155474987500859196e-01 6.966227395668274092e-01 3.594693161016976335e-02 4.862240974333043031e-02
1.000000000000000000e+00 1.900382193967766198e-01 7.188048119227652411e-01 3.538153803513874318e-02 4.786893503244626924e-02
3.000000000000000000e+00 6.806197119205257273e-01 4.527805932931588950e-01 3.986675986299903496e-02 5.176012411522373791e-02
8.000000000000000000e+00 5.639219374554049757e-01 5.039864085723626541e-01 3.991863241598481160e-02 5.322517868682563602e-02
9.000000000000000000e+00 4.461800840905149057e-01 5.255994499486392746e-01 3.651267023544241264e-02 4.938612094471506175e-02
3.000000000000000000e+00 3.443772084208315265e-01 5.657643332203716735e-01 3.482589212943260071e-02 4.783937572841689967e-02
5.000000000000000000e+00 2.331287261585719972e-01 5.898804984429784071e-01 3.646660602819018493e-02 4.792983640008685597e-02
2.000000000000000000e+00 1.356542757361334228e-01 6.032563423040051553e-01 3.309086449797381257e-02 4.483295297344835895e-02
8.000000000000000000e+00 5.821461685235649330e-01 3.697407015125971919e-01 3.875753835303630268e-02 5.022571444506246374e-02
7.000000000000000000e+00 4.968857777987216173e-01 3.725039501098056371e-01 3.571942848421516548e-02 5.005813504439721173e-02
0.000000000000000000e+00 3.969873206749305883e-01 4.247884643296848672e-01 3.646191909574197920e-02 4.958535870504604537e-02
1.500000000000000000e+01 2.614563445965247257e-01 4.673858655420621289e-01 3.296934930456074664e-02 4.686250974029038119e-02
6.000000000000000000e+00 1.674699495579399233e-01 4.877305884928164748e-01 3.312180400296965699e-02 4.555801854777485893e-02
7.000000000000000000e+00 6.127830932117284135e-01 2.092145590982290027e-01 3.930116500866043250e-02 5.099736180200353797e-02
0.000000000000000000e+00 5.134673684376084291e-01 2.409365086481637941e-01 3.930145255052847064e-02 5.100659189596609688e-02
3.000000000000000000e+00 4.078288711511368625e-01 2.883539454394903334e-01 3.701776628075575948e-02 4.796169603906025314e-02
2.000000000000000000e+00 2.999974933168042535e-01 3.328760225223599822e-01 3.371094853629680310e-02 4.704642151905757963e-02
8.000000000000000000e+00 1.927041925800436206e-01 3.536668666813026496e-01 3.424137702018012486e-02 4.649569257929409005e-02
1.000000000000000000e+00 5.180665718619404947e-01 1.160778215253712997e-01 3.936304401865209357e-02 5.015451907854778790e-02
2.000000000000000000e+00 4.234133097231105314e-01 1.535199564720017840e-01 3.567641222076367580e-02 4.873311336250704673e-02
1.000000000000000000e+00 3.437603736056168424e-01 1.907506475060049556e-01 3.651399292803514385e-02 4.635519962259357363e-02
7.000000000000000000e+00 2.282441805615388897e-01 2.657921021614033097e-01 3.367920391407053238e-02 4.538569470628772695e-02
