1.600000000000000000e+01 1.442596301504146250e-01 6.541473210382433567e-01 2.679013595304724493e-02 3.443129209914241873e-02
1.600000000000000000e+01 1.858641127988834574e-01 3.134034018885050177e-01 2.689797848537106573e-02 3.946845113244901171e-02
0.000000000000000000e+00 4.917347770367582749e-01 1.972866878957874326e-01 3.852705456501631653e-02 5.323217829862508799e-02
8.000000000000000000e+00 5.422762165410313084e-01 1.280726576184169907e-01 3.628889943884150426e-02 5.271285509045965656e-02
6.000000000000000000e+00 6.918367647957748279e-01 7.278187862929250129e-02 3.651737460528503565e-02 5.054572165289193675e-02
2.000000000000000000e+00 7.521925226982136836e-01 1.191479837678618148e-01 3.751207265421108161e-02 5.373279527861309079e-02
9.000000000000000000e+00 6.698303804626974944e-01 2.285757844136162009e-01 3.905832271406606271e-02 4.898169504186236645e-02
0.000000000000000000e+00 5.672161543983715859e-01 2.654764394923247450e-01 3.852705456501626102e-02 5.323217829862511574e-02
0.000000000000000000e+00 3.940637421983809729e-01 3.929421714106042240e-01 3.867881729271449576e-02 5.033057185682165979e-02
7.000000000000000000e+00 4.828484734915909904e-01 3.629317751800391623e-01 3.909072054901180371e-02 5.335483931893281184e-02
1.000000000000000000e+00 5.518907952437488440e-01 3.999934756704585648e-01 3.935080473355034858e-02 5.122658328329998678e-02
6.000000000000000000e+00 4.609816252250236168e-01 4.827010351705574021e-01 3.688603379493726742e-02 4.916782764663346628e-02
5.000000000000000000e+00 4.479798669647415688e-01 6.020496022312973317e-01 3.596480840126220491e-02 4.580304485322705954e-02
8.000000000000000000e+00 4.896783455925987072e-01 6.110413818582358658e-01 3.440917705528812043e-02 4.544142867117162421e-02
1.500000000000000000e+01 6.537455315408550183e-01 4.660012049113683164e-01 3.325032058529342471e-02 4.561626429175724695e-02
2.000000000000000000e+00 7.536280848506757835e-01 7.264995182965818810e-01 3.281957024066672890e-02 4.249784590409066976e-02
1.000000000000000000e+00 7.203399292285717070e-01 3.892344082332438449e-01 3.475560851296477516e-02 4.550259014914315170e-02
2.000000000000000000e+00 8.498194823950494525e-01 1.864816859630256674e-01 3.240459623305702586e-02 4.319958300901591275e-02
9.000000000000000000e+00 8.654314074427749137e-01 3.132773602245507716e-01 3.279889197036212067e-02 4.266101830409574358e-02
6.000000000000000000e+00 7.114357082720779157e-01 4.970995626974576975e-01 3.174638491508063876e-02 4.366543570350561732e-02
5.000000000000000000e+00 6.245633366596252678e-01 5.905347355628435269e-01 3.814735193945184566e-02 4.466286643937933398e-02
3.000000000000000000e+00 6.734144261686105803e-01 5.907079090336362359e-01 3.318265136830234052e-02 4.317318581654261411e-02
3.000000000000000000e+00 7.795104616405730269e-01 4.986913105863886031e-01 3.309520538597920947e-02 4.485040764566972094e-02
3.000000000000000000e+00 8.335947875143627783e-01 4.488652575357636731e-01 3.244364266717414402e-02 4.469751803675608981e-02
7.000000000000000000e+00 8.461738244586786140e-01 5.741302186121925999e-01 2.854609860710777269e-02 4.223860688046388034e-02
7.000000000000000000e+00 7.239559501889747395e-01 6.162650115606780332e-01 3.316270557078782044e-02 4.528698960058674672e-02
0.000000000000000000e+00 4.664436607346210684e-01 7.089618659396802469e-01 3.531113278017822266e-02 4.665085393571222205e-02
1.500000000000000000e+01 5.597997828827392386e-01 7.960857010953727997e-01 3.470630745978642295e-02 4.498537984325678973e-02
1.000000000000000000e+00 6.910060279637046943e-01 7.300095842506971744e-01 3.277714316290303298e-02 4.198308656484806001e-02
5.000000000000000000e+00 6.386849331278152686e-01 8.180861411300384134e-01 3.456978580052805228e-02 4.394335278327954342e-02
