0.000000000000000000e+00 7.021609114843448962e-01 4.926155877456813159e-01 3.325016208602149526e-02 4.471949992579593580e-02
1.100000000000000000e+01 7.258764023898055529e-01 7.342175320112752646e-01 2.375192101790912780e-02 3.083917170654504325e-02
2.000000000000000000e+00 1.434658751034596225e-01 3.551280302940914568e-01 3.240632114540981101e-02 4.336708892319934838e-02
9.000000000000000000e+00 2.286836352886804091e-01 2.520170084677876288e-01 3.258497100153373571e-02 4.391519134939586566e-02
1.000000000000000000e+00 3.138707714106242497e-01 1.881276418393324490e-01 3.201600664375542360e-02 4.327231370878273364e-02
3.000000000000000000e+00 3.788762940702430360e-01 9.837319421327023194e-02 3.231427818942683716e-02 4.192642028099134721e-02
8.000000000000000000e+00 1.680034911871896575e-01 4.793168890404895244e-01 3.391828465612034549e-02 4.755080272764611315e-02
1.500000000000000000e+01 2.221132795119443726e-01 4.015824858642177975e-01 3.264892292549595454e-02 4.410946630843715077e-02
0.000000000000000000e+00 3.064968043526091757e-01 3.041524839250157597e-01 3.204520765576490682e-02 4.295372099101124608e-02
1.000000000000000000e+00 3.879663898043192449e-01 2.339855258570906482e-01 3.241858784733586685e-02 4.415073479519515676e-02
0.000000000000000000e+00 4.497397361200285992e-01 1.045815684390882239e-01 3.195740539255914614e-02 4.280273525152779313e-02
6.000000000000000000e+00 2.462952750839220717e-01 5.360699666336300462e-01 3.412462708991015337e-02 4.522445543756137276e-02
5.000000000000000000e+00 3.282417819374274792e-01 4.537092237866634514e-01 3.317502497909669001e-02 4.367606181440247815e-02
9.000000000000000000e+00 4.354249218877795369e-01 3.494006758577193339e-01 3.377953715753745367e-02 4.448202113027288629e-02
6.000000000000000000e+00 4.683153650743983043e-01 2.558299320339703087e-01 3.231054979510594727e-02 4.288831755475619456e-02
2.000000000000000000e+00 5.622570129805126715e-01 1.815227343778210711e-01 3.272300697448293771e-02 4.340320596436889056e-02
8.000000000000000000e+00 2.772388702924774018e-01 6.484100166892576844e-01 3.354777902810990309e-02 4.635788731111267769e-02
1.500000000000000000e+01 3.609228231300312673e-01 5.879144565676766021e-01 3.261158206023628825e-02 4.254991596334078974e-02
7.000000000000000000e+00 4.253698835502259801e-01 4.835841501848521240e-01 3.300815798746770113e-02 4.428578236048230643e-02
1.000000000000000000e+00 4.835742599785428641e-01 3.888761749406676183e-01 3.231054979510600278e-02 4.288831755475619456e-02
5.000000000000000000e+00 5.821851383205551844e-01 3.061811715814740653e-01 3.263193169336187083e-02 4.420284693261156139e-02
3.000000000000000000e+00 6.560233694314945296e-01 2.311809906495825295e-01 3.322898708316091021e-02 4.407124315139168691e-02
7.000000000000000000e+00 4.443717305897295633e-01 6.336474251451722495e-01 3.621984239312486809e-02 4.562501590834189269e-02
2.000000000000000000e+00 5.124058905704649280e-01 5.531638576862113466e-01 3.411961794944862181e-02 4.607720467910780826e-02
3.000000000000000000e+00 5.848674191936710232e-01 4.374105195518575018e-01 3.470286974195269103e-02 4.530332093880712341e-02
5.000000000000000000e+00 6.723772738249673697e-01 3.497299841515352226e-01 3.398246426828532840e-02 4.507591734625804314e-02
7.000000000000000000e+00 4.391747758217859898e-01 7.801490447016148355e-01 3.493403018984791997e-02 4.751169727881465743e-02
8.000000000000000000e+00 5.421890017008734741e-01 6.679953005179302128e-01 3.515170011172730202e-02 4.755632416656407901e-02
6.000000000000000000e+00 6.266122012108765738e-01 6.083550226691515350e-01 3.753570943917172720e-02 4.842102703875750258e-02
