1.400000000000000000e+01 3.331635561395416278e-01 1.380301922711292539e-01 2.624642899739759727e-02 3.499569116649925427e-02
6.000000000000000000e+00 8.193566713523350309e-01 6.076366834998165878e-01 3.268534782584753273e-02 4.387017669846993151e-02
2.000000000000000000e+00 7.480974855831380443e-01 6.916891534516927953e-01 3.243689580854436372e-02 4.238090521740955907e-02
8.000000000000000000e+00 6.642262570560162338e-01 7.847018259896807457e-01 3.085719754509330670e-02 4.281325827071380541e-02
8.000000000000000000e+00 5.964290817058934824e-01 8.540861520556020103e-01 3.139637831680996971e-02 4.186987199805469739e-02
7.000000000000000000e+00 8.142912755071430864e-01 4.693222015447869877e-01 3.454774060140386460e-02 4.606360796139880032e-02
6.000000000000000000e+00 7.373422116311539876e-01 5.735623814046231228e-01 3.251696118878588670e-02 4.524137252188709102e-02
5.000000000000000000e+00 6.678188654690208059e-01 6.707370685009805822e-01 3.161834503878080405e-02 4.302630421329434185e-02
3.000000000000000000e+00 5.771839684985040630e-01 7.388552533877326134e-01 3.384078268686963042e-02 4.240462008435996744e-02
1.000000000000000000e+00 5.090201546562995727e-01 8.221261854930295154e-01 3.471740163552128333e-02 4.775199013027786599e-02
1.500000000000000000e+01 7.296311397939458931e-01 4.356134436224644024e-01 3.430216982961808991e-02 4.748785748833228570e-02
2.000000000000000000e+00 6.443187898310436257e-01 5.262025731161095177e-01 3.418348467773046906e-02 4.632682636197837933e-02
0.000000000000000000e+00 5.618836405600466932e-01 6.129103601507718269e-01 3.386000945984102284e-02 4.453075764188851871e-02
2.000000000000000000e+00 4.947512849087671860e-01 6.909106630763338641e-01 3.378177256233194647e-02 4.444110657944499998e-02
3.000000000000000000e+00 3.981902476990361039e-01 7.690358015047915607e-01 3.358180304171459740e-02 4.452355452809508840e-02
0.000000000000000000e+00 7.214640000364826999e-01 2.675641477727656592e-01 3.408236404178521806e-02 4.977509545627767373e-02
1.000000000000000000e+00 6.175936308092260241e-01 4.047655824210185660e-01 3.387962409278610920e-02 4.788153536142308875e-02
3.000000000000000000e+00 5.387509237255307948e-01 4.647210602357189080e-01 3.501699576075723019e-02 4.704575252712306366e-02
1.500000000000000000e+01 4.791908830059439239e-01 5.446092161736684201e-01 3.391472542038687088e-02 4.521228302387547693e-02
1.000000000000000000e+00 3.865863915336269496e-01 6.340388105722860601e-01 3.555772797236778082e-02 4.632610605059894748e-02
5.000000000000000000e+00 3.179970398919378383e-01 7.421400117989227496e-01 3.466770015034709163e-02 4.562258346725844849e-02
7.000000000000000000e+00 5.437397726345263305e-01 3.372293260159183736e-01 3.646543112746625237e-02 4.786430329688667884e-02
8.000000000000000000e+00 4.482256387539503284e-01 4.096136381596378051e-01 3.810771336806784149e-02 4.647809175163880591e-02
9.000000000000000000e+00 3.682596891870324463e-01 5.239721704864221952e-01 3.669906135292533289e-02 4.856851848732263166e-02
7.000000000000000000e+00 3.228898934574949697e-01 5.987036588161329664e-01 3.646781369587476229e-02 4.934321337579827826e-02
5.000000000000000000e+00 5.051154851903395526e-01 1.689666379200914226e-01 4.008787705414551539e-02 5.489071916803625606e-02
0.000000000000000000e+00 4.440408928307059133e-01 2.909722728927421898e-01 3.713083261626953790e-02 4.987156177254098433e-02
9.000000000000000000e+00 3.455011187055138100e-01 3.592313202105801295e-01 3.826640350579230132e-02 4.834308872987436168e-02
1.600000000000000000e+01 2.444703277527338625e-01 2.303030911703974337e-01 2.442578657755892224e-02 2.929046488647049640e-02
3.000000000000000000e+00 2.893630972713061578e-01 4.875752659049862325e-01 3.765031564218962457e-02 4.989624628942518347e-02
