0 0.462500 0.239167 0.040389 0.039583
16 0.180785 0.253278 0.041597 0.042389
16 0.287354 0.134319 0.034792 0.038778
3 0.424021 0.776333 0.042708 0.045111
6 0.545424 0.769375 0.044625 0.049417
7 0.656271 0.763375 0.042708 0.043194
6 0.787993 0.745618 0.042236 0.047986
8 0.354444 0.668847 0.047500 0.044139
15 0.478250 0.659250 0.043667 0.042222
3 0.711694 0.640778 0.041278 0.041750
1 0.834299 0.648215 0.042708 0.043181
1 0.271757 0.532076 0.045181 0.043181
2 0.404917 0.542278 0.044389 0.041194
9 0.521486 0.537875 0.042389 0.041194
2 0.655840 0.534083 0.041597 0.042389
5 0.772201 0.525479 0.039986 0.041181
15 0.882965 0.544479 0.039986 0.043986
5 0.347931 0.430111 0.045583 0.041583
7 0.473500 0.434507 0.042389 0.040792
0 0.592056 0.433313 0.043583 0.039986
0 0.713625 0.433306 0.040389 0.038389
3 0.823188 0.439507 0.039597 0.038792
5 0.935951 0.433708 0.038792 0.040778
6 0.396917 0.328743 0.044389 0.037986
9 0.533278 0.330340 0.040389 0.038792
8 0.648646 0.337938 0.039986 0.038792
7 0.772007 0.336542 0.038792 0.037583
1 0.859979 0.337535 0.038792 0.041986
2 0.811194 0.230569 0.039583 0.037583
8 0.695833 0.232569 0.038389 0.037583
