0.000000000000000000e+00 5.375819809669066807e-01 3.352130438851869121e-01 3.799294546957243668e-02 5.230575046927415928e-02
1.600000000000000000e+01 2.782306029317168083e-01 5.866794351163021615e-01 2.856979199229325861e-02 3.602533121682327533e-02
1.600000000000000000e+01 1.035582541560084169e-01 3.238429423887630998e-01 2.689109198036267190e-02 3.445204227223114257e-02
1.000000000000000000e+00 4.726326553300080890e-01 2.061981875580057577e-01 4.005685463522229428e-02 5.425631249786416754e-02
0.000000000000000000e+00 6.772591977326003487e-01 1.493952964942144024e-01 3.803654959986269013e-02 5.319314467427688209e-02
6.000000000000000000e+00 8.405932777971236725e-01 2.182946164466321726e-01 3.527355824791222894e-02 5.033713314451546128e-02
2.000000000000000000e+00 7.499746903936390652e-01 2.599324748302833110e-01 3.931841662361224010e-02 5.241523282888607693e-02
7.000000000000000000e+00 6.264253669307351391e-01 2.898235339248121933e-01 3.719249400608859446e-02 4.960890286570673879e-02
8.000000000000000000e+00 4.159547499887971123e-01 3.967803499808177925e-01 3.940066852838125522e-02 5.418252770093900939e-02
2.000000000000000000e+00 4.043486020468721742e-01 5.265184802309965661e-01 3.985662376087967251e-02 4.983609867583094211e-02
9.000000000000000000e+00 5.099624374418508799e-01 4.741202701241520323e-01 3.654465699861986216e-02 4.955535652167669669e-02
5.000000000000000000e+00 6.038773997382731462e-01 4.324243368213697147e-01 3.766411486320386803e-02 4.783207880956469316e-02
3.000000000000000000e+00 7.140850984213791275e-01 3.813452696642703477e-01 3.781091740198827544e-02 5.088758366072076988e-02
3.000000000000000000e+00 8.090076613022807450e-01 3.448307785812266824e-01 3.455547669766856345e-02 4.655605320516376100e-02
8.000000000000000000e+00 9.155494858165240668e-01 3.212140381627720531e-01 3.451558983423719251e-02 4.553787611140891478e-02
2.000000000000000000e+00 3.603714764799380577e-01 6.869971388081168584e-01 3.718202075422594177e-02 4.406831661343380002e-02
0.000000000000000000e+00 4.795076666291103740e-01 6.310007028888068303e-01 3.839178460177211649e-02 4.781945190309389027e-02
1.000000000000000000e+00 5.813556599286445747e-01 5.855582366267605421e-01 3.639788396195342557e-02 4.983291244709531220e-02
6.000000000000000000e+00 6.793292138366600064e-01 5.418049141263894253e-01 3.853897066808953387e-02 5.000998415886848125e-02
7.000000000000000000e+00 7.761361064914148455e-01 5.032576091099868476e-01 3.559123705370570434e-02 4.538655974858235576e-02
6.000000000000000000e+00 8.688204026897424770e-01 4.701042648197803486e-01 3.786284112953253178e-02 4.704077300263687089e-02
9.000000000000000000e+00 8.457220734874290047e-01 5.873962185733567765e-01 3.253062833614905891e-02 4.050528682765019983e-02
5.000000000000000000e+00 7.558154016915417106e-01 6.332975902796936785e-01 3.263913712586952176e-02 4.294528899258098775e-02
5.000000000000000000e+00 6.494710348525563059e-01 6.826391154506652459e-01 3.545299012911906633e-02 4.439278090634979357e-02
1.500000000000000000e+01 5.493311404254628272e-01 7.342833989339903056e-01 3.783634822763792815e-02 4.643208530565179348e-02
1.500000000000000000e+01 4.539350390497807197e-01 7.709498406753958477e-01 3.642738607987627830e-02 4.570155386164509448e-02
8.000000000000000000e+00 5.314208766683614638e-01 8.323962913449556300e-01 3.550591692867277605e-02 4.561015630031994839e-02
7.000000000000000000e+00 6.222983451566195257e-01 8.213389270495734529e-01 3.358432597988303403e-02 4.362330666668490231e-02
1.000000000000000000e+00 7.301917206971464402e-01 7.587536651260720078e-01 3.439303803638538160e-02 4.127777028334322917e-02
0.000000000000000000e+00 8.090842783025264939e-01 7.292308367163977678e-01 3.542655623146007127e-02 4.378403420512877453e-02
