0.000000000000000000e+00 5.314249169309747112e-01 6.169450194489809469e-01 4.438534444480723984e-02 3.658597292906828891e-02
1.200000000000000000e+01 6.207712998178731567e-01 1.278518897022605794e-01 3.464007296817006587e-02 3.062134464234812781e-02
1.400000000000000000e+01 8.368923688547451611e-01 2.658846834587623720e-01 4.141697033436331221e-02 3.326301583491811376e-02
6.000000000000000000e+00 8.168842130443412231e-01 5.130628315269502027e-01 5.644759760109518965e-02 3.814647362486867088e-02
2.000000000000000000e+00 8.199538166816792151e-01 7.690877131827804636e-01 5.727477147002524305e-02 3.791588282962876644e-02
1.000000000000000000e+00 8.086320491254341825e-01 8.579992565273577565e-01 5.172795267538365938e-02 3.467804802273433129e-02
7.000000000000000000e+00 6.818550419669712204e-01 4.526533003981330072e-01 5.359594505011422427e-02 3.790285162533796326e-02
1.500000000000000000e+01 6.735212792194793519e-01 5.809009880202461451e-01 4.990604490295191820e-02 3.743026074011424065e-02
8.000000000000000000e+00 6.878122877688570558e-01 6.856133978825968978e-01 5.295752789569652119e-02 3.514286492771578896e-02
5.000000000000000000e+00 6.674965843516076358e-01 7.906474771504343746e-01 5.113282372749428095e-02 3.605527293973231906e-02
7.000000000000000000e+00 6.731150188419330327e-01 8.888934734689966088e-01 4.929206824756882099e-02 3.558928154852714076e-02
3.000000000000000000e+00 5.502566010767485638e-01 9.041462464157412615e-01 4.362802454222558524e-02 3.216157146881204465e-02
2.000000000000000000e+00 5.399905008878456147e-01 8.210854061941919024e-01 4.510748568859523910e-02 3.382341354733731098e-02
0.000000000000000000e+00 5.306916180680621986e-01 7.191768584791032870e-01 4.804196748230005198e-02 3.328661741522154216e-02
5.000000000000000000e+00 5.636650671209393337e-01 4.982493164278442022e-01 4.879112190923162728e-02 3.493844839688836634e-02
6.000000000000000000e+00 5.666970312712056312e-01 3.705658435983770760e-01 4.661843425134148955e-02 4.046191728684567224e-02
9.000000000000000000e+00 4.291461264158646927e-01 3.264890394809140117e-01 4.217758998395421122e-02 3.657221466187721148e-02
8.000000000000000000e+00 4.472249509103109477e-01 4.419051155603652692e-01 4.438296750840220461e-02 3.768783675454012716e-02
6.000000000000000000e+00 4.057842391758555989e-01 5.476257798997683501e-01 3.849633069972274724e-02 3.546674348586142944e-02
5.000000000000000000e+00 4.326313583565802867e-01 6.562665106126790437e-01 4.512493519820354182e-02 3.658110720042750952e-02
9.000000000000000000e+00 4.442646723656228369e-01 7.610711735715003368e-01 4.288250542979560320e-02 3.271346813808850840e-02
1.500000000000000000e+01 4.409676378602656044e-01 8.506716090141537290e-01 4.214269096473771681e-02 3.105520544614981393e-02
1.000000000000000000e+00 3.344032589709496350e-01 7.835474842169113385e-01 4.066339760211423737e-02 3.104983636627012267e-02
8.000000000000000000e+00 3.416110529614276303e-01 6.916482995950310464e-01 3.846973697594480157e-02 3.325384365679073806e-02
0.000000000000000000e+00 3.303868376716383448e-01 4.882029430366126577e-01 3.848699073784911384e-02 3.546671552190383547e-02
2.000000000000000000e+00 3.202062372834201254e-01 4.123730509625213037e-01 3.849999397818221203e-02 3.711770758483939892e-02
3.000000000000000000e+00 2.421917728694137906e-01 4.636999165925344002e-01 3.405926156662586468e-02 3.324207083059665946e-02
7.000000000000000000e+00 2.403522617856063137e-01 5.494801258631386576e-01 3.552247565356861370e-02 3.158847811959453189e-02
3.000000000000000000e+00 2.539829574016830849e-01 6.363265588951189100e-01 3.844526851295254621e-02 2.938536567572058722e-02
1.000000000000000000e+00 2.545075053203236792e-01 7.205624725834132160e-01 3.553556278577482685e-02 3.324601374863322967e-02
