6.000000000000000000e+00 2.442761318110239777e-01 2.718484339119949800e-01 3.388529680820706602e-02 3.346386797069184071e-02
5.000000000000000000e+00 1.639853409305213339e-01 3.372566889553253455e-01 3.525834756800177994e-02 3.511762965493853139e-02
3.000000000000000000e+00 8.063726273957932955e-02 4.105529470722154572e-01 3.505772378055389826e-02 3.492712549486737261e-02
1.000000000000000000e+01 5.996752560772873331e-01 8.854155483472407884e-01 3.219479710709427511e-02 3.702449800787044332e-02
1.000000000000000000e+00 6.689653015956879001e-01 4.954146489556805477e-01 4.080616506365197793e-02 3.864613204990113848e-02
1.000000000000000000e+01 6.450474898007159119e-01 8.023442231176077799e-01 3.685968436314512875e-02 3.927743442023134968e-02
7.000000000000000000e+00 9.991258674024411368e-02 5.139464558067949884e-01 3.757310359516823073e-02 3.699274731452517617e-02
0.000000000000000000e+00 1.823932330893885956e-01 4.370625433182993014e-01 3.273238418893906210e-02 3.440334054090604665e-02
1.500000000000000000e+01 2.615382298850672527e-01 3.703278921869481155e-01 3.468840087540522865e-02 3.468837187933826449e-02
2.000000000000000000e+00 3.446748832536106755e-01 3.018316140021775618e-01 3.546381369863571553e-02 3.618358306932778490e-02
6.000000000000000000e+00 4.202718053091140105e-01 2.299005197148630275e-01 3.419685954792772709e-02 3.323793061676877381e-02
7.000000000000000000e+00 5.157442409557408958e-01 2.589871704100317196e-01 3.488838674937955187e-02 3.417879499819800881e-02
3.000000000000000000e+00 3.617498552093861286e-01 4.001959723892458687e-01 3.388683359975708242e-02 3.484567554271517098e-02
5.000000000000000000e+00 2.835228014041875078e-01 4.712836000841234552e-01 3.683251504838308543e-02 3.611268768555697672e-02
0.000000000000000000e+00 3.777557711716053035e-01 5.049262143097252853e-01 3.638728043987576877e-02 3.494730675748669579e-02
1.000000000000000000e+00 1.985063475112399112e-01 5.437472361376278762e-01 3.531506387501839872e-02 3.699515398808472799e-02
8.000000000000000000e+00 1.190235465352219302e-01 6.207823051233003486e-01 3.614493131204088439e-02 3.878235557258213895e-02
8.000000000000000000e+00 2.245969650874685142e-01 6.534185963462613156e-01 3.730457101884870896e-02 3.922553146033369575e-02
2.000000000000000000e+00 3.001813463440021756e-01 5.752240616301829146e-01 3.659228263343788923e-02 3.635126732468418886e-02
9.000000000000000000e+00 4.695342238690039527e-01 4.369892992531029252e-01 3.510806095283447448e-02 3.557924704129061810e-02
3.000000000000000000e+00 5.429777675081286503e-01 3.622554596293498519e-01 3.614237965814648401e-02 3.518359570732243480e-02
1.000000000000000000e+00 3.261189516747671768e-01 2.003819871000322439e-01 3.282328685892732523e-02 3.380245504483966879e-02
1.500000000000000000e+01 6.185788939933444253e-01 2.880655717241439873e-01 3.602239393297534953e-02 3.434218783564113586e-02
2.000000000000000000e+00 6.483494459243486219e-01 3.904671540033391453e-01 3.529447666746132750e-02 3.505421525644902836e-02
8.000000000000000000e+00 5.639879116982882135e-01 4.675295227860751246e-01 3.719853240189585630e-02 3.671798058380448815e-02
9.000000000000000000e+00 4.847986089122610642e-01 5.361600672590054462e-01 3.406301370273923101e-02 3.598249534480812972e-02
7.000000000000000000e+00 4.057594477610664274e-01 6.071006848942845924e-01 3.594520640266946065e-02 3.571503562296685086e-02
6.000000000000000000e+00 4.256646098306788861e-01 7.206335383311008869e-01 3.773437971972171123e-02 3.845441005501670784e-02
0.000000000000000000e+00 5.082491925819200285e-01 6.463683186438761163e-01 3.752511510431316699e-02 3.705395801192401528e-02
5.000000000000000000e+00 5.894863281005114919e-01 5.701918232015381616e-01 3.675112308836481212e-02 3.555149780518895852e-02
