6.000000000000000000e+00 3.600457550098244974e-01 2.544683414304804159e-01 4.140647295586691312e-02 4.286449573591663564e-02
1.100000000000000000e+01 1.343117422923669757e-01 2.438246606363219104e-01 3.694905463640632548e-02 4.203959810692348142e-02
0.000000000000000000e+00 3.425250697056568816e-01 3.693195485075164708e-01 4.148905960320853348e-02 4.112406948598457124e-02
5.000000000000000000e+00 3.252279379123969028e-01 4.950142825601737129e-01 4.368493080877894341e-02 4.222702546441692295e-02
1.000000000000000000e+00 3.069464161468505869e-01 6.232329297323976336e-01 4.468950503988039502e-02 4.614723423071098729e-02
2.000000000000000000e+00 4.082848417857677936e-01 7.076375108778076850e-01 4.459508674700785047e-02 4.568788453845817887e-02
8.000000000000000000e+00 4.276182203261565951e-01 5.674052368971149729e-01 4.121746021659017378e-02 4.194573763356723717e-02
9.000000000000000000e+00 4.450679451160601818e-01 4.470390003770808862e-01 3.943651865441794024e-02 3.961933666117095632e-02
7.000000000000000000e+00 4.596438718344971752e-01 3.323222424829458954e-01 3.990470538216661645e-02 3.971269803285470967e-02
8.000000000000000000e+00 5.764529520166148391e-01 1.734647711967917671e-01 3.829654107545310548e-02 3.829651171653117303e-02
2.000000000000000000e+00 5.744643547997512201e-01 2.845025772654535823e-01 3.766297554056785568e-02 3.840000191627501724e-02
0.000000000000000000e+00 5.619619753387334882e-01 3.965002879655260548e-01 3.920819431869959626e-02 3.957383033220568391e-02
9.000000000000000000e+00 5.356232937995752952e-01 5.230947848980549431e-01 4.021162355184637605e-02 4.021162355184637605e-02
3.000000000000000000e+00 5.296650473919155555e-01 6.497084825655149443e-01 4.482291198105370356e-02 4.354785400236660386e-02
1.500000000000000000e+01 5.198553214541603573e-01 7.847105526841497980e-01 4.468604068709469690e-02 4.468604068709469690e-02
7.000000000000000000e+00 6.409137826350622680e-01 7.290087802649525273e-01 4.251853020009233042e-02 4.388507057946067214e-02
3.000000000000000000e+00 6.591427666098450544e-01 4.763053682888770402e-01 4.045771003532216969e-02 4.089642040547020185e-02
5.000000000000000000e+00 6.681392504106065111e-01 3.577670769649980986e-01 3.894179146125986701e-02 3.970626842895580433e-02
1.000000000000000000e+00 6.809616421204771619e-01 2.416314023748017403e-01 3.739269730543559600e-02 3.830326426857125210e-02
8.000000000000000000e+00 6.863426040465591127e-01 1.298172876929130082e-01 3.753773037968644033e-02 3.723586194457564891e-02
7.000000000000000000e+00 7.849049674650585562e-01 1.982101734026465167e-01 3.765152556102169257e-02 3.780674618117638164e-02
0.000000000000000000e+00 7.788496311026321672e-01 3.160684093387907678e-01 3.845055797980934109e-02 3.906122355560243120e-02
1.500000000000000000e+01 7.682524108024011422e-01 4.293416184013790771e-01 3.898477292294066920e-02 4.080713992393236733e-02
2.000000000000000000e+00 7.555232336696046103e-01 5.518135061599446223e-01 4.057033085978090092e-02 4.057884494713581702e-02
6.000000000000000000e+00 7.528422649972634773e-01 6.791487580512636235e-01 4.255481782757708498e-02 4.316542468552619916e-02
1.000000000000000000e+00 8.614547452061428467e-01 6.316434681696170284e-01 4.055764780551451842e-02 4.222611533783748872e-02
6.000000000000000000e+00 8.670990860207072881e-01 5.028388903133117482e-01 3.969948651799370953e-02 4.074666054479120225e-02
5.000000000000000000e+00 8.780178745926529027e-01 3.871885187023395014e-01 3.784699726311924195e-02 3.876610767253163559e-02
3.000000000000000000e+00 8.827565513840410771e-01 2.666741664212535778e-01 3.634423148607401899e-02 3.846564846567279705e-02
