0.000000000000000000e+00 6.815862709609894488e-01 4.852614767968160825e-01 4.161294594460140939e-02 4.856038814499402667e-02
1.300000000000000000e+01 1.519867221586089778e-01 3.514903923367279637e-01 3.495769624490854821e-02 4.218147373127789646e-02
1.000000000000000000e+01 1.863403722048196931e-01 2.786303383923348642e-01 3.584263959374514585e-02 3.858660817448666958e-02
5.000000000000000000e+00 4.379496839901317884e-01 1.646912223567484346e-01 4.480219910641708436e-02 6.358413716814445560e-02
0.000000000000000000e+00 5.643162799295242671e-01 1.344855748279508711e-01 4.046224850270041529e-02 6.100579486323839951e-02
6.000000000000000000e+00 6.481583878467387372e-01 1.836848425753074276e-01 3.815432417754183181e-02 5.549509210488307032e-02
6.000000000000000000e+00 7.529564754537408922e-01 2.082093660114180955e-01 3.829150074461007414e-02 5.659518637627192206e-02
2.000000000000000000e+00 8.084305217699663260e-01 2.755465910920796846e-01 4.023185250055272277e-02 5.453782936316584062e-02
0.000000000000000000e+00 5.543391477904634490e-01 2.781442156534914556e-01 4.277524480462679968e-02 5.549716170459872977e-02
1.000000000000000000e+00 3.976701869721815386e-01 3.538155438933223706e-01 3.901784279692777080e-02 5.587196329817367690e-02
7.000000000000000000e+00 4.901087999730763256e-01 3.516595748261593934e-01 3.950655982273870714e-02 5.523073717782361891e-02
2.000000000000000000e+00 3.963184177156530152e-01 4.370961781524688172e-01 4.162169073213234372e-02 5.240984361610173670e-02
8.000000000000000000e+00 5.313165124634953163e-01 5.101332848950710375e-01 3.954363772186986203e-02 5.087087760782810220e-02
9.000000000000000000e+00 7.272826245924424171e-01 3.319410117212877598e-01 3.953600060742623601e-02 5.178803092407030517e-02
1.500000000000000000e+01 5.944960866111679287e-01 4.907626914607003954e-01 3.988620019874744571e-02 4.854887417474490485e-02
2.000000000000000000e+00 8.242240744394631058e-01 4.360712307552622735e-01 3.873322911208831876e-02 4.778472549100198918e-02
3.000000000000000000e+00 8.290990894429046687e-01 4.966994985661452588e-01 3.757256261240204953e-02 5.137944530133431442e-02
3.000000000000000000e+00 4.384434584180647021e-01 5.765179402699902589e-01 3.873282102200359400e-02 4.621643529520802485e-02
8.000000000000000000e+00 3.983805843619011022e-01 5.861919489239377778e-01 3.780080156695886373e-02 4.908868990902803819e-02
6.000000000000000000e+00 2.602182173952898303e-01 6.766287051632561278e-01 4.681597792832745131e-02 5.395015049179674449e-02
5.000000000000000000e+00 4.476435724610662303e-01 6.490047666825640160e-01 4.045860484122920653e-02 4.624745014165110302e-02
7.000000000000000000e+00 5.778977219959094969e-01 6.777412753315223970e-01 4.161312084035206915e-02 4.932404129077683219e-02
1.000000000000000000e+00 7.575695549213397051e-01 6.324705013599072334e-01 3.813636821381172215e-02 4.603331944431066081e-02
5.000000000000000000e+00 8.188347201827450572e-01 6.221512148340535564e-01 3.372129988520455868e-02 4.431928278966834611e-02
1.000000000000000000e+00 6.854329863986708959e-01 7.196279331258415013e-01 3.419445118921049520e-02 4.367805666931834363e-02
8.000000000000000000e+00 6.173381129263308953e-01 7.310732567927589187e-01 3.420267128948950575e-02 4.560336739070747214e-02
7.000000000000000000e+00 3.154779872677160313e-01 8.165604924388722985e-01 3.805183526767963453e-02 4.432114834434153217e-02
3.000000000000000000e+00 4.290620649295473488e-01 8.756545601506861010e-01 4.239161097564564384e-02 4.624838291898769604e-02
1.500000000000000000e+01 6.537000180036618424e-01 8.440209033927363880e-01 3.451555978734555108e-02 4.549102602022714326e-02
9.000000000000000000e+00 4.906115961068120424e-01 9.341066438605637456e-01 3.692912114587754147e-02 4.335362505192152938e-02
