1.500000000000000000e+01 7.421165993526497306e-01 2.674268432583601918e-01 4.112162824015530571e-02 3.171366578801321223e-02
1.100000000000000000e+01 6.231255289999223512e-01 9.114249263101350529e-01 3.475166513299421389e-02 2.606415060309996701e-02
1.200000000000000000e+01 5.389208233661837433e-01 7.753684150563673327e-01 3.991862990032568614e-02 3.463601968601770498e-02
6.000000000000000000e+00 2.638741681072197531e-01 6.228889409135961452e-01 5.713117204799608717e-02 4.154492747787874585e-02
0.000000000000000000e+00 1.352737378338959573e-01 3.616550867613045339e-01 5.035395007776942433e-02 3.776526168165000863e-02
5.000000000000000000e+00 9.056854407359313242e-02 2.600837293691984908e-01 5.341760211840002048e-02 3.615387361746139061e-02
0.000000000000000000e+00 1.560441630465569662e-01 1.819584894080708559e-01 4.889612107338492386e-02 3.546610163468372212e-02
8.000000000000000000e+00 2.105988759547079980e-01 2.844622716958711273e-01 4.951482123875847186e-02 3.622285615634235345e-02
1.000000000000000000e+00 8.680955294712033865e-01 4.434240808469312456e-01 4.524004651269220023e-02 3.218871680965140758e-02
3.000000000000000000e+00 2.634766554829303664e-01 3.948023721941769093e-01 4.794295380081406432e-02 3.534780759152073015e-02
3.000000000000000000e+00 3.487192537077015153e-01 5.183421089022161032e-01 5.319532835528434367e-02 3.838497367028587126e-02
1.500000000000000000e+01 3.913940752947107082e-01 5.999953682623431206e-01 5.126426365923220096e-02 4.025967385872764037e-02
1.000000000000000000e+00 2.785113819763384013e-01 1.214815005470541026e-01 4.761253398666576153e-02 3.462494914914823751e-02
7.000000000000000000e+00 3.208495491323332116e-01 2.050665834706800472e-01 4.402228745703634649e-02 3.337963278934924505e-02
2.000000000000000000e+00 4.170330964503626281e-01 3.097099255655765271e-01 4.826828473914324125e-02 3.511630838101359453e-02
8.000000000000000000e+00 4.715698048563466971e-01 4.344262044110877574e-01 4.777380075896781042e-02 3.547291656195017406e-02
7.000000000000000000e+00 5.127480951991892910e-01 5.266331523905911638e-01 4.747638423887429182e-02 3.669192551693012394e-02
2.000000000000000000e+00 5.864244673141241204e-01 6.549977236855277773e-01 5.046188781224791864e-02 4.037930707973780287e-02
7.000000000000000000e+00 7.124535422031756937e-01 6.317154621040226292e-01 4.907985627401101336e-02 4.045650324274785437e-02
3.000000000000000000e+00 6.305091604588366483e-01 5.294938445886123723e-01 5.262653488434720916e-02 3.843077355265767103e-02
6.000000000000000000e+00 5.748958721017918272e-01 4.047576268729328186e-01 5.031309027367814046e-02 4.241268496331063176e-02
0.000000000000000000e+00 4.820389169547997232e-01 2.483440648484049329e-01 4.779680485843068594e-02 3.428369687419205447e-02
9.000000000000000000e+00 4.365769984323459862e-01 1.666248584191836468e-01 4.370395000301996458e-02 3.746507752733913010e-02
6.000000000000000000e+00 5.354616972275421105e-01 1.637414597167766162e-01 4.523129721742447096e-02 3.218764546737368226e-02
1.000000000000000000e+00 6.281967574309377245e-01 2.569893803963609891e-01 4.380992360998947621e-02 3.503441021578473924e-02
5.000000000000000000e+00 6.476933417956558525e-01 3.466084862243185571e-01 4.841883808866820349e-02 3.805610135053871801e-02
8.000000000000000000e+00 8.033247941979526630e-01 3.755767481471944391e-01 4.449534459165771505e-02 3.510193453878779346e-02
5.000000000000000000e+00 7.403151075531843039e-01 4.550875759077309679e-01 5.115492722789105606e-02 3.836631445894916892e-02
2.000000000000000000e+00 7.939177542905497820e-01 5.461581868446838683e-01 4.517088541676494984e-02 3.820513696517024993e-02
9.000000000000000000e+00 6.990868807563975773e-01 1.780279131482244703e-01 4.071410154151999805e-02 2.966329522553576292e-02
