1.400000000000000000e+01 2.466227561532958468e-01 3.908139904407784138e-01 3.594954621108420456e-02 4.409076734883987658e-02
1.400000000000000000e+01 2.031525638661690614e-01 3.421969161975039198e-01 3.301920273313291299e-02 4.436935758042831468e-02
3.000000000000000000e+00 4.140408682207141755e-01 2.195121528524801580e-01 4.266594295842390805e-02 5.932684688208919588e-02
2.000000000000000000e+00 6.537981403027310900e-01 1.208675625150998911e-01 4.393597544982352776e-02 6.151548528604537658e-02
6.000000000000000000e+00 7.773008171221182927e-01 7.381085453630908955e-02 3.940024146777121317e-02 5.462957689479325252e-02
9.000000000000000000e+00 4.076588618534433550e-01 3.850308167231879519e-01 4.195382398522584655e-02 5.551630957487574403e-02
5.000000000000000000e+00 5.133683579580079481e-01 3.527496244667256420e-01 3.939939112394263976e-02 5.462075091229584567e-02
1.000000000000000000e+00 6.270055069494309130e-01 3.131297450524527237e-01 3.925990541384194454e-02 5.129359008837192091e-02
5.000000000000000000e+00 7.319592233235260315e-01 2.627249695204335045e-01 3.911435000813678897e-02 5.283793177001558372e-02
5.000000000000000000e+00 8.504571575560555541e-01 1.947538644815364761e-01 3.631970967635866909e-02 5.120811587249149421e-02
1.000000000000000000e+00 3.880616034006241222e-01 5.373084249714779048e-01 4.101527897599727135e-02 5.300521492665288825e-02
1.500000000000000000e+01 4.721662379173142132e-01 4.912281756077933048e-01 3.948219701953303851e-02 5.180511588461006456e-02
7.000000000000000000e+00 5.858520617623774740e-01 4.547920861157127570e-01 4.037655347187241173e-02 5.383567830303920276e-02
1.500000000000000000e+01 7.243954442898299373e-01 4.006421324624825919e-01 3.657082500562114369e-02 5.085824337030087072e-02
7.000000000000000000e+00 8.188155997919486229e-01 3.533703168172427356e-01 3.673321135469331811e-02 4.897745875451930964e-02
7.000000000000000000e+00 9.105377902589469885e-01 3.065808807004588576e-01 3.840082356929119811e-02 4.829172976221052238e-02
8.000000000000000000e+00 3.473187130107062703e-01 6.868427067397189223e-01 4.065992322222189426e-02 5.037155347829969099e-02
8.000000000000000000e+00 4.653061917073335607e-01 6.457657338528425273e-01 4.019396412631925930e-02 5.184663612120932186e-02
1.000000000000000000e+00 5.577516582450060545e-01 5.912598673240183622e-01 3.728270940121114485e-02 4.900789519914494630e-02
0.000000000000000000e+00 6.688553544099528070e-01 5.472352215384066465e-01 3.663550978100094113e-02 4.850460894138453050e-02
6.000000000000000000e+00 7.865083694210088794e-01 4.996519308131701642e-01 3.826635195555960767e-02 4.683860944784096203e-02
3.000000000000000000e+00 8.831067539457329030e-01 4.372391421935860611e-01 3.417983409264568895e-02 4.731049162834327637e-02
0.000000000000000000e+00 4.238778655471168166e-01 8.047537571194706141e-01 3.853441551699315903e-02 4.896344274244701644e-02
9.000000000000000000e+00 5.315852298160086420e-01 7.370679131128867745e-01 3.972161279060126837e-02 4.981366928229924440e-02
6.000000000000000000e+00 7.496632352251436648e-01 6.572307144392075529e-01 3.584990937212650941e-02 4.458798391099583203e-02
3.000000000000000000e+00 8.481787345726735650e-01 5.733374343472399381e-01 3.486738106141573645e-02 4.474432988666476874e-02
0.000000000000000000e+00 8.165737415931989540e-01 7.230166264327644310e-01 3.361403290237841013e-02 4.431616710783570223e-02
2.000000000000000000e+00 7.214251346519318098e-01 7.749539267994289826e-01 3.554683510271305913e-02 4.545902921354982862e-02
2.000000000000000000e+00 6.013596941989780564e-01 8.295813631735502458e-01 3.726710999028559623e-02 4.549832096287376171e-02
8.000000000000000000e+00 5.196907962739714115e-01 8.866667037233015858e-01 3.519532055726715125e-02 4.377007043663250219e-02
