1.600000000000000000e+01 7.282033434856787224e-01 2.222115974102544661e-02 3.697738266573902255e-02 3.583629043442448925e-02
5.000000000000000000e+00 5.693446498895481378e-01 8.268252674355586196e-01 3.647872810661412224e-02 3.644998316893510726e-02
6.000000000000000000e+00 4.642790836828141754e-01 8.082067272734383412e-01 3.469820707361914724e-02 3.393351577928893636e-02
1.000000000000000000e+00 3.521169211064224536e-01 7.923590939391585986e-01 3.526936664831220591e-02 3.470834375387776838e-02
7.000000000000000000e+00 7.538832645475666006e-01 7.559881593488404494e-01 3.732758013819303944e-02 3.616767516311314434e-02
0.000000000000000000e+00 6.360917681597155759e-01 7.436319258738162130e-01 3.644384857857685400e-02 3.623988805533084889e-02
1.500000000000000000e+01 5.262359778593654891e-01 7.269676325011711349e-01 3.574847815529569317e-02 3.479130678539010813e-02
2.000000000000000000e+00 4.168452625390123845e-01 7.092664180839625132e-01 3.495942377354266384e-02 3.554977585235674642e-02
6.000000000000000000e+00 3.097580274735320938e-01 6.989790313887734863e-01 3.569712287029619402e-02 3.591148298481616763e-02
7.000000000000000000e+00 2.652560731236386360e-01 6.039639836585604105e-01 3.507472485994364564e-02 3.621599236526840127e-02
3.000000000000000000e+00 4.806071722914892486e-01 6.266897489149048095e-01 3.787598330389019274e-02 3.673509555892096046e-02
5.000000000000000000e+00 5.910850830850088444e-01 6.405876925839757430e-01 3.683552756678687423e-02 3.586854085230806177e-02
1.000000000000000000e+00 7.058728211224192250e-01 6.563798516940153593e-01 3.721616429235208301e-02 3.547423275394445685e-02
2.000000000000000000e+00 6.591580908179508480e-01 5.541924454032195468e-01 3.802709871304965628e-02 3.763892520504441563e-02
0.000000000000000000e+00 5.496302674030897339e-01 5.415307385406868956e-01 3.624882702985277039e-02 3.643391638466331184e-02
9.000000000000000000e+00 4.338988102760594767e-01 5.177139802076209385e-01 3.614947587838340803e-02 3.848976367540585253e-02
3.000000000000000000e+00 3.268167019753785985e-01 5.124510275022274852e-01 3.616764595077798239e-02 3.732758013819287291e-02
1.500000000000000000e+01 2.172240563890646958e-01 5.039448629360744336e-01 3.547636525440234223e-02 3.722802450037826505e-02
2.000000000000000000e+00 2.753358915722042277e-01 4.094122131005367704e-01 3.647466759204354148e-02 3.649429828119010732e-02
8.000000000000000000e+00 3.919608809972563446e-01 4.228520489315176212e-01 3.690327097174356252e-02 3.767710572694099591e-02
9.000000000000000000e+00 4.992356446475229026e-01 4.353875292943443776e-01 3.569113434161302889e-02 3.587616527175341297e-02
7.000000000000000000e+00 6.092695863731116823e-01 4.478496720900544403e-01 3.694992307080180449e-02 3.655199264289321626e-02
0.000000000000000000e+00 5.680313217308405882e-01 3.400251322943437238e-01 4.028509536226587695e-02 3.893092835917311145e-02
6.000000000000000000e+00 6.828224191867804382e-01 3.525846251965730760e-01 3.950594396209139436e-02 3.834563001432095275e-02
5.000000000000000000e+00 4.517060800756290684e-01 3.301427454121428351e-01 3.726062546628233774e-02 3.843998585649860411e-02
1.000000000000000000e+00 3.392656261894831937e-01 3.197232167194025143e-01 3.769428257994428266e-02 3.962901552961289875e-02
3.000000000000000000e+00 6.857310913866674351e-01 8.432839059695254047e-01 3.558249366760091181e-02 3.522364934397514968e-02
1.400000000000000000e+01 5.706047823861487567e-01 3.443385840783285551e-02 3.845260558523566630e-02 3.801649463543040064e-02
