5.000000000000000000e+00 8.339159992951075129e-01 5.139296101935180161e-01 3.372019801856052101e-02 4.890456963961181680e-02
1.200000000000000000e+01 3.278084989970742047e-01 8.052051542304190512e-01 2.488206982352264562e-02 3.128368482615384583e-02
1.600000000000000000e+01 3.461446136602787660e-01 8.983178391100299365e-01 2.207622166222755755e-02 2.892187411581159662e-02
1.000000000000000000e+00 4.750044293658267636e-01 8.598869888516984528e-01 3.478339781811118359e-02 4.693494696010513945e-02
1.000000000000000000e+00 5.865594806297504960e-01 8.571217956596259846e-01 3.556285924280488953e-02 4.348072166373218028e-02
6.000000000000000000e+00 6.805210325295985019e-01 8.482037773101588352e-01 3.251583892358911321e-02 4.413802705598657283e-02
3.000000000000000000e+00 7.442249119830439685e-01 7.225763729520481293e-01 3.443434937852574151e-02 4.591275707578112986e-02
2.000000000000000000e+00 6.368178689355390443e-01 7.079164477036152814e-01 3.440606291236403269e-02 4.509124820138765699e-02
1.500000000000000000e+01 5.335842536990440532e-01 7.128795211592786618e-01 3.496627692076625937e-02 4.347695377538252082e-02
6.000000000000000000e+00 4.464973779144882915e-01 7.251542638681853781e-01 3.387992372034187571e-02 4.753480570679580186e-02
2.000000000000000000e+00 7.924420604271424917e-01 6.048579300612271226e-01 3.576070068470393881e-02 4.833381646524581576e-02
5.000000000000000000e+00 5.868755736980453275e-01 6.267924463572587257e-01 3.155093186359614332e-02 4.601378016921542358e-02
9.000000000000000000e+00 4.807904860869770536e-01 6.114295368962159305e-01 3.429144265662403823e-02 4.572135926903098113e-02
8.000000000000000000e+00 3.728352971952045847e-01 5.794254208961805430e-01 3.348637051256769803e-02 4.739320955475490038e-02
8.000000000000000000e+00 3.405320299726787292e-01 4.486440367393541573e-01 3.570617551778793031e-02 4.695569764956741832e-02
9.000000000000000000e+00 4.454431063721140394e-01 4.738522746369762118e-01 3.201782237649597462e-02 4.466225500029513684e-02
2.000000000000000000e+00 5.422822601331344083e-01 5.038929658608048978e-01 3.514544274214914665e-02 4.554759954832371394e-02
7.000000000000000000e+00 6.527469718799738807e-01 5.325944458116965707e-01 3.317642074049542700e-02 4.818883467439816215e-02
5.000000000000000000e+00 7.354539777969095748e-01 5.079963054878023909e-01 3.458430041342896999e-02 4.413152881376031234e-02
0.000000000000000000e+00 8.028987150966941932e-01 4.000311371526108495e-01 3.582655682020752241e-02 5.013112651160006594e-02
0.000000000000000000e+00 7.010411163033927195e-01 3.970693584814227739e-01 3.884010300089602019e-02 4.785035270431520216e-02
7.000000000000000000e+00 6.005862368141980934e-01 3.883805669916660097e-01 3.643296841620191628e-02 5.016845044909318263e-02
3.000000000000000000e+00 5.073395325145539925e-01 3.811525830847408147e-01 3.319725334057388455e-02 4.582718778528827031e-02
1.500000000000000000e+01 7.605444282282948221e-01 2.768756450249167944e-01 3.408797668573937401e-02 4.478938027678996958e-02
8.000000000000000000e+00 6.618211391676442901e-01 2.638506966331043424e-01 3.253609814935343181e-02 4.469417283711263345e-02
3.000000000000000000e+00 5.467989753370501305e-01 2.497623436652004481e-01 3.625036234893441733e-02 4.768041547903514865e-02
6.000000000000000000e+00 4.492577793355072568e-01 2.273058792703472331e-01 3.674671338016277655e-02 4.702313739031960260e-02
1.000000000000000000e+00 7.078551512590853800e-01 1.464209204058876390e-01 3.315048237866757841e-02 4.749264904294094036e-02
0.000000000000000000e+00 5.945621751456240389e-01 1.259255463346767301e-01 3.594145011133520473e-02 5.317795570604440247e-02
7.000000000000000000e+00 5.095613989369508490e-01 1.312431835447563089e-01 3.474883153803326463e-02 4.896283539133866602e-02
