0.000000000000000000e+00 5.415403736922150824e-01 5.651065777563799575e-01 3.565879453629094975e-02 3.754095066350593424e-02
1.200000000000000000e+01 7.016299725305873425e-01 2.010512821509740089e-01 3.034458680201912451e-02 3.128520307181506532e-02
6.000000000000000000e+00 2.814560354151666166e-01 6.492572436778256684e-01 3.206525940577564793e-02 3.384313671793170997e-02
7.000000000000000000e+00 2.669003954941302492e-01 5.503243269534072724e-01 3.449830668799522271e-02 3.341378392169092049e-02
1.500000000000000000e+01 2.497485796269626190e-01 4.457192834286925476e-01 3.317558490129737803e-02 3.360640966531225349e-02
2.000000000000000000e+00 3.254693582611259961e-01 3.744619151553414405e-01 3.361951306471355760e-02 3.407666007598381119e-02
3.000000000000000000e+00 3.444546543015654105e-01 4.812124382972216008e-01 3.186244533618820540e-02 3.446505753356737811e-02
2.000000000000000000e+00 3.764716418229829276e-01 6.873019248033367390e-01 3.428290873704431529e-02 3.408632888391205373e-02
6.000000000000000000e+00 3.952698536455390155e-01 7.924840662818585235e-01 3.654131137217780934e-02 3.719500937446706956e-02
5.000000000000000000e+00 4.879466620018513279e-01 8.413028588234410243e-01 3.611031343548348760e-02 3.761252870428810624e-02
1.500000000000000000e+01 4.721276985231210865e-01 7.326923023641280786e-01 3.473592846612444385e-02 3.517991435376688347e-02
3.000000000000000000e+00 4.552947224206799204e-01 6.269522850992028662e-01 3.477826918621623742e-02 3.717134244162778600e-02
9.000000000000000000e+00 4.403671508776514365e-01 5.143223474598899170e-01 3.413325868000566254e-02 3.750853851036139996e-02
8.000000000000000000e+00 4.265860257648377285e-01 4.163196277823956182e-01 3.525729367930624525e-02 3.638043395309703554e-02
1.000000000000000000e+00 4.069426879740695169e-01 3.098422268179036321e-01 3.677050541324711208e-02 3.563420401582861885e-02
5.000000000000000000e+00 5.047782382918013511e-01 3.456223865402789919e-01 3.526292179138396099e-02 3.676525250864132177e-02
9.000000000000000000e+00 5.215027938659366757e-01 4.553640203545179510e-01 3.411547961826300046e-02 3.713630383618038433e-02
5.000000000000000000e+00 5.551686883465927203e-01 6.683888706322836937e-01 3.522949946427667012e-02 3.447134947424901341e-02
0.000000000000000000e+00 5.703219904771043014e-01 7.781209222249340085e-01 3.562537220918371439e-02 3.524629721416983053e-02
3.000000000000000000e+00 5.940269924437375781e-01 8.907529235053420757e-01 3.600906514231250188e-02 3.525189646413440236e-02
7.000000000000000000e+00 6.781648435869143121e-01 8.242196626304507667e-01 3.987046954561013212e-02 3.912548067921017836e-02
1.000000000000000000e+00 6.583335124216964651e-01 7.162070714328018228e-01 3.832530745233608815e-02 3.682309218353152502e-02
2.000000000000000000e+00 6.411412174407395970e-01 6.074961902679406611e-01 4.138099710302167722e-02 3.685541775033640555e-02
7.000000000000000000e+00 6.198799128761034449e-01 4.939988162468977317e-01 3.523527188692032741e-02 3.486935801553425751e-02
0.000000000000000000e+00 6.108182483615212099e-01 3.831509986503839338e-01 3.795720006034530858e-02 3.795717119823216468e-02
6.000000000000000000e+00 7.118750125492476766e-01 4.230243544073158946e-01 4.409709512957649125e-02 3.955890303341463854e-02
8.000000000000000000e+00 7.475680664139291443e-01 6.416601582364109824e-01 3.872983883120872939e-02 3.910885610199610340e-02
1.200000000000000000e+01 7.914029492449141667e-01 2.030712837309213148e-01 3.643016337417270822e-02 3.393243609623022849e-02
8.000000000000000000e+00 7.699171551636632138e-01 7.577581529690209372e-01 3.951581189837916064e-02 4.025981945292977926e-02
1.000000000000000000e+00 2.958394551066272360e-01 7.485635495609538337e-01 3.319489365504074696e-02 3.493302783729457239e-02
