0.000000000000000000e+00 9.204473111995123968e-01 6.513267430995990370e-01 3.704820799602515091e-02 5.136031562795217997e-02
2.000000000000000000e+00 9.146521058653240832e-01 5.082939078131345489e-01 3.649075060261808279e-02 5.126786715203973666e-02
6.000000000000000000e+00 7.252941404424410043e-01 7.025665414188648761e-01 3.936673969211446078e-02 5.249701690098451667e-02
7.000000000000000000e+00 5.678455099877861567e-01 8.985728721289869547e-01 3.791326982580611737e-02 5.448408277103145014e-02
6.000000000000000000e+00 4.267784151748053034e-01 8.633795701805232481e-01 3.911648328163352950e-02 5.487796860917693031e-02
0.000000000000000000e+00 5.291140077503276862e-01 7.588899396434837241e-01 3.966247106986164894e-02 5.549773074227282166e-02
1.000000000000000000e+00 6.984936500381999647e-01 5.407860601058179784e-01 3.925999743688390886e-02 5.691512034304446743e-02
5.000000000000000000e+00 7.953073481727861438e-01 4.601824298972952976e-01 3.965659217675499004e-02 5.550608799227740864e-02
1.000000000000000000e+00 8.996534933726784145e-01 3.543040693633793259e-01 3.807908919313773843e-02 5.599124076409317530e-02
8.000000000000000000e+00 7.872181065304526548e-01 2.756839603981775522e-01 3.981659028718687043e-02 5.702137269051585355e-02
8.000000000000000000e+00 6.841039352536444351e-01 3.998652892131753789e-01 4.071456239112380970e-02 5.493108037386096321e-02
7.000000000000000000e+00 5.890891495915890896e-01 4.856648522943534108e-01 4.156988370193415161e-02 5.228972828276828855e-02
3.000000000000000000e+00 5.068035507743924306e-01 6.023380709324204219e-01 4.083548315325874478e-02 5.837089565762954013e-02
1.500000000000000000e+01 4.051262213181937577e-01 7.113717688417604545e-01 3.961618919569848130e-02 5.282882854426873553e-02
1.000000000000000000e+00 3.110824040161496162e-01 8.175803992504251383e-01 4.097242678091939094e-02 5.306311972543065192e-02
5.000000000000000000e+00 6.712481216621650759e-01 2.292025785047772379e-01 4.546528438336450151e-02 5.826043586705226263e-02
7.000000000000000000e+00 5.803147863575033316e-01 3.811297900172030406e-01 4.331349423391761544e-02 6.324409458959218133e-02
8.000000000000000000e+00 5.578837256185713578e-01 3.305076357004284038e-01 4.132210564835114841e-02 6.294089932304786084e-02
6.000000000000000000e+00 4.447632604117485178e-01 4.610643503176028446e-01 4.123689051640822001e-02 5.576792928035101404e-02
2.000000000000000000e+00 3.619754917326406529e-01 5.672755167193723747e-01 4.279609400432565769e-02 5.609697438570238059e-02
1.500000000000000000e+01 2.973812689957618938e-01 6.623104750538526542e-01 4.549854047476203922e-02 5.500995552304188685e-02
5.000000000000000000e+00 5.350766750837452346e-01 1.449419165576263657e-01 4.369556464964285958e-02 6.062101317609562556e-02
9.000000000000000000e+00 4.386897010162016386e-01 2.764673805408452978e-01 4.464151889584733190e-02 6.344521613366713164e-02
0.000000000000000000e+00 3.450829678893954089e-01 3.855792619648831798e-01 4.743180294564169897e-02 5.774199818573566567e-02
2.000000000000000000e+00 2.262785784549100621e-01 4.905481087444248933e-01 4.776096332340709627e-02 6.131342574802417511e-02
1.500000000000000000e+01 3.357389139769824116e-01 1.817871874690582534e-01 3.199852699844929482e-02 4.484333207440541202e-02
3.000000000000000000e+00 2.882176164110333838e-01 2.045289505904868965e-01 3.680939237261920960e-02 4.145060557169688575e-02
9.000000000000000000e+00 7.896205565438290108e-01 7.543798776332706346e-01 3.831655036568071271e-02 5.305239939094208435e-02
8.000000000000000000e+00 7.257480543901018155e-01 8.592421838843060655e-01 3.584960543675208555e-02 5.042101836364787371e-02
3.000000000000000000e+00 6.464410659288366556e-01 9.437014457914787435e-01 3.331793504744318124e-02 4.703909864973832011e-02
