3.000000000000000000e+00 8.774375800383162893e-01 5.757649208701869359e-01 3.328668713004201418e-02 4.583521587385341878e-02
9.000000000000000000e+00 3.666126850957790451e-01 8.347601122214884928e-01 3.827532566879426890e-02 4.461228527509886188e-02
2.000000000000000000e+00 4.771096883383614262e-01 8.421793260435888051e-01 3.330651284577762494e-02 4.440902858942641362e-02
6.000000000000000000e+00 5.645591390071846849e-01 8.789350537006275221e-01 3.424309115029822159e-02 4.403745445045059714e-02
5.000000000000000000e+00 6.862802413501338794e-01 8.670388197374402361e-01 3.398828760371308544e-02 4.613231428067465778e-02
3.000000000000000000e+00 7.267081512881565786e-01 7.913656430851430112e-01 3.750979444510604832e-02 4.758832633746912233e-02
0.000000000000000000e+00 6.439706698583487210e-01 7.419336113830224955e-01 3.321652133609065416e-02 4.380644176274817170e-02
9.000000000000000000e+00 5.379992597604057458e-01 7.473392508094145459e-01 3.531580603620343428e-02 5.000378810418393272e-02
2.000000000000000000e+00 4.214885853761557444e-01 7.164849204038445940e-01 3.952052428159985586e-02 5.123102864114181809e-02
5.000000000000000000e+00 3.123810631109680824e-01 6.836472139029116102e-01 4.212171565195965695e-02 4.887067661758814907e-02
3.000000000000000000e+00 2.599073930870213767e-01 5.662476578635921021e-01 3.957310552768128487e-02 5.276387252964243046e-02
8.000000000000000000e+00 3.447856926547624434e-01 5.801980945732849726e-01 4.134509352062792908e-02 4.832469364598102057e-02
6.000000000000000000e+00 5.209742568010128361e-01 6.176252818694922819e-01 3.646615727561286491e-02 5.056522938748031493e-02
1.000000000000000000e+00 5.943347206133646754e-01 6.249746459597760317e-01 3.535723890879893805e-02 5.152215060032094840e-02
7.000000000000000000e+00 7.054263660298704108e-01 6.510874984160981427e-01 3.510703262963077442e-02 4.340469805634838973e-02
1.000000000000000000e+00 8.114586899210881610e-01 6.946241955131560175e-01 3.406109682642921577e-02 4.638706036141693190e-02
1.000000000000000000e+00 3.082624861637971447e-01 4.403853801308255100e-01 4.209918904161652486e-02 5.403119549189200344e-02
2.000000000000000000e+00 4.391863409561783671e-01 4.740450205800684769e-01 3.986031980955601073e-02 5.245197666832285277e-02
7.000000000000000000e+00 5.680114569739522778e-01 5.065402306584377845e-01 3.603487612605915658e-02 4.902827669122583609e-02
1.500000000000000000e+01 6.752389267289734542e-01 5.208461079717650044e-01 3.544539151151915313e-02 5.407231230235259867e-02
0.000000000000000000e+00 7.893397422661730944e-01 5.590739668544790764e-01 3.537499585419690007e-02 5.203589523416640716e-02
5.000000000000000000e+00 8.690394930514593330e-01 4.474141422846187321e-01 3.438652589370738699e-02 4.868158526214411141e-02
6.000000000000000000e+00 7.744137654106011404e-01 4.287934709041804071e-01 3.937145788560469928e-02 5.132866310790956677e-02
7.000000000000000000e+00 6.504947957143663029e-01 3.912906729254245208e-01 3.760731398018835048e-02 5.014248191556930356e-02
1.500000000000000000e+01 5.134697493018673953e-01 3.672289775259440781e-01 3.986776163618721558e-02 5.245237892922188783e-02
7.000000000000000000e+00 4.149684533962066935e-01 3.209741604350681565e-01 4.380201689285928568e-02 5.631083673935677325e-02
0.000000000000000000e+00 7.534156602848628426e-01 2.727212990924769986e-01 3.772328005078118274e-02 5.379584413306498503e-02
8.000000000000000000e+00 4.751648143576157057e-01 2.135462641871281597e-01 4.170773172106223559e-02 5.910801536628601527e-02
1.600000000000000000e+01 2.850617152869069360e-01 2.825936866405715508e-01 2.797827990951856636e-02 3.341653120164977953e-02
1.400000000000000000e+01 1.272235750292809997e-01 3.591364795241691610e-01 2.768299167674284633e-02 3.650224582483613256e-02
