9.000000000000000000e+00 6.487989207111508061e-02 6.586534154954626352e-01 4.446223014623481434e-02 3.302149256767217267e-02
1.400000000000000000e+01 6.124469081616725763e-01 2.342851450947965875e-01 3.940419588389687533e-02 2.955295473050506549e-02
1.200000000000000000e+01 7.830843461466452382e-01 7.718329217194749847e-02 3.877425148593005577e-02 2.722187070607536008e-02
8.000000000000000000e+00 8.231038214317287771e-01 5.497552295888339380e-01 5.925108110252019777e-02 4.350341728217477222e-02
7.000000000000000000e+00 7.209716097148273217e-01 6.611771845683083182e-01 5.558666503215448085e-02 4.215666203354107022e-02
3.000000000000000000e+00 6.800389131484143590e-01 7.801583836238069614e-01 5.456088398723479838e-02 3.999168275086373292e-02
2.000000000000000000e+00 6.305132676321520968e-01 9.099568509290443252e-01 5.396695161765097115e-02 3.581937290089276527e-02
0.000000000000000000e+00 5.065673167031065072e-01 9.042431493913229978e-01 5.258122768805795211e-02 3.386224629434919642e-02
5.000000000000000000e+00 5.596265168466948436e-01 7.944083550814843298e-01 5.056100611553016044e-02 3.736174028399297242e-02
1.000000000000000000e+00 6.280079776379101641e-01 5.595836158178086883e-01 5.760718226993999380e-02 3.985076868906378689e-02
0.000000000000000000e+00 6.814499164575371637e-01 4.598741000054222816e-01 5.703991890659698694e-02 4.165961916889165950e-02
0.000000000000000000e+00 5.894227745177269551e-01 3.637806589937743196e-01 5.447998997273972854e-02 4.143754499386442802e-02
9.000000000000000000e+00 5.241141183995658981e-01 4.667923861526320217e-01 5.075564255464665164e-02 3.862647799015228589e-02
3.000000000000000000e+00 4.418641830326297537e-01 6.401808119609606607e-01 4.709087168597186901e-02 3.637167560219844997e-02
1.500000000000000000e+01 4.164529959309796192e-01 7.194923668642368986e-01 4.934460967899806372e-02 3.477496494474041633e-02
2.000000000000000000e+00 3.880892807830907398e-01 8.185134113409031631e-01 4.532400567273153769e-02 3.567325513055796815e-02
6.000000000000000000e+00 3.669297600865673026e-01 9.037658569658851837e-01 4.747343296285594372e-02 3.336535126232864634e-02
3.000000000000000000e+00 2.654679841246688210e-01 8.163800682407953424e-01 4.462271724809172002e-02 3.411297043284344799e-02
2.000000000000000000e+00 2.857956358355078219e-01 7.455833770928208537e-01 4.641761232775809543e-02 3.319427934424756810e-02
6.000000000000000000e+00 3.241985908908703862e-01 6.186361576998113954e-01 4.685070279717595820e-02 3.611704868230303234e-02
6.000000000000000000e+00 3.791342158089243686e-01 5.236150797944274515e-01 4.836039916930512383e-02 3.950146975366630731e-02
7.000000000000000000e+00 4.132495811303548705e-01 3.960031457691505219e-01 4.777439062862631758e-02 3.583078557983832013e-02
5.000000000000000000e+00 4.429279570631585727e-01 2.502939700372318610e-01 5.325614277171453192e-02 4.026094510101319024e-02
1.000000000000000000e+00 1.815035450616236390e-01 7.574428358092792912e-01 4.392701689682174115e-02 3.322094835048838846e-02
1.000000000000000000e+00 1.772048974470551430e-01 6.387411291218449971e-01 4.433290616253504624e-02 3.325033747709948972e-02
5.000000000000000000e+00 2.284929000813784861e-01 5.370118795846059445e-01 4.614187490846594075e-02 3.442862266191948351e-02
8.000000000000000000e+00 2.789753183714230866e-01 4.467432067647185701e-01 5.125712039816093801e-02 3.653506022358038452e-02
8.000000000000000000e+00 3.023271673869571963e-01 3.378950178531600068e-01 4.757650187167561384e-02 3.758313442892763367e-02
1.500000000000000000e+01 1.953721231201847597e-01 3.582137700397433622e-01 4.696719490869336044e-02 3.685080115223371422e-02
7.000000000000000000e+00 1.623410805646903765e-01 4.630902284121263257e-01 4.286495772478729482e-02 3.542078656704350514e-02
