0.000000000000000000e+00 8.772523817552653203e-01 2.685180430030425502e-01 3.533877777429950129e-02 4.896448621425306125e-02
2.000000000000000000e+00 8.075024046813523704e-01 1.684747033400871841e-01 3.480862300942311194e-02 4.887404772517933704e-02
6.000000000000000000e+00 7.577826705196025747e-01 4.649367834378505537e-01 3.754007972773543145e-02 5.006107006961491024e-02
7.000000000000000000e+00 7.322282875060753815e-01 7.366888753728211281e-01 3.617396664088334823e-02 5.193032454098522877e-02
6.000000000000000000e+00 6.127887499139870187e-01 8.257657306892403071e-01 3.731320030938478638e-02 5.231609649772073212e-02
0.000000000000000000e+00 6.398889138483268013e-01 6.659150554586110715e-01 3.783368192076574932e-02 5.290736800513762272e-02
1.000000000000000000e+00 6.640618496282673089e-01 3.682640980793072671e-01 3.746016628919812685e-02 5.424611046448513108e-02
5.000000000000000000e+00 6.980568010415242330e-01 2.304040869558524607e-01 3.782813084972580508e-02 5.291530988400186541e-02
1.000000000000000000e+00 7.259935828310322137e-01 6.789931275432560531e-02 3.633670645622644191e-02 5.336324284416618657e-02
8.000000000000000000e+00 6.076364216501091153e-01 1.018577699975764805e-01 3.798867222109258979e-02 5.434919000642236819e-02
8.000000000000000000e+00 5.889842733444686784e-01 2.767651483328607553e-01 3.882682898704437058e-02 5.237866970939508704e-02
7.000000000000000000e+00 5.586865276077485065e-01 4.169661725244431238e-01 3.962662290561014267e-02 4.988164956060175959e-02
3.000000000000000000e+00 5.518513179605881724e-01 5.694162532783155761e-01 3.895988980870779272e-02 5.563613162957925518e-02
1.500000000000000000e+01 5.273143473387273961e-01 7.320592271643004967e-01 3.777795136596751036e-02 5.037745363834922330e-02
1.000000000000000000e+00 5.070745789753512422e-01 8.864179420172683121e-01 3.906230981745212327e-02 5.061109327192703233e-02
5.000000000000000000e+00 5.014091476276875126e-01 1.622334308136649250e-01 4.334430159167590446e-02 5.557237675426743295e-02
7.000000000000000000e+00 5.043855247452309065e-01 3.475453849554264729e-01 4.132907044028122368e-02 6.027704686347812313e-02
8.000000000000000000e+00 4.647726970755718945e-01 3.287309777440627911e-01 3.944231085874988496e-02 5.997401884189940136e-02
6.000000000000000000e+00 4.417113770116808391e-01 5.164547898110870561e-01 3.932529867811301871e-02 5.317533084529491028e-02
2.000000000000000000e+00 4.297170651451406309e-01 6.616510084833436833e-01 4.080531864348552196e-02 5.349776013496398974e-02
1.500000000000000000e+01 4.259298057072260502e-01 7.838486314464070404e-01 4.336304332657348048e-02 5.249268651011418374e-02
5.000000000000000000e+00 3.630837671352816209e-01 2.113858839878887952e-01 4.167952989064793723e-02 5.779302501469435471e-02
9.000000000000000000e+00 3.527222808307391988e-01 3.861952254621063840e-01 4.258836663043652493e-02 6.047614344607871173e-02
0.000000000000000000e+00 3.341322248271535456e-01 5.423245533532845553e-01 4.520657600342165017e-02 5.509652355560457071e-02
2.000000000000000000e+00 2.951892630370629433e-01 7.159346848592733625e-01 4.553315485609599200e-02 5.848421580083262850e-02
1.500000000000000000e+01 2.339568273825987643e-01 4.006686401590334734e-01 3.052327860813544569e-02 4.275006218489091347e-02
3.000000000000000000e+00 2.095659158824113022e-01 4.560161298348036074e-01 3.506713254048213213e-02 3.957757012438967159e-02
9.000000000000000000e+00 8.286265108744568231e-01 4.505134108219334133e-01 3.654852653333973134e-02 5.057773188458719593e-02
8.000000000000000000e+00 8.298684943182987883e-01 5.793212876522855215e-01 3.419723573962318852e-02 4.806633940829907470e-02
3.000000000000000000e+00 8.104618125594540423e-01 7.057517396861534564e-01 3.178317937038410701e-02 4.484061752302226367e-02
