2.000000000000000000e+00 1.557904929984982312e-01 3.529692226934877386e-01 3.907932406079550613e-02 3.727480692652518357e-02
1.300000000000000000e+01 3.806715818343608948e-01 9.843539451249612160e-01 3.950055116582140702e-02 3.129210975007767903e-02
1.300000000000000000e+01 2.435295710632108535e-01 8.371869394984883250e-01 3.338042083243369929e-02 2.997279521880791275e-02
3.000000000000000000e+00 7.706038760051484582e-01 4.785874847746535155e-01 3.714711988431651513e-02 3.844053164477195805e-02
6.000000000000000000e+00 7.164079119032580323e-01 3.897636850905601968e-01 3.650744819449258660e-02 3.650744819449269762e-02
7.000000000000000000e+00 6.706253066382359407e-01 3.086124285891533869e-01 3.533960772366373515e-02 3.508917955437423908e-02
6.000000000000000000e+00 6.111255904493653190e-01 2.152138222759551189e-01 3.555915140071241876e-02 3.271508533855921330e-02
8.000000000000000000e+00 7.158532549990146432e-01 5.692694922494569987e-01 3.596625517031859509e-02 3.854258236023611062e-02
1.500000000000000000e+01 6.589997682671968615e-01 4.769696209818340416e-01 3.650552478305424398e-02 3.649645727198713718e-02
3.000000000000000000e+00 5.563541141677772472e-01 3.025169453994844826e-01 3.503307089498330917e-02 3.502405833852884065e-02
1.000000000000000000e+00 5.140634211533456899e-01 2.087057261167740985e-01 3.471958230781835297e-02 3.135564561115183890e-02
1.000000000000000000e+00 6.404105187831619084e-01 6.936008959077115676e-01 3.671001089627035086e-02 3.929557046109255491e-02
2.000000000000000000e+00 5.950636211635665918e-01 5.776913415739605151e-01 3.812146516443526423e-02 4.044829841347641342e-02
9.000000000000000000e+00 5.453650875963420575e-01 4.847897172991577630e-01 3.686806036190037883e-02 3.687707291835495838e-02
2.000000000000000000e+00 4.896357798957000629e-01 3.794271895882805334e-01 3.875827921440788693e-02 3.720553663743375594e-02
1.500000000000000000e+01 4.142461710515086271e-01 1.989513648250018363e-01 3.578300901484454677e-02 3.215957663782159637e-02
5.000000000000000000e+00 5.252829685856820197e-01 6.706761396548240883e-01 3.867760584321700001e-02 4.023056823864123999e-02
7.000000000000000000e+00 4.759520264216561269e-01 5.624257745329153124e-01 3.692219065524032784e-02 3.718157642637165416e-02
0.000000000000000000e+00 3.835625791356128134e-01 3.656907621181286761e-01 3.870612728711897432e-02 3.689246020986269858e-02
3.000000000000000000e+00 3.464408757595902055e-01 2.761159526992298940e-01 3.649337981368561135e-02 3.468834061059622442e-02
5.000000000000000000e+00 2.986193032446007312e-01 1.896192335599340417e-01 3.559902097210126959e-02 3.302294107794012668e-02
6.000000000000000000e+00 4.134061897990205514e-01 6.707628305560867643e-01 3.856096467812669681e-02 3.959578750933201441e-02
9.000000000000000000e+00 3.613990404368078169e-01 5.518461873021187625e-01 3.961554369253589281e-02 3.677062583388845951e-02
8.000000000000000000e+00 3.202452896623115830e-01 4.521650048209006068e-01 3.964961555230311907e-02 3.887637667673016217e-02
7.000000000000000000e+00 2.723580463853513267e-01 3.507099561405495614e-01 3.660669622471801610e-02 3.712752856495055154e-02
1.000000000000000000e+00 2.394557306819097842e-01 2.783521108376001418e-01 3.761368454467803324e-02 3.399833049569672694e-02
0.000000000000000000e+00 4.300822494025114962e-01 4.653245874620008937e-01 3.754216111647307175e-02 3.729178790179626946e-02
8.000000000000000000e+00 2.020378906376277817e-01 4.505090162656399388e-01 4.134655903255021747e-02 3.799059075470023750e-02
0.000000000000000000e+00 3.026798858256294911e-01 6.511864863218266297e-01 4.160981910386485350e-02 4.134208023162921908e-02
