1.500000000000000000e+01 7.610824827507329804e-01 5.731482903374203186e-01 5.178336705181141308e-02 3.795384343450169951e-02
0.000000000000000000e+00 1.166184262189298715e-01 5.857423001253858619e-01 3.936279015114972635e-02 3.061330539658235761e-02
1.400000000000000000e+01 7.128807888006047921e-01 2.371482877857140348e-01 3.763507373276220314e-02 3.065737013586572468e-02
1.500000000000000000e+01 1.672159414451968584e-01 4.754912249357113874e-01 3.982928373601571370e-02 3.181792452080051126e-02
7.000000000000000000e+00 1.943828821222726155e-01 4.302740253509643731e-01 4.036988620058540311e-02 3.136877148090772005e-02
7.000000000000000000e+00 2.555467020338372808e-01 3.451286295861690778e-01 4.221316966869978482e-02 3.337220805188428896e-02
1.000000000000000000e+00 3.767224028693761939e-01 3.199082199574835306e-01 4.562859852672335181e-02 3.544673536973697026e-02
6.000000000000000000e+00 2.316050615654303146e-01 5.518581344332230687e-01 3.975311703847503320e-02 3.066505265579055894e-02
2.000000000000000000e+00 1.878746765242841621e-01 6.364140888567835219e-01 3.955814565781046177e-02 3.040560298289951557e-02
3.000000000000000000e+00 1.938715829837020510e-01 7.352072068923811710e-01 4.289897175984933031e-02 3.131932897767708557e-02
1.000000000000000000e+00 2.808285581031360612e-01 6.980104757964744611e-01 4.292511976516499850e-02 3.219392899598005897e-02
3.000000000000000000e+00 3.216116952817510977e-01 5.951820592952017375e-01 4.560590765537375635e-02 3.471835016814672770e-02
5.000000000000000000e+00 3.420128190052151296e-01 5.174184402377793868e-01 4.332436386311733223e-02 3.326295164352432998e-02
9.000000000000000000e+00 4.789473574305510573e-01 2.763872521782176905e-01 4.694889445095279390e-02 3.598152106922070104e-02
8.000000000000000000e+00 4.282826613112983294e-01 4.246089351583725024e-01 4.829264949852429822e-02 3.560310208777900387e-02
0.000000000000000000e+00 5.580627295875381089e-01 4.078600402508302802e-01 4.583479187399230881e-02 3.715291329476377857e-02
8.000000000000000000e+00 4.566650040780581010e-01 5.570620264921828380e-01 4.581747876659020280e-02 3.364987627202564724e-02
0.000000000000000000e+00 4.109649306784625145e-01 6.340295718599626706e-01 4.351628967338300180e-02 3.317158453156077158e-02
5.000000000000000000e+00 3.662094642599850736e-01 7.083310907508180154e-01 4.650086635147765435e-02 3.642375984118118026e-02
0.000000000000000000e+00 2.779151819222021591e-01 8.616234838195209189e-01 4.406882748140739103e-02 3.120491430593907989e-02
9.000000000000000000e+00 5.663428672498387328e-01 4.955134083638816911e-01 4.626770187175821558e-02 3.439222719733642242e-02
6.000000000000000000e+00 6.404190139311840557e-01 4.324619247128510535e-01 4.612639838028298467e-02 3.675158394140326523e-02
1.000000000000000000e+00 4.050773629401180909e-01 8.254847454675522389e-01 4.530799050771616709e-02 3.269806692847776475e-02
8.000000000000000000e+00 3.967770723818001555e-01 8.811345327345476708e-01 4.435110521350377200e-02 3.249354727304964996e-02
6.000000000000000000e+00 5.766155487673654267e-01 5.875079901422590734e-01 4.905634685419779650e-02 3.576679463732090891e-02
5.000000000000000000e+00 5.036059827897312324e-01 7.605108483931810603e-01 4.785578849051136396e-02 3.486261691730718759e-02
7.000000000000000000e+00 5.293172642852584930e-01 9.062549186975685789e-01 4.903928068493601522e-02 3.385637143257735904e-02
2.000000000000000000e+00 6.006920448980248572e-01 7.259217291851989273e-01 4.699660838720043365e-02 3.493834461370926014e-02
2.000000000000000000e+00 6.674455428378475164e-01 6.982135961357734955e-01 4.971397055976578550e-02 3.638556674212600761e-02
1.200000000000000000e+01 8.938809307927368941e-01 3.789653831553669305e-01 3.291850037517896066e-02 2.653569819617829229e-02
