1.500000000000000000e+01 4.595582839518123075e-01 1.115275193908832618e-01 3.159358136222029101e-02 4.102330475693437284e-02
1.100000000000000000e+01 8.585384622119693887e-01 7.925520552413287678e-01 2.598316680060419603e-02 3.464374773138390040e-02
1.200000000000000000e+01 7.173379263816801465e-01 7.269303723874671608e-01 3.441537240594361169e-02 3.996918263904070123e-02
6.000000000000000000e+00 4.650585900410498241e-01 7.826989860562753032e-01 4.144935022960882787e-02 5.691096496543135430e-02
0.000000000000000000e+00 2.111625148172214250e-01 6.330304070793197901e-01 3.764796016717428251e-02 5.019753733550236241e-02
5.000000000000000000e+00 1.152007487095009775e-01 5.710465313384931463e-01 3.614755979251277340e-02 5.312351831725459217e-02
0.000000000000000000e+00 9.336362647163062856e-02 4.518998488372670819e-01 3.538722837971595980e-02 4.870416800164750759e-02
8.000000000000000000e+00 1.951189702040055929e-01 5.076971651726591706e-01 3.613284504044492196e-02 4.933040530285814906e-02
1.000000000000000000e+00 6.510860902038799747e-01 1.842066910381961464e-01 3.213452650174730696e-02 4.503957173313413720e-02
3.000000000000000000e+00 3.016100165880272188e-01 5.719452288876699653e-01 3.525346060335715626e-02 4.777203592509060570e-02
3.000000000000000000e+00 4.343924830616874289e-01 6.252428322152758788e-01 3.830573331807879400e-02 5.297880347736139139e-02
1.500000000000000000e+01 5.150421553013718734e-01 6.702505120966499863e-01 4.008761265971588772e-02 5.117007564656828045e-02
1.000000000000000000e+00 1.138190156902254419e-01 3.082933323765268963e-01 3.454519449273588116e-02 4.742902793434738973e-02
7.000000000000000000e+00 1.956760689372844808e-01 3.553294081969330387e-01 3.326533739805914713e-02 4.389888177948636505e-02
2.000000000000000000e+00 3.206286704681250432e-01 3.833126094386319904e-01 3.503502366893035402e-02 4.808282572884647887e-02
8.000000000000000000e+00 4.382721194115797303e-01 4.596750081292538814e-01 3.537278062919774202e-02 4.761144932641453442e-02
7.000000000000000000e+00 5.256961698016031637e-01 5.155186047332465105e-01 3.655132546921358028e-02 4.736583756760442965e-02
2.000000000000000000e+00 6.559121135463947816e-01 5.815584120138108659e-01 4.019097192625720183e-02 5.039422847705454789e-02
7.000000000000000000e+00 7.048415418554037082e-01 4.698172993262219044e-01 4.023980354299849793e-02 4.905758905282586735e-02
3.000000000000000000e+00 5.890330313948630714e-01 4.338838747765031423e-01 3.833738783512796733e-02 5.242863195095320838e-02
6.000000000000000000e+00 4.708149951166296088e-01 3.582734859503816094e-01 4.216675372659495213e-02 5.032827909429893332e-02
0.000000000000000000e+00 3.105417672592834522e-01 2.800088198860836153e-01 3.421930426800712244e-02 4.759439089407774270e-02
9.000000000000000000e+00 2.283943498270142869e-01 2.369348097273046572e-01 3.723404843158803490e-02 4.374034219269068435e-02
6.000000000000000000e+00 2.777958368757487140e-01 1.634950693324841442e-01 3.213336949503226014e-02 4.503099801670748525e-02
1.000000000000000000e+00 3.927979581561832356e-01 1.834026900386172554e-01 3.487141105269192520e-02 4.375031025054312850e-02
5.000000000000000000e+00 4.670854878047200898e-01 2.523695166402932788e-01 3.789259292030255910e-02 4.833075150108662177e-02
8.000000000000000000e+00 5.688173947344064008e-01 1.677870302420843840e-01 3.494789216323812564e-02 4.441831846084964841e-02
5.000000000000000000e+00 5.929295926763172853e-01 2.864508997745030539e-01 3.824720064503472905e-02 5.099596096937808465e-02
2.000000000000000000e+00 6.860066888753793002e-01 3.323510026686380403e-01 3.798043643012705139e-02 4.518823226259388592e-02
9.000000000000000000e+00 3.731803901334522777e-01 5.960706555595118167e-02 2.959329475299532497e-02 4.055910772950326038e-02
