1.500000000000000000e+01 6.065548788250252343e-01 7.685959391420951192e-01 4.560692387047027285e-02 3.098826962324829903e-02
1.100000000000000000e+01 3.905815203849627437e-01 2.232654017421589199e-01 3.943031734585406012e-02 2.688757031162641864e-02
1.000000000000000000e+01 6.096521755554598077e-01 2.891848384923732529e-01 3.122414010372542847e-02 2.832147813125318603e-02
1.000000000000000000e+00 7.566454992340644337e-01 4.253414357710952887e-01 5.164677598721589824e-02 3.739478677782187566e-02
7.000000000000000000e+00 8.492231862817650745e-01 6.346412113224861873e-01 5.351000781364767533e-02 3.656228693721252920e-02
1.000000000000000000e+00 8.556161192725415532e-01 7.362101919566761410e-01 4.649585436780190317e-02 3.755146104643825034e-02
6.000000000000000000e+00 7.607681855617924871e-01 7.947164337379611920e-01 4.616183427696485264e-02 3.588528013358516233e-02
2.000000000000000000e+00 7.077283079386883502e-01 7.021643847859646570e-01 5.079419520881955918e-02 3.552162186719054482e-02
3.000000000000000000e+00 6.851056549820568886e-01 6.056543776269098789e-01 4.780133009334697203e-02 3.392073084831881413e-02
3.000000000000000000e+00 6.474905685043950143e-01 5.116724477813132665e-01 5.064391032949899785e-02 3.412352684302888406e-02
0.000000000000000000e+00 6.221511901730362171e-01 3.893770668103436194e-01 4.847361197043609238e-02 3.956621267617210780e-02
7.000000000000000000e+00 4.612277629054473693e-01 3.543379646427722851e-01 5.008599315157113985e-02 3.755841420537786579e-02
1.000000000000000000e+00 5.162655327613199230e-01 4.776344796932673331e-01 4.829546076301011182e-02 3.815249317902652537e-02
7.000000000000000000e+00 5.417558402801636586e-01 5.787076920412097536e-01 4.677924257539523012e-02 3.315443367159021104e-02
5.000000000000000000e+00 5.701205407507712319e-01 6.627519201454961095e-01 4.582716987796320307e-02 3.308951962403805513e-02
1.500000000000000000e+01 1.523028710284417830e-01 4.868471334034502607e-01 4.143892120185366235e-02 3.139254615016640049e-02
8.000000000000000000e+00 6.546802959250097587e-01 8.554495119197256248e-01 4.371276525215261888e-02 3.086032076028966120e-02
8.000000000000000000e+00 5.278003670572103401e-01 8.225289621117726213e-01 4.185699666195707991e-02 3.108615077187337761e-02
7.000000000000000000e+00 4.732904869341924003e-01 7.215035896450285868e-01 4.318472786534366392e-02 3.083572966535275128e-02
6.000000000000000000e+00 4.567867480752998421e-01 6.366804198162895334e-01 4.535695914889931180e-02 3.401206153060676307e-02
9.000000000000000000e+00 3.991762154501581339e-01 5.349631946119659531e-01 4.436314065165603004e-02 3.327201991157302530e-02
5.000000000000000000e+00 3.623462721630302807e-01 4.494449370817391598e-01 4.559366186075525240e-02 3.605492110400781991e-02
0.000000000000000000e+00 3.398227487020922810e-01 3.376220067822667814e-01 4.559449409213406357e-02 3.606152526269179592e-02
5.000000000000000000e+00 2.462215110199836854e-01 4.183093490813434290e-01 4.637429489413924522e-02 3.508730447211239056e-02
2.000000000000000000e+00 2.844936978636137259e-01 5.176542853170993386e-01 4.313533090608145937e-02 3.420465597938238123e-02
0.000000000000000000e+00 3.703694256172405108e-01 6.994659416553987707e-01 4.318483525003763424e-02 3.083648135821093206e-02
9.000000000000000000e+00 3.944177446182303148e-01 7.949511498329773218e-01 3.931657010868339075e-02 3.227914103040285809e-02
6.000000000000000000e+00 2.830840992541021617e-01 7.668443605513001193e-01 3.906247107639165828e-02 3.022954306745018194e-02
3.000000000000000000e+00 2.566825520677382677e-01 6.921184661192271159e-01 4.087233270988141487e-02 3.034680715335080770e-02
2.000000000000000000e+00 2.288698223476255678e-01 5.988233419305899474e-01 4.148933831570927877e-02 3.173690201780599018e-02
