1.400000000000000000e+01 2.383258419057765476e-01 4.244961263567881282e-01 2.721138679198961685e-02 3.519490196547941929e-02
2.000000000000000000e+00 8.276754998306716793e-01 2.282719900331161011e-01 3.467571774068434198e-02 4.482934536297120132e-02
1.000000000000000000e+00 7.546140772522531570e-01 1.786484367432236708e-01 3.741026045981954429e-02 4.752667260331269738e-02
1.000000000000000000e+01 2.209561841469646626e-01 5.295602197732709460e-01 2.942679918275084572e-02 3.827545970830248390e-02
8.000000000000000000e+00 6.748844277617274123e-01 8.690291701324320828e-02 3.672108692276410125e-02 5.083572422353829084e-02
3.000000000000000000e+00 8.241919315988104344e-01 3.967097590700232046e-01 3.542547085509584193e-02 4.645178932840332564e-02
6.000000000000000000e+00 7.586245638453426032e-01 3.159790644015433303e-01 3.721375410836069708e-02 4.805148900411643220e-02
5.000000000000000000e+00 6.761201918537251832e-01 2.530174403948027839e-01 3.745143732556677207e-02 5.124062108731625154e-02
1.500000000000000000e+01 5.874803860211326167e-01 1.667799058450472327e-01 3.515345561762639459e-02 4.882433673498420834e-02
1.000000000000000000e+00 6.483880308925169533e-01 3.748884186147094510e-01 3.346035344408615497e-02 4.578546787390919137e-02
8.000000000000000000e+00 8.160998959813650089e-01 5.174295501567983679e-01 3.404049452118507180e-02 4.499836453965122551e-02
0.000000000000000000e+00 7.288221605037006334e-01 4.759388186010454214e-01 3.389535145906796831e-02 4.552164489245247303e-02
0.000000000000000000e+00 7.997493925980088125e-01 6.339392627289153204e-01 3.305440560009598183e-02 4.299031862920754676e-02
7.000000000000000000e+00 7.349910101257797201e-01 5.839456700856140436e-01 3.290295665670617264e-02 4.480862218904468897e-02
1.000000000000000000e+00 5.623370318563103432e-01 3.086930497621743763e-01 3.657917764591511744e-02 4.782787275282662787e-02
5.000000000000000000e+00 6.381418900633515356e-01 5.303861015825359626e-01 3.433509235910991997e-02 4.297086202117761378e-02
7.000000000000000000e+00 7.292743784252352368e-01 7.090054435360884089e-01 3.431741433297763599e-02 4.528856981925344360e-02
2.000000000000000000e+00 5.691550908191730374e-01 4.278194874768251332e-01 3.513098081001309048e-02 4.684094843720987278e-02
5.000000000000000000e+00 4.946613843231923990e-01 3.440213992663844200e-01 3.493169879286567303e-02 4.579279778718353677e-02
0.000000000000000000e+00 4.004356995077293924e-01 2.547603159132615369e-01 3.728368471478360480e-02 5.035849836259692625e-02
9.000000000000000000e+00 4.048228008176060766e-01 4.033680690406413194e-01 3.715080308847473756e-02 5.113991562442521399e-02
3.000000000000000000e+00 4.826105757287367792e-01 5.051010537265490097e-01 3.476154779134205119e-02 4.680521510999730017e-02
3.000000000000000000e+00 5.531318195567389573e-01 5.991275104212858693e-01 3.347091714262850903e-02 4.517495616350053478e-02
6.000000000000000000e+00 6.155259546712419372e-01 6.646133598377867990e-01 3.381580034147257940e-02 4.562892571872201319e-02
7.000000000000000000e+00 6.437482496862534376e-01 7.790708988046557426e-01 3.408673765051906113e-02 4.572707110160911803e-02
8.000000000000000000e+00 5.232837659463955848e-01 8.182524112486615486e-01 3.559077117871722873e-02 4.318359119539816326e-02
2.000000000000000000e+00 4.707907671952665796e-01 6.277021532894684341e-01 3.459624746772044235e-02 4.703319697139896061e-02
6.000000000000000000e+00 3.699743315730783522e-01 5.826619920752271753e-01 3.710868303535769241e-02 4.947836980545960994e-02
9.000000000000000000e+00 4.361871493919559084e-01 7.761439458620678078e-01 3.506371807643632321e-02 4.810649030188474118e-02
1.500000000000000000e+01 3.625965178544109380e-01 7.161629691074711257e-01 3.800657046325911503e-02 5.012895350498236535e-02
