3.000000000000000000e+00 8.308705280936743431e-01 6.147723331318879492e-01 4.806538225032208622e-02 3.830153000042546552e-02
1.000000000000000000e+01 2.808351378438263546e-01 8.264404128094058333e-01 4.528308959058691130e-02 3.678860641394010589e-02
1.000000000000000000e+01 3.889423036606396433e-01 7.716104850464156062e-01 4.565706036133687640e-02 3.442668575657215069e-02
8.000000000000000000e+00 3.137886512929502492e-01 1.382330351946328140e-01 5.019425769451335562e-02 3.484079374110735094e-02
1.000000000000000000e+00 2.707888407330173441e-01 2.373843773745743790e-01 5.267261189660482623e-02 3.669378521510108238e-02
0.000000000000000000e+00 1.989440741449775008e-01 4.624449420203032846e-01 5.753031319429804946e-02 3.864836658966680494e-02
6.000000000000000000e+00 4.428296006454405243e-01 1.192178223528104486e-01 4.845318729742109642e-02 3.184142762930235182e-02
9.000000000000000000e+00 4.173868969186954603e-01 2.031905587074491759e-01 4.857980358203245475e-02 3.418853432980725748e-02
7.000000000000000000e+00 3.856180992402258312e-01 3.130727423355290640e-01 4.790723806553331965e-02 3.592993128707089312e-02
1.000000000000000000e+00 3.497107451359091623e-01 4.298865070039125102e-01 5.282989515003294612e-02 3.905662617840643946e-02
5.000000000000000000e+00 3.273745341008096332e-01 5.321244365486925698e-01 5.440587453687356634e-02 3.911632731518321915e-02
2.000000000000000000e+00 5.643799721625302190e-01 9.833809936913290306e-02 4.604201542875885345e-02 3.115487940001258893e-02
3.000000000000000000e+00 5.524389135630856096e-01 2.026081089545930802e-01 4.937423541701446705e-02 3.421854817828137718e-02
5.000000000000000000e+00 5.203014591384720333e-01 2.921345947684717004e-01 4.783313859392956946e-02 3.474374599564561406e-02
3.000000000000000000e+00 4.894992647234963634e-01 3.958343115456357530e-01 5.037704232859357978e-02 3.778936490262635450e-02
1.000000000000000000e+00 4.618907842531996821e-01 5.045009194668705899e-01 5.350302472500989559e-02 3.731543703216094743e-02
8.000000000000000000e+00 4.385905972796210750e-01 6.129299103325300813e-01 5.231784880138679039e-02 4.317279838887322363e-02
2.000000000000000000e+00 6.847428373038650928e-01 1.666883010328334414e-01 4.607508706792817765e-02 3.174482519316512708e-02
2.000000000000000000e+00 6.471192165318333522e-01 2.648253918515551253e-01 4.869997772508194434e-02 3.595881701858946733e-02
1.500000000000000000e+01 6.248024803578604569e-01 3.597794116184543367e-01 4.951976250427458925e-02 3.657340326103331041e-02
1.500000000000000000e+01 5.897739145182380183e-01 4.633987500625386668e-01 4.716674803339748756e-02 3.592678443451069459e-02
7.000000000000000000e+00 5.699285263463171880e-01 5.701899526071112501e-01 5.275621130046548313e-02 3.787824864380462397e-02
0.000000000000000000e+00 5.366880852557469606e-01 6.807822264841048021e-01 5.133478393652912697e-02 4.018245721271218596e-02
7.000000000000000000e+00 7.696745472889040540e-01 2.361836156245924467e-01 4.689457497423776822e-02 3.235926299916749849e-02
6.000000000000000000e+00 7.567345411253595389e-01 3.352119930563839389e-01 4.693975902703440006e-02 3.295173221182573498e-02
0.000000000000000000e+00 7.089729192089513354e-01 5.429953574666877003e-01 5.102342365680967440e-02 3.545570654372254271e-02
6.000000000000000000e+00 7.019935267908361531e-01 6.563287774218287129e-01 5.302440626299254056e-02 4.201434102472256793e-02
9.000000000000000000e+00 8.854371296094190047e-01 3.231211917747399687e-01 4.697680876283638618e-02 3.354423111177234906e-02
5.000000000000000000e+00 8.731806732590458031e-01 3.981630715019696121e-01 4.621016422970569693e-02 3.409875996997974168e-02
8.000000000000000000e+00 8.536798951297432936e-01 5.195884446916605448e-01 4.948318776508553452e-02 3.598847461960397176e-02
