6.000000000000000000e+00 3.057974563764066511e-01 7.299204563341750163e-01 4.010604980670506858e-02 3.057143053338728933e-02
1.600000000000000000e+01 3.390005388486559967e-01 2.563304673020108115e-01 3.531284488838409841e-02 2.648448719976290167e-02
1.100000000000000000e+01 7.018443466979584766e-01 1.936621134349273410e-01 3.877695397008751321e-02 2.808773907832043393e-02
3.000000000000000000e+00 8.845297001626156730e-01 6.333574782959321414e-01 5.578827925052243231e-02 3.894544906072106016e-02
7.000000000000000000e+00 9.607454899282186211e-01 7.137587833666443338e-01 5.607207278982306864e-02 3.710026377577568812e-02
2.000000000000000000e+00 9.091286359030776865e-01 8.015357325420596757e-01 5.346696058533406681e-02 3.720917628394260213e-02
0.000000000000000000e+00 8.086528339364130735e-01 7.027894658920126325e-01 5.355624657911906006e-02 4.057802353763118042e-02
8.000000000000000000e+00 7.197597805453810338e-01 6.045623059007132483e-01 5.023426861350643868e-02 3.726465780370247227e-02
1.000000000000000000e+00 6.507921211276093132e-01 4.998900915194615657e-01 5.211566042349058403e-02 3.991130791474895023e-02
3.000000000000000000e+00 5.880755944203750474e-01 3.706938150854494074e-01 5.555018326709582066e-02 4.083732787391219921e-02
6.000000000000000000e+00 4.539373323717054154e-01 3.818273947681352087e-01 5.068503399157814338e-02 3.925335099007581929e-02
3.000000000000000000e+00 5.167472461354312152e-01 5.066007629529326595e-01 4.859612840863719585e-02 3.851275765186362721e-02
0.000000000000000000e+00 5.811861898861563347e-01 5.869187432174371999e-01 4.782044169097809938e-02 3.793600176878231256e-02
2.000000000000000000e+00 6.500983091975580663e-01 6.922390719728659381e-01 4.860520933320200410e-02 3.851390009076038901e-02
1.500000000000000000e+01 3.753390302266700340e-01 8.019540409381388235e-01 3.941338031555058352e-02 3.402112730900741511e-02
9.000000000000000000e+00 7.327016505953047876e-01 8.065230934862357426e-01 4.801905029920050527e-02 3.601459530410344723e-02
6.000000000000000000e+00 7.675189992288096175e-01 8.808909151029138407e-01 4.240428534751583545e-02 3.386780615038842424e-02
1.000000000000000000e+00 6.322240031504222646e-01 8.585371354345163741e-01 4.249239960909889646e-02 3.087508493351032168e-02
7.000000000000000000e+00 5.595201877269705415e-01 7.520631191530946502e-01 4.673653081760842376e-02 3.604593914050413517e-02
9.000000000000000000e+00 4.854669469131981940e-01 6.625842582477217135e-01 4.302870143790948898e-02 3.325991148404161546e-02
5.000000000000000000e+00 4.459473637201976093e-01 5.820690315136795023e-01 4.966993309176531701e-02 3.874537578724623899e-02
8.000000000000000000e+00 3.755010661435406183e-01 4.771622802855645107e-01 4.437903492068651090e-02 3.577020126009156087e-02
1.000000000000000000e+00 2.913565600272844391e-01 3.591400082952038164e-01 4.946608098193938652e-02 4.106282773616820592e-02
8.000000000000000000e+00 4.943311596071975900e-01 8.229790177029691067e-01 4.342404388283116479e-02 3.157384743211455458e-02
0.000000000000000000e+00 4.299759214756458392e-01 7.365423251133944582e-01 4.396043359155699104e-02 3.395855680942572175e-02
5.000000000000000000e+00 3.627928541413285579e-01 6.449454703731681837e-01 4.395120620046699678e-02 3.395744366383390833e-02
1.500000000000000000e+01 2.937364945958728102e-01 5.471520856430129864e-01 4.634042674675548090e-02 3.425758286735103297e-02
5.000000000000000000e+00 2.272552802038424191e-01 4.715378924831717944e-01 4.575391619309338020e-02 3.827890919766901989e-02
2.000000000000000000e+00 1.631204009595108029e-01 5.507945323658458570e-01 4.145090544143817390e-02 3.307659398105400328e-02
7.000000000000000000e+00 2.402016174827859840e-01 6.412253963919593014e-01 4.267234838200600899e-02 3.497532742762632374e-02
