6.000000000000000000e+00 5.344992044450456170e-01 9.262153907365540118e-01 4.752312908360789567e-02 3.265050728649254719e-02
9.000000000000000000e+00 4.382079404671985756e-01 8.646753045478059452e-01 4.452325583792876573e-02 3.189239490231765561e-02
3.000000000000000000e+00 3.154309453600214752e-01 8.113322018381036171e-01 4.352786916784417981e-02 3.264556345912894564e-02
3.000000000000000000e+00 1.800296369457356493e-01 7.738069630609131222e-01 4.502732023621050517e-02 3.252491052942185767e-02
8.000000000000000000e+00 1.625978193718110587e-01 6.698336534797474373e-01 4.682663797621505752e-02 3.350502430425827960e-02
7.000000000000000000e+00 2.833686063920796139e-01 7.162596648742467487e-01 4.395815871374147976e-02 3.673699258813256652e-02
3.000000000000000000e+00 4.028902088904928180e-01 7.669235368558529053e-01 4.826526231148264845e-02 3.404590255987249847e-02
5.000000000000000000e+00 5.294789537501033427e-01 8.211525263450445422e-01 4.802993024346591255e-02 3.422217354742040918e-02
7.000000000000000000e+00 6.878606137001106458e-01 8.750399797605331598e-01 4.852425412473959643e-02 3.490106698360206927e-02
8.000000000000000000e+00 7.956120373511108568e-01 8.233254267539840132e-01 5.341240457542439923e-02 3.468459797118128574e-02
1.000000000000000000e+00 6.025244738881887496e-01 7.779231701818223321e-01 5.114654255552275597e-02 3.674470260461637494e-02
6.000000000000000000e+00 5.381870053828627931e-01 7.161898333127357796e-01 4.970794764779895569e-02 3.620382434900193402e-02
6.000000000000000000e+00 3.995756080635408658e-01 6.797558855709751047e-01 4.970897761183296071e-02 3.674317237233715172e-02
5.000000000000000000e+00 2.828100127550789433e-01 6.120897793002899601e-01 4.563164427632449005e-02 3.692315123040768032e-02
2.000000000000000000e+00 1.523023136008586076e-01 5.532518773238259691e-01 4.683278833287571330e-02 3.674011190777870528e-02
7.000000000000000000e+00 6.365103736861896788e-01 6.579401290823665427e-01 5.302666833088720555e-02 3.715504027579619173e-02
1.000000000000000000e+00 3.759624613390487036e-01 5.442662945251962592e-01 4.611196064673461770e-02 3.566059188988113249e-02
1.500000000000000000e+01 2.510427290553589041e-01 4.972652394966946554e-01 4.826932331253128150e-02 3.617174832622610525e-02
0.000000000000000000e+00 7.295685658472687019e-01 6.221429933891094999e-01 5.446485125299727059e-02 3.696517376299834901e-02
1.000000000000000000e+00 6.256147373001191836e-01 5.686018433094244262e-01 5.452917986381189408e-02 3.865131316942882478e-02
2.000000000000000000e+00 4.860088802783433248e-01 5.016201922807050906e-01 4.971000757586713226e-02 3.728252039567225840e-02
0.000000000000000000e+00 3.598613278696194961e-01 4.482704830874126856e-01 4.971312689551310449e-02 3.890742108339018124e-02
2.000000000000000000e+00 1.225124137088646759e-01 4.371983550072154889e-01 4.827788672778617063e-02 3.997667088849077288e-02
0.000000000000000000e+00 7.563749100666379288e-01 4.890458910843371587e-01 5.690410036115156611e-02 3.999379771900035685e-02
5.000000000000000000e+00 6.158792818295870664e-01 4.165827714662117542e-01 5.253093192750968310e-02 4.089822385110319924e-02
9.000000000000000000e+00 4.833456581340912495e-01 3.980962412938391926e-01 5.163521634838069696e-02 3.962630655163845717e-02
1.500000000000000000e+01 2.365132324193135738e-01 3.763257590814147457e-01 5.037680629153434841e-02 3.692135615023400819e-02
8.000000000000000000e+00 3.277968406909779198e-01 3.195508897789972602e-01 5.258925731938274284e-02 3.944197241708097268e-02
1.100000000000000000e+01 6.628243068146342232e-01 2.923033236811974911e-01 4.246064986326802959e-02 3.296099730145390927e-02
1.100000000000000000e+01 6.110206472053647531e-01 2.509480312193106966e-01 4.107320002672254500e-02 3.238174552868391953e-02
