1.600000000000000000e+01 1.167190319224710726e-01 7.974425231041838424e-01 3.604075711860542375e-02 2.977634271942508626e-02
1.400000000000000000e+01 2.429649742862063921e-01 6.701247975181864325e-01 3.594101335092750316e-02 2.585484633533785548e-02
6.000000000000000000e+00 2.702268930083288612e-01 4.069046928583750500e-01 5.495775546519277022e-02 3.968148621772138451e-02
1.500000000000000000e+01 3.814295961728795814e-01 2.160885293314552813e-01 4.647803959991403389e-02 3.390064417966881516e-02
1.000000000000000000e+00 4.425410907007071293e-01 1.303677618811815986e-01 4.451715544308354477e-02 3.178552156856641331e-02
3.000000000000000000e+00 3.359259074289272506e-01 5.055438010285520090e-01 5.014011517057509471e-02 3.952654074655770344e-02
6.000000000000000000e+00 4.265947869833383033e-01 3.881951223906990878e-01 4.652823779924158965e-02 3.412596502453774105e-02
8.000000000000000000e+00 4.781223412254680949e-01 3.174945481082285248e-01 4.314064794039651485e-02 3.235564911304172897e-02
3.000000000000000000e+00 5.147099623135082958e-01 2.016865000673430108e-01 4.355063615884796624e-02 3.151650164118433017e-02
9.000000000000000000e+00 5.758171467575907698e-01 1.283984751005199654e-01 4.211585414849083886e-02 3.044066666827227596e-02
1.500000000000000000e+01 6.769026149527427316e-01 1.609716814690979325e-01 3.934684968417601070e-02 2.875527436268082715e-02
9.000000000000000000e+00 6.374633092134671664e-01 2.365704415859522236e-01 4.026238217332001046e-02 3.020215723907299088e-02
5.000000000000000000e+00 6.099643494818440814e-01 3.073811473458206711e-01 4.191914029478793768e-02 2.952358418055750500e-02
2.000000000000000000e+00 5.509593302046713603e-01 3.938610877802906085e-01 4.613187325243861547e-02 3.228285356612947687e-02
5.000000000000000000e+00 5.049314020318260710e-01 4.744015424633402089e-01 4.417395312796273954e-02 3.159867875839328377e-02
8.000000000000000000e+00 4.254298678820421786e-01 5.784465969646201966e-01 4.713442320520561113e-02 3.417496673374043059e-02
6.000000000000000000e+00 5.099938469252770501e-01 6.788193105538271599e-01 4.462299043321499292e-02 3.614846842279639816e-02
0.000000000000000000e+00 5.692272598515029092e-01 5.784379496041724966e-01 4.246762224518707551e-02 3.453195587825408364e-02
7.000000000000000000e+00 6.159434825651276535e-01 4.753580275463018534e-01 4.273677813735599074e-02 3.320371587492038090e-02
3.000000000000000000e+00 6.644003264807870623e-01 3.932238888064322202e-01 4.345842484036488429e-02 3.374466537612447192e-02
7.000000000000000000e+00 7.180091481020784983e-01 3.272438351712888549e-01 3.944556011947353280e-02 2.919813886660732605e-02
7.000000000000000000e+00 7.578475104909377924e-01 2.237296551805029732e-01 3.882572384890359274e-02 2.911927929019900163e-02
0.000000000000000000e+00 8.180089646667033643e-01 3.122143556085396066e-01 3.857495039592495623e-02 2.848984390567316227e-02
0.000000000000000000e+00 7.748332378112838814e-01 3.895249395855608920e-01 3.779581778101004375e-02 2.811789863459945860e-02
5.000000000000000000e+00 6.831591705872396281e-01 5.483571817268536597e-01 4.071509052781885352e-02 3.031209836576920225e-02
2.000000000000000000e+00 6.283109211614249512e-01 6.682626237966532434e-01 4.057227311564748362e-02 3.264427516269630125e-02
2.000000000000000000e+00 8.813677395785106672e-01 3.850536016032055642e-01 3.641963659381153295e-02 2.860824204211520616e-02
1.000000000000000000e+00 8.481387614461822766e-01 4.612627756308968485e-01 3.675323979497657767e-02 2.879774976211180171e-02
1.000000000000000000e+00 7.739830499987292445e-01 6.435093913578258107e-01 3.929420411868411733e-02 3.114349584477260624e-02
8.000000000000000000e+00 7.907285547335609621e-01 5.634848958481460945e-01 3.570576707661410332e-02 3.028262119996694146e-02
