0.000000000000000000e+00 7.030997609828649741e-01 3.450726797257370748e-01 3.855695037943607240e-02 3.896738517712583505e-02
1.600000000000000000e+01 5.581107725147993470e-01 1.132494164128222680e-01 4.090931638469286202e-02 4.050569953676419477e-02
1.600000000000000000e+01 7.091446534656831169e-01 1.472861816591742312e-01 3.670922821496513944e-02 3.468247709003199897e-02
3.000000000000000000e+00 2.301868028329012439e-01 5.661810872001393768e-01 4.318778274804863093e-02 4.196309407741694031e-02
6.000000000000000000e+00 2.934111821165518719e-01 6.656694768014370656e-01 4.684226159918924992e-02 4.440426676727293742e-02
7.000000000000000000e+00 3.508392929667204507e-01 7.566740546202359585e-01 4.175976894852706511e-02 4.151120267842622891e-02
6.000000000000000000e+00 4.280788780070982069e-01 8.597980581523610999e-01 4.525549935078304609e-02 4.233103224757095440e-02
8.000000000000000000e+00 2.883211203860701066e-01 4.565187709608601874e-01 4.358258826259975294e-02 4.529213138593968235e-02
1.500000000000000000e+01 3.549143613161482858e-01 5.567951104382462546e-01 4.126572759741192753e-02 4.200070835957314674e-02
3.000000000000000000e+00 4.807986311997402562e-01 7.456948154459694944e-01 4.036318705298824749e-02 4.012178540806010663e-02
1.000000000000000000e+00 5.324044729605584836e-01 8.529989155324215755e-01 4.175006203700282192e-02 4.150819815819251080e-02
1.000000000000000000e+00 3.650554260140741469e-01 3.219279503428310596e-01 4.232626546066170503e-02 4.334500004719882282e-02
2.000000000000000000e+00 4.193052455805209022e-01 4.394732754315370804e-01 4.068885971254754264e-02 4.231410293163884173e-02
9.000000000000000000e+00 4.780837293828265611e-01 5.360759966861017300e-01 4.021024541724760315e-02 4.081750517986026949e-02
2.000000000000000000e+00 5.447441531187067199e-01 6.480232938975125645e-01 4.090937416392825821e-02 4.050567064714660770e-02
5.000000000000000000e+00 6.069807674859211133e-01 7.424659962210102826e-01 3.964678231496410188e-02 3.903934921464558006e-02
1.500000000000000000e+01 6.432058345990010473e-01 8.452068367544897098e-01 4.175115984247279588e-02 3.971467291639796393e-02
5.000000000000000000e+00 4.873485286435645936e-01 3.382592511898787624e-01 4.126156749247295030e-02 4.329814108740065448e-02
7.000000000000000000e+00 5.429285273194242034e-01 4.466364416784415203e-01 3.991551353817179848e-02 4.072838070946721567e-02
0.000000000000000000e+00 5.999287829324713162e-01 5.464367958157321237e-01 3.961621709951013148e-02 4.144718328575491828e-02
0.000000000000000000e+00 6.573471290918804222e-01 6.493483739894132523e-01 3.768153718596845003e-02 3.870070511677015102e-02
3.000000000000000000e+00 7.038400574346703742e-01 7.450280141814185075e-01 3.778993103132155529e-02 3.819987470551156061e-02
5.000000000000000000e+00 7.620028890404415556e-01 8.377494730864356587e-01 3.908083470556433792e-02 3.806883139993544329e-02
6.000000000000000000e+00 5.962963757492010242e-01 3.318563585653719339e-01 3.838667497311643029e-02 4.163872145065128372e-02
9.000000000000000000e+00 6.593425060920656833e-01 4.480477139445456780e-01 3.797696241586745458e-02 3.879003181448642534e-02
8.000000000000000000e+00 7.073943182022477405e-01 5.493013747415942394e-01 3.788185779462482916e-02 3.848877088182589556e-02
7.000000000000000000e+00 7.668348220373865098e-01 6.530740079687802346e-01 3.671356165760975010e-02 3.732827494157131554e-02
1.000000000000000000e+00 8.075400043838957265e-01 7.280161028325919936e-01 3.998652421830972692e-02 3.836136766807130005e-02
2.000000000000000000e+00 8.750533363011085974e-01 6.362009690119079242e-01 3.690036192521473080e-02 3.791947207678092457e-02
8.000000000000000000e+00 8.188796415381143223e-01 5.394860115928452604e-01 3.661834147789655436e-02 3.702868960673333376e-02
