8.000000000000000000e+00 4.472772213633294802e-01 5.138518738613365722e-01 3.982432523542500657e-02 3.762900888453035719e-02
1.000000000000000000e+00 7.799135280274129833e-01 7.244148175441298410e-01 3.624151535548836289e-02 3.890341408970210413e-02
6.000000000000000000e+00 6.749639561015972067e-01 7.231911159899894193e-01 3.845415282940622959e-02 3.911916943367299559e-02
7.000000000000000000e+00 5.645274245914715383e-01 7.228710330885039781e-01 3.868256261366831428e-02 4.067858584495287477e-02
1.500000000000000000e+01 4.458610119890111245e-01 7.254906167486215862e-01 4.001580237720803179e-02 4.113311501704441930e-02
2.000000000000000000e+00 3.819020208472304057e-01 6.209591853215711277e-01 4.113257104789169727e-02 3.957547366299984937e-02
3.000000000000000000e+00 5.026712034697220499e-01 6.185413855871841893e-01 4.001190870327231419e-02 3.801491205350371327e-02
2.000000000000000000e+00 7.219713367397401216e-01 6.196669436541787368e-01 3.690681825930930415e-02 3.778461269218458263e-02
6.000000000000000000e+00 8.311738885417330192e-01 6.206970780797912424e-01 3.594576791610160083e-02 3.650445286597525651e-02
5.000000000000000000e+00 8.787333978699607417e-01 5.299760500236656569e-01 3.485153102032578776e-02 3.539675989115664834e-02
1.500000000000000000e+01 7.751361618879433202e-01 5.245753524950064195e-01 3.541090308912930862e-02 3.541096034904001044e-02
3.000000000000000000e+00 6.694923708033424514e-01 5.224249279141948143e-01 3.873289407527946704e-02 3.873289407527935602e-02
9.000000000000000000e+00 5.504203289926311582e-01 5.164657458453498773e-01 3.816006592743304005e-02 3.871966703587986780e-02
1.000000000000000000e+00 3.277330715879048784e-01 5.134097844048708392e-01 4.203822242738081139e-02 3.872459138821043867e-02
3.000000000000000000e+00 9.259395849184717253e-01 4.337023423205861317e-01 3.374670104104826596e-02 3.650161850038963207e-02
0.000000000000000000e+00 8.229163222825169877e-01 4.355185551169172831e-01 3.706313781584880118e-02 3.539956562678681085e-02
5.000000000000000000e+00 7.185153861922259910e-01 4.292669466835130621e-01 3.374601392211828976e-02 3.595573114058431274e-02
0.000000000000000000e+00 6.166214035174688579e-01 4.231000399731896788e-01 3.872046867463130315e-02 3.872038278476508388e-02
9.000000000000000000e+00 5.032005140853449410e-01 4.214898912809230680e-01 3.651928318287761543e-02 3.706448342375306959e-02
5.000000000000000000e+00 3.888129198938194975e-01 4.159804858115714321e-01 4.093198958028815282e-02 3.873567118095416761e-02
0.000000000000000000e+00 4.481156639224933014e-01 3.220851257643235765e-01 3.871969566583521871e-02 3.817352200647589067e-02
7.000000000000000000e+00 5.559079184359602133e-01 3.337192946496347346e-01 3.706657341049801602e-02 3.817143201973094424e-02
2.000000000000000000e+00 6.659584895172018237e-01 3.365824476554041822e-01 3.704756312010570873e-02 3.374738815997813113e-02
1.000000000000000000e+00 7.690258422844881148e-01 3.411363713078752191e-01 3.651716456617726259e-02 3.541230595694433436e-02
7.000000000000000000e+00 8.677232045478360245e-01 3.441444634629085009e-01 3.706445479379771868e-02 3.651925455292220901e-02
8.000000000000000000e+00 8.115060539634908476e-01 2.529957038729553909e-01 3.319517358002710417e-02 3.209037223070498879e-02
8.000000000000000000e+00 7.064464857489893834e-01 2.496253425771398082e-01 3.583852010313515191e-02 3.591805411926454750e-02
6.000000000000000000e+00 5.044059926728667875e-01 2.343630998523885678e-01 3.453159126861737871e-02 3.578306387950572209e-02
1.100000000000000000e+01 2.677295378256792091e-01 2.308417012268067503e-01 3.518756080697471589e-02 3.783611798196731546e-02
1.100000000000000000e+01 3.030296716173266347e-01 1.252329675226055150e-01 3.387081189775115186e-02 3.981957266282691588e-02
