3.000000000000000000e+00 8.899283316990374004e-01 3.070104998942985719e-01 4.706195345155328447e-02 3.369436548983661961e-02
1.600000000000000000e+01 2.526762336360856009e-01 6.915422808985718373e-01 4.049497151822131769e-02 3.237420863924800329e-02
1.300000000000000000e+01 8.655399327676840948e-02 6.121911134221134088e-01 3.725981401732746112e-02 3.028474535950254065e-02
5.000000000000000000e+00 5.385354738617318393e-01 6.887886509199945273e-01 5.493229476376504383e-02 4.203906503308885156e-02
2.000000000000000000e+00 4.454037879836768576e-01 6.329995369732321908e-01 5.293991316795154667e-02 4.081910050934134393e-02
7.000000000000000000e+00 3.656348759771220758e-01 5.361835315708061156e-01 5.439966382222882757e-02 4.079587437562059993e-02
0.000000000000000000e+00 2.448943678957575254e-01 4.400618364782586944e-01 5.348012815315159041e-02 4.094628136656441875e-02
2.000000000000000000e+00 6.931508980349238014e-01 6.894530249950203693e-01 5.016773783260219943e-02 3.762598112547510532e-02
9.000000000000000000e+00 5.945487022237962993e-01 5.961343302277920531e-01 5.016673057680309800e-02 3.855170845519984013e-02
6.000000000000000000e+00 5.161513911765114315e-01 5.041211426643095184e-01 5.091633626753622188e-02 3.841783230942963367e-02
5.000000000000000000e+00 4.290428876009502734e-01 4.263804735225336096e-01 5.183225766580490390e-02 3.863969521176924271e-02
7.000000000000000000e+00 7.989920042729019567e-01 6.697194026318947779e-01 4.759111824813355707e-02 3.639037451167070891e-02
0.000000000000000000e+00 7.414276908557172474e-01 6.048189193529034391e-01 4.805208590207987740e-02 3.743276576306908687e-02
8.000000000000000000e+00 6.597660859522905819e-01 5.015128685850951396e-01 4.821099531697492502e-02 3.778471278934686373e-02
1.000000000000000000e+00 5.934969494185005079e-01 4.044966859051808417e-01 5.092643845069766417e-02 3.842562372928753911e-02
6.000000000000000000e+00 4.800836199596767440e-01 3.197275191104712033e-01 5.172916207224870222e-02 3.739928932033387277e-02
9.000000000000000000e+00 4.011146468086400074e-01 2.261724747324984630e-01 5.312012308048086329e-02 3.775141409763507760e-02
5.000000000000000000e+00 8.535615388231341250e-01 5.957837163341894726e-01 4.883116863752234860e-02 3.622524381095748591e-02
3.000000000000000000e+00 7.889453090556862724e-01 4.836115778338212490e-01 4.647193855463838119e-02 3.565724041577028602e-02
1.000000000000000000e+00 7.229672694478395112e-01 4.073384063284246071e-01 5.147183784074627066e-02 3.739783768697635402e-02
8.000000000000000000e+00 6.340946314030605491e-01 3.208672586723366749e-01 5.067225448727485926e-02 3.720435569803520748e-02
3.000000000000000000e+00 5.395706958218541294e-01 2.148757010056585870e-01 4.988440270134630872e-02 3.701134771182307270e-02
1.000000000000000000e+00 4.695644625223363566e-01 1.161656843862704236e-01 4.949127668798714019e-02 3.431282055049122981e-02
7.000000000000000000e+00 9.310412546500137498e-01 4.981674610119544155e-01 5.365829392891208194e-02 3.744227544281958364e-02
0.000000000000000000e+00 8.483880360375321006e-01 3.963287301295020937e-01 4.883875268118620383e-02 3.622708057153239958e-02
8.000000000000000000e+00 7.425557581003812135e-01 3.116435506933360466e-01 4.595308331741343455e-02 3.446491617615704550e-02
2.000000000000000000e+00 7.023320346438266526e-01 2.449809326441400315e-01 4.934569859984494489e-02 3.740740661706792869e-02
1.500000000000000000e+01 6.200645357520636614e-01 1.243926683142941442e-01 4.659624577031684645e-02 3.254304248628145380e-02
3.000000000000000000e+00 7.549721410856895520e-01 1.548020615789367782e-01 4.256680782148247744e-02 3.152657325912497366e-02
0.000000000000000000e+00 8.348641160507593861e-01 2.126829199435777418e-01 4.751729232309265250e-02 3.644150755606093139e-02
