6.000000000000000000e+00 1.940024779171923841e-01 2.074783129472058119e-01 3.726243917700122754e-02 5.041408343440731410e-02
1.000000000000000000e+01 7.009054778573091671e-01 7.740453637219136818e-01 3.077826132921723801e-02 3.702947453650251575e-02
1.400000000000000000e+01 6.751429672605341326e-01 8.031842029489730805e-01 2.854986268949133432e-02 3.988214147338398075e-02
3.000000000000000000e+00 7.212698266963504246e-01 4.873186895243930561e-01 4.391103313698607735e-02 5.549007547211659563e-02
2.000000000000000000e+00 1.229287071390454955e-01 2.906161786804041247e-01 3.486340794609517346e-02 4.794664305814000382e-02
3.000000000000000000e+00 6.557193138616783656e-01 6.277321958410573277e-01 4.446889940306975042e-02 5.778058314846235000e-02
5.000000000000000000e+00 5.004193614418264158e-01 6.601961544074359534e-01 4.107116155369905375e-02 5.424917706273990614e-02
8.000000000000000000e+00 4.592450425766320121e-01 7.575216838286753518e-01 4.064768831523829506e-02 5.674312807357873023e-02
7.000000000000000000e+00 7.259767884706971319e-01 3.300447680775747683e-01 4.046403735776482602e-02 5.192820027641870118e-02
2.000000000000000000e+00 6.244657845947008123e-01 4.321622968028770995e-01 4.114283225978043745e-02 5.377064756425936620e-02
6.000000000000000000e+00 5.191359252025044002e-01 5.344304009147601287e-01 3.947439063018970407e-02 5.372459544195429260e-02
3.000000000000000000e+00 4.056322740648394820e-01 6.237500810910314719e-01 3.912331288908144078e-02 5.362552205050608034e-02
1.000000000000000000e+00 6.861420371958110165e-01 1.979435025774616830e-01 4.016230117626928831e-02 5.223829943411986698e-02
8.000000000000000000e+00 6.063737121438770306e-01 2.743364886179621709e-01 3.863717308225378400e-02 4.923752418863847069e-02
5.000000000000000000e+00 5.081501245228068342e-01 3.641649304516970109e-01 3.683464506750089296e-02 4.961923829924619334e-02
8.000000000000000000e+00 4.246504903772510553e-01 4.805536132441589059e-01 3.809923857612662612e-02 5.109937358127597529e-02
0.000000000000000000e+00 3.139228176846627916e-01 5.465516428738825816e-01 3.829376140266743667e-02 5.283845448321611293e-02
1.500000000000000000e+01 2.263610211685004869e-01 6.567547060690979155e-01 3.826691624904765554e-02 5.526371758282011548e-02
7.000000000000000000e+00 5.797866957229986795e-01 1.384168972568086131e-01 3.872303297129731092e-02 4.981286907499163363e-02
1.000000000000000000e+00 4.210655054906385364e-01 3.176626151991333580e-01 3.810620772296469116e-02 5.030129476198197391e-02
9.000000000000000000e+00 3.172486200003722390e-01 4.108545345563835438e-01 3.880956189843720594e-02 5.205269711553173195e-02
1.000000000000000000e+00 2.370215996418585380e-01 5.066683305838298734e-01 3.714223533234040087e-02 5.121592559299359415e-02
2.000000000000000000e+00 1.098619192135382450e-01 5.878643271803973835e-01 3.722070792573566045e-02 5.190553661090169246e-02
9.000000000000000000e+00 4.614535512712824583e-01 8.739568962646707129e-02 3.656636079082753454e-02 5.021657781301998302e-02
0.000000000000000000e+00 3.886682416594988698e-01 1.906940845302841636e-01 3.554582680446649601e-02 4.740065221826816888e-02
0.000000000000000000e+00 3.045364640808605472e-01 2.672005700961873620e-01 3.548034470077721103e-02 4.700056743659555836e-02
1.500000000000000000e+01 2.313925918642647794e-01 3.629663626402139243e-01 3.729410698023288839e-02 5.124324464859830730e-02
5.000000000000000000e+00 1.130052274501492648e-01 4.231344639890060044e-01 3.613987688093277251e-02 5.092021075436603539e-02
7.000000000000000000e+00 3.694097152258213335e-01 5.715647786687108600e-02 3.476726159631893243e-02 4.854047012190738225e-02
6.000000000000000000e+00 2.861055098958950049e-01 1.214476937445142513e-01 3.459913789800034278e-02 4.831678838499676998e-02
