0.000000000000000000e+00 5.317980903341592569e-01 1.604987669717497512e-01 3.529725013793416633e-02 4.617601523379827322e-02
1.400000000000000000e+01 6.887102469095309765e-01 8.117472707278599042e-01 2.879593532061364147e-02 3.626637329056314751e-02
1.100000000000000000e+01 7.570008040094546864e-01 7.217736478595229155e-01 2.763952370440991846e-02 3.578846479730368735e-02
6.000000000000000000e+00 7.375222192171715374e-01 5.584807670768494603e-01 4.060524125482090074e-02 5.156022451555830610e-02
5.000000000000000000e+00 6.405346044159292429e-01 6.406772420626825060e-01 4.083267091406661553e-02 5.259320613064877303e-02
2.000000000000000000e+00 5.268300467079345406e-01 7.408383496440136273e-01 3.983337227176542150e-02 5.459152504357533964e-02
9.000000000000000000e+00 6.970748147026104569e-01 4.060683772944307934e-01 3.668342973546134811e-02 4.854284257133850700e-02
9.000000000000000000e+00 6.105964544345851008e-01 4.921783265679289809e-01 3.845047746001428735e-02 4.647857740838101659e-02
7.000000000000000000e+00 5.078219239665793250e-01 5.641859667381396992e-01 3.716147741455883002e-02 5.065111829626278706e-02
3.000000000000000000e+00 4.191546436991090974e-01 6.429534872568709591e-01 3.782684139439851378e-02 5.043081495192114350e-02
8.000000000000000000e+00 7.078752181716964076e-01 2.869406521886277428e-01 3.672067586570260112e-02 4.527111242680936787e-02
3.000000000000000000e+00 6.303890146401646133e-01 3.625804303122114325e-01 3.601695226891798995e-02 4.876659772446179097e-02
1.000000000000000000e+00 5.210012221853579373e-01 4.336663122704549345e-01 3.612011681202254021e-02 4.594791748253029828e-02
7.000000000000000000e+00 4.156209797261010697e-01 4.785595490657550410e-01 3.548114246706235431e-02 5.099231845946644581e-02
1.500000000000000000e+01 3.128423850316265353e-01 5.462984987712132812e-01 3.799236119291443670e-02 4.954358874635467203e-02
6.000000000000000000e+00 2.230158537568580623e-01 6.300467288274247402e-01 3.675650230039653743e-02 5.196453153769842181e-02
1.000000000000000000e+00 6.000890928287645476e-01 2.136133354142726870e-01 3.365257460212589535e-02 4.486494031444052122e-02
6.000000000000000000e+00 5.183328904856032704e-01 2.812973484694834547e-01 3.597631000423018310e-02 4.858554478642818086e-02
2.000000000000000000e+00 4.280454592269755665e-01 3.437575778397803372e-01 3.610525176452722418e-02 4.783499907374988425e-02
8.000000000000000000e+00 3.346901772392792962e-01 4.050022694499031961e-01 3.555357477714277126e-02 5.270355266299264763e-02
5.000000000000000000e+00 2.150686068617690405e-01 4.703632847879509749e-01 3.843811775760239136e-02 5.434870143064995940e-02
0.000000000000000000e+00 1.108179688263226104e-01 5.305882313561745001e-01 3.661823508895550860e-02 5.015750964047993588e-02
0.000000000000000000e+00 1.172739925719671478e-01 4.062813594636950354e-01 3.629849738196702646e-02 5.061147816960842594e-02
8.000000000000000000e+00 2.531773274152277486e-01 3.412437841759257684e-01 3.529079191505235524e-02 4.917867131636066702e-02
3.000000000000000000e+00 3.313128607180648721e-01 2.700532762232790152e-01 3.344786007163730313e-02 4.778221980399108282e-02
1.000000000000000000e+00 4.055383019490996221e-01 2.152629381287450572e-01 3.262354586483395824e-02 4.571024374560994641e-02
2.000000000000000000e+00 4.399728921818693572e-01 9.889298554217704207e-02 3.468447056768020342e-02 4.535885517906669551e-02
5.000000000000000000e+00 3.343223229881040481e-01 1.394793810345366647e-01 3.709338770262315954e-02 4.635436796657511904e-02
1.500000000000000000e+01 2.406907988677855492e-01 1.925227141651856821e-01 3.666049190936368496e-02 4.843814698401630037e-02
7.000000000000000000e+00 1.385735317638495667e-01 2.654728234000538478e-01 3.460647082408087327e-02 4.880264685649640666e-02
