0.000000000000000000e+00 5.089770228350930514e-01 5.774142709606986390e-01 3.617111790119748038e-02 3.770422111626714479e-02
1.200000000000000000e+01 8.148780635069183820e-01 3.176407961941061231e-01 3.071344054469948848e-02 3.147980284068024881e-02
6.000000000000000000e+00 2.358111390442513278e-01 5.390438187981594353e-01 3.253470507001252066e-02 3.398282195970414588e-02
7.000000000000000000e+00 2.662474711609833511e-01 4.428351918657648101e-01 3.470832208484692094e-02 3.382490699870371875e-02
1.500000000000000000e+01 2.968300100472142655e-01 3.403334120012060371e-01 3.351912515149879646e-02 3.387104076820296461e-02
2.000000000000000000e+00 3.969875740618112325e-01 3.090692787079638570e-01 3.396965752547842499e-02 3.434309640964461341e-02
3.000000000000000000e+00 3.671224822784587838e-01 4.143270707400030783e-01 3.241508929265562999e-02 3.453412633019098399e-02
2.000000000000000000e+00 3.052588594336772543e-01 6.154897174721912778e-01 3.457624086977173494e-02 3.441567554701330245e-02
6.000000000000000000e+00 2.759159326039025140e-01 7.192415943408195789e-01 3.693695594979740093e-02 3.747098928157654996e-02
5.000000000000000000e+00 3.384877990975462270e-01 8.044337159406029780e-01 3.658815669252291070e-02 3.781151708017815860e-02
1.500000000000000000e+01 3.720471019858027639e-01 6.988847481758817537e-01 3.509495452809341387e-02 3.545770459066466262e-02
3.000000000000000000e+00 4.034197399244170423e-01 5.954935826300109536e-01 3.533456470591550547e-02 3.728412421522098175e-02
9.000000000000000000e+00 4.395612669734609290e-01 4.866899997515071741e-01 3.478812418612720059e-02 3.753354946900339106e-02
8.000000000000000000e+00 4.702901436910358335e-01 3.916672349566224787e-01 3.568895593525051035e-02 3.660385498908858004e-02
1.000000000000000000e+00 4.994375116853921881e-01 2.863670080116031968e-01 3.699619590381342249e-02 3.607060802838057967e-02
5.000000000000000000e+00 5.724435320462826216e-01 3.620017358010340636e-01 3.573316746435395430e-02 3.695661522657267550e-02
9.000000000000000000e+00 5.392071218572391800e-01 4.689767875030316224e-01 3.473220446552194307e-02 3.719074993175219834e-02
5.000000000000000000e+00 4.757802806978537191e-01 6.771611017149654632e-01 3.547753861656677277e-02 3.485878108310014323e-02
0.000000000000000000e+00 4.411220679251428023e-01 7.834342589863778628e-01 3.591339206388755034e-02 3.560379486074560784e-02
3.000000000000000000e+00 4.129456352046475542e-01 8.961120591329106988e-01 3.626428831068484460e-02 3.564625889858019647e-02
7.000000000000000000e+00 5.186580225278665246e-01 8.728486398652484102e-01 4.016200933628077951e-02 3.955353287644602922e-02
1.000000000000000000e+00 5.483120464907891289e-01 7.660722051083896922e-01 3.853072623675279917e-02 3.730730759938871710e-02
2.000000000000000000e+00 5.806692355727347543e-01 6.598262795759178845e-01 4.133894470589194459e-02 3.765569910870025794e-02
7.000000000000000000e+00 6.114452363048613615e-01 5.474412133417819737e-01 3.552108027401712498e-02 3.522214276761559404e-02
0.000000000000000000e+00 6.521241826833403810e-01 4.428428808273479622e-01 3.830291162499588342e-02 3.830291162499577240e-02
6.000000000000000000e+00 7.262478110852624846e-01 5.236135291433885453e-01 4.407697227572993093e-02 4.038434847539518202e-02
8.000000000000000000e+00 6.621853345392381129e-01 7.377844571940648244e-01 3.911893179786818386e-02 3.942864550042801675e-02
1.200000000000000000e+01 8.954608856364055791e-01 3.590793624647533044e-01 3.652652850043947019e-02 3.449169141721097898e-02
8.000000000000000000e+00 6.312492927317339131e-01 8.530096336129976420e-01 3.994718440962274908e-02 4.055502012265876921e-02
1.000000000000000000e+00 2.050537782189931768e-01 6.355154140416706676e-01 3.367039964567744570e-02 3.508618794689422060e-02
