2 0.791319 0.217257 0.040000 0.042792
13 0.062118 0.176278 0.040792 0.043194
13 0.270139 0.102139 0.031667 0.036944
3 0.408035 0.779687 0.041986 0.039986
6 0.519604 0.762687 0.039597 0.039597
7 0.619972 0.750889 0.038000 0.038389
6 0.738340 0.730500 0.034792 0.039194
8 0.340257 0.686917 0.042375 0.038389
15 0.456417 0.668715 0.039583 0.039597
3 0.673951 0.639125 0.037986 0.038000
1 0.785521 0.636125 0.033181 0.038389
1 0.247486 0.559347 0.043194 0.039194
2 0.382444 0.562549 0.044389 0.040792
9 0.496208 0.551757 0.040000 0.039986
2 0.624965 0.540153 0.039986 0.042389
15 0.837104 0.540354 0.033986 0.039597
5 0.318660 0.453778 0.043986 0.041583
7 0.447625 0.449785 0.040389 0.039986
0 0.683153 0.439792 0.039583 0.042389
3 0.788319 0.440188 0.037194 0.039986
5 0.894889 0.428590 0.035194 0.039181
6 0.365451 0.341819 0.043181 0.041583
9 0.506208 0.339618 0.039194 0.043597
8 0.623174 0.340215 0.041986 0.043181
7 0.744736 0.334819 0.040389 0.039583
1 0.830910 0.332222 0.035986 0.041583
0 0.563986 0.444583 0.040389 0.040778
8 0.674361 0.222653 0.040389 0.045583
0 0.431431 0.239250 0.044778 0.045194
