2.000000000000000000e+00 7.389862605832986375e-01 2.507676084200931577e-01 4.308318718168058226e-02 3.051882554140286641e-02
1.300000000000000000e+01 3.223491268666753840e-01 7.895414165939060869e-01 4.061898200413943671e-02 3.233248442821790025e-02
1.600000000000000000e+01 2.676583666868826983e-01 7.450321042455190224e-01 4.262483306721170928e-02 3.122040773775702771e-02
9.000000000000000000e+00 2.182305766042872408e-01 5.591020013076437589e-01 4.885137505985426287e-02 3.551959059813503128e-02
3.000000000000000000e+00 3.366394765368955211e-01 4.891641028154652959e-01 4.690808066591678482e-02 3.388638778269648100e-02
6.000000000000000000e+00 3.192327872557751967e-01 3.963977306816753865e-01 4.630587851364409424e-02 3.344186935150433859e-02
1.000000000000000000e+00 1.840407189903409402e-01 3.476316308059083093e-01 4.568542617992860100e-02 3.232160968883307506e-02
3.000000000000000000e+00 2.946758087819132399e-01 2.892537821623765715e-01 4.507054580426428370e-02 3.142893894076326244e-02
5.000000000000000000e+00 1.631288912476398512e-01 2.578834564518374117e-01 4.537135078601137184e-02 3.165475128902961455e-02
5.000000000000000000e+00 2.805825233865361090e-01 2.001019688258096618e-01 4.416761942325969637e-02 3.075863507897649840e-02
0.000000000000000000e+00 3.503092392850414294e-01 5.908689723701771035e-01 4.913643320363075828e-02 3.737158024951447999e-02
5.000000000000000000e+00 4.860760536775687868e-01 6.340176771648843301e-01 4.912781954867245782e-02 3.710186517863234279e-02
1.000000000000000000e+00 6.261272192933426961e-01 6.712094742848158102e-01 4.775517979572263538e-02 3.841302496931719990e-02
6.000000000000000000e+00 5.927770046141289662e-01 5.578693065300948106e-01 4.697192938329519674e-02 3.601116111953683863e-02
7.000000000000000000e+00 4.705402906299002708e-01 5.220908217651192285e-01 4.691801328679057193e-02 3.389360171872402017e-02
1.500000000000000000e+01 4.267161406981030414e-01 4.284260050426704769e-01 4.442565222460448382e-02 3.331925935670720929e-02
8.000000000000000000e+00 5.520706747651779045e-01 4.542617748069441852e-01 4.302671390636025883e-02 3.382762650527781911e-02
9.000000000000000000e+00 5.414227706001082385e-01 3.595693490479692223e-01 4.597995934415932684e-02 3.232688555249496609e-02
0.000000000000000000e+00 4.290673051131522753e-01 3.381312942814949096e-01 4.484134182935800572e-02 3.341573229224020780e-02
1.500000000000000000e+01 5.149632914638377912e-01 2.596048550187474158e-01 4.186607773607187166e-02 3.226214855194897702e-02
8.000000000000000000e+00 4.025221739453901937e-01 2.279044782761104893e-01 4.330536564426146207e-02 3.118409579857339686e-02
2.000000000000000000e+00 3.845419632912412400e-01 1.519754328306968938e-01 4.144565062109129006e-02 2.828538556372917068e-02
8.000000000000000000e+00 5.038461584449145381e-01 1.784525161242883073e-01 4.181208088655197219e-02 3.048913534946848247e-02
1.000000000000000000e+00 7.358243762718064129e-01 6.059080909153198302e-01 4.575648883333471861e-02 3.474796861990114838e-02
6.000000000000000000e+00 8.195237460197650758e-01 5.316267299927434076e-01 4.635373813400611720e-02 3.475819733516405385e-02
3.000000000000000000e+00 6.985652849725132452e-01 4.992076244968510212e-01 4.467660567828035667e-02 3.458581656531090065e-02
0.000000000000000000e+00 8.020732347690443520e-01 4.304483970150297933e-01 4.439090151038205256e-02 3.311142801316629969e-02
7.000000000000000000e+00 6.376265563333691766e-01 3.125297351790718992e-01 4.435590853711401937e-02 3.219474670190020094e-02
7.000000000000000000e+00 7.597941861130652619e-01 3.361131283835995243e-01 4.234623516465407800e-02 3.049863728759438786e-02
2.000000000000000000e+00 6.261776630101921759e-01 2.112910527813067207e-01 4.235097267488097117e-02 3.031976935885080660e-02
