3.000000000000000000e+00 3.912196131128756194e-01 8.215130568885570250e-01 5.459311702817948309e-02 4.156656679851944425e-02
1.000000000000000000e+01 3.737301590055279732e-01 1.643253970659432350e-01 4.695551060768177187e-02 3.391105710815178753e-02
1.000000000000000000e+01 5.251006673546259051e-01 1.783346163718746435e-01 5.207703735590596406e-02 3.601449768851119893e-02
2.000000000000000000e+00 7.664341088648516376e-01 3.422444438657821775e-01 6.779846164346359227e-02 4.981300355113804645e-02
8.000000000000000000e+00 8.829048885189125784e-01 6.296340024330784324e-01 6.605609516309629559e-02 4.018810438592734791e-02
3.000000000000000000e+00 6.054359309610288786e-01 3.177346291005707091e-01 6.721912255455630980e-02 4.676307279842933928e-02
1.000000000000000000e+00 6.414707150501748334e-01 4.467987802840989731e-01 6.130848163185897981e-02 4.546256855097852156e-02
2.000000000000000000e+00 7.496434035922916461e-01 5.624169353288066553e-01 5.634013061353804197e-02 4.069624744323807608e-02
6.000000000000000000e+00 7.633718156213007422e-01 7.002766114877158055e-01 5.645839347773806693e-02 4.130340958382361372e-02
1.500000000000000000e+01 8.216490144986849931e-01 8.125838233827071821e-01 5.268768482523500385e-02 3.846992668282211980e-02
5.000000000000000000e+00 7.307654332394379892e-01 8.866528978508815273e-01 5.009227668763049923e-02 3.756898409721376453e-02
7.000000000000000000e+00 6.352928953796160849e-01 7.730307041890436270e-01 5.198644859771150983e-02 3.899028328530207421e-02
7.000000000000000000e+00 6.150733713518889978e-01 6.705379099333286241e-01 5.670331974208375758e-02 4.252768343593738010e-02
7.000000000000000000e+00 5.259864174816090143e-01 5.516292470852122154e-01 5.872299327606250730e-02 4.456734547920560008e-02
0.000000000000000000e+00 4.818956236825141515e-01 4.138881763655505308e-01 5.897909046586802262e-02 4.579885809101730265e-02
5.000000000000000000e+00 4.105028348522725690e-01 2.978045511987881255e-01 6.275939121969914547e-02 4.863904354729470247e-02
9.000000000000000000e+00 5.640511076724550321e-01 8.478986040895575282e-01 4.846584951896770743e-02 3.809410696122317308e-02
6.000000000000000000e+00 4.808653068855153201e-01 7.367781019480008631e-01 5.162063802532462775e-02 4.045960255829983421e-02
8.000000000000000000e+00 4.497585691156315568e-01 6.450720724727089239e-01 5.188361650521322588e-02 3.847445463127496801e-02
5.000000000000000000e+00 3.753758746388180523e-01 5.400003136816661220e-01 5.749618734751132942e-02 4.312751744942144860e-02
2.000000000000000000e+00 3.263447465024551519e-01 3.958370630206564655e-01 5.860350905734573734e-02 4.525699373338554210e-02
1.000000000000000000e+00 2.489936243450868447e-01 2.840442796903679401e-01 6.392241861115927071e-02 4.903479219991369042e-02
3.000000000000000000e+00 1.658851412568954631e-01 3.966525554737817538e-01 5.701863773139281832e-02 4.401666353774430496e-02
1.500000000000000000e+01 2.286173647858766311e-01 5.257593795925661340e-01 5.528431431735647550e-02 4.021032708030836123e-02
0.000000000000000000e+00 2.551431592323817332e-01 6.366803838999797183e-01 5.263343881120274848e-02 4.135762580872137661e-02
6.000000000000000000e+00 3.389767396448785108e-01 7.208346890297080423e-01 5.171953795206113424e-02 4.566978177097236191e-02
1.000000000000000000e+00 2.498720910286702512e-01 7.801608824914598728e-01 5.023076637419623958e-02 4.330094979082510509e-02
9.000000000000000000e+00 2.043343347020643019e-01 6.994340258167089930e-01 4.571020562656916142e-02 3.990278405511937798e-02
0.000000000000000000e+00 1.342931086959079368e-01 5.820463068117813776e-01 5.312001453509263005e-02 4.360080721929782133e-02
8.000000000000000000e+00 9.608201980327077396e-02 4.790945662544802142e-01 5.215329754037760501e-02 4.350026889016062048e-02
