1.000000000000000000e+00 3.893184598244534556e-01 5.274596951486534291e-01 3.447085763081531029e-02 4.689459375225146776e-02
7.000000000000000000e+00 3.989404627327687858e-01 3.753724753851610529e-01 3.329818311157239918e-02 4.439711665555406972e-02
5.000000000000000000e+00 4.079958425409511147e-01 2.531662117651546362e-01 3.394136793347718450e-02 4.794884506660143653e-02
3.000000000000000000e+00 4.481296408715836899e-01 7.435482839256684073e-01 3.243064949571455857e-02 4.138026961239194002e-02
2.000000000000000000e+00 4.484605235456329275e-01 6.246273034180984673e-01 3.324725256209476454e-02 4.381747059732987726e-02
1.500000000000000000e+01 4.800734086920801502e-01 4.684059995252646269e-01 3.375301890902471236e-02 4.469833131679695759e-02
0.000000000000000000e+00 4.860357668296244604e-01 3.403666810872753579e-01 3.332002628968716573e-02 4.755851576856895413e-02
3.000000000000000000e+00 5.214283789272886604e-01 8.047344267249056937e-01 3.296705159119017736e-02 4.208726969390297334e-02
7.000000000000000000e+00 5.321937477867436650e-01 6.871276313512511003e-01 3.222891806846761575e-02 4.446618533774471249e-02
1.500000000000000000e+01 5.561111430354094276e-01 4.503411935317185311e-01 3.169494913713655215e-02 4.188603595932199886e-02
5.000000000000000000e+00 5.917149980201579229e-01 2.953921856400861801e-01 3.463725287878283154e-02 4.587747584069651330e-02
7.000000000000000000e+00 5.855017474798123178e-01 1.695188533337088077e-01 3.443308828739155558e-02 4.653691862302092308e-02
9.000000000000000000e+00 6.228273702422597591e-01 7.616509698610084422e-01 3.102820686237883763e-02 4.136334806175123724e-02
2.000000000000000000e+00 6.305180767605300662e-01 6.316632122855928566e-01 3.322740015464376029e-02 4.461615672773744379e-02
3.000000000000000000e+00 6.335329883322136091e-01 5.075230393890453051e-01 3.290179855277153287e-02 4.498738015731762463e-02
1.000000000000000000e+00 6.478159107063237165e-01 3.889690104490065581e-01 3.376960866455491761e-02 4.429124636567904894e-02
1.000000000000000000e+00 6.820552859483079988e-01 2.349096005480871829e-01 3.312902290434971420e-02 4.495262461948190680e-02
6.000000000000000000e+00 6.960505972607100578e-01 1.073993847131402557e-01 3.286065595905673931e-02 4.629473584187294988e-02
0.000000000000000000e+00 6.993757649104003216e-01 7.082523348035598687e-01 3.070658680183391276e-02 3.985395680443104549e-02
9.000000000000000000e+00 7.062435089560038515e-01 6.001218566350732253e-01 3.219739753296035900e-02 4.338071763340545228e-02
0.000000000000000000e+00 7.260782759670640907e-01 4.498933807307740063e-01 3.130409449684556922e-02 4.099676976371963155e-02
2.000000000000000000e+00 7.734028208834726748e-01 3.283114172609605808e-01 3.258338584496234258e-02 4.493100263810761996e-02
6.000000000000000000e+00 7.919525177815731620e-01 6.738425827722808181e-01 3.197260634552645531e-02 4.151945766129028215e-02
5.000000000000000000e+00 7.987043547352058459e-01 5.542338462996150295e-01 3.109683315108857649e-02 4.221152696282381989e-02
6.000000000000000000e+00 8.246289998046523184e-01 4.098075406184200076e-01 3.209852259000045560e-02 4.305812983712120623e-02
8.000000000000000000e+00 7.839879696986846724e-01 1.882921524867635366e-01 3.386013343056448743e-02 4.352974893725153338e-02
8.000000000000000000e+00 8.394113844185908668e-01 2.950841830038721803e-01 3.117729346541009416e-02 4.305696855423424285e-02
1.300000000000000000e+01 1.850138647212422605e-01 5.069162690805292248e-01 2.451023016253650599e-02 3.034520662720158191e-02
8.000000000000000000e+00 3.630507524354392168e-01 6.552746094935044674e-01 3.441497780427116293e-02 4.485300313752327295e-02
1.200000000000000000e+01 1.101820673569938736e-01 2.460844736980082326e-01 2.109213223228470491e-02 3.025180630356674727e-02
