3.000000000000000000e+00 8.416043952761291802e-01 3.159434463670730553e-01 5.189116585688979821e-02 3.955238683228995411e-02
1.000000000000000000e+01 3.179091285738095962e-01 8.022835834776421704e-01 4.471811926910435053e-02 3.220332168749240331e-02
1.000000000000000000e+01 2.191745319863734054e-01 7.225878033559833824e-01 4.966664033031720216e-02 3.413893087020369865e-02
2.000000000000000000e+00 1.773189453103012903e-01 4.924870701628221159e-01 6.452761540756835057e-02 4.733644134202646958e-02
8.000000000000000000e+00 3.271293789195631740e-01 2.298451010155079244e-01 6.322344057198198142e-02 3.784614288981211216e-02
3.000000000000000000e+00 2.744896171603377621e-01 5.842457450811417985e-01 6.409656400809304877e-02 4.433792145241299831e-02
1.000000000000000000e+00 3.536106101431036874e-01 4.737662089948634914e-01 5.832942775214872144e-02 4.321942593803340671e-02
2.000000000000000000e+00 3.692534980103527875e-01 3.399518052636597565e-01 5.365517606972786124e-02 3.864699474392768730e-02
6.000000000000000000e+00 4.717886562303629794e-01 2.333124654407714715e-01 5.374396444212059532e-02 3.924267576432655114e-02
1.500000000000000000e+01 5.210436375163111089e-01 1.248165307206227925e-01 5.015857437569942734e-02 3.654746420746257662e-02
5.000000000000000000e+00 6.476481789322486859e-01 1.126360352431060030e-01 4.764003298164376510e-02 3.572984058676868802e-02
7.000000000000000000e+00 6.243911781799593719e-01 2.391666902279012685e-01 4.944152469310192366e-02 3.708149765341131610e-02
7.000000000000000000e+00 5.554482818978968561e-01 3.230458503873533394e-01 5.392740563907105766e-02 4.044573837876752620e-02
7.000000000000000000e+00 5.232286842308448982e-01 4.504922239958449870e-01 5.582434343431719181e-02 4.240251058450922317e-02
0.000000000000000000e+00 4.428885226381992224e-01 5.709857087835785716e-01 5.601489563365152913e-02 4.361237256377936689e-02
5.000000000000000000e+00 4.000967909132567835e-01 6.882519742126049778e-01 5.960940818121834850e-02 4.631398685585719210e-02
9.000000000000000000e+00 7.373523124447221022e-01 2.173864973511393517e-01 4.600954529563627826e-02 3.628934332013955544e-02
6.000000000000000000e+00 7.071947779808586132e-01 3.364551044122274792e-01 4.900993501057770985e-02 3.853936646482108985e-02
8.000000000000000000e+00 6.549803589877207788e-01 4.174822284981021259e-01 4.936248207696414259e-02 3.657610653180498606e-02
5.000000000000000000e+00 6.233530851546833507e-01 5.281066760472997723e-01 5.468122855311907671e-02 4.101643173341940063e-02
2.000000000000000000e+00 5.413664573686819415e-01 6.555426097977101740e-01 5.566917626278078401e-02 4.308870814919485426e-02
1.000000000000000000e+00 5.064136850244704835e-01 7.724216230690349461e-01 6.073926430099979568e-02 4.667282333471067801e-02
3.000000000000000000e+00 6.588167589390813150e-01 7.286218713428416205e-01 5.416436350336373273e-02 4.190714852602572815e-02
1.500000000000000000e+01 7.185418129837671808e-01 6.058535882248305970e-01 5.263813274473516657e-02 3.819497863622944855e-02
0.000000000000000000e+00 7.897744803640744937e-01 5.129448149110196198e-01 4.996660564202570765e-02 3.939798458929694158e-02
6.000000000000000000e+00 7.974495183910517149e-01 4.132051588791018637e-01 4.882969518123414510e-02 4.366050640063157129e-02
1.000000000000000000e+00 9.107255482394601698e-01 4.109379248421968223e-01 4.748211773348876008e-02 4.136801555645525097e-02
9.000000000000000000e+00 8.779758975879532468e-01 4.906000481079517694e-01 4.318253938383576074e-02 3.813503090298664411e-02
0.000000000000000000e+00 8.331360696884086980e-01 6.081948928423421830e-01 5.033195817884017487e-02 4.159398111427414779e-02
8.000000000000000000e+00 7.769130851603013310e-01 7.006686342951842228e-01 4.937766732508253043e-02 4.151873481016599143e-02
