8.000000000000000000e+00 5.349967849980492574e-01 4.943254468678882629e-01 4.977424642957728462e-02 3.623094348657285302e-02
1.100000000000000000e+01 3.627309334194888102e-01 1.148293454785765944e-01 3.911838331590283824e-02 3.043813975202779021e-02
1.100000000000000000e+01 4.098306420857691368e-01 2.706907500847537396e-01 4.290693727764055554e-02 3.218020966634266289e-02
1.500000000000000000e+01 7.909777306415037845e-01 4.049470692994330268e-01 5.577822153719957932e-02 4.017703075597706119e-02
2.000000000000000000e+00 9.263049865578669717e-01 6.321144994762090130e-01 5.795969963518765589e-02 4.236500230660644739e-02
5.000000000000000000e+00 9.502973280981954485e-01 7.351511838637816432e-01 5.898137196063679699e-02 4.313106872355076948e-02
6.000000000000000000e+00 8.635502209691378050e-01 8.002107494857804149e-01 5.019846744715650289e-02 3.820591905759795903e-02
5.000000000000000000e+00 8.065663101717290839e-01 7.034295407496484742e-01 5.461133199814249828e-02 3.875523295208760377e-02
9.000000000000000000e+00 7.385111699512134642e-01 6.116529325607502621e-01 5.435653106310567306e-02 3.745101493940827808e-02
2.000000000000000000e+00 6.800790850526174935e-01 5.070503735347599017e-01 5.461793278057924805e-02 3.875016161923983127e-02
2.000000000000000000e+00 6.204277336746537586e-01 4.052957972219484173e-01 5.428558606813560505e-02 4.126624035538228874e-02
7.000000000000000000e+00 7.538620944812681746e-01 8.697275336968461890e-01 4.698775027312096508e-02 3.524581695656614500e-02
1.000000000000000000e+00 7.065927913215273026e-01 7.828142800440156535e-01 5.154642235159123675e-02 3.645638972248066434e-02
5.000000000000000000e+00 6.686959284107023560e-01 6.897675310525788195e-01 4.611671531596361895e-02 3.513939946411070991e-02
9.000000000000000000e+00 5.850378801322326794e-01 5.874192063098498950e-01 4.977419276467920373e-02 3.623099715147071187e-02
8.000000000000000000e+00 4.838210529284222572e-01 3.755496260791454377e-01 5.284822544386685861e-02 3.853187964719639869e-02
0.000000000000000000e+00 3.357435807620710033e-01 3.480350828813804642e-01 4.948091409787730433e-02 3.876690506737212605e-02
6.000000000000000000e+00 3.893142833095958322e-01 4.722831267210802486e-01 4.601746208737239607e-02 3.836884568749932001e-02
7.000000000000000000e+00 4.657949466562963936e-01 5.582125149690039256e-01 4.597361786582121468e-02 3.448055551308981670e-02
8.000000000000000000e+00 5.169946535190419468e-01 6.575629575226080714e-01 4.392976339839349542e-02 3.294729571634624765e-02
1.000000000000000000e+00 5.685916013719680695e-01 7.617519614294685493e-01 4.392970973349552555e-02 3.294729571634624765e-02
0.000000000000000000e+00 6.113128849354636518e-01 8.483870967491424775e-01 4.644594946433144855e-02 3.262621863245296350e-02
6.000000000000000000e+00 4.781137373761673581e-01 8.090931755523411706e-01 4.286558847383981075e-02 3.330400629241836441e-02
3.000000000000000000e+00 4.303485303115314742e-01 7.173926105237098394e-01 4.428934504650106074e-02 3.436716158391273090e-02
1.500000000000000000e+01 3.291778146712067699e-01 5.546422161468607115e-01 4.659186432161155356e-02 3.402188163108477159e-02
3.000000000000000000e+00 2.759535190393650472e-01 4.598976707818432930e-01 4.654439771945478865e-02 3.995834629719957620e-02
7.000000000000000000e+00 3.584186368870914130e-01 7.943380655507714661e-01 3.893484936522340067e-02 3.150022174556499355e-02
0.000000000000000000e+00 3.347708508234698566e-01 7.033812155091259122e-01 3.919431914637405701e-02 3.535668863554386476e-02
3.000000000000000000e+00 2.565351172409479630e-01 6.210151496466237431e-01 4.268895046253529113e-02 3.247767419517777476e-02
1.000000000000000000e+00 2.223170769919623480e-01 5.590697848798603653e-01 4.122966772749100950e-02 3.230546353794672143e-02
