1.300000000000000000e+01 7.818196903733347636e-01 6.004636690726015136e-01 3.320791435625392030e-02 3.976685873850194231e-02
6.000000000000000000e+00 5.017192720167320541e-01 7.913772810639024824e-01 3.698240559448512377e-02 5.088188048918107498e-02
9.000000000000000000e+00 2.630976774331778012e-01 7.943221978563899111e-01 3.785651783640714418e-02 5.373293735573803076e-02
8.000000000000000000e+00 1.557719981933959885e-01 7.818652430281498589e-01 3.732177432265648687e-02 5.041962687806444965e-02
2.000000000000000000e+00 5.493377005832711379e-01 6.710973662638111126e-01 3.781496662421723887e-02 5.042032278112984489e-02
5.000000000000000000e+00 4.440361713927195586e-01 6.613545203780719639e-01 3.684452979967517416e-02 5.172647484275050278e-02
8.000000000000000000e+00 3.386518297373988240e-01 6.444858880674475543e-01 3.533175251958642349e-02 4.970963177570586478e-02
5.000000000000000000e+00 2.275438013539403115e-01 6.290223420375590235e-01 3.682794410995257617e-02 5.105771199701014673e-02
1.000000000000000000e+00 1.024628803023980295e-01 6.267664272716273466e-01 3.631767318733115923e-02 4.973021890805395806e-02
7.000000000000000000e+00 6.188795258650463538e-01 5.443064084091324695e-01 3.481411662285738284e-02 4.837245403575773928e-02
1.500000000000000000e+01 5.244826237317687934e-01 5.215032017456275870e-01 3.580873607891832400e-02 4.839315715194991707e-02
6.000000000000000000e+00 4.210842589429512062e-01 5.317492145435300799e-01 3.632529912508813963e-02 4.973033489189815359e-02
2.000000000000000000e+00 2.819135480063376109e-01 5.226993286330303690e-01 3.677314174356122178e-02 4.643027556842616033e-02
8.000000000000000000e+00 1.878701501322452005e-01 5.121591083162974067e-01 3.579333922359878573e-02 4.773489084411103311e-02
6.000000000000000000e+00 6.805435918275846985e-02 4.867427566466803190e-01 3.533169452766429103e-02 4.970963177570592029e-02
3.000000000000000000e+00 6.888647283872919580e-01 4.155526124648714070e-01 3.928906329226056204e-02 4.912730588986630176e-02
1.000000000000000000e+00 5.766358031373841619e-01 4.144714690610266095e-01 3.631767318733114536e-02 4.973024790401497919e-02
2.000000000000000000e+00 4.746612705181234571e-01 3.964867242175268980e-01 3.828603500749422350e-02 4.844700265162649178e-02
1.500000000000000000e+01 3.515175261306310306e-01 4.138742682471665546e-01 3.930463412334633810e-02 5.045201536656135355e-02
0.000000000000000000e+00 2.406539626948155375e-01 3.825241686095588456e-01 3.630221834008953707e-02 4.841299038931062837e-02
0.000000000000000000e+00 1.364933230858595969e-01 3.821286926967486508e-01 3.730608750772651527e-02 4.908326102502580390e-02
3.000000000000000000e+00 6.312445634967465136e-01 2.949698783455168005e-01 3.628653152515959324e-02 4.707662453627192711e-02
7.000000000000000000e+00 5.171528652188521757e-01 3.054294029026375923e-01 3.678853859888059352e-02 4.708801994896605336e-02
9.000000000000000000e+00 3.206084550606487227e-01 2.558094556344705506e-01 3.681193833945095584e-02 4.974051247422792144e-02
3.000000000000000000e+00 1.896179831706150121e-01 2.728824369806200911e-01 3.532409758586821380e-02 4.970945779993946045e-02
1.000000000000000000e+00 5.913898759922131543e-01 1.560541433924281240e-01 3.582497381710825213e-02 4.971989634591883478e-02
7.000000000000000000e+00 4.754433350816807957e-01 1.539909647796197656e-01 3.830160583857994405e-02 4.977150915659425690e-02
5.000000000000000000e+00 3.671818546928353744e-01 1.566275530202437261e-01 3.680405143804432733e-02 4.841388926410331028e-02
0.000000000000000000e+00 2.699931489394140072e-01 1.550456638669836518e-01 3.628656052112055885e-02 4.707668252819410815e-02
1.100000000000000000e+01 8.988163345114039693e-01 6.536552518354686869e-01 3.670384139664317757e-02 4.367203477320180660e-02
