5.000000000000000000e+00 1.676047977757326168e-01 3.940040148894657368e-01 3.026293270987803763e-02 4.202353935196734280e-02
5.000000000000000000e+00 2.449300749005150213e-01 3.248706322621600640e-01 3.200189605091446898e-02 4.266878462103423919e-02
3.000000000000000000e+00 3.310686915373188266e-01 2.452248918384958842e-01 3.464524172289140669e-02 4.618816010937423777e-02
1.000000000000000000e+00 4.138229693969657230e-01 1.725452166055875536e-01 3.420026855534635812e-02 4.421324479070870561e-02
5.000000000000000000e+00 1.676408740949077714e-01 5.280111360844396140e-01 3.253066908073454222e-02 4.336890307887308893e-02
8.000000000000000000e+00 2.521245733210612516e-01 4.594896018153462602e-01 3.388642235010821957e-02 4.518223367125956402e-02
7.000000000000000000e+00 3.354723537941940448e-01 3.740353142659199603e-01 3.414025527714281694e-02 4.484867467623337989e-02
1.000000000000000000e+00 4.217866357214112294e-01 3.113774053681200304e-01 3.509540966167035148e-02 4.780706955310254358e-02
3.000000000000000000e+00 5.240353042500371927e-01 2.335987340782132438e-01 3.511528649686601611e-02 4.565279792235740763e-02
8.000000000000000000e+00 1.659040433441673901e-01 6.535432204087818775e-01 3.397022221238327200e-02 4.557684489873592426e-02
1.000000000000000000e+00 2.579811173989355888e-01 5.850336751248786937e-01 3.254860471194256921e-02 4.395744331878548294e-02
1.500000000000000000e+01 3.300467433310823595e-01 5.267537827185986288e-01 3.367343672951372824e-02 4.545796666018064869e-02
7.000000000000000000e+00 4.087121620706351544e-01 4.615143732674077404e-01 3.522577107874291791e-02 4.640806297798044655e-02
6.000000000000000000e+00 5.080556957979912580e-01 3.679345339173433760e-01 3.669099731664809960e-02 4.948112559461503857e-02
2.000000000000000000e+00 5.981153667735799040e-01 2.863537685499106256e-01 3.724109624942884000e-02 4.825198803884511722e-02
8.000000000000000000e+00 1.640459967078164993e-01 8.267738855901395345e-01 3.232006211854721034e-02 4.591636421023048698e-02
2.000000000000000000e+00 2.638092952917820977e-01 7.166170117552164154e-01 3.504039976839237736e-02 4.795271453396354744e-02
1.500000000000000000e+01 3.319483166821940445e-01 6.473481002805054896e-01 3.435966600952683470e-02 4.823263068077321414e-02
0.000000000000000000e+00 4.156042427826581176e-01 5.869291104436638040e-01 3.783953389558714075e-02 4.901288532012193500e-02
6.000000000000000000e+00 5.061457151197508164e-01 5.138202924250235837e-01 3.737703521035262710e-02 4.782708309280420123e-02
6.000000000000000000e+00 6.072228943828538172e-01 4.346855397749282424e-01 3.783603426022952299e-02 5.003718484386432408e-02
0.000000000000000000e+00 2.452030737993130260e-01 8.740609585427173700e-01 3.460945248317909284e-02 4.849712655928795080e-02
0.000000000000000000e+00 3.468951772720169080e-01 8.018526267765919702e-01 3.439712304421421729e-02 4.754199951566173699e-02
9.000000000000000000e+00 5.125324812952105624e-01 6.659029208786588772e-01 3.495017479432799279e-02 4.718684120866256659e-02
2.000000000000000000e+00 5.934791428108281419e-01 6.000020256630697046e-01 3.679691596801959452e-02 4.973364615839059866e-02
3.000000000000000000e+00 3.272185458258782820e-01 9.762908514517014691e-01 3.560709462822070348e-02 4.741829709659706182e-02
9.000000000000000000e+00 4.343401011583170601e-01 8.906295720299968188e-01 3.532015186979464705e-02 4.910819570181546023e-02
7.000000000000000000e+00 6.050830040661565601e-01 7.205119692037755819e-01 3.680369651152493038e-02 5.140603440492796938e-02
1.000000000000000000e+01 9.272341174169502764e-01 3.402224662810261480e-01 2.681672147323388433e-02 3.911288168864862635e-02
1.100000000000000000e+01 7.244010483585699989e-01 4.597410014021713343e-01 2.810918055625633016e-02 3.781555592520702280e-02
