6.000000000000000000e+00 7.509727217167194713e-01 5.408895408025093943e-01 5.120355276080368334e-02 3.765951849346005353e-02
7.000000000000000000e+00 6.278752211682304685e-01 1.582991558538091592e-01 4.872022931366060128e-02 3.765875822676170714e-02
5.000000000000000000e+00 7.322023509955428722e-01 2.306883150518882486e-01 4.821927204148890311e-02 3.616392769263318541e-02
3.000000000000000000e+00 8.507854171301412194e-01 2.376175611869881799e-01 4.623684738446387499e-02 3.542091320011131472e-02
6.000000000000000000e+00 3.406720922843107791e-01 1.529301085683841266e-01 5.269376321268826047e-02 3.690875512882030307e-02
2.000000000000000000e+00 4.699289812127201982e-01 1.995501303688260453e-01 5.053817319459613655e-02 3.697770547015699627e-02
3.000000000000000000e+00 6.086777560087313077e-01 2.746086736679607121e-01 4.798481748812244430e-02 3.780367675588164333e-02
8.000000000000000000e+00 7.451160072058307104e-01 3.204386614046893511e-01 4.971126619601184959e-02 3.654005502113799597e-02
5.000000000000000000e+00 8.516150435442233491e-01 3.717896328024095087e-01 4.920984106741055353e-02 3.616427858495546710e-02
1.500000000000000000e+01 1.836125718478275604e-01 1.975675595066666568e-01 5.511679166244531913e-02 3.972916913360965974e-02
0.000000000000000000e+00 4.776611713248922753e-01 3.091651051499723080e-01 5.250150346108145571e-02 4.026477702261083147e-02
3.000000000000000000e+00 6.038295645142564005e-01 3.844090365594016179e-01 4.951757363408904045e-02 3.758252686973673207e-02
8.000000000000000000e+00 7.332171023506779406e-01 4.484816968260713632e-01 4.891409732174467617e-02 3.713019742523382405e-02
9.000000000000000000e+00 8.789152849698094183e-01 4.708486407485054093e-01 4.940423541397820362e-02 3.650955663012261931e-02
6.000000000000000000e+00 2.007884878563623854e-01 3.253001575663856393e-01 5.906011958072626689e-02 3.937906631901050281e-02
2.000000000000000000e+00 3.473618105478840645e-01 3.857447812868963766e-01 5.368564808481857131e-02 3.759167931114398842e-02
2.000000000000000000e+00 4.855608832799472863e-01 4.433499258531047316e-01 4.951807073154546046e-02 3.847891054814117640e-02
9.000000000000000000e+00 6.212990896734962298e-01 4.901290480806939076e-01 4.951710577765910948e-02 3.668614319133234325e-02
5.000000000000000000e+00 4.397209535940861391e-01 7.170616785830934148e-02 4.871903043155928481e-02 3.542173194886344412e-02
7.000000000000000000e+00 8.673991743972855328e-01 6.480724077950583695e-01 4.672797967161035348e-02 3.691469105727296363e-02
1.000000000000000000e+00 3.728370171435207991e-01 5.045194346294837873e-01 5.302260780075990221e-02 3.915373496602464476e-02
0.000000000000000000e+00 4.662153269399139099e-01 5.506401366552582388e-01 5.250021685589956189e-02 3.802772150368582960e-02
1.000000000000000000e+00 6.286375932205338080e-01 6.026007396014766426e-01 5.130595483686861691e-02 3.847943688662458506e-02
0.000000000000000000e+00 7.334721133459272124e-01 6.745967385729046972e-01 4.971196798065657951e-02 3.781993476681599908e-02
7.000000000000000000e+00 2.072301983506195100e-01 5.319369033317529194e-01 5.418610825953371068e-02 3.802824784216918275e-02
8.000000000000000000e+00 3.759739652640735619e-01 6.008699339805849693e-01 5.011119572038108538e-02 3.981978707584987731e-02
1.000000000000000000e+00 4.740099027828925671e-01 6.577182038075397585e-01 5.297228399353332007e-02 4.031881444024887351e-02
1.500000000000000000e+01 6.426438111584322765e-01 7.120157203794112988e-01 4.832418884586386909e-02 4.026343193537529341e-02
1.200000000000000000e+01 2.822309613806780471e-01 9.293902683053602010e-01 3.313522985351741168e-02 2.671963159624657358e-02
0.000000000000000000e+00 1.342950653195172372e-01 8.573583321119206957e-01 3.579139701043215771e-02 2.729521196896611546e-02
