3.000000000000000000e+00 5.114993761171996445e-01 1.185388000975639289e-01 3.736105465990041674e-02 4.748181886823678310e-02
8.000000000000000000e+00 2.056791963726590511e-01 8.265630399736558775e-01 3.373939688575644524e-02 5.017768755609541831e-02
1.000000000000000000e+00 3.028592628879280824e-01 8.014658729372936552e-01 3.519010034970920797e-02 4.822403386836093819e-02
7.000000000000000000e+00 5.315168268139338625e-01 7.635230861016475412e-01 3.871297723177213879e-02 5.291083750515501727e-02
5.000000000000000000e+00 1.531270970809042176e-01 7.045676556467233009e-01 3.420515254894476720e-02 4.820415052905391295e-02
9.000000000000000000e+00 2.415662395553055952e-01 6.917116895749512162e-01 3.322286356680859143e-02 4.884238260065032478e-02
8.000000000000000000e+00 3.540646127440553181e-01 6.515817643157244543e-01 3.571255821016577903e-02 5.016468246497884920e-02
1.500000000000000000e+01 4.554499766225778012e-01 6.389787039158660864e-01 3.621331201855887416e-02 4.758857621620260492e-02
7.000000000000000000e+00 5.605522533426223752e-01 6.151073100675445993e-01 3.809526430393728180e-02 5.041143239376399965e-02
5.000000000000000000e+00 1.016863839757694982e-01 5.995392333941195195e-01 3.115496737866566002e-02 4.492894838225547360e-02
6.000000000000000000e+00 1.917836755675341731e-01 5.645992064964808765e-01 3.432413468256018119e-02 4.614743871927118324e-02
1.000000000000000000e+00 2.850170581814536197e-01 5.365633512710120678e-01 3.376191014348939312e-02 4.726969138202408161e-02
3.000000000000000000e+00 3.946748304683185271e-01 5.212611564604147096e-01 3.493202154155145012e-02 4.652741858149495036e-02
1.000000000000000000e+00 4.952040113982317804e-01 5.145802677526150060e-01 3.566504627728650512e-02 4.598542418416107225e-02
1.500000000000000000e+01 6.053847328489954105e-01 4.689475271894342212e-01 4.018139651984586891e-02 4.950041131094662372e-02
1.600000000000000000e+01 8.379445466150355903e-01 5.470428825929510852e-01 3.307171550783150060e-02 4.300777852210990737e-02
1.200000000000000000e+01 8.029414594755828194e-01 5.381689309200621274e-01 3.302541738345632361e-02 3.862656562635302659e-02
2.000000000000000000e+00 1.382402993306715011e-01 4.595706975432696240e-01 2.980292920598398565e-02 4.515517916727901371e-02
5.000000000000000000e+00 2.235250569547474475e-01 4.486434587345919933e-01 3.104615811632360778e-02 4.572512006041223875e-02
2.000000000000000000e+00 3.278205411722234786e-01 4.151750012470974971e-01 3.557337483501599174e-02 4.581453728688938964e-02
0.000000000000000000e+00 4.321328886578473805e-01 3.864826779222665376e-01 3.599794770966840973e-02 4.637034598100930882e-02
2.000000000000000000e+00 5.444106521509562979e-01 3.663273010091904758e-01 3.727444075306407534e-02 4.969866669996825248e-02
3.000000000000000000e+00 6.548147432666977519e-01 3.304491446388069242e-01 4.018573155021809562e-02 5.250320014915649258e-02
8.000000000000000000e+00 1.687348103820325018e-01 3.330311031785856413e-01 3.141047406880265180e-02 4.187974581886078074e-02
0.000000000000000000e+00 2.685177880838791609e-01 3.146512680053519251e-01 3.353388754591213328e-02 4.686780516631949833e-02
0.000000000000000000e+00 4.609074475088387191e-01 2.641645361340229092e-01 3.603548907269166213e-02 4.967363912461941755e-02
6.000000000000000000e+00 5.759612055011857912e-01 2.216093636829721825e-01 3.765944925051967207e-02 5.080092042260425655e-02
9.000000000000000000e+00 2.121992843538529072e-01 1.939466245216380780e-01 3.352131595783275353e-02 4.576254582262553883e-02
7.000000000000000000e+00 3.116890550514257452e-01 1.815224274749363265e-01 3.391195999477220058e-02 4.467693861661875543e-02
6.000000000000000000e+00 4.068047223030521464e-01 1.582861444763435377e-01 3.682616971237695491e-02 4.638707919824594517e-02
