1.400000000000000000e+01 2.481850119839162927e-01 3.636803052047725693e-01 2.778618486373926610e-02 3.550117745276881731e-02
2.000000000000000000e+00 8.632106878151641904e-01 3.044118372676199447e-01 3.541128692619477381e-02 4.521515371156914487e-02
1.000000000000000000e+00 7.966331571501601427e-01 2.378068278947814418e-01 3.832454971317666992e-02 4.775137415899849413e-02
1.000000000000000000e+01 2.170802089397768642e-01 4.647121278974930547e-01 3.001583101679411447e-02 3.865508751980872848e-02
8.000000000000000000e+00 7.288935055630878512e-01 1.275284131769123808e-01 3.698390609591029055e-02 5.197880033508958664e-02
3.000000000000000000e+00 8.377080670070595758e-01 4.720470963857418267e-01 3.607794308340972478e-02 4.699400680698168076e-02
6.000000000000000000e+00 7.826914264479774008e-01 3.760752541086181955e-01 3.801203925195295596e-02 4.845227953692859968e-02
5.000000000000000000e+00 7.084141676229844808e-01 2.939371152392642461e-01 3.781464118751032277e-02 5.227659347942448242e-02
1.500000000000000000e+01 6.310439470246848037e-01 1.870961924946216715e-01 3.538037508960667488e-02 4.995090178808561654e-02
1.000000000000000000e+00 6.647493656165441855e-01 4.093683005937096553e-01 3.378395654127930303e-02 4.671221669309300051e-02
8.000000000000000000e+00 8.138346914764026385e-01 5.908913861892381991e-01 3.461534816746203447e-02 4.559867933012262675e-02
0.000000000000000000e+00 7.319771664298106995e-01 5.291156947487123396e-01 3.435727536536248294e-02 4.627753608832718690e-02
0.000000000000000000e+00 7.822528613469323933e-01 7.036061733867962076e-01 3.371655232415271541e-02 4.341592068849442487e-02
7.000000000000000000e+00 7.240271618158884426e-01 6.385606935254363181e-01 3.325489909029311075e-02 4.567346956130124980e-02
1.000000000000000000e+00 5.873480690480107347e-01 3.231720394037017607e-01 3.727349255796497118e-02 4.835606986499890736e-02
5.000000000000000000e+00 6.341754802047077089e-01 5.624913414909524789e-01 3.526805296480073348e-02 4.302626741383852593e-02
7.000000000000000000e+00 7.019619645919913387e-01 7.622972465143331711e-01 3.490783432392241536e-02 4.587726883792220267e-02
2.000000000000000000e+00 5.785937275038224303e-01 4.438879862013940247e-01 3.566224727031830355e-02 4.754918886322606619e-02
5.000000000000000000e+00 5.150513288576584747e-01 3.427741513970884446e-01 3.557673364096031188e-02 4.632494335629816495e-02
0.000000000000000000e+00 4.324902586170030205e-01 2.316114393079381217e-01 3.774797557178899421e-02 5.125015637105295729e-02
9.000000000000000000e+00 4.174509115154734218e-01 3.812449852219065849e-01 3.746221889479822709e-02 5.223509502269507720e-02
3.000000000000000000e+00 4.819430147906905715e-01 5.010599887610930336e-01 3.521676120055045045e-02 4.760617059385707783e-02
3.000000000000000000e+00 5.401756763238687586e-01 6.114794353139443306e-01 3.389288657074296385e-02 4.596841772244575353e-02
6.000000000000000000e+00 5.940118677037907746e-01 6.914683261609801956e-01 3.424385901625237594e-02 4.642821077498859861e-02
7.000000000000000000e+00 6.072730182444902036e-01 8.124895068282744770e-01 3.455926917188167913e-02 4.647575482099763899e-02
8.000000000000000000e+00 4.816815088598372374e-01 8.236768834680247009e-01 3.674585759857407208e-02 4.291421884510837614e-02
2.000000000000000000e+00 4.540957995663953972e-01 6.209193630958067533e-01 3.497925981536631479e-02 4.792478135557565189e-02
6.000000000000000000e+00 3.591629369437278063e-01 5.524477028049631366e-01 3.766976588966031159e-02 5.022664631269480040e-02
9.000000000000000000e+00 4.000858180113897600e-01 7.613255206211618775e-01 3.538286444989835466e-02 4.910523053473569988e-02
1.500000000000000000e+01 3.343330452377252238e-01 6.842397436306881797e-01 3.866447049321558582e-02 5.077474326657049897e-02
