1.300000000000000000e+01 2.144495390042130967e-01 8.340001615181618089e-01 3.451526648141983733e-02 2.213863256871206886e-02
6.000000000000000000e+00 7.176753740770904777e-01 2.321526934133089637e-01 4.127374335985722897e-02 3.194729987544087102e-02
0.000000000000000000e+00 7.364595059937997235e-01 3.272403953217678518e-01 4.121425925948007940e-02 3.091046762249238800e-02
9.000000000000000000e+00 7.765675254323034515e-01 4.098019450127819985e-01 4.198199542249636540e-02 3.223238692467367272e-02
3.000000000000000000e+00 8.002588971607607071e-01 5.168677401966994545e-01 4.167005830507619635e-02 3.274381409464510728e-02
5.000000000000000000e+00 6.012296337417352143e-01 2.145567124548446725e-01 4.120507296371167527e-02 3.091021244760994158e-02
9.000000000000000000e+00 6.306481505320363778e-01 3.098868021488720981e-01 4.215619480891974469e-02 3.127497076569851764e-02
2.000000000000000000e+00 6.482328187373784800e-01 3.881366051454965826e-01 4.191564995305774310e-02 3.205960517648620556e-02
7.000000000000000000e+00 6.861049675030373995e-01 4.922086319029099766e-01 4.344692606991196193e-02 3.378884029659690036e-02
3.000000000000000000e+00 7.261748808257609822e-01 5.834485942879608089e-01 4.465900676157819049e-02 3.474585951686604002e-02
6.000000000000000000e+00 4.629597355275302251e-01 1.735835367537560125e-01 4.239506685166322120e-02 3.128271107046637356e-02
1.000000000000000000e+00 4.865101089570481041e-01 2.656984229288369970e-01 4.185647773309264519e-02 3.118702048954535844e-02
1.000000000000000000e+00 5.296837852569966643e-01 3.758361409352017901e-01 4.344987475744255256e-02 3.383922315949955406e-02
1.500000000000000000e+01 5.445194544536394732e-01 4.556587426726089740e-01 4.422883861528670302e-02 3.213213154863320264e-02
3.000000000000000000e+00 5.830100904288424424e-01 5.506221035314000645e-01 4.402662669732271272e-02 3.364259673618474888e-02
8.000000000000000000e+00 6.264318959492147787e-01 6.448203933870582105e-01 4.520836993074150989e-02 3.540438083019081805e-02
8.000000000000000000e+00 3.527808493067958739e-01 1.466568168670207006e-01 4.219793007858363421e-02 2.990445482479167638e-02
2.000000000000000000e+00 3.783088706044953065e-01 2.367030286227950198e-01 4.507786215474751668e-02 3.181092307715041589e-02
2.000000000000000000e+00 4.124872495355437207e-01 3.053104674541402552e-01 4.436881621469623838e-02 3.153218704721422183e-02
5.000000000000000000e+00 4.232075574626116277e-01 4.401090658020893609e-01 4.340229881824680946e-02 3.285297223880689899e-02
0.000000000000000000e+00 4.683542459537104463e-01 5.290161910589621375e-01 4.466657694975784132e-02 3.320590745400830990e-02
1.500000000000000000e+01 4.918937177451944143e-01 6.273937351394859308e-01 4.557185237441768733e-02 3.447333274240294010e-02
8.000000000000000000e+00 2.348266001246543389e-01 1.887438025772653627e-01 4.416396748961348706e-02 3.163204548454870424e-02
1.000000000000000000e+00 2.745532607013274617e-01 2.837865228245002314e-01 4.466618001105177038e-02 3.319859244071127202e-02
5.000000000000000000e+00 2.820103213496353289e-01 3.928895208588880084e-01 4.547162535114196436e-02 3.260562271941280788e-02
0.000000000000000000e+00 3.318538154327500544e-01 4.958514801720880771e-01 4.761585988842031991e-02 3.391931971982609095e-02
7.000000000000000000e+00 3.453373979855522968e-01 5.914556702190204573e-01 4.839312258038147574e-02 3.529630009108841726e-02
6.000000000000000000e+00 1.391353529136574174e-01 2.644766455916373049e-01 4.651086758909139807e-02 3.263187737954104106e-02
7.000000000000000000e+00 1.765577417726051368e-01 3.817082253302809258e-01 4.804055595112136090e-02 3.312354267250444684e-02
1.300000000000000000e+01 4.364464131267561386e-01 7.287902249015827394e-01 3.305759414177189548e-02 2.334322813049294343e-02
