1.300000000000000000e+01 7.541859505516370632e-01 9.089101552067790912e-01 2.210106679241385930e-02 3.479337387796976877e-02
6.000000000000000000e+00 2.935706979321869303e-01 1.829058206168664436e-01 3.210316837233412324e-02 4.139425596102283555e-02
0.000000000000000000e+00 3.888197876911149709e-01 2.035921463310872981e-01 3.103324588134537265e-02 4.137803121323460620e-02
9.000000000000000000e+00 4.769631922272528080e-01 1.987896209857744623e-01 3.238226249876124951e-02 4.211605798630993491e-02
3.000000000000000000e+00 5.847917559134342413e-01 2.196512166728127602e-01 3.291750838895368680e-02 4.177007235584362377e-02
5.000000000000000000e+00 2.501131094840194358e-01 2.871363472297215891e-01 3.103318895240578246e-02 4.136855254478982724e-02
9.000000000000000000e+00 3.480257335403770247e-01 2.977491540092842559e-01 3.138797010404154042e-02 4.233708459433721538e-02
2.000000000000000000e+00 4.268946737381916767e-01 3.127380741442625789e-01 3.220515656764139090e-02 4.205485937623160142e-02
7.000000000000000000e+00 5.351021849108723583e-01 3.188184264680117841e-01 3.395828326286320920e-02 4.356672122539551051e-02
3.000000000000000000e+00 6.315380438093340931e-01 3.175802077993075123e-01 3.492049620011405953e-02 4.478144247427673363e-02
6.000000000000000000e+00 1.793043678071637725e-01 4.027392976955609938e-01 3.139010493927679724e-02 4.258352997389935890e-02
1.000000000000000000e+00 2.727997188847692822e-01 4.176581098414122728e-01 3.130411377599928713e-02 4.203077843477748265e-02
1.000000000000000000e+00 3.880214874032299477e-01 4.211331377084809868e-01 3.401020245578550982e-02 4.356751823055005080e-02
1.500000000000000000e+01 4.677662366402055572e-01 4.393909317879732823e-01 3.222559405696062695e-02 4.444502090566448960e-02
3.000000000000000000e+00 5.674024697365983583e-01 4.411769064813487184e-01 3.379444177467205712e-02 4.417420993995024858e-02
8.000000000000000000e+00 6.674345582145537747e-01 4.379351022476182798e-01 3.558889888004890256e-02 4.532226740055067538e-02
8.000000000000000000e+00 1.283546747263834553e-01 4.971824159919918662e-01 2.996653987544448117e-02 4.243346528909325288e-02
2.000000000000000000e+00 2.203235189851108777e-01 5.093686248044344556e-01 3.187252077351318547e-02 4.533479176726434856e-02
2.000000000000000000e+00 2.937636016440479114e-01 5.045655301697256068e-01 3.160048583559738056e-02 4.461304667091686715e-02
5.000000000000000000e+00 4.251533455657036109e-01 5.491078995621194725e-01 3.299228455112851455e-02 4.356151222742143947e-02
0.000000000000000000e+00 5.205186130581362924e-01 5.420653058366495802e-01 3.332813683034463459e-02 4.485545009576674680e-02
1.500000000000000000e+01 6.200019065582726974e-01 5.595403839254744494e-01 3.461888667807200282e-02 4.574001195939247921e-02
8.000000000000000000e+00 1.416405229362901474e-01 6.271174547198498095e-01 3.170867928532195013e-02 4.439745677662210177e-02
1.000000000000000000e+00 2.416353229588024676e-01 6.277534079042084159e-01 3.332062221031639737e-02 4.485539316682718436e-02
5.000000000000000000e+00 3.477003704182836108e-01 6.649716984292417532e-01 3.268580760475003899e-02 4.571063662655483473e-02
0.000000000000000000e+00 4.575834426059703364e-01 6.591498888847212578e-01 3.399540093148745168e-02 4.787490412362416237e-02
7.000000000000000000e+00 5.521145730430347953e-01 6.851162883541548343e-01 3.540365211056539785e-02 4.862425975568152037e-02
6.000000000000000000e+00 1.922002100840524141e-01 7.494346327875014424e-01 3.268885330301898873e-02 4.678334863558453183e-02
7.000000000000000000e+00 3.128923373383648010e-01 7.612946103115215690e-01 3.316139196623346663e-02 4.834473866220712068e-02
1.300000000000000000e+01 7.043117589979270843e-01 6.537956082567297766e-01 2.338891326422121164e-02 3.324541908109457378e-02
