2.000000000000000000e+00 2.487792308527873308e-01 5.334381218915533740e-01 3.973874377501690480e-02 4.902794852853220586e-02
1.100000000000000000e+01 3.474015020539902299e-01 1.463057798349985394e-01 3.687224335332650593e-02 4.983055277702073960e-02
1.200000000000000000e+01 3.564871227060599224e-01 2.160402491848927298e-01 2.975212744903843465e-02 4.230740609729286006e-02
6.000000000000000000e+00 8.744959018177462795e-01 7.146533068366265340e-01 3.541184481714942933e-02 5.183176409047884903e-02
2.000000000000000000e+00 8.939717646806621953e-01 5.608406723034321528e-01 3.908582371692859159e-02 5.278286231051199096e-02
8.000000000000000000e+00 8.969436278096432069e-01 4.343722957967220411e-01 4.147181578336966989e-02 5.660952928637530412e-02
1.000000000000000000e+00 7.841197502355919946e-01 5.259197219179769789e-01 3.948760759642411244e-02 5.528671438223026202e-02
6.000000000000000000e+00 7.985313735594162798e-01 3.268578995231641859e-01 4.420790222470749598e-02 5.894428526492478948e-02
3.000000000000000000e+00 8.018603306837084332e-01 6.555548598913197855e-01 3.759714331365182627e-02 5.078459820564917848e-02
8.000000000000000000e+00 7.779799495903945150e-01 7.951930930540864750e-01 3.411093560766154109e-02 4.746524784783667794e-02
6.000000000000000000e+00 6.838472405906974583e-01 7.527204165670899894e-01 3.661175545515171770e-02 4.816691020192820361e-02
1.500000000000000000e+01 6.962394592556949702e-01 6.105635102739948028e-01 3.635931570352624043e-02 5.045666457230724156e-02
7.000000000000000000e+00 6.841579160506290336e-01 4.569369891297541120e-01 3.798702500458850384e-02 5.328635322509772676e-02
5.000000000000000000e+00 6.351711150882575208e-01 4.219519936344344191e-01 4.071534668481902042e-02 5.560753504098103761e-02
5.000000000000000000e+00 5.951121457639179102e-01 5.474595518004550243e-01 4.059111050709940383e-02 5.477642221703948877e-02
5.000000000000000000e+00 5.868384810799187612e-01 6.762227836154979244e-01 3.859199624591103106e-02 4.947105000545348741e-02
5.000000000000000000e+00 6.065201667892710091e-01 8.146951974089202686e-01 3.596195263692403277e-02 4.794944021383062971e-02
9.000000000000000000e+00 5.086374040679224606e-01 9.240133420200353775e-01 3.709110193008935408e-02 4.747108558793955435e-02
7.000000000000000000e+00 5.059333826893330777e-01 7.584924679243616463e-01 3.658783772385720834e-02 4.812938996942350833e-02
3.000000000000000000e+00 4.766277715117906988e-01 6.290322212764740684e-01 4.038245380624411185e-02 4.920223057528749777e-02
1.500000000000000000e+01 3.934670383580282094e-01 8.453261314517683811e-01 3.509357462737550115e-02 4.612993564570500027e-02
7.000000000000000000e+00 3.877659042075867202e-01 7.202039774867026178e-01 3.697154161216087420e-02 4.665952635948755756e-02
0.000000000000000000e+00 4.560503610977485467e-01 4.943952877461577078e-01 3.785289867494734395e-02 5.245515538552353307e-02
8.000000000000000000e+00 5.197396805400327224e-01 2.093544498088277528e-01 4.208656382243680660e-02 5.678409471857259749e-02
2.000000000000000000e+00 4.579830923191768877e-01 3.212499141674682868e-01 3.869531857801983277e-02 5.752126526853135191e-02
3.000000000000000000e+00 4.085503985332815668e-01 5.836300761226017597e-01 3.622093859225694601e-02 4.961585996625350603e-02
9.000000000000000000e+00 2.946452779750149409e-01 6.273868570623827301e-01 3.796259717949862500e-02 4.929523767731192052e-02
0.000000000000000000e+00 3.674076640942934846e-01 6.213326671591767880e-01 3.534649613425211445e-02 4.778365973033160685e-02
1.000000000000000000e+00 2.901540721379461396e-01 8.044586634617489906e-01 3.336359152033929742e-02 4.648110688528073187e-02
1.000000000000000000e+00 3.578544291245798759e-01 4.226396284091528122e-01 4.098127558347780530e-02 5.728523353399073148e-02
