1.600000000000000000e+01 3.111731283878759191e-01 9.097618495923017745e-01 3.696009375991288204e-02 3.175224455781644473e-02
1.400000000000000000e+01 3.560664096391930045e-01 7.469084724932854025e-01 3.796816938285735299e-02 2.686286403004234380e-02
6.000000000000000000e+00 2.267697096623710329e-01 4.877453972342578048e-01 5.801884197469456272e-02 4.126167243166189991e-02
1.500000000000000000e+01 2.199279200750443308e-01 2.695428257581036213e-01 4.897679979891728097e-02 3.532665213983393615e-02
1.000000000000000000e+00 2.274548847263629936e-01 1.678192883885086806e-01 4.709135352353496784e-02 3.296874701227336946e-02
3.000000000000000000e+00 3.473596801494190922e-01 5.596856866094779281e-01 5.199891760368224869e-02 4.181709730415128501e-02
6.000000000000000000e+00 3.643243929971247685e-01 4.181049709734198094e-01 4.897765482489091493e-02 3.560331004404426736e-02
8.000000000000000000e+00 3.716006925338322664e-01 3.338328129853045945e-01 4.521536953559468497e-02 3.391172665775654682e-02
3.000000000000000000e+00 3.380838738724432080e-01 2.116529644515355024e-01 4.595770308592578290e-02 3.278731050066280295e-02
9.000000000000000000e+00 3.529374420885863506e-01 1.217448742571783926e-01 4.445342738960095241e-02 3.165987325179549228e-02
1.500000000000000000e+01 4.681985771982651867e-01 1.191705050539529909e-01 4.144678555495912020e-02 2.997729613909688728e-02
9.000000000000000000e+00 4.752971025846160491e-01 2.040878513913587100e-01 4.219724185203999056e-02 3.165574062625611806e-02
5.000000000000000000e+00 4.909185696277027500e-01 2.804952097155295476e-01 4.445103331687466630e-02 3.052650782284405118e-02
2.000000000000000000e+00 4.858408981300958995e-01 3.822415050264567071e-01 4.897198315259893020e-02 3.332990998354712353e-02
5.000000000000000000e+00 4.895924243425568978e-01 4.740398438920814250e-01 4.671286202586183434e-02 3.278870704308634032e-02
8.000000000000000000e+00 4.753951028116302768e-01 5.992751562435882917e-01 4.972258195400869329e-02 3.556742745401630934e-02
6.000000000000000000e+00 6.149334179044081417e-01 6.666059720939444544e-01 4.598540592747235589e-02 3.842338521123367379e-02
0.000000000000000000e+00 6.120314312489422148e-01 5.515742262025655762e-01 4.372374822368008118e-02 3.672786870546695948e-02
7.000000000000000000e+00 5.956440604395172311e-01 4.381298217808525797e-01 4.446431472033218757e-02 3.503608581311867809e-02
3.000000000000000000e+00 5.932609035448679347e-01 3.440115409408976976e-01 4.522078470009460727e-02 3.560322454144698723e-02
7.000000000000000000e+00 6.052982442107031069e-01 2.635346722446619827e-01 4.144852410777233320e-02 3.052106415747851687e-02
7.000000000000000000e+00 5.821192025864407871e-01 1.519587418327539297e-01 4.069296615571527109e-02 3.051969611592064702e-02
0.000000000000000000e+00 6.914598670962768256e-01 2.160866161353490744e-01 4.055125985101404318e-02 2.976673174265034860e-02
0.000000000000000000e+00 6.960172410384788400e-01 3.038698242808335892e-01 3.967622626957101328e-02 2.942266929084980109e-02
5.000000000000000000e+00 7.025572207075367892e-01 4.852030915050447035e-01 4.273459717561911564e-02 3.172351568510162201e-02
2.000000000000000000e+00 7.211380466489218932e-01 6.173328487934227615e-01 4.187871617598604157e-02 3.465961787691651530e-02
2.000000000000000000e+00 7.946137346659079004e-01 2.642871236023480730e-01 3.780047028855693103e-02 3.024671482339696960e-02
1.000000000000000000e+00 8.079734015008732673e-01 3.477247334888730057e-01 3.816835946415686465e-02 3.043330999171528495e-02
1.000000000000000000e+00 8.449657582408589551e-01 5.454969865904522042e-01 4.070094639813615078e-02 3.297977684733355286e-02
8.000000000000000000e+00 8.136932117551310961e-01 4.639009031451292731e-01 3.636590770995118405e-02 3.242272742549445752e-02
