0.000000000000000000e+00 7.452841932130864766e-01 5.130504404838684973e-01 3.692428832991490051e-02 3.761975437540115985e-02
1.600000000000000000e+01 7.835088238686720441e-01 2.529185680699661543e-01 3.948452566500992855e-02 3.880108825134692685e-02
1.600000000000000000e+01 8.729322008001219046e-01 3.719431578297242580e-01 3.601233469136011500e-02 3.257825753494214549e-02
3.000000000000000000e+00 2.611386100349114558e-01 3.803831737463845286e-01 4.196595184887491614e-02 3.989661047902010038e-02
6.000000000000000000e+00 2.454678307264568926e-01 4.926442138425690676e-01 4.590167573384837385e-02 4.177349373970268287e-02
7.000000000000000000e+00 2.308368057972107201e-01 5.950801118989063054e-01 4.024546858164501639e-02 3.982610547309062277e-02
6.000000000000000000e+00 2.231668028856158559e-01 7.187356415713725966e-01 4.453791223854139392e-02 3.958547727712502518e-02
8.000000000000000000e+00 3.720396646818120989e-01 3.362759587544665862e-01 4.126654107886473799e-02 4.416030209449123278e-02
1.500000000000000000e+01 3.583455534966478728e-01 4.512130221844514733e-01 3.940746463804056798e-02 4.065313641537826594e-02
3.000000000000000000e+00 3.328685084885859569e-01 6.680023172298434897e-01 3.889995638219923002e-02 3.849262190546809403e-02
1.000000000000000000e+00 3.038182792251338249e-01 7.787499304266845002e-01 4.023377330682381681e-02 3.982566099708773066e-02
1.000000000000000000e+00 5.120950532059238558e-01 2.854970756226599127e-01 4.032225181111276369e-02 4.204515191660734841e-02
2.000000000000000000e+00 4.786012584446549534e-01 4.053932689338521356e-01 3.851540130060676637e-02 4.126629106111312506e-02
9.000000000000000000e+00 4.614717088953146917e-01 5.127709345275408559e-01 3.843989593964691753e-02 3.947052467092471151e-02
2.000000000000000000e+00 4.405558488472860468e-01 6.362984551112274012e-01 3.948449788525976167e-02 3.880108825134698236e-02
5.000000000000000000e+00 4.273050191355719507e-01 7.442483418887767543e-01 3.834452805731591862e-02 3.731398266528862528e-02
1.500000000000000000e+01 3.898316918233127315e-01 8.420713152003906909e-01 4.086537370667098212e-02 3.741982351343342561e-02
5.000000000000000000e+00 5.914970519423310424e-01 3.736474871722307300e-01 3.890831808700012662e-02 4.235364604223651463e-02
7.000000000000000000e+00 5.646892874517883687e-01 4.876569569643154356e-01 3.808042597245719918e-02 3.945657923633966169e-02
0.000000000000000000e+00 5.442651428716298589e-01 5.962689740871479627e-01 3.740465576984097762e-02 4.050248683021062668e-02
0.000000000000000000e+00 5.222089101892799512e-01 7.074203103931981929e-01 3.585587913840693197e-02 3.757839032739918039e-02
3.000000000000000000e+00 4.966556375467536810e-01 8.064679817707720577e-01 3.618693042117349101e-02 3.688150751465435473e-02
5.000000000000000000e+00 4.814931859967703787e-01 9.106191543911823505e-01 3.794147166211087052e-02 3.623101688469199111e-02
6.000000000000000000e+00 6.752873622534685261e-01 4.368317094294763558e-01 3.565247580766806035e-02 4.116520055024736058e-02
9.000000000000000000e+00 6.490801404020838383e-01 5.612162353058831599e-01 3.621634917660276898e-02 3.759233576198428572e-02
8.000000000000000000e+00 6.211960772709850254e-01 6.653178488519917444e-01 3.620107031400954245e-02 3.723064341478099504e-02
7.000000000000000000e+00 6.000846061121398733e-01 7.783596804963074378e-01 3.507482368264935868e-02 3.611717546849857463e-02
1.000000000000000000e+00 5.832113803176108835e-01 8.586119062663934987e-01 3.902693762022269031e-02 3.627657567496955782e-02
2.000000000000000000e+00 6.898635638457556452e-01 8.334204232001959367e-01 3.510465913433113982e-02 3.682711476382305449e-02
8.000000000000000000e+00 7.089709482678934194e-01 7.275833253217660612e-01 3.506004485555946903e-02 3.575553868079595077e-02
