1.500000000000000000e+01 4.240307210495077861e-01 7.839305895283565917e-01 4.733727771183154909e-02 3.185144392535954605e-02
1.100000000000000000e+01 5.786045714455770872e-01 2.075985807399022276e-01 4.092019809691649357e-02 2.764223897084558401e-02
1.000000000000000000e+01 7.361227124766529517e-01 3.472850211578299984e-01 3.189838456575710968e-02 2.949406388014608194e-02
1.000000000000000000e+00 7.825148243033164253e-01 5.249535834014081859e-01 5.346100606695702862e-02 3.857427578484973196e-02
7.000000000000000000e+00 7.320337998488316567e-01 7.496666685649766571e-01 5.552711555452627401e-02 3.759279471157284114e-02
1.000000000000000000e+00 6.723502459461957459e-01 8.447331727874199947e-01 4.785831327170519955e-02 3.893520825031804300e-02
6.000000000000000000e+00 5.479989687367262663e-01 8.637406920542143318e-01 4.761634148355664564e-02 3.714680314240559333e-02
2.000000000000000000e+00 5.592706593689261707e-01 7.599814581519093171e-01 5.265730018497305487e-02 3.657141964249710497e-02
3.000000000000000000e+00 6.008706922134443573e-01 6.636453927085008697e-01 4.952587119901963320e-02 3.495346565432622121e-02
3.000000000000000000e+00 6.271497661094825871e-01 5.641775098814053591e-01 5.258394849867809029e-02 3.505622459760782128e-02
0.000000000000000000e+00 6.829029568877674761e-01 4.433100077591711763e-01 4.986377722741330842e-02 4.104284855270706744e-02
7.000000000000000000e+00 5.585607515396514566e-01 3.529211300295350684e-01 5.175938010985059456e-02 3.881264102261322568e-02
1.000000000000000000e+00 5.292805006119544187e-01 4.854793345819859995e-01 4.977544448567239321e-02 3.952296499231700011e-02
7.000000000000000000e+00 4.873552956361716926e-01 5.870228148984332206e-01 4.846931839234092099e-02 3.416130073357459551e-02
5.000000000000000000e+00 4.590401021061515374e-01 6.740594734018062750e-01 4.744289415272601174e-02 3.412834241159345972e-02
1.500000000000000000e+01 1.909886268124204589e-01 3.618229564036499202e-01 4.280093089468875456e-02 3.245673405076954232e-02
8.000000000000000000e+00 4.119474872239098917e-01 8.807030475683685911e-01 4.529916060379002296e-02 3.179018805420241733e-02
8.000000000000000000e+00 3.173250880673553764e-01 8.046018104878226440e-01 4.327544195459404053e-02 3.210828579817293082e-02
7.000000000000000000e+00 3.327204806672457993e-01 6.925718687861094347e-01 4.473021340918437172e-02 3.178524985444419748e-02
6.000000000000000000e+00 3.723689397416186098e-01 6.091278338348651289e-01 4.687236562448970911e-02 3.514788646278133033e-02
9.000000000000000000e+00 3.853793344431539758e-01 4.953409888557191998e-01 4.584502587593092260e-02 3.438332552382372675e-02
5.000000000000000000e+00 4.069155171557611861e-01 4.038866113001796654e-01 4.698830234802486849e-02 3.735179391775877988e-02
0.000000000000000000e+00 4.584843465631468495e-01 2.936036548623400244e-01 4.698871848845392885e-02 3.735895153313850692e-02
5.000000000000000000e+00 3.209625854290841795e-01 3.333180028379800763e-01 4.790156413363183541e-02 3.627451731771302867e-02
2.000000000000000000e+00 2.918239470893950194e-01 4.379214192146688722e-01 4.444762631515974949e-02 3.543912927773013033e-02
0.000000000000000000e+00 2.529554738925500201e-01 6.351020987379673022e-01 4.473029663727012828e-02 3.178613762069293358e-02
9.000000000000000000e+00 2.133182922238046619e-01 7.310197488513072717e-01 4.043090018043207778e-02 3.349209143826159529e-02
6.000000000000000000e+00 1.297865071274200421e-01 6.649553472937794751e-01 4.030261795750167408e-02 3.128565939801453144e-02
3.000000000000000000e+00 1.538832296427059543e-01 5.871399723005601423e-01 4.225792312016082852e-02 3.134414099964455414e-02
2.000000000000000000e+00 1.886701420259762063e-01 4.918562427741493548e-01 4.283200271339163145e-02 3.282782034270670390e-02
