3.000000000000000000e+00 7.084109124087660803e-01 7.400714453659140712e-01 3.381392451966780399e-02 4.386962408394190494e-02
1.000000000000000000e+01 2.024196991180638450e-01 5.985674045067382876e-01 2.998427589777707958e-02 4.208110532779207880e-02
2.000000000000000000e+00 2.199146754838619544e-01 5.415550773930304373e-01 3.256968328308798566e-02 3.994055386403017049e-02
9.000000000000000000e+00 3.799350304254278110e-01 2.321267983006404245e-01 3.897326642426979237e-02 5.754510204480736690e-02
6.000000000000000000e+00 5.273726235883846591e-01 1.319149100344668146e-01 3.982291240365132268e-02 5.697413376439322552e-02
2.000000000000000000e+00 6.297698253292676185e-01 6.948889114319267701e-02 3.989204682427816007e-02 5.755214626565368502e-02
5.000000000000000000e+00 7.583275393913011531e-01 3.509566119565344505e-02 3.509466492586466035e-02 5.318006291614418846e-02
2.000000000000000000e+00 8.034737724607750042e-01 1.495753958677030204e-01 3.581376990120777037e-02 5.130546794239516928e-02
7.000000000000000000e+00 7.056512720166989716e-01 2.095982505809207419e-01 3.735797011154795566e-02 5.562110835778141804e-02
1.500000000000000000e+01 5.848803050675990267e-01 2.725947770546210958e-01 3.954655305584864333e-02 5.151400065740735501e-02
7.000000000000000000e+00 5.019620384240863764e-01 3.497386848409897997e-01 3.736100180153256733e-02 5.156096212971633674e-02
3.000000000000000000e+00 3.844549086616816380e-01 3.912253114297624679e-01 4.390252683700901493e-02 5.620450062264181756e-02
0.000000000000000000e+00 8.860906534528874001e-01 2.478559044178198500e-01 3.365282883617759513e-02 4.952191283553353252e-02
8.000000000000000000e+00 6.939503753541693687e-01 3.698403201444411814e-01 3.779500902852916955e-02 5.097973960376633862e-02
9.000000000000000000e+00 4.862172834365456331e-01 5.099622819013204245e-01 3.875165583089301702e-02 5.050801458666825949e-02
5.000000000000000000e+00 5.488204035510809708e-01 8.715816688034404569e-01 3.647842334663309316e-02 4.580770621266050391e-02
1.000000000000000000e+00 3.571374796644853911e-01 5.835113484273430906e-01 4.296686408493011200e-02 5.206006152402731235e-02
6.000000000000000000e+00 3.239526159553759443e-01 7.225520520067603147e-01 4.049784981706322506e-02 4.980430584085449031e-02
5.000000000000000000e+00 4.625278065099183711e-01 6.284227444128216433e-01 3.653994881984790055e-02 5.223542398391500807e-02
3.000000000000000000e+00 5.562480142906547353e-01 6.065088866986847460e-01 3.776629714102897051e-02 5.244865284615818357e-02
8.000000000000000000e+00 6.643905657766731032e-01 5.099497241658454971e-01 3.775434871579586016e-02 4.684659503646670942e-02
7.000000000000000000e+00 7.529558602979808946e-01 4.780437134873054550e-01 3.432782569449133181e-02 4.857079440902389855e-02
0.000000000000000000e+00 8.464213763975682037e-01 4.198609608436504326e-01 3.580657706810730367e-02 4.564013103488978595e-02
3.000000000000000000e+00 8.044989889572000674e-01 5.746121791472539320e-01 3.372410327326402779e-02 4.462701157595194701e-02
2.000000000000000000e+00 7.401091928784662155e-01 6.092010274049204366e-01 3.521599197014646521e-02 4.493089391322180326e-02
8.000000000000000000e+00 6.363107856381784444e-01 6.781820504631218549e-01 3.620182621922374278e-02 4.589752745906405806e-02
0.000000000000000000e+00 6.273782083233581108e-01 7.981279221772245025e-01 3.463254026038420363e-02 4.496905754008562184e-02
1.000000000000000000e+00 5.330003913180427766e-01 7.532542142593965373e-01 3.696432597277632404e-02 4.760068333643474592e-02
1.500000000000000000e+01 4.356001725941115454e-01 8.121244917743895009e-01 3.841172016076832563e-02 5.020014944098749599e-02
1.000000000000000000e+00 7.942231054771887733e-01 7.038294046707195273e-01 3.198236765471818011e-02 4.304351828561658877e-02
