3.000000000000000000e+00 3.960937779305968021e-01 4.665380095207881661e-01 3.441483841968961954e-02 4.760819349094908004e-02
8.000000000000000000e+00 3.252262091035834635e-01 5.782925172526580671e-01 3.347032210903050364e-02 4.577249426314100589e-02
6.000000000000000000e+00 2.469511636075352456e-01 6.792851902998185976e-01 3.351891414741364761e-02 4.756401392756859359e-02
5.000000000000000000e+00 4.842170839390678161e-01 1.393893704385037458e-01 3.476199879769265033e-02 4.405335563276316369e-02
0.000000000000000000e+00 3.505878273049601868e-01 3.464182987908934752e-01 3.387917491703945627e-02 4.460447650126103669e-02
7.000000000000000000e+00 2.953312798605152167e-01 4.373395524578732596e-01 3.347032210903050364e-02 4.577252166981810033e-02
2.000000000000000000e+00 2.198134831075787554e-01 5.469357980765710003e-01 3.484726096994872346e-02 4.703139256606936325e-02
1.500000000000000000e+01 1.486449615600434204e-01 6.655568020794808692e-01 3.259878977931571220e-02 4.631975079017702779e-02
8.000000000000000000e+00 3.737577746538590651e-01 1.278470758118671058e-01 3.306505957571309606e-02 4.694212901896614720e-02
7.000000000000000000e+00 3.213242930874255499e-01 2.204533467963162019e-01 3.300429897272638691e-02 4.515885876432618184e-02
5.000000000000000000e+00 2.505799035703462074e-01 3.265684785180522631e-01 3.251015658578434997e-02 4.334604411184234118e-02
7.000000000000000000e+00 1.946816424864639128e-01 4.330921752776885070e-01 3.436325905350967602e-02 4.581790712698813328e-02
5.000000000000000000e+00 1.237080509293404518e-01 5.391473411900719048e-01 3.077539614949643954e-02 4.505126015028659836e-02
6.000000000000000000e+00 2.933921889435924246e-01 1.143996060311386065e-01 3.119811673608513525e-02 4.447004675040409916e-02
1.000000000000000000e+00 2.237281569318964602e-01 2.002878975274007822e-01 3.071934949495977452e-02 4.324625640075777100e-02
0.000000000000000000e+00 1.588825750297647721e-01 2.984771278773069580e-01 3.210626438631872248e-02 4.510423725699524988e-02
1.000000000000000000e+00 8.096174236866089391e-01 7.002722095262138291e-01 3.643602603767082115e-02 3.941869469939596193e-02
1.000000000000000000e+00 6.812543326381101938e-01 6.689003892710805310e-01 3.199181410302032180e-02 4.093428393943454591e-02
8.000000000000000000e+00 6.592533485814491279e-01 4.019213281852532238e-01 3.621715631486888132e-02 4.828894794182281291e-02
3.000000000000000000e+00 5.946058210309113079e-01 5.228778469850592359e-01 3.623458696146319991e-02 4.889841762572844086e-02
3.000000000000000000e+00 5.302805137822744763e-01 6.287790695925368212e-01 3.622422723754392671e-02 4.828930422862420802e-02
2.000000000000000000e+00 4.571723394809371621e-01 7.364819386316063810e-01 3.804350986580801175e-02 4.958037797039172023e-02
1.000000000000000000e+00 1.071805502667197985e-01 4.086269198554202120e-01 3.115007283124267279e-02 4.267803376578999108e-02
0.000000000000000000e+00 6.268852956160915202e-01 2.713563435937426105e-01 3.706621516941499550e-02 4.655868220056869067e-02
1.500000000000000000e+01 5.547462351180523221e-01 3.853066468829841051e-01 3.621743038163927064e-02 4.829873212552432404e-02
1.000000000000000000e+00 4.971284517103136125e-01 4.954852706853382083e-01 3.486444495644974717e-02 4.763110547295029695e-02
2.000000000000000000e+00 4.292438941284881793e-01 5.998256967390078742e-01 3.391348807668731480e-02 4.580390231502329268e-02
9.000000000000000000e+00 5.831550921122486963e-01 1.504415925697379919e-01 3.529749786028069103e-02 4.706307468472181732e-02
6.000000000000000000e+00 5.223928447249084339e-01 2.610618886758505619e-01 3.434637654045591404e-02 4.522707398346642593e-02
9.000000000000000000e+00 4.548701512033154204e-01 3.629685332921146479e-01 3.529018027751229525e-02 4.705386604123806826e-02
