3.000000000000000000e+00 6.465063337313774472e-01 3.719011190069265727e-01 3.541981554414375122e-02 4.907527586202781178e-02
8.000000000000000000e+00 7.114137551170380824e-01 8.546874182305386203e-01 3.331510295020245760e-02 4.750691745547419576e-02
0.000000000000000000e+00 6.157547506298137741e-01 8.645416562334788946e-01 3.389610977049051233e-02 4.674346775797799669e-02
1.500000000000000000e+01 5.109317948755660588e-01 8.702714484090694480e-01 3.680915695819819700e-02 4.792330761220853219e-02
0.000000000000000000e+00 4.083691246238398409e-01 8.718952887281541386e-01 3.796922539304947719e-02 4.831345200812231511e-02
5.000000000000000000e+00 7.818156858843852142e-01 7.494732438622900839e-01 3.359904492014142985e-02 4.635773636609585857e-02
2.000000000000000000e+00 6.801842320656654728e-01 7.324506324352451081e-01 3.418138725480734941e-02 4.596666291670159499e-02
7.000000000000000000e+00 4.590538549924672029e-01 7.364379557754758832e-01 3.740369311979396816e-02 5.102686882923512801e-02
1.000000000000000000e+00 3.375798366210199797e-01 7.180353225021013364e-01 3.971985247928372376e-02 5.065826686089747177e-02
1.000000000000000000e+00 8.390873618794710831e-01 6.288436044563557870e-01 3.243482477754966453e-02 4.479518454379460835e-02
6.000000000000000000e+00 7.216277690802526124e-01 6.295460559862812167e-01 3.477325238764705784e-02 4.829359348997952495e-02
5.000000000000000000e+00 6.300649904209116858e-01 6.132143119535780063e-01 3.622228548781536439e-02 4.675804228445135102e-02
2.000000000000000000e+00 5.136506263364939429e-01 6.136131952587916549e-01 3.768766412265411869e-02 4.792777868208286662e-02
1.000000000000000000e+00 4.075086759364086042e-01 6.018450780533629585e-01 3.856480673981071972e-02 4.947877540172207489e-02
3.000000000000000000e+00 2.880131059843358265e-01 6.052909083791430112e-01 4.176757344878839762e-02 5.337725800289239153e-02
6.000000000000000000e+00 8.997638737155155830e-01 5.037878091053209495e-01 3.506259448094051212e-02 4.675078405413596316e-02
8.000000000000000000e+00 7.910956817376915140e-01 5.056164766839064129e-01 3.436023004977906137e-02 4.720021367526616718e-02
3.000000000000000000e+00 6.966691247580237834e-01 4.756819235360272291e-01 3.645861346688517024e-02 4.721324945691257602e-02
8.000000000000000000e+00 5.950586327084549376e-01 4.734488128478063773e-01 3.681484741076546108e-02 4.954938346623033452e-02
1.500000000000000000e+01 4.673150566057813760e-01 4.738230472028689411e-01 3.786659401638947653e-02 5.141376153796772819e-02
7.000000000000000000e+00 3.601031995078226577e-01 4.675846272796956304e-01 4.205322836108166262e-02 5.052053468243217216e-02
7.000000000000000000e+00 8.520176669230032918e-01 3.903868735338731355e-01 3.436870766278732336e-02 4.766572753477527069e-02
2.000000000000000000e+00 7.508030677877581827e-01 3.556338135429635283e-01 3.507879485100451333e-02 5.139700954239972974e-02
5.000000000000000000e+00 5.447322121375780535e-01 3.448329571422875661e-01 3.647643968053970731e-02 5.233500516252076462e-02
0.000000000000000000e+00 4.136773878156327355e-01 3.481878418422155730e-01 3.962659873619134299e-02 5.421236095006209954e-02
9.000000000000000000e+00 8.300522877499278973e-01 2.357047675599938663e-01 3.471965761499795633e-02 5.046540116495631945e-02
9.000000000000000000e+00 7.009425965702094086e-01 2.141686981936144762e-01 3.856547449699976315e-02 5.189324023260366570e-02
6.000000000000000000e+00 4.811013682997916652e-01 2.082366046226727108e-01 4.102165963573428664e-02 5.469619458288732528e-02
1.100000000000000000e+01 3.411566634875325965e-01 1.902892656205231736e-01 3.349083922259926682e-02 4.786196104958267972e-02
1.300000000000000000e+01 2.186419310205407751e-01 2.432604401537289962e-01 3.731287814208761322e-02 4.439107531275379714e-02
