15 0.188910 0.500615 0.034039 0.051063
11 0.820430 0.499755 0.029547 0.044135
10 0.698504 0.705266 0.031914 0.033885
1 0.518840 0.804552 0.041367 0.057521
7 0.274172 0.815193 0.040188 0.059885
1 0.164543 0.779339 0.041961 0.051219
6 0.124672 0.653802 0.039969 0.051062
2 0.235723 0.636214 0.039148 0.056740
3 0.343801 0.652667 0.037445 0.053333
3 0.452730 0.652099 0.037445 0.056740
0 0.588898 0.676490 0.044250 0.053333
7 0.664215 0.519906 0.041695 0.055604
1 0.519965 0.526708 0.042555 0.053333
7 0.406352 0.511391 0.036594 0.052198
5 0.310187 0.506286 0.036594 0.051052
15 0.596145 0.135406 0.034883 0.045958
8 0.085086 0.515365 0.034047 0.048792
8 0.150105 0.394130 0.034477 0.046510
7 0.270523 0.378536 0.034062 0.048156
6 0.364715 0.396594 0.037758 0.050354
9 0.486602 0.377990 0.036937 0.049250
5 0.586336 0.374703 0.040219 0.050344
0 0.710691 0.397693 0.040227 0.050344
5 0.646914 0.264167 0.038984 0.051438
2 0.532121 0.263182 0.038164 0.047615
0 0.318297 0.278234 0.034063 0.048156
9 0.210973 0.263729 0.036117 0.043229
6 0.267195 0.157021 0.033656 0.043229
3 0.352977 0.160302 0.033656 0.045417
2 0.458859 0.169880 0.035297 0.045969
