2.000000000000000000e+00 5.299310490663576845e-01 3.765987786685121019e-01 4.109390799579748510e-02 5.695330316297708695e-02
2.000000000000000000e+00 3.383344227612492539e-01 7.737384043119807098e-01 3.822470569292046871e-02 5.021834883042064490e-02
2.000000000000000000e+00 4.376895299053832900e-01 7.655434703889074655e-01 3.935726889083790425e-02 4.795397055183758805e-02
6.000000000000000000e+00 6.710851791029270874e-01 7.587741602102519023e-01 3.538842054912016977e-02 4.868988773762894517e-02
8.000000000000000000e+00 7.602579932316031464e-01 7.652992964274347720e-01 3.365543570919815597e-02 4.261275865927816042e-02
3.000000000000000000e+00 8.359135371183830099e-01 6.707810118926127441e-01 3.310044780336685033e-02 4.489140871312546910e-02
1.500000000000000000e+01 7.221537056424727208e-01 6.811035337321619254e-01 3.310579971909077823e-02 4.640295084653178748e-02
9.000000000000000000e+00 6.276498367516170074e-01 6.607566435516236680e-01 3.429524860188104540e-02 4.716096626499000077e-02
6.000000000000000000e+00 5.156386718041749972e-01 6.515202153191623768e-01 3.843509928310301360e-02 5.020050911134066318e-02
9.000000000000000000e+00 4.089449516396791995e-01 6.432174661906169266e-01 4.079707808929811108e-02 4.968402047023356971e-02
8.000000000000000000e+00 2.710576626121583566e-01 6.287369374396208910e-01 4.108231217839536376e-02 5.368995816339339200e-02
3.000000000000000000e+00 3.297006317488074822e-01 4.706705379121352006e-01 4.221924898486145716e-02 5.481849303764768644e-02
1.500000000000000000e+01 4.752673012048590495e-01 5.097480972720426218e-01 3.879454084882505427e-02 5.022200309545804542e-02
7.000000000000000000e+00 5.867624378910410998e-01 5.045589833715108385e-01 3.595693211296402403e-02 5.020404828141616926e-02
6.000000000000000000e+00 7.026107537701535843e-01 5.264498580778145254e-01 3.652538612932687556e-02 5.171918713237888543e-02
5.000000000000000000e+00 8.017922833250130665e-01 5.441696482076363584e-01 3.764813748175022123e-02 4.642102075553544704e-02
0.000000000000000000e+00 8.950206410753873687e-01 5.518978432868431039e-01 3.594611318655427379e-02 4.717138235903350907e-02
5.000000000000000000e+00 4.150499624725275671e-01 3.360354728335133712e-01 4.109776367701795108e-02 5.804397179479692248e-02
8.000000000000000000e+00 6.557378701945655308e-01 3.967368434277225853e-01 3.943418109906504654e-02 5.040667296167677947e-02
7.000000000000000000e+00 7.578061540339773305e-01 4.301044697980531129e-01 3.617572763535836788e-02 5.474152328193948591e-02
0.000000000000000000e+00 8.844529957409307253e-01 4.173770243446845996e-01 3.452382719602908878e-02 4.819345439361660821e-02
3.000000000000000000e+00 8.341357515645775322e-01 2.893089037281220133e-01 3.617192950161884912e-02 5.365931412981234105e-02
5.000000000000000000e+00 7.227671042414210989e-01 2.605897614489771641e-01 4.435529638103030692e-02 5.371061770903770571e-02
1.000000000000000000e+00 4.931749119254788538e-01 1.970450561445570847e-01 4.192716674553687017e-02 6.133260891223751843e-02
1.200000000000000000e+01 2.317489494083325718e-01 8.253502132072115804e-02 3.285247570815438833e-02 4.054556682401027484e-02
1.200000000000000000e+01 2.167495006351611853e-01 4.353424415098717803e-01 3.799857286671093348e-02 3.747405635201778162e-02
0.000000000000000000e+00 5.088711455974275211e-01 8.730052767810198011e-01 3.594076127083012384e-02 4.565978267814641001e-02
1.000000000000000000e+00 6.113152720346187730e-01 8.715755671654580317e-01 3.820893768315292149e-02 4.567405445341043979e-02
7.000000000000000000e+00 6.921203947025498238e-01 8.964024424130973001e-01 3.536551665172071868e-02 4.414461505344324799e-02
1.000000000000000000e+00 3.775218258753308964e-01 8.748765769912929535e-01 3.991047282476140046e-02 4.417557559816931434e-02
