3.000000000000000000e+00 3.472885140582567809e-01 2.083792933400498704e-01 3.288565397581555416e-02 4.230348295793773250e-02
1.000000000000000000e+01 7.969758284445346286e-01 5.020765859502533957e-01 2.879670697660530188e-02 4.106438281159052739e-02
2.000000000000000000e+00 7.703573272754556944e-01 5.500341920093667625e-01 3.192112895657062133e-02 3.813197342312990568e-02
9.000000000000000000e+00 5.648062359699814738e-01 7.896326566505023070e-01 3.707622083229888954e-02 5.653161598843403635e-02
6.000000000000000000e+00 4.084806671524411348e-01 8.368325182667991635e-01 3.811170702666527577e-02 5.574422042579008085e-02
2.000000000000000000e+00 3.011932574117688333e-01 8.628804512854097997e-01 3.811962358778425708e-02 5.637092419146583211e-02
5.000000000000000000e+00 1.743610673430539826e-01 8.542961066453917951e-01 3.321098145656437017e-02 5.240394980847817852e-02
2.000000000000000000e+00 1.524527617085627562e-01 7.324772156458901895e-01 3.426664768491036184e-02 5.020654274180125221e-02
7.000000000000000000e+00 2.550160283733304833e-01 7.072308704249479216e-01 3.548064513563653488e-02 5.469658590854298286e-02
1.500000000000000000e+01 3.796535030061489735e-01 6.864887030307815774e-01 3.843884811959769054e-02 4.970834635370835475e-02
7.000000000000000000e+00 4.712873525087310500e-01 6.404319640525744095e-01 3.598408084781556937e-02 5.019594894364942661e-02
3.000000000000000000e+00 5.890144177595246777e-01 6.388442473420410384e-01 4.277769936271380580e-02 5.407633054174254550e-02
0.000000000000000000e+00 9.247260533420356698e-02 6.139525928467252092e-01 3.203630772397841886e-02 4.862875771703545347e-02
8.000000000000000000e+00 2.946557468459443108e-01 5.605257657666812277e-01 3.654031282578457107e-02 4.946359507140352108e-02
9.000000000000000000e+00 5.147198522322192771e-01 4.950297958107691687e-01 3.766302512993480178e-02 4.874238195971447585e-02
5.000000000000000000e+00 5.206195038780642159e-01 1.356621961750656136e-01 3.564076118270542715e-02 4.392404620024119299e-02
1.000000000000000000e+00 6.490443189252061984e-01 4.670230896651035302e-01 4.217632859261888356e-02 4.958789947471958781e-02
6.000000000000000000e+00 7.050603796660754874e-01 3.470505422310193877e-01 3.967682555364071550e-02 4.757398390103373398e-02
5.000000000000000000e+00 5.581419596700203378e-01 3.913579658956329310e-01 3.497490642385925330e-02 5.110249594800819750e-02
3.000000000000000000e+00 4.662446758008926828e-01 3.821342078109064566e-01 3.633580646145934123e-02 5.110540348500097751e-02
8.000000000000000000e+00 3.474599435908520828e-01 4.383975531336385956e-01 3.694624529247231282e-02 4.482189938111663663e-02
7.000000000000000000e+00 2.586148826642841736e-01 4.401926261705000343e-01 3.291968079487980758e-02 4.745169462236625835e-02
0.000000000000000000e+00 1.604707843536218037e-01 4.650967456511414522e-01 3.491082546003781983e-02 4.387928164555010557e-02
3.000000000000000000e+00 2.274985657048194942e-01 3.331539835676819994e-01 3.270112613300524274e-02 4.317254864383496260e-02
2.000000000000000000e+00 2.941289932628329273e-01 3.211547223358735548e-01 3.433035441129717036e-02 4.320456033825070818e-02
8.000000000000000000e+00 4.039040168070575088e-01 2.893988336004779671e-01 3.532286087566094412e-02 4.408626373444335389e-02
0.000000000000000000e+00 4.337389447900519834e-01 1.796411689157252356e-01 3.367782826262599727e-02 4.336971419694074514e-02
1.000000000000000000e+00 5.143101342099418716e-01 2.517698784708498061e-01 3.598739140973805650e-02 4.584382666534822515e-02
1.500000000000000000e+01 6.162708210298257772e-01 2.274712175845902129e-01 3.731740246522641247e-02 4.846717350772278277e-02
1.000000000000000000e+00 2.602525024973622592e-01 2.151200004391781717e-01 3.093135730422966190e-02 4.174920852962721307e-02
