1.400000000000000000e+01 9.270977533594867981e-02 2.024068159392566624e-01 3.521772440887908917e-02 4.024099696815147675e-02
3.000000000000000000e+00 9.021749764903490565e-01 4.145996912201918017e-01 3.518263842134428110e-02 3.675195715149420783e-02
6.000000000000000000e+00 8.162779593597077055e-01 6.226529489783598770e-01 3.597654824849549904e-02 3.702312293779574937e-02
1.000000000000000000e+00 7.747332334350189864e-01 7.322414432013240049e-01 3.626455645261128513e-02 3.940405176101680063e-02
6.000000000000000000e+00 6.689207864100373824e-01 7.480206154779792671e-01 3.783218808148580692e-02 3.783218808148580692e-02
2.000000000000000000e+00 7.071003457845730367e-01 6.410308577123454699e-01 3.730386802794749546e-02 3.782778446120849125e-02
1.500000000000000000e+01 7.515661017000101474e-01 5.354532323089085111e-01 3.679716574667957207e-02 3.862930054156599180e-02
0.000000000000000000e+00 7.948354168620319626e-01 4.341409992580441135e-01 3.677835027822173863e-02 3.808685458921556855e-02
7.000000000000000000e+00 8.343034640917551537e-01 3.266266244831959598e-01 3.730918668620430978e-02 3.835578997044153393e-02
8.000000000000000000e+00 7.647381592028332786e-01 2.362714565305675252e-01 3.440645745505033215e-02 3.700994067190044312e-02
1.000000000000000000e+00 7.266652017529344754e-01 3.415101604447987604e-01 3.545200272662318852e-02 3.728322248353005408e-02
5.000000000000000000e+00 6.835754913893690166e-01 4.461595227102190808e-01 3.623527523726022270e-02 3.649729064376455723e-02
3.000000000000000000e+00 6.414001041320978036e-01 5.505736058351049511e-01 3.836714216037739877e-02 3.862918616181854059e-02
7.000000000000000000e+00 5.601071863812083773e-01 7.647577753295233816e-01 3.598718556500968280e-02 3.808022056386284326e-02
1.500000000000000000e+01 4.441258650977686351e-01 7.833810286218203522e-01 3.863153094664162346e-02 3.864468461760006690e-02
3.000000000000000000e+00 4.847964152075230904e-01 6.718753868566667009e-01 3.702483863400762854e-02 4.020385214516242200e-02
9.000000000000000000e+00 5.211820140278884406e-01 5.641209432893590225e-01 3.679167551880124787e-02 3.940839819142050171e-02
0.000000000000000000e+00 5.768675653214876409e-01 4.569371974720254359e-01 3.756099370024756912e-02 3.703713445686007688e-02
2.000000000000000000e+00 6.188544261600005258e-01 3.561422897214745475e-01 3.596379490665313483e-02 3.570177950014885582e-02
8.000000000000000000e+00 6.510720269827594553e-01 2.511986426632965008e-01 3.757592025729161733e-02 3.862252354152875822e-02
7.000000000000000000e+00 5.029728154214130331e-01 3.730229103712761063e-01 3.598712837513595719e-02 3.808019196892581393e-02
9.000000000000000000e+00 4.598805601084664518e-01 4.748540843363869279e-01 3.782120762572921402e-02 3.652594277050436045e-02
8.000000000000000000e+00 4.155507731178275099e-01 5.777409404781899127e-01 3.864451304797883457e-02 3.995296016909899439e-02
2.000000000000000000e+00 3.668599294133304545e-01 6.936378209130639183e-01 3.837248941357129794e-02 3.915722026598844607e-02
1.000000000000000000e+00 2.984462427142864360e-01 5.986205630487191343e-01 4.127233055610202150e-02 3.839373545166291368e-02
5.000000000000000000e+00 3.433962538855515612e-01 4.896430711392418256e-01 3.862472535166738830e-02 3.783993730937662558e-02
0.000000000000000000e+00 3.875949044957224254e-01 3.799472887131559729e-01 4.207378944658585196e-02 3.945703817902979083e-02
6.000000000000000000e+00 4.326313867560707127e-01 2.760479859392025448e-01 3.863387573146459530e-02 3.889589113796892983e-02
1.100000000000000000e+01 2.287665580778999452e-01 2.143947999988586872e-01 3.393784362968815804e-02 3.896203122694022469e-02
5.000000000000000000e+00 8.599594419417178059e-01 5.227730077201828696e-01 3.652345501099707459e-02 3.889151611262842145e-02
