1.300000000000000000e+01 7.893667576325086310e-01 4.650827823376316728e-01 3.296335753115209322e-02 3.977222291724785697e-02
6.000000000000000000e+00 5.765496436506662992e-01 7.716786846719537740e-01 3.687662270741476345e-02 5.062234857385705666e-02
9.000000000000000000e+00 3.541737913394993331e-01 8.835404766966041823e-01 3.779228436317322304e-02 5.340791689986879032e-02
8.000000000000000000e+00 2.506103527387472107e-01 9.209660169934659191e-01 3.719017025666634946e-02 5.019446605661370686e-02
2.000000000000000000e+00 5.901414403987967905e-01 6.374325953497821384e-01 3.766376943325067117e-02 5.021866729510249261e-02
5.000000000000000000e+00 4.891688627852837645e-01 6.764705215011397321e-01 3.676604210816225571e-02 5.143069304319036750e-02
8.000000000000000000e+00 3.862861056768485124e-01 7.088830264989564034e-01 3.525950057235532897e-02 4.942204800813976284e-02
5.000000000000000000e+00 2.784126084437278381e-01 7.452265288453889802e-01 3.673248382758481645e-02 5.078528817714333954e-02
1.000000000000000000e+00 1.608701243992649021e-01 8.003093851589027086e-01 3.620742091951231756e-02 4.948460156728862191e-02
7.000000000000000000e+00 6.225589704747722664e-01 4.870737661900705895e-01 3.472658236968995116e-02 4.811102244437232001e-02
1.500000000000000000e+01 5.284241235670081860e-01 5.089129724662830867e-01 3.568284896735196554e-02 4.817643509971492044e-02
6.000000000000000000e+00 4.343723492875414260e-01 5.657721217095232902e-01 3.621478525819327166e-02 4.948517916247952009e-02
2.000000000000000000e+00 3.019072025363811473e-01 6.209444475180707634e-01 3.655958070725973119e-02 4.633665001865472366e-02
8.000000000000000000e+00 2.112569296543695407e-01 6.540890544200529400e-01 3.565050363667479627e-02 4.754359292906484846e-02
6.000000000000000000e+00 9.268098341501243564e-02 6.851073312668870541e-01 3.525950057235531510e-02 4.942210576765893038e-02
3.000000000000000000e+00 6.548862224224467621e-01 3.346768057608252578e-01 3.904942029565183770e-02 4.904724648891839456e-02
1.000000000000000000e+00 5.496636849561538085e-01 3.849817080178938866e-01 3.620742091951223429e-02 4.948460156728862191e-02
2.000000000000000000e+00 4.496824195284963577e-01 4.147914246877841826e-01 3.806623776210482646e-02 4.834517953466715978e-02
1.500000000000000000e+01 3.390036579733623490e-01 4.873570044316921646e-01 3.909614774657643732e-02 5.031942877611378373e-02
0.000000000000000000e+00 2.272727056992768779e-01 5.087333259221070714e-01 3.615725677720318942e-02 4.821897498550731243e-02
0.000000000000000000e+00 1.297711141846558669e-01 5.559902583580456081e-01 3.713928412036886229e-02 4.891047194776942941e-02
3.000000000000000000e+00 5.699922632105852704e-01 2.482671356895050085e-01 3.610645728018435641e-02 4.693500975642245221e-02
7.000000000000000000e+00 4.659961191727477470e-01 3.102154039582802891e-01 3.659016437260537158e-02 4.696897235363345358e-02
9.000000000000000000e+00 2.694466704984608829e-01 3.536846981719254934e-01 3.668237744479474483e-02 4.951807320858753192e-02
3.000000000000000000e+00 1.513495651120433660e-01 4.295439856108311805e-01 3.525213623367434712e-02 4.942164369150631176e-02
1.000000000000000000e+00 4.969954508973281615e-01 1.365913293162480946e-01 3.573341742629454476e-02 4.945303599011889595e-02
7.000000000000000000e+00 3.880440166396321167e-01 1.876778045055627064e-01 3.811362944749874249e-02 4.961886356935832354e-02
5.000000000000000000e+00 2.874876252407514432e-01 2.396450401612398862e-01 3.663923108405214846e-02 4.824375381918674655e-02
0.000000000000000000e+00 1.962003081830776541e-01 2.826047076982831641e-01 3.610642840042482815e-02 4.693500975642239670e-02
1.100000000000000000e+01 9.124503289392007499e-01 4.613259876985197350e-01 3.642638725629276930e-02 4.368964677888326209e-02
