0.000000000000000000e+00 6.549975378834780315e-01 3.187874063771102828e-01 3.386139531176679540e-02 4.562500358031029712e-02
1.100000000000000000e+01 7.915273758666968584e-01 4.877535473212212813e-01 2.427871721919916403e-02 3.134251611456184694e-02
1.300000000000000000e+01 8.616996804106087371e-01 7.749846131676234595e-01 2.153625032291117680e-02 3.215543306227142129e-02
2.000000000000000000e+00 1.495763111398625833e-01 6.957154195568531208e-01 3.301897418733912293e-02 4.422127782348950209e-02
9.000000000000000000e+00 1.661046553769606748e-01 5.408762236561950321e-01 3.317685199432085508e-02 4.481437850080205454e-02
1.000000000000000000e+00 2.017527940395719144e-01 4.168342242931353248e-01 3.258702955886585984e-02 4.417207518463595051e-02
3.000000000000000000e+00 2.089432114003098306e-01 2.900122468238598428e-01 3.303330561634482132e-02 4.260728041194555837e-02
8.000000000000000000e+00 2.294426234500451245e-01 7.718538341716569828e-01 3.437671752518414725e-02 4.871740103665211929e-02
1.500000000000000000e+01 2.339518596306379705e-01 6.639164445273609827e-01 3.323269814985918558e-02 4.502459213354548240e-02
0.000000000000000000e+00 2.525985718440137973e-01 5.142580457067660316e-01 3.264560274745392787e-02 4.380749407468748080e-02
1.000000000000000000e+00 2.822661094462827758e-01 3.885169306878247797e-01 3.296803088909217028e-02 4.510579389424779206e-02
0.000000000000000000e+00 2.675681410888236522e-01 2.333932385148098088e-01 3.255877285471298066e-02 4.364981934463499358e-02
6.000000000000000000e+00 3.185658784583097480e-01 7.484430677479889660e-01 3.480581907664809238e-02 4.606811743989114305e-02
5.000000000000000000e+00 3.426558791882740040e-01 6.127215919870668825e-01 3.386151135572640358e-02 4.445963211642633972e-02
9.000000000000000000e+00 3.758322525012616766e-01 4.378830609749036484e-01 3.447767577000149242e-02 4.528116532813319939e-02
6.000000000000000000e+00 3.559646127783623326e-01 3.359340473362404378e-01 3.294987000942090072e-02 4.369556967569165895e-02
2.000000000000000000e+00 3.933960860005059068e-01 1.961224571656673410e-01 3.337316936290690705e-02 4.421672309807675449e-02
8.000000000000000000e+00 3.976745397565232820e-01 8.097270432313616872e-01 3.405939531776658313e-02 4.742815264593747138e-02
1.500000000000000000e+01 4.337998656863413238e-01 6.896519776148797298e-01 3.331868672389348696e-02 4.326873098143901863e-02
7.000000000000000000e+00 4.334377795215233475e-01 5.518793668467500968e-01 3.362341816169867048e-02 4.517057543467217773e-02
1.000000000000000000e+00 4.328746907132521304e-01 4.270727103176629735e-01 3.294987000942106725e-02 4.369556967569165895e-02
5.000000000000000000e+00 4.698752782080535262e-01 2.766290275172287316e-01 3.320545683035253104e-02 4.513277411484550861e-02
3.000000000000000000e+00 4.911967166563238063e-01 1.537179345620634519e-01 3.388950696097031701e-02 4.489697278901907951e-02
7.000000000000000000e+00 5.215902107641068319e-01 6.531206138705603070e-01 3.713360288344746962e-02 4.620412096049586470e-02
2.000000000000000000e+00 5.356817188834089860e-01 5.309439341244621691e-01 3.473137687659022532e-02 4.703099219434248024e-02
3.000000000000000000e+00 5.360317654874224846e-01 3.772552415553694360e-01 3.545328634901456777e-02 4.607151172570833619e-02
5.000000000000000000e+00 5.618898700072267882e-01 2.325328305766501957e-01 3.465751489633017712e-02 4.592103172114855858e-02
7.000000000000000000e+00 5.890194681919329600e-01 7.725654157316805826e-01 3.553161602171783784e-02 4.853242696511306242e-02
8.000000000000000000e+00 6.150960254656092641e-01 5.951895255217523051e-01 3.577467009501689166e-02 4.855023971290550744e-02
6.000000000000000000e+00 6.522187492278479493e-01 4.751439350709986131e-01 3.839233171279754497e-02 4.917467225929933461e-02
