1.000000000000000000e+01 4.791276044787321498e-01 8.668367701830992367e-01 4.110328562245813000e-02 2.984334104199470872e-02
7.000000000000000000e+00 6.855996912747635008e-01 2.177511503361204692e-01 4.622156962779078171e-02 3.433505595386612819e-02
9.000000000000000000e+00 7.288190312295421691e-01 3.063555695819207836e-01 4.685859134757086597e-02 3.533329577887073247e-02
1.000000000000000000e+00 7.989208446885484038e-01 4.177503011628463936e-01 4.667901915065253426e-02 3.710676738532847629e-02
8.000000000000000000e+00 8.908711692351711786e-01 5.301923410639082235e-01 4.941867212498707307e-02 3.744708023791554208e-02
9.000000000000000000e+00 7.839414745493464842e-01 5.970686645982092866e-01 4.987724257292291963e-02 3.817203852978212630e-02
8.000000000000000000e+00 7.167837427751180268e-01 5.003212010800686116e-01 4.778083245253128553e-02 3.652612819679074141e-02
1.000000000000000000e+00 6.582679510007173329e-01 3.862848554341278828e-01 4.809272985448242999e-02 3.804803619342689291e-02
6.000000000000000000e+00 5.915689858363128995e-01 2.904258091068276926e-01 4.816065791399082308e-02 3.612032529673198100e-02
7.000000000000000000e+00 5.271974534501333576e-01 2.183646466409015496e-01 4.790531118204310879e-02 3.724870452287407097e-02
8.000000000000000000e+00 4.221050110074996420e-01 1.753603841847729550e-01 4.844598939167871210e-02 3.469013699430834041e-02
3.000000000000000000e+00 4.522456774254782208e-01 2.789068047301075381e-01 5.131376410201693439e-02 3.793014289872709277e-02
5.000000000000000000e+00 5.249951439333380154e-01 3.775000255104412616e-01 4.866703581634979070e-02 3.759893756236959428e-02
2.000000000000000000e+00 6.035724680417509092e-01 4.938998276641854979e-01 4.851464605248545503e-02 3.693602247337096633e-02
5.000000000000000000e+00 6.470812028276120564e-01 5.842453377933569669e-01 5.042307703790072093e-02 3.781748992875011428e-02
6.000000000000000000e+00 6.857059549718164115e-01 6.802237906642074616e-01 5.183762843553663124e-02 4.024984129393882615e-02
5.000000000000000000e+00 2.650196359602715601e-01 1.787050844911404202e-01 4.910335590155903707e-02 3.572940267703589301e-02
2.000000000000000000e+00 2.987991894703931894e-01 2.294222782569996788e-01 4.889648917907896131e-02 3.667773331310292262e-02
1.000000000000000000e+00 3.726593385997830632e-01 3.656162160682585593e-01 4.859168162822347092e-02 3.727081476996657594e-02
1.500000000000000000e+01 4.253326026667194615e-01 4.742553074809758851e-01 5.081456012013407797e-02 3.646103047309506850e-02
1.500000000000000000e+01 4.923001975252032647e-01 5.719533014506421598e-01 5.112819495595039010e-02 3.834595005507479559e-02
2.000000000000000000e+00 5.343687677754787035e-01 6.746339334800757204e-01 5.314053569576226987e-02 3.905969909619744218e-02
3.000000000000000000e+00 1.599545300778896784e-01 2.127904683962479893e-01 5.031218952491606222e-02 3.457493391978716524e-02
3.000000000000000000e+00 2.151759090470730662e-01 3.483553710788819258e-01 5.197813639361228977e-02 3.937731321602783163e-02
0.000000000000000000e+00 3.199533014859839986e-01 5.482721899588933745e-01 5.123342179730949741e-02 3.881875625145569941e-02
6.000000000000000000e+00 3.961728297582192138e-01 6.752282759776480070e-01 5.453025860300025895e-02 4.247924917440781822e-02
0.000000000000000000e+00 6.286538057394576440e-02 3.143154406855411809e-01 5.273540535074829755e-02 3.717674113309771267e-02
7.000000000000000000e+00 1.232125397348969031e-01 4.421226170901588759e-01 5.630930681170316643e-02 4.223211321863001855e-02
0.000000000000000000e+00 2.488788893630499155e-01 6.628270054864331406e-01 5.812240311954094962e-02 4.477316629290817307e-02
1.600000000000000000e+01 3.714251020119275770e-01 8.211856113025424175e-01 3.971925140997273340e-02 2.750234507036941611e-02
