1.600000000000000000e+01 5.646436679325916863e-01 8.691179145097331915e-01 3.406759758326727283e-02 2.680813474854260026e-02
1.600000000000000000e+01 2.412908112134448113e-01 7.819643768927999616e-01 3.980479559307495419e-02 2.633326640802946539e-02
0.000000000000000000e+00 2.017783220947350631e-01 4.668296080493442024e-01 5.325952942290282377e-02 3.812722280062674773e-02
8.000000000000000000e+00 1.462954689712742118e-01 4.079389661366109032e-01 5.309499662754789406e-02 3.559605902505136310e-02
6.000000000000000000e+00 1.284297393165562129e-01 2.540511874863248809e-01 5.058435739290637057e-02 3.612765024303610240e-02
2.000000000000000000e+00 1.884254258778467195e-01 2.013097204685644348e-01 5.402319936398788935e-02 3.689123606715011272e-02
9.000000000000000000e+00 2.755490739310703097e-01 2.968193538716756841e-01 4.825922411839916881e-02 3.921561228891795592e-02
0.000000000000000000e+00 2.867944614970280304e-01 4.022615192152323438e-01 5.325955746189314777e-02 3.812719476163634047e-02
0.000000000000000000e+00 3.695703837070790088e-01 5.890721335704024453e-01 4.990082288623243212e-02 3.863705576210230141e-02
7.000000000000000000e+00 3.617165363354877816e-01 4.981018584899887802e-01 5.328992368843876726e-02 3.876303494573041242e-02
1.000000000000000000e+00 4.147122328787226087e-01 4.355920418397585814e-01 5.079268709118295311e-02 3.930598195480561330e-02
6.000000000000000000e+00 4.736179177097769033e-01 5.358235113147444828e-01 4.893213184773165247e-02 3.671223515277621807e-02
5.000000000000000000e+00 5.872556836587665696e-01 5.648129673563054842e-01 4.525016379135315958e-02 3.603492530195917531e-02
8.000000000000000000e+00 6.061581970400424790e-01 5.252345866102807737e-01 4.516004647637850145e-02 3.429594712065153761e-02
1.500000000000000000e+01 5.039834573000823159e-01 3.449189800570209852e-01 4.559394985199505257e-02 3.294390700612959133e-02
2.000000000000000000e+00 7.830948809445920089e-01 2.826839174731989313e-01 4.210110478550554980e-02 3.280696457727594328e-02
1.000000000000000000e+00 4.449995577054555729e-01 2.692903927592980584e-01 4.515909315070676389e-02 3.468748358185413938e-02
2.000000000000000000e+00 2.779697921236696789e-01 1.149544669262993202e-01 4.299327741935005109e-02 3.225131590557363259e-02
9.000000000000000000e+00 4.058280227093628012e-01 1.169591145411427585e-01 4.229373264918806496e-02 3.276543883257229672e-02
6.000000000000000000e+00 5.483931102973050864e-01 2.927050386036449403e-01 4.365996049282561131e-02 3.144054046070604569e-02
5.000000000000000000e+00 6.187743687855691288e-01 3.904484402312184410e-01 4.342762941881206373e-02 3.862836367509481228e-02
3.000000000000000000e+00 6.307805522961013045e-01 3.426689912766431867e-01 4.280359364965402591e-02 3.314741399806658828e-02
3.000000000000000000e+00 5.664453412963147416e-01 2.263077280977942862e-01 4.474877056597192926e-02 3.285611692735385114e-02
3.000000000000000000e+00 5.307930080176372911e-01 1.665926277129041178e-01 4.470228191997704936e-02 3.212236458896877700e-02
7.000000000000000000e+00 6.564184797825207696e-01 1.713564521728229706e-01 4.264102358362331646e-02 2.790165537206715229e-02
7.000000000000000000e+00 6.680357064189623717e-01 2.966950430079732248e-01 4.523519097050798798e-02 3.288191279847291204e-02
0.000000000000000000e+00 6.963480488826387926e-01 5.613168697669358442e-01 4.636476973561853843e-02 3.519280226588383798e-02
1.500000000000000000e+01 8.042232134965667800e-01 4.818380804707537157e-01 4.457268570659411733e-02 3.468810043964182244e-02
1.000000000000000000e+00 7.713561894019680398e-01 3.444408732131227779e-01 4.151609929091037987e-02 3.281478745558269461e-02
5.000000000000000000e+00 8.448656739262518922e-01 4.076438557632109938e-01 4.339874925875497613e-02 3.464626626604427884e-02
