2.000000000000000000e+00 2.943976116173336877e-01 6.784664492981167250e-01 3.930883939889961987e-02 4.662111345157093911e-02
1.100000000000000000e+01 2.498250661400577555e-01 2.856385736084102733e-01 3.570649683349785830e-02 4.858417756039395963e-02
1.200000000000000000e+01 2.810259636315534659e-01 3.404087011140362051e-01 2.840642188305020355e-02 4.173293594435101284e-02
6.000000000000000000e+00 8.950958209729489301e-01 4.622226022985203020e-01 3.350958447166763055e-02 5.143604127049605790e-02
2.000000000000000000e+00 8.603785529186288583e-01 3.178837886014274083e-01 3.785753175897510481e-02 5.145316958106721517e-02
8.000000000000000000e+00 8.205782246337574026e-01 2.069716715708263544e-01 4.005408613360683656e-02 5.532862884139677639e-02
1.000000000000000000e+00 7.538781875090870832e-01 3.531671032601620963e-01 3.787097004765471731e-02 5.435113102733679646e-02
6.000000000000000000e+00 6.996326627052880109e-01 1.727940829868826467e-01 4.295879426169313398e-02 5.727899817341383648e-02
3.000000000000000000e+00 8.126142486550771427e-01 4.544772601169138060e-01 3.641335632554243418e-02 4.950822513198022135e-02
8.000000000000000000e+00 8.387822041238018889e-01 5.892065270652984132e-01 3.277218591784891721e-02 4.659677032207742986e-02
6.000000000000000000e+00 7.433178680675555094e-01 6.086114159187019368e-01 3.569512385557849221e-02 4.664545658106433734e-02
1.500000000000000000e+01 7.063919016113338056e-01 4.785499991256401131e-01 3.495926740046073622e-02 4.950282778652698168e-02
7.000000000000000000e+00 6.445028819838825029e-01 3.531651618680475280e-01 3.641197945170238093e-02 5.240701270255387900e-02
5.000000000000000000e+00 5.905078105316026171e-01 3.521461375389692838e-01 3.931767892895343675e-02 5.435650083531334831e-02
5.000000000000000000e+00 5.979800773244966505e-01 4.843155481812659868e-01 3.932302119945307872e-02 5.338720918934042325e-02
5.000000000000000000e+00 6.339737074286146967e-01 6.003654837150402823e-01 3.785681578457822383e-02 4.757490149810383873e-02
5.000000000000000000e+00 6.973452346572077687e-01 7.081462591834702947e-01 3.494582911178101270e-02 4.659473254879409332e-02
9.000000000000000000e+00 6.494923147933053809e-01 8.607799116430260300e-01 3.639782518862588745e-02 4.563086578575137331e-02
7.000000000000000000e+00 5.917116664049795194e-01 7.195455904682217518e-01 3.567287357432202821e-02 4.660756501298402021e-02
3.000000000000000000e+00 5.230536596046945208e-01 6.252737373074327420e-01 4.004962506236497966e-02 4.660459096548952296e-02
1.500000000000000000e+01 5.237411602505468444e-01 8.614601699324793138e-01 3.422214422141023338e-02 4.466259302642028306e-02
7.000000000000000000e+00 4.769069893409546568e-01 7.568748432722167685e-01 3.639578741534238437e-02 4.467068904460025358e-02
0.000000000000000000e+00 4.601939439199536075e-01 5.213364500887645026e-01 3.640999675337247554e-02 5.144689103635630145e-02
8.000000000000000000e+00 4.196733591605730229e-01 2.374171747674130584e-01 4.077372301488790818e-02 5.534137869315630676e-02
2.000000000000000000e+00 4.038607341560615516e-01 3.707608798017390517e-01 3.643067739845118336e-02 5.725468258139720934e-02
3.000000000000000000e+00 4.490937797831849321e-01 6.266337306742800761e-01 3.494990465834801885e-02 4.853337091569320805e-02
9.000000000000000000e+00 3.654514752806090061e-01 7.322297102706727401e-01 3.712982639699102805e-02 4.757220282537721889e-02
0.000000000000000000e+00 4.262173926854068151e-01 6.836727948123133558e-01 3.422619223050027415e-02 4.659203387606736246e-02
1.000000000000000000e+00 4.208920164277312748e-01 8.877173743635211611e-01 3.204321383193209360e-02 4.564314750040521229e-02
1.000000000000000000e+00 3.514136957309752507e-01 5.178898319546810791e-01 3.932169940056645663e-02 5.629519427716611624e-02
