3.000000000000000000e+00 5.128199510536737282e-01 8.022146106010364930e-01 4.874476033595864788e-02 3.874953769867195419e-02
1.000000000000000000e+01 5.360713936402539126e-01 2.095600593140610757e-01 4.482992655079920397e-02 2.997903138178789617e-02
1.300000000000000000e+01 8.387675951068611635e-01 1.508735833645227231e-01 4.094528897746851914e-02 3.289949174446615832e-02
7.000000000000000000e+00 3.841533947131064997e-01 2.940224032808006482e-01 4.972984261633855985e-02 4.385341645509588382e-02
2.000000000000000000e+00 5.102383823339103897e-01 3.371552584833100719e-01 5.069825061491212148e-02 4.093743575021635550e-02
5.000000000000000000e+00 6.848310955582616044e-01 4.142418735366680815e-01 5.848713117749526624e-02 4.605641261255472019e-02
8.000000000000000000e+00 7.812414058316083931e-01 4.462784781107081988e-01 5.556429272487461990e-02 4.167342693522074759e-02
7.000000000000000000e+00 2.664793793925264720e-01 3.630781671199230232e-01 4.388701388858631813e-02 4.093060565468381595e-02
1.500000000000000000e+01 4.168091045862547528e-01 4.091054757828903599e-01 5.263072521530381964e-02 3.655931686160207583e-02
1.000000000000000000e+00 5.239948030851854233e-01 4.688871312814851811e-01 4.874213337613836350e-02 3.728648699205200368e-02
6.000000000000000000e+00 8.060155449388319848e-01 6.010110017892567047e-01 6.238747520533038937e-02 4.095662638300845426e-02
3.000000000000000000e+00 7.909575347271513568e-01 7.048425841636054567e-01 5.655186370403153528e-02 4.313656059846637802e-02
1.500000000000000000e+01 7.736118572951746764e-01 8.151954975089605870e-01 6.043003066054208894e-02 3.656954817879676245e-02
7.000000000000000000e+00 6.454854591980652145e-01 8.502915700984823300e-01 5.361331879690667268e-02 4.094036688433166926e-02
5.000000000000000000e+00 1.663342788644368575e-01 4.213716775325626607e-01 4.874600468534703857e-02 3.948068974716512081e-02
2.000000000000000000e+00 2.911661789987793902e-01 4.604414692855299251e-01 5.458684245407763314e-02 4.021764875947164697e-02
3.000000000000000000e+00 1.665192997924073715e-01 5.248352504883049274e-01 5.167044696606862275e-02 3.948364853348895753e-02
1.000000000000000000e+00 4.269260937242614906e-01 5.165797250789174733e-01 5.069952261650928493e-02 4.167594328620649602e-02
0.000000000000000000e+00 2.437228975143918008e-01 5.603433686386829482e-01 4.582441058211486618e-02 3.582874550949000092e-02
0.000000000000000000e+00 1.802868782098662748e-01 6.276640255165392146e-01 4.873563510710929303e-02 3.363841406358569763e-02
6.000000000000000000e+00 4.883105403658084542e-01 5.849296109882380357e-01 4.776993702498183447e-02 3.874859752357828757e-02
0.000000000000000000e+00 4.028783228334376076e-01 6.245496402147102666e-01 6.043282353361406622e-02 4.387155630395978001e-02
8.000000000000000000e+00 2.947521450666537035e-01 6.594905286093777352e-01 5.458811445567474108e-02 4.094130705942511383e-02
1.000000000000000000e+00 1.845404100724798990e-01 7.163192462262535365e-01 4.874605998976436205e-02 3.948071739937375479e-02
2.000000000000000000e+00 2.862001050240832178e-01 7.697265007644191748e-01 4.484831526954097258e-02 3.509673624252906965e-02
8.000000000000000000e+00 3.908911595210916023e-01 7.255417831976787024e-01 4.873956172073534709e-02 3.583167664360520366e-02
5.000000000000000000e+00 5.149200671689094788e-01 6.943513362078408413e-01 4.972345495614399757e-02 4.094385106261944074e-02
9.000000000000000000e+00 6.503904079655757897e-01 6.397098529895022256e-01 5.556291011444280947e-02 4.094971333084995724e-02
6.000000000000000000e+00 6.159593986459119819e-01 7.407795604176892201e-01 5.555898350081689419e-02 3.873421837508850274e-02
9.000000000000000000e+00 5.125402351372359000e-01 8.746396992794895908e-01 5.166746052753606877e-02 3.729033064905229455e-02
