1.000000000000000000e+00 2.786894499327635666e-01 8.167230669044961422e-01 4.463500030193651158e-02 3.507307684612581689e-02
1.300000000000000000e+01 4.227695713266690358e-01 1.892071160596401347e-01 4.099412895834714243e-02 3.693955405669671621e-02
1.000000000000000000e+01 5.331834522556593292e-01 2.502646014788680873e-01 3.196471440297143918e-02 2.873596770993419591e-02
5.000000000000000000e+00 7.309133761647419458e-01 3.405761597012841868e-01 5.993675899492789672e-02 4.437325914393808191e-02
3.000000000000000000e+00 8.985877529655816875e-01 5.872960683105683533e-01 5.922631019730140167e-02 4.154898088956948676e-02
2.000000000000000000e+00 9.383782479600533133e-01 7.014990442493922451e-01 5.085964951649801780e-02 3.756977647844228496e-02
1.500000000000000000e+01 5.289938360759294245e-01 3.356914518337557052e-01 5.654091622230783543e-02 4.527183626079511747e-02
2.000000000000000000e+00 5.938415634472380411e-01 4.355803799939334531e-01 5.784354470792574254e-02 4.338751441630206429e-02
8.000000000000000000e+00 6.984496376168090048e-01 5.683446798059188509e-01 5.652304179767786430e-02 4.181799098025085204e-02
2.000000000000000000e+00 7.712243446137310166e-01 6.985237271069002496e-01 5.210901221671837558e-02 3.948150577403464201e-02
7.000000000000000000e+00 8.371558877224787310e-01 7.995237592927855186e-01 5.360557820957179143e-02 3.781632437550508374e-02
6.000000000000000000e+00 7.439118067092056474e-01 8.812559064952396604e-01 4.817365972735010438e-02 3.653002119771608935e-02
1.500000000000000000e+01 6.418650780076962103e-01 7.558374738687932970e-01 5.252745249730650379e-02 3.859326603275525791e-02
3.000000000000000000e+00 6.057835857053619488e-01 6.870649101279402426e-01 5.204269810134132257e-02 3.663994890919042291e-02
9.000000000000000000e+00 5.434246932195324620e-01 5.669403160534487451e-01 5.343446038444721324e-02 3.968217598121392964e-02
0.000000000000000000e+00 4.381965105734857424e-01 4.661379898993248672e-01 5.145811504381753165e-02 3.939603623359561047e-02
3.000000000000000000e+00 3.597886190730084088e-01 3.216181278688139411e-01 5.792567768910056314e-02 4.702558543336615715e-02
8.000000000000000000e+00 2.290002475317446939e-01 3.531975888395938457e-01 5.385433061900565810e-02 4.357659603817964911e-02
6.000000000000000000e+00 2.950979036267203925e-01 4.430367707051010573e-01 4.877298918519351600e-02 4.095829073696399814e-02
6.000000000000000000e+00 3.767148054763728715e-01 5.490566265133636215e-01 5.172450355221980267e-02 4.038887114966815961e-02
1.000000000000000000e+00 4.917308889916147119e-01 7.405464100398722049e-01 4.924996820644456097e-02 3.574092493171754370e-02
0.000000000000000000e+00 5.804451290476798642e-01 8.432587823146022732e-01 4.831153112266273197e-02 3.703056466877108210e-02
5.000000000000000000e+00 4.332212836405602840e-01 8.483096478544203123e-01 4.149109754447610765e-02 3.271597647016966093e-02
9.000000000000000000e+00 3.510723942278579091e-01 7.450464453940095488e-01 4.677024927752682082e-02 3.826485327088702260e-02
1.000000000000000000e+00 2.971273360085012194e-01 6.392529691736856812e-01 4.987470913797031891e-02 3.820860841471795943e-02
8.000000000000000000e+00 2.166486626239323976e-01 5.373703574809871597e-01 5.120516214459561177e-02 3.839331080256114248e-02
0.000000000000000000e+00 1.413695104106876266e-01 4.370099764758396677e-01 5.435332497325942591e-02 4.076480009034444407e-02
7.000000000000000000e+00 7.434385887498466683e-02 5.427385536394028209e-01 4.769525075212854154e-02 3.935644438304009007e-02
5.000000000000000000e+00 1.342270690727918880e-01 6.359267472849994274e-01 4.871352693259108080e-02 3.852850103417915228e-02
7.000000000000000000e+00 2.155005287485330101e-01 7.472231332440335549e-01 4.436712225814848365e-02 3.407770971989754205e-02
