8.000000000000000000e+00 6.248462458627508376e-01 2.002676599209500807e-01 4.009496987045613192e-02 3.846461881952634165e-02
1.400000000000000000e+01 4.248331863166687761e-02 3.510412087582954754e-01 3.687176352786205452e-02 3.767460717823317706e-02
1.400000000000000000e+01 2.077542512662812479e-01 1.743815394075611813e-01 3.334876258565255824e-02 3.615317101949913625e-02
3.000000000000000000e+00 5.002253460836955101e-01 7.778733555638490671e-01 4.119680790606800036e-02 4.442092877937586781e-02
6.000000000000000000e+00 6.072042339165619751e-01 7.384967781481620586e-01 4.406466190818403295e-02 4.245863165842411746e-02
7.000000000000000000e+00 7.087889052295437420e-01 7.085941387665906088e-01 4.057761345466059932e-02 4.178873791057058362e-02
6.000000000000000000e+00 8.243364028480402173e-01 6.610596044348515665e-01 3.959923706541068622e-02 4.000637470755741276e-02
8.000000000000000000e+00 4.124090489832080708e-01 6.958125717733638638e-01 4.434273640334673861e-02 3.990829128850315044e-02
1.500000000000000000e+01 5.226116861612799536e-01 6.551258433729139075e-01 4.181708836269815155e-02 4.101338733978288076e-02
3.000000000000000000e+00 7.322056642098095924e-01 5.834546143355601178e-01 4.110329714058280626e-02 4.311766535405126000e-02
1.000000000000000000e+00 8.461194956035387182e-01 5.598713821862990603e-01 4.057767061283024113e-02 4.178873791057069464e-02
1.000000000000000000e+00 2.990876048593385517e-01 5.878092666456251614e-01 4.217152617246266999e-02 3.976145195076985495e-02
2.000000000000000000e+00 4.255030854001616292e-01 5.647905857376225303e-01 4.333380897243921392e-02 3.771667559106761658e-02
9.000000000000000000e+00 5.340641542365172079e-01 5.342773542091703298e-01 4.015441436685274201e-02 4.176124483098730966e-02
2.000000000000000000e+00 6.569569053364365807e-01 4.967127479283555136e-01 3.900359177988332871e-02 3.738492957463918076e-02
5.000000000000000000e+00 7.635803265124856409e-01 4.624162171532804066e-01 3.647880111177903562e-02 3.808488851970864841e-02
1.500000000000000000e+01 8.694611487489343205e-01 4.518469428253463205e-01 4.370290785270924960e-02 3.647117049613585182e-02
5.000000000000000000e+00 3.459450435138530233e-01 4.760768767951407687e-01 4.071953718980736436e-02 3.750793395564439026e-02
7.000000000000000000e+00 4.651212132406291611e-01 4.480338070141860474e-01 3.986648008743193250e-02 3.744531718083438099e-02
0.000000000000000000e+00 5.750912881160918921e-01 4.192951365985948531e-01 3.834552977313965272e-02 4.034820914092251964e-02
0.000000000000000000e+00 6.875486721899357612e-01 3.882395311986936437e-01 3.761882080469181044e-02 3.601276197584701855e-02
3.000000000000000000e+00 7.897796023476364446e-01 3.691081059582957957e-01 3.560765344872152127e-02 3.802824477362304334e-02
5.000000000000000000e+00 8.931293465173237855e-01 3.368578090762479049e-01 3.570345054099133275e-02 3.933505200546383307e-02
6.000000000000000000e+00 3.696175138554208539e-01 3.674980746366630080e-01 3.995135996930582190e-02 3.875192435908147992e-02
9.000000000000000000e+00 4.966762667266005904e-01 3.340891959461209093e-01 4.016330246222743483e-02 3.534704077437533787e-02
8.000000000000000000e+00 6.051996683291818169e-01 3.126184297189250616e-01 3.843029533867425851e-02 3.521777757379768170e-02
7.000000000000000000e+00 7.210088074690775839e-01 2.826000164648044821e-01 3.679957275964218510e-02 3.681123302624289551e-02
1.000000000000000000e+00 8.010603672813592091e-01 2.604197030095868337e-01 3.708342022993560416e-02 3.425557694654804419e-02
2.000000000000000000e+00 7.333283935564147704e-01 1.714946231558796552e-01 3.896346674481587780e-02 3.696087311428727928e-02
0.000000000000000000e+00 4.064301615463616901e-01 2.650007445399428785e-01 4.054720530842692572e-02 3.775471435294450173e-02
