5 0.146250 0.723828 0.045604 0.035719
10 0.728682 0.235285 0.031927 0.027742
12 0.620760 0.174547 0.032083 0.025969
9 0.405104 0.283262 0.051688 0.041039
3 0.547078 0.325902 0.051073 0.037852
3 0.645578 0.368996 0.051073 0.040133
3 0.672286 0.491980 0.051177 0.037242
7 0.528922 0.430578 0.049406 0.038312
8 0.389042 0.374586 0.047292 0.038000
0 0.280583 0.332355 0.047854 0.038008
1 0.807177 0.662766 0.051083 0.038641
7 0.650078 0.607266 0.049823 0.038000
6 0.547349 0.543340 0.051615 0.036508
15 0.401938 0.493754 0.047500 0.036680
5 0.262177 0.454777 0.049146 0.037617
8 0.148401 0.379164 0.051073 0.037844
6 0.797896 0.776457 0.055229 0.041039
2 0.687438 0.716605 0.052188 0.040664
8 0.537464 0.657324 0.051177 0.038383
0 0.412771 0.579031 0.049250 0.036937
9 0.285385 0.544379 0.048646 0.037852
1 0.170776 0.483953 0.050469 0.039219
15 0.685828 0.825281 0.051073 0.039672
2 0.516797 0.775578 0.051073 0.037844
0 0.415990 0.675023 0.051083 0.039672
1 0.178073 0.612734 0.051688 0.039672
7 0.271339 0.690574 0.051073 0.038305
5 0.533823 0.881371 0.048646 0.037852
6 0.395802 0.843523 0.048646 0.039672
2 0.273938 0.776992 0.051688 0.039516
