6 0.481480 0.778755 0.038414 0.053990
0 0.226637 0.188286 0.033992 0.048323
5 0.316734 0.172953 0.034734 0.046990
7 0.420078 0.150130 0.035984 0.047323
1 0.533793 0.127302 0.035992 0.050313
2 0.473312 0.269927 0.036984 0.050979
5 0.590152 0.245599 0.038242 0.050323
3 0.159785 0.314078 0.032242 0.045990
9 0.274621 0.279089 0.034992 0.046656
6 0.373344 0.279922 0.034484 0.046990
6 0.064590 0.532646 0.030992 0.046313
0 0.169180 0.528984 0.033234 0.046323
0 0.119820 0.411849 0.031484 0.043990
1 0.217293 0.400521 0.033992 0.047979
15 0.319012 0.409849 0.034992 0.049323
2 0.274648 0.522318 0.035234 0.050323
8 0.425727 0.391359 0.036984 0.048323
8 0.375242 0.545641 0.034984 0.049656
5 0.468215 0.514318 0.036992 0.048323
1 0.110645 0.687182 0.035055 0.049177
8 0.219344 0.653995 0.037188 0.048385
7 0.157434 0.811542 0.033320 0.049188
7 0.313371 0.657193 0.036289 0.050781
3 0.267934 0.783552 0.035992 0.049979
9 0.436195 0.642193 0.037219 0.050385
2 0.526004 0.652990 0.038086 0.051979
14 0.790973 0.512833 0.034195 0.041188
14 0.842273 0.542625 0.038422 0.044792
