0.000000000000000000e+00 4.577290610942911786e-01 4.986106116616996209e-01 5.007104353142721731e-02 4.030408506332633367e-02
1.000000000000000000e+01 2.681273072453643769e-01 8.653805043424692700e-01 3.688795327474872487e-02 3.179601299429690719e-02
1.300000000000000000e+01 1.514078897446093919e-01 6.370459831386121596e-01 4.525602018641042279e-02 3.118269105996052115e-02
2.000000000000000000e+00 1.742890364198790842e-01 4.811558174156568835e-01 6.931807928156338838e-02 4.290463550178247321e-02
2.000000000000000000e+00 2.412732948675528621e-01 2.280997821890923261e-01 5.587220050452296194e-02 4.362265642781934516e-02
6.000000000000000000e+00 2.601710315810314422e-01 9.870094499301122759e-02 6.045495270573600366e-02 3.958921700465309335e-02
0.000000000000000000e+00 3.929206677999884656e-01 8.566455230084032979e-02 5.380388976989880501e-02 4.104203449062435172e-02
2.000000000000000000e+00 3.782460482000380431e-01 1.882084847981579934e-01 6.032678567299804007e-02 4.111350939887900569e-02
1.000000000000000000e+00 3.671265393769381769e-01 3.091035479377951534e-01 5.375049923293789833e-02 3.825243098647262974e-02
1.500000000000000000e+01 3.421242416946704279e-01 4.216351991067367466e-01 5.290850518263745528e-02 4.243268695027352377e-02
6.000000000000000000e+00 3.127811595093383801e-01 5.704893100191174016e-01 6.219637653161341762e-02 4.183438575196229969e-02
8.000000000000000000e+00 5.145905778382885432e-01 6.281651073288953280e-02 4.629384894164156883e-02 3.678111271276342936e-02
3.000000000000000000e+00 5.132644253114526656e-01 1.489527281332646003e-01 5.003026446392117021e-02 3.821162217493487279e-02
5.000000000000000000e+00 5.126059370649296287e-01 2.757716869929440762e-01 5.276936260219011743e-02 3.544575440810615596e-02
0.000000000000000000e+00 4.811688750455876962e-01 3.959230303631269265e-01 5.278114123875637942e-02 3.615193720951326295e-02
7.000000000000000000e+00 4.354164864576153260e-01 6.331258684763488853e-01 5.380386002586706740e-02 4.104206423465606157e-02
6.000000000000000000e+00 5.749152219410018638e-01 7.122359804447642162e-01 4.821709803350349155e-02 4.028662531669902069e-02
5.000000000000000000e+00 5.662510829374688415e-01 5.752939229530276144e-01 4.632490171077097152e-02 3.885177322589461468e-02
7.000000000000000000e+00 6.016695025804122965e-01 4.630013691831724731e-01 4.728694267314614841e-02 4.028573299574689237e-02
7.000000000000000000e+00 6.007557956696033541e-01 3.520803127165302859e-01 4.632091601051868679e-02 3.817479906364923403e-02
3.000000000000000000e+00 6.375490142032822494e-01 2.580647079738523919e-01 4.815166116369062888e-02 3.749178686296222862e-02
1.000000000000000000e+00 6.322225719766465524e-01 1.299963956772718365e-01 4.626922088336660188e-02 3.607269910897628606e-02
7.000000000000000000e+00 7.494924027846225911e-01 2.174539619433578375e-01 4.252290059851981940e-02 3.464367684839153583e-02
3.000000000000000000e+00 7.210546991812141204e-01 3.097224320060655844e-01 4.162231080570522046e-02 3.603644113429371743e-02
8.000000000000000000e+00 7.021531403596579235e-01 5.393404676672692855e-01 4.261909279714470866e-02 3.673863823544853968e-02
1.000000000000000000e+00 7.020193814489541495e-01 6.330621567603766930e-01 4.360974751804724825e-02 4.164681988785334799e-02
5.000000000000000000e+00 8.034139599440572876e-01 5.779552107042826847e-01 3.876343345164723342e-02 3.384650705391278880e-02
9.000000000000000000e+00 8.110071353410086559e-01 4.724025504210356274e-01 4.069560575302888505e-02 3.337896061910033962e-02
1.500000000000000000e+01 8.268293243012694305e-01 3.686263226890159617e-01 3.935706483697620772e-02 3.094914092279221762e-02
9.000000000000000000e+00 8.338486183499622673e-01 2.828741156103309895e-01 3.677730547670154948e-02 3.140966776611564537e-02
