3.000000000000000000e+00 4.270352769259926351e-01 5.925465981304572916e-01 4.754446168021803087e-02 3.487925659668555944e-02
8.000000000000000000e+00 5.067030338302225267e-01 6.853775390753532593e-01 4.580946054199541706e-02 3.383968934335457313e-02
6.000000000000000000e+00 5.731129865570376847e-01 7.829569085405354567e-01 4.727665843811701407e-02 3.415763505559243907e-02
5.000000000000000000e+00 1.469800985223337630e-01 4.355660299803674196e-01 4.477981703206700137e-02 3.462573251870282309e-02
0.000000000000000000e+00 2.936469477200470135e-01 6.097935679770201123e-01 4.497738222364056071e-02 3.399075077070545792e-02
7.000000000000000000e+00 3.594050069861495222e-01 6.830108916695545318e-01 4.580948810794926995e-02 3.383968934335468415e-02
2.000000000000000000e+00 4.351718368396527148e-01 7.798378484231417440e-01 4.719084562363839996e-02 3.513517891265727222e-02
1.500000000000000000e+01 5.213254492063342793e-01 8.744741939525111363e-01 4.602855474356187804e-02 3.322982017935649512e-02
8.000000000000000000e+00 9.252511407691711709e-02 5.392544972331259068e-01 4.665449485868133905e-02 3.369866192322190646e-02
7.000000000000000000e+00 1.610118030724053406e-01 6.101286321466274920e-01 4.519088053656611370e-02 3.337222589718402688e-02
5.000000000000000000e+00 2.353040749200965842e-01 7.015961058799128347e-01 4.359809215449361730e-02 3.269895503922470859e-02
7.000000000000000000e+00 3.158162596900266905e-01 7.788752177471349736e-01 4.608410014066255389e-02 3.456296484168130956e-02
5.000000000000000000e+00 3.899609158546041288e-01 8.705499047558574732e-01 4.453459030620698922e-02 3.158258903833921494e-02
6.000000000000000000e+00 4.804922546953195595e-02 6.135790074638987068e-01 4.416559244735333151e-02 3.182434245400822537e-02
1.000000000000000000e+00 1.033119337130361665e-01 6.995418909955729569e-01 4.304856486357422352e-02 3.124975771099713917e-02
0.000000000000000000e+00 1.722965465337502611e-01 7.835862392679840971e-01 4.491546909118984687e-02 3.264569761629743105e-02
1.000000000000000000e+00 8.141372551796222101e-01 2.464334704482598615e-01 4.165292818376686856e-02 3.537456165629127014e-02
1.000000000000000000e+00 7.335837766107558000e-01 3.629634546256704786e-01 4.152485676196537856e-02 3.192311126681807165e-02
8.000000000000000000e+00 4.681756161970609398e-01 3.251812825560909670e-01 4.856969463752303096e-02 3.642749839726189265e-02
3.000000000000000000e+00 5.591348977872940829e-01 4.140615950353855323e-01 4.906524779071375075e-02 3.653310356663791447e-02
3.000000000000000000e+00 6.357408766263265010e-01 4.993081634720918371e-01 4.857187234788074015e-02 3.643323211567223163e-02
2.000000000000000000e+00 7.106324185287427042e-01 5.933995714418653922e-01 5.010084554668381429e-02 3.809273010617353350e-02
1.000000000000000000e+00 2.579431658763741697e-01 8.576300178242786121e-01 4.269773296833812015e-02 3.150617621413920322e-02
0.000000000000000000e+00 3.298977759187885495e-01 3.274865957144706963e-01 4.741851283686654428e-02 3.686011847770781502e-02
1.500000000000000000e+01 4.111783478705963724e-01 4.220252475032321149e-01 4.857763363224504305e-02 3.642920748640349204e-02
1.000000000000000000e+00 4.945308044831915328e-01 5.017650480279693959e-01 4.767851491401486896e-02 3.524174889041969960e-02
2.000000000000000000e+00 5.682386643253078962e-01 5.900901959787727691e-01 4.595272080439360973e-02 3.419859806308223060e-02
9.000000000000000000e+00 1.964417585130509014e-01 3.428502320248956736e-01 4.733658682188723876e-02 3.550260551213879623e-02
6.000000000000000000e+00 2.789848511533016273e-01 4.257117941305084696e-01 4.560365313020681155e-02 3.446058488891112770e-02
9.000000000000000000e+00 3.504940367296853765e-01 5.131516201230067464e-01 4.732726952947030608e-02 3.549532810031030827e-02
