6.000000000000000000e+00 5.408593236145946559e-01 2.479053227457254094e-01 3.781929272809581022e-02 5.142073377889189167e-02
7.000000000000000000e+00 1.567481498553476016e-01 3.720754439155193327e-01 3.781855860553567927e-02 4.892697817185454046e-02
5.000000000000000000e+00 2.293593900628800031e-01 2.672021159830959558e-01 3.631742479453342609e-02 4.842386929893005565e-02
3.000000000000000000e+00 2.362218502955868993e-01 1.481067931997787079e-01 3.557120389458845455e-02 4.643298764559815328e-02
6.000000000000000000e+00 1.515891329287700484e-01 6.605028597609322594e-01 3.706531949391561609e-02 5.291743348963073856e-02
2.000000000000000000e+00 1.983018653171403911e-01 5.306312931873145011e-01 3.713459129869176034e-02 5.075265288424957166e-02
3.000000000000000000e+00 2.735658720782392361e-01 3.911866509696830252e-01 3.796409106186054983e-02 4.818839214653525271e-02
8.000000000000000000e+00 3.194794239651750911e-01 2.541044591979798595e-01 3.669511616928133879e-02 4.992212534949649894e-02
5.000000000000000000e+00 3.709615744374493707e-01 1.470802843063670207e-01 3.631768907865512430e-02 4.941863473284073549e-02
1.500000000000000000e+01 1.965429517103657875e-01 8.181633437934614506e-01 3.989774052040293006e-02 5.535066803280885850e-02
0.000000000000000000e+00 3.083748658835225864e-01 5.227083929164655363e-01 4.043570553248354571e-02 5.272424179670065492e-02
3.000000000000000000e+00 3.838352504294626488e-01 3.958971630593602908e-01 3.774197494006048537e-02 4.972764160086062812e-02
8.000000000000000000e+00 4.480744541838440620e-01 2.658692577453321548e-01 3.728778799454463000e-02 4.912166747480739559e-02
9.000000000000000000e+00 4.704180469177180468e-01 1.195217491892830441e-01 3.666445921116928686e-02 4.961382323913439418e-02
6.000000000000000000e+00 3.248026787909101820e-01 8.007306051959307558e-01 3.954530296172431569e-02 5.931087750110664025e-02
2.000000000000000000e+00 3.853845426804108909e-01 6.534493514731709585e-01 3.775113678961122821e-02 5.391349097924735823e-02
2.000000000000000000e+00 4.431216669668649466e-01 5.145819057772347271e-01 3.864218538822328242e-02 4.972817016910391352e-02
9.000000000000000000e+00 4.899889174716963725e-01 3.782013589836240586e-01 3.684179385679997587e-02 4.972720112732459397e-02
5.000000000000000000e+00 6.994085868819714669e-02 5.611514695839239231e-01 3.557202611185583674e-02 4.892580357575826433e-02
7.000000000000000000e+00 6.484018771283831528e-01 1.308313036546328578e-01 3.707142739361612982e-02 4.692620054641181981e-02
1.000000000000000000e+00 5.046416367110836410e-01 6.276950987370790713e-01 3.931986860595237943e-02 5.324761245228559758e-02
0.000000000000000000e+00 5.508820052793486077e-01 5.338548253489492357e-01 3.818911430899885051e-02 5.272297910589718306e-02
1.000000000000000000e+00 6.029310598750248218e-01 3.706696873075323029e-01 3.864274332136896639e-02 5.152365776182532553e-02
0.000000000000000000e+00 6.751470484961704654e-01 2.652873922041543153e-01 3.798038858269592311e-02 4.992280074225183273e-02
7.000000000000000000e+00 5.323094679949232910e-01 7.939638745450678936e-01 3.818958414743733876e-02 5.441610064883084519e-02
8.000000000000000000e+00 6.013977127660830035e-01 6.244060241132738387e-01 3.998877171786197060e-02 5.032374911970538545e-02
1.000000000000000000e+00 6.584073215954248104e-01 5.258729309891664316e-01 4.048997187213010385e-02 5.319701672543969417e-02
1.500000000000000000e+01 7.127981977930888391e-01 3.564464884956397572e-01 4.043435474697287813e-02 4.852852581110567165e-02
1.200000000000000000e+01 9.313855686359397978e-01 7.180728096579880315e-01 2.683306052068878955e-02 3.327583756820728933e-02
0.000000000000000000e+00 8.591684054186978781e-01 8.667390590027338471e-01 2.741096180004198857e-02 3.594328657297674035e-02
