1.000000000000000000e+01 8.868896588565937655e-01 2.528688927536353326e-01 4.260603253378458799e-02 3.102746776227982561e-02
7.000000000000000000e+00 8.260133742016484426e-02 5.933979964170381649e-01 4.795817087270694279e-02 3.565873658701201876e-02
9.000000000000000000e+00 1.419698769653066905e-01 5.061669236445076603e-01 4.865539053761602784e-02 3.666852406314630164e-02
1.000000000000000000e+00 2.054758456472079997e-01 3.875020158654990388e-01 4.859345876748116799e-02 3.842099825760492138e-02
8.000000000000000000e+00 2.546158981022576540e-01 2.556297581231636862e-01 5.132537997952521525e-02 3.885268800340144213e-02
9.000000000000000000e+00 3.979694304304631780e-01 2.694242526841424401e-01 5.182336493628336704e-02 3.958836412679725414e-02
8.000000000000000000e+00 3.472439653854098029e-01 3.760659319817916124e-01 4.964280810711174663e-02 3.788313145169008855e-02
1.000000000000000000e+00 2.728766507007023279e-01 4.899846815390989652e-01 5.005209885666411784e-02 3.940280153323694190e-02
6.000000000000000000e+00 2.227285270562434638e-01 5.957371788650660527e-01 4.999391964564028901e-02 3.749527974139998943e-02
7.000000000000000000e+00 1.950794678989039022e-01 6.833566996847996178e-01 4.981548400543031607e-02 3.860382642824711219e-02
8.000000000000000000e+00 2.256633191771273972e-01 7.736949932148857734e-01 5.018463109937629230e-02 3.609164809623999215e-02
3.000000000000000000e+00 3.094258492020388607e-01 6.833759570036485043e-01 5.322990554199441560e-02 3.940064890242900297e-02
5.000000000000000000e+00 3.580752036465111310e-01 5.722399627440171166e-01 5.059069290271683839e-02 3.897879144329552403e-02
2.000000000000000000e+00 4.206737220844689595e-01 4.452042155381030764e-01 5.039646160671390485e-02 3.831453030143139316e-02
5.000000000000000000e+00 4.816042570871774675e-01 3.565784998085159696e-01 5.234243985703762592e-02 3.925700443041124643e-02
6.000000000000000000e+00 5.516981341845546005e-01 2.667621610701297330e-01 5.390065366588769891e-02 4.171693783091895424e-02
5.000000000000000000e+00 3.399823853406866991e-01 8.609736420372309240e-01 5.090390068526334799e-02 3.714283008101770811e-02
2.000000000000000000e+00 3.675807849500272173e-01 8.058833689539341982e-01 5.075813267204326573e-02 3.807363927818741001e-02
1.000000000000000000e+00 4.535912142408703440e-01 6.675618584007954048e-01 5.049330090346293431e-02 3.865025343864425533e-02
1.500000000000000000e+01 5.266087857746286627e-01 5.607884613693883136e-01 5.264287730276429045e-02 3.793069295670192798e-02
1.500000000000000000e+01 5.784328197718386910e-01 4.535840291083088616e-01 5.307439251092771482e-02 3.980566347997105403e-02
2.000000000000000000e+00 6.528941229719551487e-01 3.570697359767952550e-01 5.511241027309121687e-02 4.058360680017569777e-02
3.000000000000000000e+00 4.487532637689761739e-01 8.968594229952632224e-01 5.203144288450989308e-02 3.604911909298169626e-02
3.000000000000000000e+00 5.472873063903915813e-01 7.696182595400268278e-01 5.398297724948630805e-02 4.085582732855597143e-02
0.000000000000000000e+00 6.761114679983741826e-01 5.686559197177132319e-01 5.320995007261319909e-02 4.027601331149288644e-02
6.000000000000000000e+00 7.510841373737842108e-01 4.355112826302875995e-01 5.671006958701541034e-02 4.402077640825002858e-02
0.000000000000000000e+00 6.203084414008253056e-01 8.805712801809884027e-01 5.459548798314484142e-02 3.870942169625513074e-02
7.000000000000000000e+00 7.073528025403774677e-01 7.558831950431088575e-01 5.845276967402190937e-02 4.383972270354397072e-02
0.000000000000000000e+00 8.425148619492640600e-01 5.283214653887469137e-01 6.041050012497239941e-02 4.642235606010103321e-02
1.600000000000000000e+01 9.166313369656424737e-01 3.465657266880972087e-01 4.108778784290767483e-02 2.866347188075024643e-02
