1.000000000000000000e+00 9.571850016565693897e-01 3.475472778222359338e-01 4.581727876102759112e-02 3.373404306369726102e-02
3.000000000000000000e+00 7.342890548574962928e-01 6.796144976501601320e-01 4.914885958698000934e-02 3.869998935294960418e-02
6.000000000000000000e+00 7.636494300199609953e-01 5.643304166022873325e-01 4.852357755512970439e-02 3.744745936822668764e-02
2.000000000000000000e+00 8.286576723614245132e-01 3.641977501747995505e-01 4.354312515166658404e-02 3.200453893758614665e-02
3.000000000000000000e+00 8.779619588559024468e-01 2.651025670527777378e-01 4.220641800316649039e-02 3.211591134217303689e-02
5.000000000000000000e+00 5.770201687217089148e-01 6.996058293801681316e-01 4.980970691732633515e-02 4.188680690361645809e-02
1.500000000000000000e+01 6.236277477337395236e-01 5.825443174345930064e-01 5.050778760036955806e-02 3.830614984146307744e-02
2.000000000000000000e+00 6.743967347499482123e-01 4.706708114937542820e-01 4.753597032151557489e-02 3.700631860547398677e-02
6.000000000000000000e+00 7.203056969186567571e-01 3.732022046176483032e-01 4.785564099442984887e-02 3.498696027528819252e-02
1.000000000000000000e+00 7.610823243915809666e-01 2.899782891362909232e-01 4.772940503544631508e-02 3.806079694053177143e-02
0.000000000000000000e+00 7.941295461380903919e-01 1.817902298054357990e-01 4.612098377230555712e-02 3.262669336780990581e-02
2.000000000000000000e+00 4.850576002557351885e-01 6.147982006885195361e-01 5.457152507375345740e-02 4.157476162133444397e-02
0.000000000000000000e+00 5.413028687866008326e-01 4.948246682285214471e-01 5.090365260624285515e-02 3.752469623506105023e-02
5.000000000000000000e+00 5.786989461281057956e-01 3.751558535269946537e-01 5.077622517997293361e-02 3.677666328603962365e-02
9.000000000000000000e+00 6.071139515722555613e-01 2.865203234179442560e-01 4.662896584981957027e-02 3.562394847322647440e-02
7.000000000000000000e+00 6.617837726971287360e-01 2.009771126104161199e-01 4.664147625632575345e-02 3.564599061802303792e-02
7.000000000000000000e+00 6.905255082578641845e-01 1.029344865824529109e-01 4.690496924669096401e-02 3.129594355574132070e-02
6.000000000000000000e+00 3.228719158562552982e-01 5.136425982949579527e-01 5.859165484445860717e-02 4.197920519166908893e-02
9.000000000000000000e+00 4.158969008080817265e-01 4.036878759520001747e-01 5.418081316389344870e-02 3.932905429343391823e-02
8.000000000000000000e+00 4.778783694421105954e-01 3.092576595893702374e-01 5.040850858873863194e-02 3.454322807118798133e-02
0.000000000000000000e+00 5.430438705720246340e-01 2.007658952472372582e-01 5.003203471295003535e-02 3.817047150423569235e-02
8.000000000000000000e+00 5.592794293354753643e-01 9.117029603771151236e-02 4.779690165721528494e-02 3.063581110576672761e-02
7.000000000000000000e+00 4.116097334318344902e-01 8.682715948569033615e-02 5.355320777083483197e-02 3.546858113909291677e-02
8.000000000000000000e+00 3.765821739087655828e-01 1.891385596136684888e-01 5.599732418858660576e-02 3.574050376050877387e-02
3.000000000000000000e+00 2.403124221071031019e-01 4.093902085975503757e-01 5.533284288301704157e-02 3.915230012151132977e-02
1.000000000000000000e+01 1.514139649546484834e-01 7.426733505778260191e-01 4.379970763177135074e-02 2.958186893098779802e-02
5.000000000000000000e+00 8.734532679244497722e-01 5.488343717967610891e-01 4.470337599506579718e-02 3.541410129742694757e-02
1.500000000000000000e+01 8.518311153463185015e-01 6.470286418235882131e-01 4.729672369042647873e-02 3.673049392869554008e-02
1.000000000000000000e+00 9.316251688439449730e-01 4.640870313497992838e-01 4.607249105375310627e-02 3.518283749715600539e-02
