6.000000000000000000e+00 1.110310661054512149e-01 5.310990091459956153e-01 3.845617162079223439e-02 5.231676637536031294e-02
1.000000000000000000e+01 7.954910167457345249e-01 5.454567188299526137e-01 3.240683887027551169e-02 3.748813759254543410e-02
1.400000000000000000e+01 7.890467558849275642e-01 5.912753324816948375e-01 2.927355211841953242e-02 4.162148190997150277e-02
3.000000000000000000e+00 6.715810455282626990e-01 2.973673892060376134e-01 4.587888137198448124e-02 5.681064956299552993e-02
2.000000000000000000e+00 9.459765420225656196e-02 6.597127475457230661e-01 3.586220739751855291e-02 4.990017215881192847e-02
3.000000000000000000e+00 6.876058255551955600e-01 4.671970645930728083e-01 4.623841049101684586e-02 5.949681849373411602e-02
5.000000000000000000e+00 5.787079981844260868e-01 6.283489816411526041e-01 4.258005312718937674e-02 5.604401761948341054e-02
8.000000000000000000e+00 5.932389811703335791e-01 7.423580829191283037e-01 4.168425958313914936e-02 5.921071271027689153e-02
7.000000000000000000e+00 5.984215435106268188e-01 1.669077823799444971e-01 4.216663214534599469e-02 5.333851916621634714e-02
2.000000000000000000e+00 5.668177741763316124e-01 3.372432709815066376e-01 4.273670880977220587e-02 5.543242575667128857e-02
6.000000000000000000e+00 5.322192848016804589e-01 5.110210157700295630e-01 4.068991432422652821e-02 5.581105359796328935e-02
3.000000000000000000e+00 4.847187141896119877e-01 6.815039857434815884e-01 4.027095413592712836e-02 5.577727020858858076e-02
1.000000000000000000e+00 5.017888030598557370e-01 9.541278305229186629e-02 4.175283611306546128e-02 5.380081210502027367e-02
8.000000000000000000e+00 4.750697771687447668e-01 2.261691268992329640e-01 4.031264243451504470e-02 5.050042595840956161e-02
5.000000000000000000e+00 4.400952997308782977e-01 3.837714367852341768e-01 3.804713584405972071e-02 5.145034216553995288e-02
8.000000000000000000e+00 4.299449347005951383e-01 5.499085098185294562e-01 3.938589280438531404e-02 5.294217740427875629e-02
0.000000000000000000e+00 3.732654229654411848e-01 6.992387938134576597e-01 3.936497653000731178e-02 5.502347653003969441e-02
1.500000000000000000e+01 3.568250726291596897e-01 8.639388178218676551e-01 3.895054579698686847e-02 5.798470168135716474e-02
7.000000000000000000e+00 3.872132746467072950e-01 1.400843193671117426e-01 4.033534741097771770e-02 5.119023026237871921e-02
1.000000000000000000e+00 3.473750854401690957e-01 4.221474485875998939e-01 3.951072689987988884e-02 5.195934330878243523e-02
9.000000000000000000e+00 3.095519556821891838e-01 5.873168770681022055e-01 4.012012616013665989e-02 5.392994485552482509e-02
1.000000000000000000e+00 2.919654223600278709e-01 7.340762480166230786e-01 3.818622185616488141e-02 5.332755615343898192e-02
2.000000000000000000e+00 2.295183417277536775e-01 9.099090095502746500e-01 3.817843234708623301e-02 5.415289791537747366e-02
9.000000000000000000e+00 2.671748769665671097e-01 2.020070794882886656e-01 3.762474250175892876e-02 5.224931499674539959e-02
0.000000000000000000e+00 2.592291882308411788e-01 3.483079368524104602e-01 3.678615857438666259e-02 4.905711647622773564e-02
0.000000000000000000e+00 2.290597560182705272e-01 4.829504379286803095e-01 3.676405944863003761e-02 4.858230262283064205e-02
1.500000000000000000e+01 2.171408839267865987e-01 6.235108598523060319e-01 3.836950611978329206e-02 5.332259394765548333e-02
5.000000000000000000e+00 1.514548821445393656e-01 7.748186982520803845e-01 3.698773375932318253e-02 5.321556032290741811e-02
7.000000000000000000e+00 1.784262592797665470e-01 2.577632458972806684e-01 3.565290040357055323e-02 5.065249448564587698e-02
6.000000000000000000e+00 1.429458243772050441e-01 3.818713014456202592e-01 3.547870390054400080e-02 5.042111721597497542e-02
