9.000000000000000000e+00 7.027561030600608660e-01 9.117996828916197227e-01 3.517115749303945105e-02 4.966950247514112515e-02
7.000000000000000000e+00 9.287467476575526071e-01 5.720049972774403635e-01 3.516016231698448902e-02 4.956037388285150502e-02
5.000000000000000000e+00 8.319099390291873064e-01 7.002570524168546529e-01 3.643689628949375869e-02 4.858321435954238154e-02
0.000000000000000000e+00 7.742556162276335030e-01 8.029891275393106209e-01 3.602278385657564641e-02 4.914632024766629748e-02
3.000000000000000000e+00 8.745720158921563847e-01 4.155980005182293713e-01 3.732574161796498036e-02 5.243693537023630391e-02
8.000000000000000000e+00 8.244410100113679363e-01 5.418978533294104283e-01 3.669507713472208721e-02 5.355956048477628073e-02
6.000000000000000000e+00 7.316645670260254475e-01 6.714855871685809774e-01 3.605130075703932846e-02 5.039459611744490086e-02
1.000000000000000000e+00 6.647461322241676740e-01 7.828070115084121428e-01 3.660852687187177157e-02 5.437855410654490740e-02
8.000000000000000000e+00 6.100104700867654550e-01 9.058372987854066416e-01 3.868802629186518516e-02 5.158407425430888704e-02
9.000000000000000000e+00 8.747284178617094064e-01 3.078315753070191008e-01 3.359725977837912936e-02 5.221950135391778547e-02
7.000000000000000000e+00 7.745396974742106977e-01 3.946100027600023541e-01 3.756169692015165484e-02 5.266677570819983112e-02
1.500000000000000000e+01 6.952693289303017998e-01 5.364468331063564355e-01 3.725247964275324453e-02 5.117601798788107281e-02
6.000000000000000000e+00 6.309245884935852366e-01 6.377094058889423156e-01 3.695384595727957411e-02 5.237031753884391350e-02
2.000000000000000000e+00 4.755408192814220003e-01 8.757949205401824866e-01 3.865533475236465621e-02 5.042511214082756599e-02
8.000000000000000000e+00 7.467136409734723701e-01 2.427385308229307315e-01 3.799732932331645330e-02 5.530600014667455544e-02
7.000000000000000000e+00 6.613003204855693040e-01 3.759254649864407494e-01 4.045630931154131638e-02 5.301703380317251968e-02
5.000000000000000000e+00 5.879976278438355797e-01 5.223991874464790630e-01 3.757292728713834684e-02 5.278634089808176277e-02
1.500000000000000000e+01 5.065670011937746242e-01 6.242162081510171934e-01 3.844066422949310446e-02 5.203587603402526351e-02
5.000000000000000000e+00 4.245894674310079497e-01 7.363677094852713045e-01 4.007447683399334437e-02 5.653166828814759626e-02
3.000000000000000000e+00 3.434412021938365589e-01 8.779763458301834689e-01 4.089285307956630477e-02 4.985283380636895689e-02
2.000000000000000000e+00 5.301865796851976675e-01 3.353357142200496521e-01 3.971975011131911870e-02 5.450385207538599452e-02
1.000000000000000000e+00 4.712340323397540276e-01 4.885662957534441242e-01 3.908661612329383805e-02 5.363097033140112879e-02
1.000000000000000000e+00 3.985331050955356336e-01 6.001656128784631505e-01 4.063693594705525269e-02 5.494477627451332946e-02
2.000000000000000000e+00 3.093065458360503284e-01 7.329868986404102227e-01 4.079386709620441698e-02 5.207515291961228865e-02
3.000000000000000000e+00 4.910703442039480171e-01 1.906719770717572038e-01 4.097881536508757305e-02 5.656441862538094667e-02
0.000000000000000000e+00 4.169275201554628607e-01 2.817249703087711388e-01 4.367910124919432979e-02 5.630394466856891711e-02
6.000000000000000000e+00 3.164098117528733045e-01 4.150570613754143157e-01 4.485496771088848256e-02 5.517338186008552414e-02
0.000000000000000000e+00 2.762747438551114154e-01 5.653756116890431560e-01 4.356982566257228129e-02 5.586360844677096260e-02
1.200000000000000000e+01 2.874846933290604589e-01 2.591543874708458484e-01 2.697190183468683999e-02 3.944278339042453507e-02
1.600000000000000000e+01 1.469918909605366641e-01 3.693639613806936062e-01 2.931781378251668846e-02 3.754588032999761626e-02
