8.000000000000000000e+00 5.602091497096545192e-01 1.700470253933834552e-01 3.588344388758124559e-02 4.595236881194422751e-02
2.000000000000000000e+00 1.125117598455933343e-01 3.144169390132069974e-01 3.177005872723172308e-02 4.505547370237772409e-02
2.000000000000000000e+00 1.967025648164625884e-01 2.175210916815605300e-01 3.447010675744974217e-02 4.784627675344915732e-02
7.000000000000000000e+00 2.776288599913376842e-01 1.576753066946391946e-01 3.366132443395231100e-02 4.460902218365439542e-02
9.000000000000000000e+00 3.811291024061843613e-01 7.444792658200953539e-02 3.456623240770179128e-02 4.554402865799068306e-02
6.000000000000000000e+00 1.144097603790195788e-01 4.391468917214927381e-01 3.337191356523719343e-02 4.719105996681971504e-02
3.000000000000000000e+00 2.139918701680962876e-01 3.584143412841735987e-01 3.655227392733875758e-02 4.846361193485532182e-02
2.000000000000000000e+00 2.886202407748114096e-01 2.853220281253453505e-01 3.500133954881839982e-02 4.667539338472398436e-02
6.000000000000000000e+00 3.724438325505440850e-01 2.024182499739389240e-01 3.386118651943281765e-02 4.433802079859974765e-02
5.000000000000000000e+00 4.503413225041541512e-01 1.121964723079577342e-01 3.402164484269476485e-02 4.671114971414246086e-02
8.000000000000000000e+00 1.160582564049573162e-01 5.665584398964210733e-01 3.484926744900239404e-02 4.862430001766360199e-02
9.000000000000000000e+00 1.966889228433912340e-01 4.866085509941607268e-01 3.660974253389812083e-02 4.880684397732959479e-02
5.000000000000000000e+00 2.961908609107235524e-01 4.150747686388577273e-01 3.504806689658057639e-02 4.835154671606733956e-02
1.500000000000000000e+01 3.758782064512335430e-01 3.342873056699335876e-01 3.573748913568985941e-02 4.656812439646845769e-02
1.000000000000000000e+00 2.084772676936911262e-01 6.360616504599878596e-01 3.641706043424453032e-02 5.010699581088429166e-02
7.000000000000000000e+00 3.103728263561164602e-01 5.600487488262791969e-01 3.774699484900956303e-02 4.955649193755573556e-02
1.500000000000000000e+01 3.932758721489685305e-01 4.654991629032106948e-01 3.708143888278930822e-02 4.982824004113645122e-02
1.000000000000000000e+00 4.817643437964233000e-01 3.919072232506241593e-01 3.595768494103251944e-02 4.949505997881997743e-02
0.000000000000000000e+00 5.609524218424664088e-01 3.120761774737725314e-01 3.494280830435669838e-02 4.774871510603173608e-02
3.000000000000000000e+00 6.453605649843192626e-01 2.212157544284506505e-01 3.431096955157986184e-02 4.613448197246050597e-02
5.000000000000000000e+00 4.085045359282225563e-01 6.086527438440241244e-01 3.661416540516748697e-02 4.920559167021831826e-02
1.000000000000000000e+00 4.926082045910951668e-01 5.394494556484230596e-01 3.687577536876041062e-02 5.071947732187120916e-02
0.000000000000000000e+00 5.656542212013109250e-01 4.495742702582832262e-01 3.661545780261643568e-02 4.921346093468470517e-02
6.000000000000000000e+00 6.629737020567226802e-01 3.505141454388300271e-01 3.804559609958313438e-02 4.917012254023289675e-02
3.000000000000000000e+00 3.959030720429856931e-01 7.580505286990399938e-01 3.783680211173379160e-02 5.005587431179603364e-02
7.000000000000000000e+00 4.880318395846484636e-01 6.649136480673503158e-01 3.668877981788182252e-02 5.163880270716136867e-02
8.000000000000000000e+00 5.935846245478619831e-01 5.772298230715566802e-01 3.699542265258159990e-02 4.932661751131839356e-02
0.000000000000000000e+00 6.608461573764069508e-01 5.092862203093890816e-01 3.734293396660892661e-02 5.134189593324295364e-02
1.200000000000000000e+01 5.966096100166670135e-01 7.740005800143052728e-01 2.859455203554928104e-02 3.625266747874944517e-02
1.600000000000000000e+01 6.735543876508913730e-01 8.060779421349328899e-01 3.248914866777818933e-02 4.316027336342398435e-02
