0.000000000000000000e+00 3.253262049692481894e-01 4.698518589838227566e-01 4.008585880348647379e-02 4.731817734958621013e-02
1.300000000000000000e+01 8.105850312670958013e-01 7.258444432896858922e-01 3.371426380135988943e-02 4.103025870759835492e-02
1.000000000000000000e+01 7.679533227340510360e-01 7.867670986148854739e-01 3.444339110002814230e-02 3.778017292714341835e-02
5.000000000000000000e+00 5.131288491271808194e-01 8.339121378634757331e-01 4.349807635088887015e-02 6.140563584034930411e-02
0.000000000000000000e+00 3.888436176570991276e-01 8.319000388925376077e-01 3.940476427546124594e-02 5.878799094715070339e-02
6.000000000000000000e+00 3.158545772075295188e-01 7.647294828270965183e-01 3.708891870615005359e-02 5.354575870389166603e-02
6.000000000000000000e+00 2.195644220427564464e-01 7.159238417628908113e-01 3.725248976293446534e-02 5.457583868536697302e-02
2.000000000000000000e+00 1.760298413506062309e-01 6.384062875010625415e-01 3.897898847599498562e-02 5.276470408560929304e-02
0.000000000000000000e+00 4.179827459440250692e-01 6.977316697634803333e-01 4.136592367471264575e-02 5.379410675422002797e-02
1.000000000000000000e+00 5.773000803895749211e-01 6.638831851294657582e-01 3.789870267843642448e-02 5.393995479104918278e-02
7.000000000000000000e+00 4.891118006034826937e-01 6.434519861281298159e-01 3.832834480550423306e-02 5.336830273338444286e-02
2.000000000000000000e+00 5.899782201374639268e-01 5.850262728993955719e-01 4.020342902822149345e-02 5.087121953007234243e-02
8.000000000000000000e+00 4.716095705313904096e-01 4.827487707869554390e-01 3.822728408184233873e-02 4.932827260329991637e-02
9.000000000000000000e+00 2.609024912259151896e-01 6.045200991175891936e-01 3.824864765844437908e-02 5.017782048500807335e-02
1.500000000000000000e+01 4.088866881656891272e-01 4.858015468635616951e-01 3.847938557429475548e-02 4.720306238398502829e-02
2.000000000000000000e+00 1.829727638646500565e-01 4.819337517506536717e-01 3.738524308438267996e-02 4.642878089434798738e-02
3.000000000000000000e+00 1.866314245199492128e-01 4.231010017117052824e-01 3.641631881030077400e-02 4.969083253540984568e-02
3.000000000000000000e+00 5.689974664106685065e-01 4.422151094052207965e-01 3.734025822163011821e-02 4.498079887545680666e-02
8.000000000000000000e+00 6.084138296689347580e-01 4.427601204902138488e-01 3.655677656558298239e-02 4.758032564952924259e-02
6.000000000000000000e+00 7.521544357414631232e-01 3.903713814871583310e-01 4.508025098106549500e-02 5.260768038651542078e-02
5.000000000000000000e+00 5.701659722088323612e-01 3.710550112394721545e-01 3.894881983215403576e-02 4.511767251683079794e-02
7.000000000000000000e+00 4.502476589900798465e-01 3.120535820758859602e-01 4.010761747925950527e-02 4.802182075172645170e-02
1.000000000000000000e+00 2.732173655074603413e-01 3.114019929895217587e-01 3.678028981087844151e-02 4.477616572626008651e-02
5.000000000000000000e+00 2.135529176029211107e-01 3.063141316366374545e-01 3.262793863075910683e-02 4.293506003224695222e-02
1.000000000000000000e+00 3.537300678096709783e-01 2.460738408010841871e-01 3.304691308021068252e-02 4.236690742438223301e-02
8.000000000000000000e+00 4.200424120330117361e-01 2.517520226474618816e-01 3.311396705379926475e-02 4.415165504379256478e-02
7.000000000000000000e+00 7.187545862160926724e-01 2.438809134060008765e-01 3.665329364877878415e-02 4.319207204296737768e-02
3.000000000000000000e+00 6.188396219285624555e-01 1.600687943697017279e-01 4.075256043314046117e-02 4.524266496170628593e-02
1.500000000000000000e+01 4.009197250432121606e-01 1.355148201833308863e-01 3.340041395275744618e-02 4.406481789028572627e-02
9.000000000000000000e+00 5.683127877687350615e-01 8.952191833867836901e-02 3.558122026970256258e-02 4.223042888217917734e-02
