6.000000000000000000e+00 6.600556335739414804e-01 9.099921658449995343e-01 4.742386525898134586e-02 3.276505610782964872e-02
9.000000000000000000e+00 5.478782084380928730e-01 8.660270734177215601e-01 4.448300007785799259e-02 3.195723676176553951e-02
3.000000000000000000e+00 4.122965745522296777e-01 8.344759838925968065e-01 4.354781625584536187e-02 3.266059721724623444e-02
3.000000000000000000e+00 2.690918117046835478e-01 8.204602681876178583e-01 4.499761026627760452e-02 3.258163477515341189e-02
8.000000000000000000e+00 2.212525250967348200e-01 7.219485861433412310e-01 4.678283272665920145e-02 3.357440641846864970e-02
7.000000000000000000e+00 3.528257845894596789e-01 7.470871716648879168e-01 4.414736553652370832e-02 3.664016297892003227e-02
3.000000000000000000e+00 4.844374359630528870e-01 7.765678671360025653e-01 4.820032927289458202e-02 3.413356178768112148e-02
5.000000000000000000e+00 6.239999457629661350e-01 8.083471587076080933e-01 4.797913433350475820e-02 3.429808159618774610e-02
7.000000000000000000e+00 7.944732633171559533e-01 8.344896153656351512e-01 4.848611914067824102e-02 3.496699534874181392e-02
8.000000000000000000e+00 8.842411356103968556e-01 7.660698663988454449e-01 5.322574993034212554e-02 3.488455879472995846e-02
1.000000000000000000e+00 6.824307985968756096e-01 7.539939416930203642e-01 5.110465739561487197e-02 3.681563507245977362e-02
6.000000000000000000e+00 6.013650761532680633e-01 7.045096925330160964e-01 4.968716084937951916e-02 3.625647970324719083e-02
6.000000000000000000e+00 4.553527009258334646e-01 6.920940408997824367e-01 4.970997810986488297e-02 3.677806755713142195e-02
5.000000000000000000e+00 3.213870148691762019e-01 6.455688812876634319e-01 4.577266108212213469e-02 3.685820766428160589e-02
2.000000000000000000e+00 1.766349473444522589e-01 6.099476341163311277e-01 4.692639009714572040e-02 3.670793760296842123e-02
7.000000000000000000e+00 6.799983019793680583e-01 6.312881320615360004e-01 5.294517123043740447e-02 3.725949703256115075e-02
1.000000000000000000e+00 3.921370096848724174e-01 5.638712826575542625e-01 4.618119309050416899e-02 3.564432940645567705e-02
1.500000000000000000e+01 2.563461783223907053e-01 5.388639479066451576e-01 4.829024400002054906e-02 3.618929391172742704e-02
0.000000000000000000e+00 7.601545431408387454e-01 5.808460290271657556e-01 5.433281396746980629e-02 3.711205336738543359e-02
1.000000000000000000e+00 6.428750019106851399e-01 5.459616468821943958e-01 5.446341702232593285e-02 3.874417937031637837e-02
2.000000000000000000e+00 4.868329980602004170e-01 5.039144261631911537e-01 4.973279537035030229e-02 3.729962596938912744e-02
0.000000000000000000e+00 3.479616304407979199e-01 4.729191945451186041e-01 4.980831314215061756e-02 3.887604841510905462e-02
2.000000000000000000e+00 1.131584180141094742e-01 5.017140326076670043e-01 4.846789477391628964e-02 3.988068503387676156e-02
0.000000000000000000e+00 7.468295574336005771e-01 4.465459596982975787e-01 5.682157353309047476e-02 4.010196829814605124e-02
5.000000000000000000e+00 5.882939655907599708e-01 3.993003193249273775e-01 5.262196105545757785e-02 4.087148408822111056e-02
9.000000000000000000e+00 4.535328403919537399e-01 4.033773368700939166e-01 5.169902495004091714e-02 3.961715303567642232e-02
1.500000000000000000e+01 2.063061743010269622e-01 4.233186362398914104e-01 5.036508373962189644e-02 3.696714168208314888e-02
8.000000000000000000e+00 2.785099671883502492e-01 3.527100495559521431e-01 5.261342298379201310e-02 3.946008195865724488e-02
1.100000000000000000e+01 5.972281743399370235e-01 2.702417574707105530e-01 4.252990146355639656e-02 3.294229469895548768e-02
1.100000000000000000e+01 5.344319526715778368e-01 2.385441516916428917e-01 4.116239679900401960e-02 3.234872206844308096e-02
