0.000000000000000000e+00 7.925823472478046305e-01 5.705588776289096664e-01 3.671142052429987590e-02 4.621205437077124945e-02
1.100000000000000000e+01 1.794120696418824989e-01 4.766069009758214237e-01 2.546966499142602758e-02 3.803479322150227215e-02
1.200000000000000000e+01 1.436942162150550706e-01 2.397836251064105473e-01 2.715998130230057317e-02 3.259180582628010137e-02
1.500000000000000000e+01 3.522397782091773455e-01 2.524668364783124730e-01 4.134455592223340581e-02 5.376688526864265016e-02
8.000000000000000000e+00 5.609346793846050616e-01 1.368439628518290929e-01 3.777137808291997079e-02 5.036232403058851781e-02
0.000000000000000000e+00 7.548000352756160103e-01 1.787976108254622498e-01 3.696318620494420948e-02 5.164095937457952035e-02
1.000000000000000000e+00 6.509800088870624224e-01 2.442832926361260815e-01 3.773806120567235745e-02 4.953521251699363748e-02
9.000000000000000000e+00 5.248045582245850493e-01 2.876643856142402367e-01 3.691011963242107896e-02 5.117552488925003473e-02
7.000000000000000000e+00 4.479134130808602454e-01 3.388803258219384995e-01 3.549924719832342479e-02 5.045812436404878421e-02
5.000000000000000000e+00 3.416147140669723026e-01 4.067466044161076599e-01 3.897479284838284430e-02 5.157859040935403039e-02
5.000000000000000000e+00 3.363485723127075389e-01 5.535988697450657803e-01 3.729970383879327445e-02 4.855328056608576581e-02
7.000000000000000000e+00 4.384537670077724991e-01 5.027779806883740932e-01 3.754594532930971562e-02 4.771257324777222752e-02
6.000000000000000000e+00 5.207174589669031350e-01 4.342004840823073253e-01 3.517901590739014317e-02 4.769574307266766233e-02
0.000000000000000000e+00 6.499168169580566978e-01 3.758905105770893873e-01 3.573177839313412818e-02 4.959617896762713585e-02
2.000000000000000000e+00 7.247388523600692967e-01 3.410286633267274325e-01 3.590408732872751862e-02 4.863960677036310853e-02
6.000000000000000000e+00 8.518205278082311427e-01 2.803586155474427910e-01 3.524003960351718145e-02 4.607560973688856754e-02
9.000000000000000000e+00 3.265081292165078475e-01 6.998015418359357920e-01 3.734046263020274203e-02 4.900511924669637143e-02
6.000000000000000000e+00 3.999789706114514898e-01 6.469468921298004993e-01 3.523588930523458007e-02 4.815399324855629271e-02
1.000000000000000000e+00 5.135733215511514294e-01 5.964368747258463888e-01 3.544958673266651594e-02 4.616797534073580067e-02
2.000000000000000000e+00 6.145491485266638687e-01 5.382289413128859001e-01 3.626776794926733771e-02 4.726726055342633792e-02
3.000000000000000000e+00 7.025280588256060943e-01 4.740360058603738658e-01 3.565919110730941810e-02 4.809637565929564262e-02
1.000000000000000000e+00 8.081317689250184788e-01 4.340061213203229018e-01 3.608687218964079513e-02 4.779543609968955886e-02
3.000000000000000000e+00 3.724853911954730812e-01 8.009482036755826151e-01 3.686669892556138084e-02 4.847731579614145137e-02
8.000000000000000000e+00 4.856370484221573247e-01 7.173622839291204922e-01 3.723567475425471063e-02 4.794676456189594926e-02
8.000000000000000000e+00 6.232315725337878032e-01 6.695034770680683422e-01 3.515892273915321997e-02 4.710187832255285922e-02
7.000000000000000000e+00 6.954993998817233791e-01 6.128334438393986394e-01 3.644769053550300786e-02 4.996237838988326629e-02
3.000000000000000000e+00 4.805014263931924323e-01 8.708988193127489286e-01 3.602410250596044250e-02 4.721997577575198779e-02
2.000000000000000000e+00 5.740480763291813116e-01 8.122417663801215770e-01 3.551796647471505697e-02 4.768435121945080457e-02
5.000000000000000000e+00 6.794766724638164890e-01 7.658494173274064121e-01 3.399014149728962764e-02 4.532016958122164763e-02
1.500000000000000000e+01 7.861434313785007344e-01 7.222533675210021098e-01 3.572576761631107711e-02 4.695681824189079645e-02
