0.000000000000000000e+00 6.408839147276155224e-01 2.133302773625820326e-01 4.713036207750109785e-02 3.797439289978143950e-02
1.100000000000000000e+01 4.001976977494755561e-01 8.213115893423303948e-01 3.956434792081647833e-02 2.576015954778421158e-02
1.200000000000000000e+01 1.520498479455975882e-01 8.258247804479342813e-01 3.300461802928100763e-02 2.823060594795556710e-02
1.500000000000000000e+01 2.144075462268407728e-01 6.164699478816535461e-01 5.507643133660747314e-02 4.260940634203824740e-02
8.000000000000000000e+00 1.469544566579447653e-01 3.898256228315505334e-01 5.175019919776061017e-02 3.881217881469273268e-02
0.000000000000000000e+00 2.354479431621446239e-01 1.992370477018968744e-01 5.335312468003761133e-02 3.775248330778546713e-02
1.000000000000000000e+00 2.770661092093857913e-01 3.130505068872663221e-01 5.080129672372935001e-02 3.885203136567400017e-02
9.000000000000000000e+00 2.910056933155862335e-01 4.465351705313075348e-01 5.282630630868817567e-02 3.773663052182313349e-02
7.000000000000000000e+00 3.245774822623027078e-01 5.311904299095875359e-01 5.222890039316507860e-02 3.617241054293474090e-02
5.000000000000000000e+00 3.680162334254280521e-01 6.478303467153159190e-01 5.295089332415470196e-02 4.008554870010883064e-02
5.000000000000000000e+00 5.153808199951046554e-01 6.727753377738012741e-01 4.974227768078709477e-02 3.843662366821198884e-02
7.000000000000000000e+00 4.881962332173726549e-01 5.626560924184990098e-01 4.872258178224508907e-02 3.879667896645111469e-02
6.000000000000000000e+00 4.383302949826362038e-01 4.702447325093700448e-01 4.910943093579356322e-02 3.607347033518459867e-02
0.000000000000000000e+00 4.100006752982386926e-01 3.317057359992036103e-01 5.120243985497296979e-02 3.652640707696558353e-02
2.000000000000000000e+00 3.924879644117056365e-01 2.513289053191963829e-01 5.007674499426345571e-02 3.682069831321629905e-02
6.000000000000000000e+00 3.612670642122164377e-01 1.146178173826221947e-01 4.723024345250687039e-02 3.629614462557578802e-02
9.000000000000000000e+00 6.610017765777846943e-01 7.022627843572455397e-01 5.025656676304579573e-02 3.844350595376899715e-02
6.000000000000000000e+00 6.249593647620365067e-01 6.208499638205828841e-01 4.962539647222641293e-02 3.609558776569243843e-02
1.000000000000000000e+00 6.008177187792009821e-01 4.991451995457952817e-01 4.730165451802925691e-02 3.652808353113967677e-02
2.000000000000000000e+00 5.658892372334667353e-01 3.891821879549308694e-01 4.843223168387744693e-02 3.736819295271337493e-02
3.000000000000000000e+00 5.218176393253477485e-01 2.915726583526845328e-01 4.949145660715670303e-02 3.658958292900110765e-02
1.000000000000000000e+00 5.063844080786942259e-01 1.793543306082562849e-01 4.907199012590474085e-02 3.711160722964204628e-02
3.000000000000000000e+00 7.742805498217768534e-01 6.692441370535600065e-01 4.972739547355720102e-02 3.794698140346064452e-02
8.000000000000000000e+00 7.165608208362028719e-01 5.435693381198467566e-01 4.904881388223447658e-02 3.841809443786636802e-02
8.000000000000000000e+00 7.008014163125134699e-01 3.979304111248790354e-01 4.842805525418047985e-02 3.610658765799273917e-02
7.000000000000000000e+00 6.606121921568995914e-01 3.172253924816793580e-01 5.150667217036142276e-02 3.732154635060519476e-02
3.000000000000000000e+00 8.707208996949551416e-01 5.692750864356637130e-01 4.841846711276354132e-02 3.709328387963362061e-02
2.000000000000000000e+00 8.335737928128890140e-01 4.667704282908805569e-01 4.903975514739888908e-02 3.646573120045298877e-02
5.000000000000000000e+00 8.116601838389416734e-01 3.538794600734307405e-01 4.656907345541350107e-02 3.492677568008339950e-02
1.500000000000000000e+01 7.928703678094466412e-01 2.401089563498387258e-01 4.816505782918001355e-02 3.677458111768955318e-02
