1.500000000000000000e+01 3.446552724073080887e-01 1.940455250018629785e-01 2.992415138652498863e-02 3.842348302388259862e-02
1.100000000000000000e+01 8.943174912699345391e-01 5.484991850410105840e-01 2.447733952824859838e-02 3.263581921979230582e-02
1.200000000000000000e+01 7.544933770990298605e-01 5.713194687542997308e-01 3.323546823171275033e-02 3.636903676799774221e-02
6.000000000000000000e+00 5.586337172767298354e-01 7.583407616035037213e-01 3.879725753382956555e-02 5.393392342924840932e-02
0.000000000000000000e+00 2.973343965568070457e-01 7.726013742770891923e-01 3.546593002996673016e-02 4.728826071268821263e-02
5.000000000000000000e+00 1.968854734542911100e-01 7.734133430850368418e-01 3.327263886863723874e-02 5.097016601322934548e-02
0.000000000000000000e+00 1.412663227799930421e-01 6.848059228884981753e-01 3.310478409768306818e-02 4.617822811316119047e-02
8.000000000000000000e+00 2.446830417624645815e-01 6.755520273215713800e-01 3.386499349240926215e-02 4.669744322051838648e-02
1.000000000000000000e+00 5.292224088883749067e-01 1.492863628098782258e-01 2.993521873406046474e-02 4.285391551897357876e-02
3.000000000000000000e+00 3.547385622649812387e-01 6.708157894811954680e-01 3.309486261188737677e-02 4.515544869294141339e-02
3.000000000000000000e+00 4.836030818257535113e-01 6.422454597662977660e-01 3.579476440143641858e-02 5.027935112337811319e-02
1.500000000000000000e+01 5.658139664166685900e-01 6.355733863340279344e-01 3.809677268880851120e-02 4.773838874149083367e-02
1.000000000000000000e+00 1.137684637578353225e-01 5.520727365375242002e-01 3.233521217410742499e-02 4.494757260463677628e-02
7.000000000000000000e+00 1.976325473607807859e-01 5.464458287511709811e-01 3.140589035529797735e-02 4.126315199783769927e-02
2.000000000000000000e+00 3.119832607252470691e-01 5.008184387346001909e-01 3.279663113322400791e-02 4.556368289862366971e-02
8.000000000000000000e+00 4.352442927957134167e-01 5.001389287489865776e-01 3.325517146406742341e-02 4.494198303517443760e-02
7.000000000000000000e+00 5.265611589716578944e-01 4.988703619855837657e-01 3.463369903271817929e-02 4.434370346777227745e-02
2.000000000000000000e+00 6.572303129551193557e-01 4.824941252183481133e-01 3.832091442424856442e-02 4.681513160554812147e-02
7.000000000000000000e+00 6.637401211858973138e-01 3.609091255511657770e-01 3.855852702209283667e-02 4.525030368671734138e-02
3.000000000000000000e+00 5.546394388867855740e-01 3.947460454309503763e-01 3.591734365974574850e-02 4.964691928656123077e-02
6.000000000000000000e+00 4.311272255386051078e-01 3.963798346630228453e-01 4.054718404540580412e-02 4.615676416642583435e-02
0.000000000000000000e+00 2.712377447813935083e-01 4.190880335346682806e-01 3.193446799150462256e-02 4.521891825418633548e-02
9.000000000000000000e+00 1.883638953304734298e-01 4.282251350476793395e-01 3.589498538189631049e-02 3.993414801462319419e-02
6.000000000000000000e+00 2.072184354059235512e-01 3.387547551957730274e-01 2.993527462975509312e-02 4.284455299012418505e-02
1.000000000000000000e+00 3.106392487480262865e-01 2.918182460893501418e-01 3.324530587396640202e-02 4.064908189670440875e-02
5.000000000000000000e+00 3.949446987296421074e-01 3.089265068472982212e-01 3.601619519568732830e-02 4.508141484541261512e-02
8.000000000000000000e+00 4.545591618642349507e-01 1.810217582849814044e-01 3.323952066957286400e-02 4.139800036111662696e-02
5.000000000000000000e+00 5.119509047542790681e-01 2.679596439527358598e-01 3.603044859781617815e-02 4.804033728384676794e-02
2.000000000000000000e+00 6.049450609866368067e-01 2.551513551386276890e-01 3.654058065479715012e-02 4.140666419378327689e-02
9.000000000000000000e+00 2.554462887713083163e-01 1.980503537041674034e-01 2.771126878423002537e-02 3.842379045020299921e-02
