1.500000000000000000e+01 3.874861050121286565e-01 5.541036441884071850e-01 3.803534774722283629e-02 4.820455272308721284e-02
1.600000000000000000e+01 7.930714619594578796e-01 4.613593744899725513e-01 2.218701971051117994e-02 3.085136815340477900e-02
1.400000000000000000e+01 8.827323171149359382e-01 5.960873995508801926e-01 2.628417668165516918e-02 3.568071528802130299e-02
8.000000000000000000e+00 6.427201683483581007e-01 3.626970234499328205e-01 3.647223128361076760e-02 4.545009501046143319e-02
0.000000000000000000e+00 6.185555087004657171e-01 5.021048188134180634e-01 3.708125372659865082e-02 4.944200823593070115e-02
3.000000000000000000e+00 5.721296650394064320e-01 6.347945457279833281e-01 3.922797929802257499e-02 5.484046260828601138e-02
1.000000000000000000e+00 5.348338004657509082e-01 8.147606215308479394e-01 3.716220613865006683e-02 5.211366223394242603e-02
5.000000000000000000e+00 4.689567836060455353e-01 6.701224756776912317e-01 3.760334909926504876e-02 5.012856098623341694e-02
7.000000000000000000e+00 5.192410363327820688e-01 5.390014752345032578e-01 3.811843196222519659e-02 5.082459464965927154e-02
9.000000000000000000e+00 5.446068547432771911e-01 3.907401479412632161e-01 3.750828751768409131e-02 4.683254117399593408e-02
2.000000000000000000e+00 5.728834537327748277e-01 2.701947694864880734e-01 3.546102738393686060e-02 4.473624957238109268e-02
7.000000000000000000e+00 5.013800759352536884e-01 1.795379135523799685e-01 3.300230123065239773e-02 4.527329561574180983e-02
6.000000000000000000e+00 4.752243964814600874e-01 3.002019156213497908e-01 3.290541639654787076e-02 4.194431700788386896e-02
0.000000000000000000e+00 4.405738188693198998e-01 4.185933596447227734e-01 3.551306020595884627e-02 4.606267980838030240e-02
6.000000000000000000e+00 3.563147700658367834e-01 6.851995959469237008e-01 3.664743182611718275e-02 5.139945214535723839e-02
3.000000000000000000e+00 3.213740568771009665e-01 8.404051451271172812e-01 3.922048993765597791e-02 5.483103779524045596e-02
2.000000000000000000e+00 4.106413419378127649e-01 2.174700231317039933e-01 3.567171122555823359e-02 4.147512400844302616e-02
5.000000000000000000e+00 3.367796290759651479e-01 4.495431413593482528e-01 3.456482864344939676e-02 4.456343328317469155e-02
8.000000000000000000e+00 2.926051095811115776e-01 5.910228247906695875e-01 3.889614733871205043e-02 5.033815087634052610e-02
7.000000000000000000e+00 2.520158338488293626e-01 7.248274285484093138e-01 3.891881177008338355e-02 5.112001765857376867e-02
3.000000000000000000e+00 2.079614666952865343e-01 8.671149250478777937e-01 3.601880240598995253e-02 5.336340366379155320e-02
8.000000000000000000e+00 1.576744931147838480e-01 7.556519247646189541e-01 3.416640589196623390e-02 5.089320504462746531e-02
1.000000000000000000e+00 1.994425156286468992e-01 6.043131575866920180e-01 3.530086166224102873e-02 4.935034070904753545e-02
0.000000000000000000e+00 2.466874624984806696e-01 4.750405986020533877e-01 3.461057825677441024e-02 4.614775557613920443e-02
5.000000000000000000e+00 2.811272580938635191e-01 3.634455527610214731e-01 3.465756207180775705e-02 4.773378892147217556e-02
0.000000000000000000e+00 3.107253224624882959e-01 2.468245430382228212e-01 3.390234282645920860e-02 4.215962910591150581e-02
2.000000000000000000e+00 2.375906946570468525e-01 2.627715651365434280e-01 3.257038673281134611e-02 4.184078431457743941e-02
9.000000000000000000e+00 1.929373609994351757e-01 3.785454496617804421e-01 3.171037254240921532e-02 4.070349549038132508e-02
1.500000000000000000e+01 1.477214838131700181e-01 4.923043456229393433e-01 3.433860508031846837e-02 4.578543322462502729e-02
6.000000000000000000e+00 1.045349427858423136e-01 6.344075112922634707e-01 3.268483089122098395e-02 4.570030135678848637e-02
