0 0.235023 0.286547 0.038578 0.047615
11 0.805352 0.681432 0.025938 0.040281
12 0.774164 0.929490 0.028734 0.033250
15 0.574824 0.813932 0.043227 0.055740
8 0.339617 0.823115 0.039328 0.052438
0 0.162707 0.686349 0.038164 0.054177
1 0.281934 0.674031 0.039398 0.051437
9 0.416754 0.694281 0.038164 0.053625
7 0.505812 0.682516 0.036531 0.053073
5 0.628113 0.669109 0.040633 0.053635
5 0.674121 0.528859 0.038992 0.050344
7 0.560645 0.527760 0.039398 0.049250
6 0.461527 0.553755 0.036523 0.049802
0 0.319609 0.546531 0.036938 0.051979
2 0.237117 0.543411 0.037281 0.050781
6 0.096602 0.539531 0.036813 0.047812
9 0.724398 0.391505 0.038984 0.050885
6 0.638211 0.406557 0.036531 0.050344
1 0.513645 0.399469 0.037055 0.047875
2 0.399211 0.406115 0.037906 0.049021
3 0.295754 0.425016 0.037055 0.050177
1 0.181879 0.411688 0.037617 0.049708
3 0.707832 0.270354 0.038477 0.050354
8 0.574488 0.295661 0.038992 0.049615
8 0.427313 0.274115 0.036578 0.049083
7 0.341234 0.293474 0.037766 0.052260
3 0.622230 0.148844 0.037617 0.049021
2 0.514898 0.159604 0.036938 0.049708
5 0.399422 0.152552 0.035391 0.047188
15 0.283520 0.142167 0.037289 0.048771
