0.000000000000000000e+00 5.042654024036705707e-01 6.699491767819099053e-01 4.539610929254112026e-02 3.886576298779298444e-02
1.300000000000000000e+01 6.568320791409789638e-01 1.794874783444641575e-01 3.942698079452455762e-02 3.265263030019527335e-02
1.000000000000000000e+01 7.230528661207388241e-01 2.137001939201806644e-01 3.608576570696686581e-02 3.346991768951879109e-02
5.000000000000000000e+00 8.162638827945247755e-01 4.519350284970184428e-01 5.939741231518302911e-02 4.186999137620051048e-02
0.000000000000000000e+00 8.378551350905110162e-01 5.707899758250631894e-01 5.697992153768594026e-02 3.782389042743627972e-02
6.000000000000000000e+00 7.875430181838167787e-01 6.476120217356102771e-01 5.183766737784123446e-02 3.566088956482316163e-02
6.000000000000000000e+00 7.591698166471130271e-01 7.447226660317214364e-01 5.286298066291428288e-02 3.579156621418244644e-02
2.000000000000000000e+00 6.934084678495211485e-01 7.945289896797137486e-01 5.095321687527876175e-02 3.759162480306432741e-02
0.000000000000000000e+00 7.042675394445094827e-01 5.572513792626055951e-01 5.185744045984097550e-02 3.996259709012695005e-02
1.000000000000000000e+00 6.418170107489222787e-01 4.087712892679905563e-01 5.219178530092805079e-02 3.646551237683276492e-02
7.000000000000000000e+00 6.389969498267438208e-01 4.951286316164220658e-01 5.159614163242276508e-02 3.691857741686860317e-02
2.000000000000000000e+00 5.641429792307763869e-01 4.050602957585171526e-01 4.897857776901604066e-02 3.888169584312339833e-02
8.000000000000000000e+00 4.889030522367115994e-01 5.289368160806475760e-01 4.753623220903890889e-02 3.694249031768936931e-02
9.000000000000000000e+00 6.450051887183578803e-01 7.171167472306888557e-01 4.838974301304510561e-02 3.693726107286288141e-02
1.500000000000000000e+01 5.036829952611321382e-01 5.884863395018481436e-01 4.537693539484433103e-02 3.725706207677648152e-02
2.000000000000000000e+00 5.427286497180827674e-01 8.045519812867836240e-01 4.466014755452785145e-02 3.618136283894912708e-02
3.000000000000000000e+00 4.858756735456872811e-01 8.073199948815493743e-01 4.800125369948510246e-02 3.510806033833380191e-02
3.000000000000000000e+00 4.317866256205369346e-01 4.402850608576898694e-01 4.320058906366380791e-02 3.617784944008139991e-02
8.000000000000000000e+00 4.248501957722399247e-01 4.026007939906829924e-01 4.586908359282743097e-02 3.531526916457938814e-02
6.000000000000000000e+00 3.476481853066256122e-01 2.709629304488935242e-01 5.043748260427682872e-02 4.372397655235452096e-02
5.000000000000000000e+00 3.636372005475964064e-01 4.467419526140173902e-01 4.323790190435211622e-02 3.778573328159379185e-02
7.000000000000000000e+00 3.300011453922394034e-01 5.674926646055269419e-01 4.610674187592656015e-02 3.886745159810145456e-02
1.000000000000000000e+00 3.628692913919719931e-01 7.365525157034998882e-01 4.302726138618934160e-02 3.562183364252602402e-02
5.000000000000000000e+00 3.692996828607158499e-01 7.940487162251905762e-01 4.141055319403241786e-02 3.150511065295535928e-02
1.000000000000000000e+00 2.852768170281627103e-01 6.666479708644040825e-01 4.081608065848307820e-02 3.194458510357289782e-02
8.000000000000000000e+00 2.781523250156668903e-01 6.027430039801786599e-01 4.260791408102354572e-02 3.195613301923116989e-02
7.000000000000000000e+00 2.141290464672443994e-01 3.184343281927802805e-01 4.143345837579795465e-02 3.553963645041136044e-02
3.000000000000000000e+00 1.530249529896754168e-01 4.227303497972694224e-01 4.324814250880376632e-02 3.958660893997983932e-02
1.500000000000000000e+01 1.708116164644910562e-01 6.333662787529850124e-01 4.250485438090359502e-02 3.224744553310099349e-02
9.000000000000000000e+00 9.524046311128009368e-02 4.784695785285956182e-01 4.052762788787771242e-02 3.449169034007404377e-02
