6.000000000000000000e+00 4.110813084722833577e-01 5.074333003763115135e-01 4.000140886281400299e-02 5.119049616235388234e-02
1.400000000000000000e+01 6.939503530155750610e-01 7.014538889995718396e-01 3.305563575955128286e-02 4.239039113386355861e-02
1.200000000000000000e+01 7.307391784110359723e-01 6.967126689715752441e-01 2.725147466735167168e-02 3.460055414415197372e-02
8.000000000000000000e+00 7.327882444839186604e-01 3.681801155955010119e-01 4.108490094532102344e-02 5.549823102918871598e-02
3.000000000000000000e+00 6.612995840937020420e-01 2.500920359221569522e-01 4.107812911980546211e-02 4.830322530422972993e-02
9.000000000000000000e+00 6.447929944147821057e-01 3.816609211417816838e-01 4.216232782758366771e-02 5.334211122771936875e-02
3.000000000000000000e+00 6.477450098133799017e-01 5.137954451696423730e-01 4.325000077627849659e-02 5.478253740034144670e-02
0.000000000000000000e+00 6.232767554329684545e-01 6.496749800853456325e-01 4.487052806489777446e-02 5.623471121809731077e-02
5.000000000000000000e+00 5.059269225117107860e-01 8.179304066924251160e-01 4.271434937798912479e-02 5.912904832893328688e-02
9.000000000000000000e+00 5.303271200456899370e-01 5.149131644137231456e-01 3.784484742055016504e-02 5.262553431728295150e-02
2.000000000000000000e+00 4.735975355959954891e-01 6.535815578971762019e-01 4.001465808664900203e-02 5.693509463273516147e-02
6.000000000000000000e+00 6.110374757668266543e-01 1.089292846740866350e-01 3.838806559778529248e-02 4.901906614667517204e-02
7.000000000000000000e+00 5.342879902325243791e-01 2.459188690054062709e-01 3.676064871277207047e-02 4.757672619727693064e-02
8.000000000000000000e+00 4.926356839157893797e-01 3.669188925359272435e-01 3.892984108175845392e-02 5.117783579291151907e-02
8.000000000000000000e+00 4.743662555629025168e-01 1.278774118786015768e-01 3.892097882314882185e-02 5.017039425521742368e-02
5.000000000000000000e+00 4.214919597074373581e-01 2.737116039091374575e-01 3.814021678391182890e-02 4.775364749955371413e-02
1.500000000000000000e+01 3.257985131134480961e-01 6.384816235914588800e-01 3.762806067588980730e-02 5.189497211502080987e-02
3.000000000000000000e+00 3.661538381876146553e-01 1.375228321091251094e-01 3.438744773944579780e-02 4.843618862609384845e-02
1.000000000000000000e+00 3.268610419795762168e-01 2.473082562235439097e-01 3.827373951744900138e-02 5.016930487459095311e-02
0.000000000000000000e+00 3.216175733187142116e-01 3.825174687413548935e-01 3.762885562931989059e-02 5.276921478909379903e-02
6.000000000000000000e+00 2.773029532432136346e-01 5.102385143748175977e-01 3.892180321929855635e-02 5.104463692929028795e-02
2.000000000000000000e+00 2.543113543019328571e-01 3.749828706881448426e-01 3.892018386971873856e-02 4.930704538740887655e-02
1.500000000000000000e+01 2.536820897765692528e-01 1.559752322431734728e-01 3.503224329941603821e-02 4.584711363241616988e-02
1.000000000000000000e+00 1.783718527061036174e-01 2.607093308850574886e-01 3.676135533804306132e-02 4.829601183791953911e-02
2.000000000000000000e+00 1.776103462055068083e-01 6.423771603834269595e-01 3.785020599552332832e-02 5.838090882305024820e-02
7.000000000000000000e+00 1.508894882313873143e-01 4.990147288301898243e-01 3.730239475402535865e-02 4.973652633870045969e-02
0.000000000000000000e+00 1.272542272748422298e-01 3.716616877494243187e-01 3.622025703662146157e-02 4.685649838960609381e-02
7.000000000000000000e+00 1.441163525146946234e-01 7.689249430822204801e-01 3.698644492963995556e-02 5.794827750075770556e-02
1.000000000000000000e+00 1.010126231695545052e-01 6.331437174073729635e-01 3.827691933116940393e-02 5.362278867398395654e-02
5.000000000000000000e+00 4.602573857359785331e-02 4.697041186798410761e-01 3.641522672603346444e-02 4.956039998985384276e-02
