8.000000000000000000e+00 1.966373810521853116e-01 4.538993999547414337e-01 3.664515845318108700e-02 3.760464824528164662e-02
1.400000000000000000e+01 4.677893016314046970e-01 9.535638372289547693e-01 3.546201457763775711e-02 3.498921076351535486e-02
1.400000000000000000e+01 2.680689599433740966e-01 8.423085299952807192e-01 3.368191064819597846e-02 3.203187773262450300e-02
3.000000000000000000e+00 7.547778948073009531e-01 4.363889273137128155e-01 4.142113597347896192e-02 3.952414098339968040e-02
6.000000000000000000e+00 6.942566298867538510e-01 3.472666372202281027e-01 4.041394987521262916e-02 4.135909836574230836e-02
7.000000000000000000e+00 6.436544951383574853e-01 2.609294765063808197e-01 3.927793513571664619e-02 3.856486725610622224e-02
6.000000000000000000e+00 5.736967078004042708e-01 1.658106858054276267e-01 3.773544847787591028e-02 3.749564355010295835e-02
8.000000000000000000e+00 6.995601026254699706e-01 5.356470200687115657e-01 3.853839931723723744e-02 4.114738186289146338e-02
1.500000000000000000e+01 6.371017897012285491e-01 4.438672813925313987e-01 3.890338679261995392e-02 3.937662273635655907e-02
3.000000000000000000e+00 5.235496595519484320e-01 2.680086913662453885e-01 4.039558436660961593e-02 3.921017181059188728e-02
1.000000000000000000e+00 4.759296377670064748e-01 1.689229237989541277e-01 3.927796214381745754e-02 3.856486725610622224e-02
1.000000000000000000e+00 6.263709310569284261e-01 6.642146280031582251e-01 3.801676485671179329e-02 3.943501425047357678e-02
2.000000000000000000e+00 5.764160454462815553e-01 5.535351334803884082e-01 3.670190247314408793e-02 4.000591148701648780e-02
9.000000000000000000e+00 5.236620672678389266e-01 4.609394800764212707e-01 3.918281260439371305e-02 3.823720497614885305e-02
2.000000000000000000e+00 4.611713581265838857e-01 3.568096255713297804e-01 3.562300986702338079e-02 3.657553156909520986e-02
5.000000000000000000e+00 4.053899743994998639e-01 2.668541625735915690e-01 3.570967886276865677e-02 3.476455738033989995e-02
1.500000000000000000e+01 3.715376156266080310e-01 1.721657189521669240e-01 3.585455031592493791e-02 4.010127709124736151e-02
5.000000000000000000e+00 5.132126735469294543e-01 6.467379019841874577e-01 3.603780028044112349e-02 3.792742205897858820e-02
7.000000000000000000e+00 4.603019268468899750e-01 5.438437896311161257e-01 3.583013499272341695e-02 3.725535247651401427e-02
0.000000000000000000e+00 4.088538713706215133e-01 4.495510551998328497e-01 3.778109216837444162e-02 3.660262069428454890e-02
0.000000000000000000e+00 3.547134593412615278e-01 3.535059541587184384e-01 3.432427131968501799e-02 3.526944681831567507e-02
3.000000000000000000e+00 3.138418436924734767e-01 2.641184175064255069e-01 3.551865056519720731e-02 3.409348709760834373e-02
5.000000000000000000e+00 2.606839863733712570e-01 1.766982184429714275e-01 3.655046805147235678e-02 3.441374915792266842e-02
6.000000000000000000e+00 4.082368037856128895e-01 6.498038075806429337e-01 3.683740211529246134e-02 3.754358292917692186e-02
9.000000000000000000e+00 3.486065766254691223e-01 5.409051732141396673e-01 3.430871465357426819e-02 3.714089214495630564e-02
8.000000000000000000e+00 3.041537948315093942e-01 4.462807522958669448e-01 3.387504557763670876e-02 3.576520751819173283e-02
7.000000000000000000e+00 2.501998062185197824e-01 3.469252143128690458e-01 3.478551566662796413e-02 3.477865560900272879e-02
1.000000000000000000e+00 2.115929413655347480e-01 2.785733556617392415e-01 3.289278795648867271e-02 3.455664901971416958e-02
2.000000000000000000e+00 1.454973124543781915e-01 3.609790281538136636e-01 3.529445631973676667e-02 3.647290078572573702e-02
0.000000000000000000e+00 3.058397620253106575e-01 6.394315895080171508e-01 3.619080117196427082e-02 3.783489230534076153e-02
