3.000000000000000000e+00 6.090182358553168918e-01 5.450074976929377701e-01 3.678514710687974532e-02 5.077535936754962176e-02
8.000000000000000000e+00 6.901867246424258084e-01 4.323119321777281199e-01 3.576266772438041475e-02 4.883213940786690355e-02
6.000000000000000000e+00 7.787030257891691676e-01 3.317500286043870705e-01 3.585635988849333877e-02 5.069366401395725141e-02
5.000000000000000000e+00 4.985569592574772280e-01 8.856531578133371996e-01 3.706130783295652487e-02 4.710696879452047625e-02
0.000000000000000000e+00 6.514226597494365834e-01 6.770920303963330333e-01 3.615622163047627069e-02 4.764015387086850684e-02
7.000000000000000000e+00 7.149026707185988094e-01 5.851891174212222602e-01 3.576266772438041475e-02 4.883216866838024917e-02
2.000000000000000000e+00 8.009167297959223220e-01 4.752118536068534738e-01 3.721826122717919461e-02 5.019310441012203583e-02
1.500000000000000000e+01 8.827535872315845911e-01 3.552271430615052683e-01 3.487367480430592082e-02 4.936564634986290168e-02
8.000000000000000000e+00 6.156674827165029562e-01 9.078949811735297359e-01 3.537145465936164523e-02 5.003015261063903374e-02
7.000000000000000000e+00 6.762247780377623751e-01 8.139425740538333010e-01 3.526535603753988557e-02 4.817679168780519827e-02
5.000000000000000000e+00 7.569764800710844233e-01 7.072447846977820696e-01 3.470882107144723783e-02 4.627760880088616080e-02
7.000000000000000000e+00 8.219302553219071106e-01 5.987751542094088553e-01 3.668729994985509002e-02 4.891661451023854301e-02
5.000000000000000000e+00 9.029231810282296600e-01 4.921618106952158067e-01 3.295740377752343075e-02 4.797553787619707188e-02
6.000000000000000000e+00 7.006164591037231659e-01 9.294578143187812724e-01 3.337887221346436117e-02 4.739003500177485506e-02
1.000000000000000000e+00 7.791928467845629092e-01 8.442145356871364470e-01 3.285270966034792295e-02 4.610227980420733562e-02
0.000000000000000000e+00 8.532579948020317939e-01 7.454307496262555510e-01 3.433340868369938459e-02 4.808579149093084038e-02
1.000000000000000000e+00 1.802420598279451669e-01 2.587374690377722830e-01 3.870232520957936351e-02 4.240854962651810500e-02
1.000000000000000000e+00 3.154250321928537826e-01 3.037194223024556328e-01 3.411623715276662638e-02 4.375921492803375168e-02
8.000000000000000000e+00 3.253484719896769795e-01 5.901674426610248325e-01 3.866653960161242631e-02 5.155480092521391722e-02
3.000000000000000000e+00 4.003554720447942694e-01 4.671071888059492583e-01 3.869986732644831173e-02 5.218586241910011525e-02
3.000000000000000000e+00 4.742568343381463603e-01 3.600594437088640021e-01 3.867385472997841855e-02 5.155547391702353099e-02
2.000000000000000000e+00 5.576075429589151256e-01 2.518826670694989112e-01 4.058918942032985200e-02 5.297188759229384813e-02
1.000000000000000000e+00 9.139242855359460682e-01 6.327197491901934701e-01 3.328553117551291685e-02 4.552859817722498814e-02
0.000000000000000000e+00 3.532255483774609517e-01 7.321988528325282797e-01 3.950807196884797978e-02 4.980104279021280167e-02
1.500000000000000000e+01 4.358600181496486425e-01 6.172780984196363230e-01 3.866706629085481239e-02 5.156492506287246869e-02
1.000000000000000000e+00 5.028310570894758413e-01 5.050689743105152285e-01 3.725112078379994029e-02 5.081626556537294226e-02
2.000000000000000000e+00 5.804457248440251238e-01 4.000046531186131071e-01 3.622176518063646711e-02 4.888202858332363343e-02
9.000000000000000000e+00 3.936976664834198614e-01 8.649706564761749927e-01 3.768473233282859658e-02 5.024603667897920012e-02
6.000000000000000000e+00 4.640414916590024919e-01 7.525739432152338537e-01 3.665493782196327377e-02 4.830489421575234754e-02
9.000000000000000000e+00 5.411473629751764047e-01 6.500702388171128998e-01 3.767689051522005173e-02 5.023614662542819076e-02
