1.000000000000000000e+00 5.784762559160556705e-01 9.206654588721968624e-01 3.186588966748760132e-02 4.061458481335367132e-02
1.300000000000000000e+01 2.729321543510866976e-01 2.650105765540422542e-01 3.350276240355609669e-02 3.740570969686468628e-02
1.000000000000000000e+01 3.660879623210875344e-01 2.536553796839368102e-01 2.606290455440402054e-02 2.916506184155925885e-02
5.000000000000000000e+00 5.214185933761494862e-01 2.160754003134854606e-01 4.035299070276898714e-02 5.448405645112974760e-02
3.000000000000000000e+00 7.558912614650162842e-01 3.383804249651064522e-01 3.781993197199073897e-02 5.379266576291497071e-02
2.000000000000000000e+00 8.451456389433438243e-01 4.178369139379077835e-01 3.416731111997661774e-02 4.623092206807744020e-02
1.500000000000000000e+01 4.155455277533802727e-01 3.335972180942575749e-01 4.111938181469548814e-02 5.146497113924497491e-02
2.000000000000000000e+00 5.089272579097949833e-01 3.849495260834740473e-01 3.944732469783934770e-02 5.259073589573914909e-02
8.000000000000000000e+00 6.424306800624829394e-01 4.420795211013584525e-01 3.802973814103061123e-02 5.138024693362186479e-02
2.000000000000000000e+00 7.581465829820925872e-01 5.160924798628743204e-01 3.589142703581227334e-02 4.738558731287095815e-02
7.000000000000000000e+00 8.527518303432413127e-01 5.677970244032499725e-01 3.441861264803636189e-02 4.869214940713173512e-02
6.000000000000000000e+00 8.545848851193762474e-01 6.981748465577957141e-01 3.320777157125387458e-02 4.380750642692921026e-02
1.500000000000000000e+01 7.268235457855444226e-01 6.461545364198644226e-01 3.510149841279663896e-02 4.774257741201171079e-02
3.000000000000000000e+00 6.668971508958425609e-01 6.056258675848473771e-01 3.334915915224889726e-02 4.727085210346537725e-02
9.000000000000000000e+00 5.625628128176214382e-01 5.344334556354666255e-01 3.608492758727388505e-02 4.857589739609136092e-02
0.000000000000000000e+00 4.480465645627347282e-01 5.066410180165297206e-01 3.580729871654575458e-02 4.680237708413781395e-02
3.000000000000000000e+00 3.207982833820082202e-01 4.230349795988546657e-01 4.270565838193285391e-02 5.273981582788422884e-02
8.000000000000000000e+00 2.732047317306545153e-01 5.306403952034792759e-01 3.957562986473078803e-02 4.902980028542391899e-02
6.000000000000000000e+00 3.611541045449714882e-01 5.721309600469022261e-01 3.717900202388979558e-02 4.443567898984845943e-02
6.000000000000000000e+00 4.667862289365640738e-01 6.189112893358427181e-01 3.669915099229803523e-02 4.705996250468635900e-02
1.000000000000000000e+00 6.410617936724615218e-01 7.229709238036321484e-01 3.251329310828166008e-02 4.475409899026561167e-02
0.000000000000000000e+00 7.483140247249049359e-01 7.624676258118457950e-01 3.365663651229811038e-02 4.394141834272224933e-02
5.000000000000000000e+00 6.763211477982925546e-01 8.559597032872209299e-01 2.972270312844194073e-02 3.775633464628636027e-02
9.000000000000000000e+00 5.720827474234977394e-01 8.119987019519586680e-01 3.474548340042138417e-02 4.258848545561400023e-02
1.000000000000000000e+00 4.806923069566612083e-01 7.487112642388655814e-01 3.472766098120771971e-02 4.536276981787512597e-02
8.000000000000000000e+00 3.781390054842110882e-01 7.049925719648257871e-01 3.490688734585228881e-02 4.655481338867872854e-02
0.000000000000000000e+00 2.791553883172219752e-01 6.595131167640142511e-01 3.706283127007981015e-02 4.941734310321665991e-02
7.000000000000000000e+00 3.088451145529700348e-01 7.958013460903079483e-01 3.573191909242529052e-02 4.343827357173279946e-02
5.000000000000000000e+00 3.956494917329179684e-01 8.440798961944137035e-01 3.500166036230861755e-02 4.433123636296776304e-02
7.000000000000000000e+00 5.042932528569368245e-01 8.958490673187460285e-01 3.097168093205238115e-02 4.035510339076087138e-02
