2.000000000000000000e+00 8.136205907188631681e-01 7.315432180009834306e-01 3.565488599112354162e-02 4.267972008398168704e-02
6.000000000000000000e+00 8.977392384632454370e-01 6.369381001948222210e-01 3.553574577081430874e-02 4.737282677519272234e-02
7.000000000000000000e+00 8.804391078337263643e-01 5.033944901269231664e-01 3.857124682357726542e-02 5.220312523524450743e-02
1.500000000000000000e+01 8.303202558217328555e-01 6.178974155817167357e-01 3.664286795715387957e-02 4.924787959169141249e-02
0.000000000000000000e+00 8.009684675019281830e-01 4.724832255701967854e-01 3.832497635328102614e-02 4.953806563251372808e-02
0.000000000000000000e+00 8.717598641142909610e-01 3.697610070214981670e-01 3.773211615117677553e-02 5.030972494318919352e-02
3.000000000000000000e+00 6.900574746852108365e-01 9.095395653311053596e-01 3.343525574658745558e-02 4.555607158264085577e-02
1.000000000000000000e+00 7.196960754777512737e-01 8.163641301686529461e-01 3.504468446534769743e-02 4.510016640775704744e-02
6.000000000000000000e+00 7.270404811650253984e-01 6.687046826322224913e-01 3.920121627463024616e-02 5.129208429574250161e-02
6.000000000000000000e+00 7.081575552490058101e-01 5.441764597915804691e-01 3.602864182383669345e-02 4.966330194954005073e-02
7.000000000000000000e+00 7.607702434870018404e-01 3.278501349414531529e-01 3.971660278156086132e-02 5.574543091120975902e-02
8.000000000000000000e+00 5.904678212535108273e-01 8.860036604284795558e-01 3.605935904904311595e-02 4.651830789748701012e-02
0.000000000000000000e+00 6.141187529907965459e-01 7.842756087206361748e-01 3.601763333850260818e-02 4.607145808957135991e-02
8.000000000000000000e+00 6.267928044002921695e-01 6.535428910934417690e-01 3.614174513283352486e-02 4.740579304579006781e-02
5.000000000000000000e+00 6.656413644390994921e-01 4.397763646032137874e-01 3.693737453254286596e-02 5.053800305035860418e-02
2.000000000000000000e+00 4.929013765034304662e-01 8.213752992264515829e-01 3.639804752928083031e-02 4.826090377754632676e-02
2.000000000000000000e+00 5.422319529022887608e-01 7.367613880128460746e-01 3.537375531726949518e-02 4.716508600356594805e-02
8.000000000000000000e+00 5.330340674786464561e-01 6.245969962812772946e-01 3.657829668027501313e-02 4.683435796030366305e-02
5.000000000000000000e+00 5.582271933145878107e-01 4.956872779068647872e-01 3.717908772665223793e-02 4.730073895187614230e-02
1.000000000000000000e+00 5.904766102861566113e-01 3.828207845118726249e-01 3.682942035378289347e-02 4.942410413514408685e-02
1.000000000000000000e+00 4.157850576016470789e-01 6.937536032288278420e-01 3.484475616718385460e-02 4.762791587083703426e-02
5.000000000000000000e+00 3.499107252530981871e-01 7.878730751940818955e-01 3.976714711744949726e-02 4.789117255237440585e-02
9.000000000000000000e+00 3.518753107910436162e-01 6.445700581723952105e-01 3.651754286202008037e-02 4.609892011750149621e-02
7.000000000000000000e+00 4.685378672860324167e-01 4.589369440505423614e-01 3.699549460027434789e-02 5.212556276196333993e-02
3.000000000000000000e+00 5.404957194532691300e-01 2.356637766750241947e-01 3.811232319303747840e-02 5.081617445396147126e-02
9.000000000000000000e+00 4.621485808686502939e-01 3.255760985133507868e-01 3.912022104785772836e-02 5.216054133633124534e-02
3.000000000000000000e+00 3.533699198240614625e-01 5.446104959593085493e-01 3.714348770553155266e-02 4.758015324898445808e-02
1.500000000000000000e+01 2.918881210873198739e-01 5.938556530223688679e-01 3.614171554013106968e-02 4.740579304579006781e-02
1.300000000000000000e+01 3.943904510600109159e-01 1.826311088029928253e-01 2.582963527424925188e-02 3.599910830673078155e-02
1.600000000000000000e+01 3.700247815753294756e-01 1.576620589104644754e-01 2.438074696661074459e-02 3.755485586313625501e-02
