3.000000000000000000e+00 5.484880357236854298e-01 2.000585741358594516e-01 4.982845565175986202e-02 3.778736032864243866e-02
1.000000000000000000e+01 6.660574343773745243e-01 7.922611452843539848e-01 4.256365098166314809e-02 3.104868404731819798e-02
1.000000000000000000e+01 5.271346849913476351e-01 7.927900413418039749e-01 4.696370149859718790e-02 3.318489012216518930e-02
2.000000000000000000e+00 2.837234888112591946e-01 6.657297912471822343e-01 6.159121033475195572e-02 4.549884501606638043e-02
8.000000000000000000e+00 1.339960051147204567e-01 4.162374571687053049e-01 5.879222901368746923e-02 3.784417893854907788e-02
3.000000000000000000e+00 4.329702528791393723e-01 6.738489101163764872e-01 6.066070384500588109e-02 4.305032652477935873e-02
1.000000000000000000e+00 3.804289256763908611e-01 5.603867589139566174e-01 5.576087205974794569e-02 4.147427488303290222e-02
2.000000000000000000e+00 2.647979804571478635e-01 4.653558158666654121e-01 5.107162730003217410e-02 3.726014657960430299e-02
6.000000000000000000e+00 2.310469935544276487e-01 3.420044453048102229e-01 5.126151107850721034e-02 3.774788034897952338e-02
1.500000000000000000e+01 1.610059957785486273e-01 2.456185113678783782e-01 4.782626443571366681e-02 3.516749058541643325e-02
5.000000000000000000e+00 2.316433990204008198e-01 1.707854852151268199e-01 4.562675472337282545e-02 3.421994393949975843e-02
7.000000000000000000e+00 3.354915646597506074e-01 2.651194777348359066e-01 4.735231474171219812e-02 3.551442599433055070e-02
7.000000000000000000e+00 3.696300930123234130e-01 3.559537532119719794e-01 5.164857768324365717e-02 3.873656214896431527e-02
7.000000000000000000e+00 4.685279169130526777e-01 4.556199307787596187e-01 5.357501075274762048e-02 4.053199223440467902e-02
0.000000000000000000e+00 5.296909526230069165e-01 5.762193975210727626e-01 5.397724526719660521e-02 4.153049654479357145e-02
5.000000000000000000e+00 6.121658240351375291e-01 6.748746298354265649e-01 5.742082205002885242e-02 4.411691005783091590e-02
9.000000000000000000e+00 3.882602070031355712e-01 1.912755946601819856e-01 4.443323830725381951e-02 3.449285777829674826e-02
6.000000000000000000e+00 4.806206618178115453e-01 2.844197338546685661e-01 4.730653967250841863e-02 3.664727077159996016e-02
8.000000000000000000e+00 5.229247081909351724e-01 3.645605515825282583e-01 4.718896802173228044e-02 3.509914002268732514e-02
5.000000000000000000e+00 6.063954790488172986e-01 4.530068174031872119e-01 5.237167182622459727e-02 3.928225415652508712e-02
2.000000000000000000e+00 6.730163302565985717e-01 5.789780034402551845e-01 5.359101981666591907e-02 4.106856721573404201e-02
1.000000000000000000e+00 7.602096968876042027e-01 6.732376623487706935e-01 5.840149931805449501e-02 4.453439388401214671e-02
3.000000000000000000e+00 8.178547543685158461e-01 5.642642627309946146e-01 5.213886204924311762e-02 3.994489373270937449e-02
1.500000000000000000e+01 7.411874557998171520e-01 4.530890470103132728e-01 5.015840517251657360e-02 3.677862649774993331e-02
0.000000000000000000e+00 7.000464679203577401e-01 3.551897138529696019e-01 4.825213266994687888e-02 3.744927060589331447e-02
6.000000000000000000e+00 6.112766155034994320e-01 2.864642405540717141e-01 4.829755499706434030e-02 4.082479530006960511e-02
1.000000000000000000e+00 6.825898861497734504e-01 2.251053787181881982e-01 4.671433997756468948e-02 3.880211790900936486e-02
9.000000000000000000e+00 7.362312124147520898e-01 2.940702010896679708e-01 4.260256114718652398e-02 3.571226003675143090e-02
0.000000000000000000e+00 8.176869034034335293e-01 3.940212992931912961e-01 4.901335009225860073e-02 3.927831972556211637e-02
8.000000000000000000e+00 8.681507289547032435e-01 4.837030714052464875e-01 4.824317844775538600e-02 3.911860896247199015e-02
