3.000000000000000000e+00 5.646886663496041292e-01 1.445328237411513950e-01 3.854228426918138162e-02 4.807175062218400907e-02
1.000000000000000000e+01 8.533138046147656919e-01 6.310397689709557056e-01 3.705074152519849395e-02 4.523939221291606305e-02
1.000000000000000000e+01 7.835653851306716433e-01 5.388506790213074549e-01 3.455302106100788251e-02 4.580071653524409037e-02
8.000000000000000000e+00 1.710726600940996045e-01 7.771546884244229236e-01 3.481214652693501166e-02 5.054683223660993985e-02
1.000000000000000000e+00 2.749468817137700749e-01 7.937567995356151762e-01 3.667121312407450873e-02 5.303454394616780032e-02
0.000000000000000000e+00 5.069684911552910789e-01 8.060857086018460294e-01 3.853796501494993754e-02 5.801121845961276779e-02
6.000000000000000000e+00 1.335231936449688406e-01 6.550675419568686708e-01 3.170529206426798974e-02 4.890063040318071153e-02
9.000000000000000000e+00 2.198941885689242315e-01 6.583255703176367213e-01 3.418722490954376192e-02 4.889193231879729318e-02
7.000000000000000000e+00 3.326921830525260138e-01 6.610884632036786446e-01 3.605239803852772207e-02 4.807049952785480418e-02
1.000000000000000000e+00 4.529172394449787475e-01 6.661267987947726565e-01 3.916109935472827930e-02 5.304675700985672648e-02
5.000000000000000000e+00 5.568141297023743164e-01 6.615880668724373193e-01 3.916157596209168812e-02 5.470129947214674715e-02
2.000000000000000000e+00 9.523151548509259379e-02 5.408375061798174066e-01 3.108016193115518966e-02 4.641345487690662353e-02
3.000000000000000000e+00 1.996116260331273762e-01 5.255391545114003193e-01 3.418740363730507492e-02 4.972414835133842637e-02
5.000000000000000000e+00 2.924264418750928129e-01 5.339461807354681788e-01 3.480347823051194167e-02 4.806990376865061254e-02
3.000000000000000000e+00 3.989977249887257660e-01 5.373616682539430478e-01 3.791846480631810845e-02 5.054826205870033284e-02
1.000000000000000000e+00 5.099920435872113966e-01 5.363447966560171976e-01 3.729494322305704213e-02 5.386813022487868530e-02
8.000000000000000000e+00 6.201237326457746946e-01 5.311487040276143823e-01 4.350811596510728574e-02 5.221656655861039997e-02
2.000000000000000000e+00 1.449460125373206454e-01 4.046260111319163189e-01 3.170463672914319853e-02 4.641279954178201272e-02
2.000000000000000000e+00 2.470372906921859957e-01 4.161992890113238586e-01 3.605263634220942648e-02 4.890277513631630102e-02
1.500000000000000000e+01 3.437614337510828122e-01 4.135312112026524045e-01 3.666933648258086098e-02 4.972539944566745085e-02
1.500000000000000000e+01 4.508703895466316114e-01 4.211277368171775226e-01 3.607613904282064299e-02 4.729017412201186321e-02
7.000000000000000000e+00 5.588857333956616102e-01 4.129558865390223765e-01 3.791912014144294130e-02 5.304616125065242382e-02
0.000000000000000000e+00 6.725974884528983511e-01 4.169831591844327945e-01 4.040158917000269412e-02 5.139281030677111950e-02
7.000000000000000000e+00 2.009584290784161009e-01 3.029937952319542438e-01 3.232130708155434018e-02 4.723539406317284195e-02
6.000000000000000000e+00 3.003247344205956515e-01 2.900387581359434308e-01 3.294581166750265577e-02 4.724668370009510454e-02
0.000000000000000000e+00 5.118250010372208392e-01 2.831440666520897986e-01 3.542881687934623658e-02 5.137934614875311334e-02
6.000000000000000000e+00 6.244025348272570497e-01 2.606103237048376653e-01 4.226738784615102773e-02 5.304827619582783149e-02
9.000000000000000000e+00 2.696406332084849700e-01 1.664882185468113673e-01 3.357028646549059525e-02 4.724698157969725587e-02
5.000000000000000000e+00 3.452962435072807201e-01 1.590834231382226294e-01 3.418648021053832808e-02 4.640401209351796563e-02
8.000000000000000000e+00 4.676663309149555747e-01 1.467756486297657759e-01 3.605284485793103233e-02 4.972504199014483872e-02
