5.000000000000000000e+00 5.101342570915196051e-01 4.484323210928997105e-01 5.443209526973813439e-02 4.234504811397998836e-02
3.000000000000000000e+00 5.586582642468064241e-01 8.906257014535141625e-01 4.564081914615880642e-02 4.248001756290975539e-02
2.000000000000000000e+00 4.337723496428874670e-01 8.537556537930306444e-01 4.682338918617895418e-02 3.419398853268162952e-02
2.000000000000000000e+00 3.061670948146819615e-01 7.790408017721637268e-01 4.191450896981019358e-02 3.509846442112984910e-02
8.000000000000000000e+00 1.776302187535301336e-01 7.428190676558608097e-01 4.314018535087846273e-02 3.510161001899014810e-02
3.000000000000000000e+00 6.750726469244598960e-01 8.524336289145391099e-01 5.051847639117379440e-02 3.696560975844176422e-02
8.000000000000000000e+00 5.446031796149592985e-01 7.732389212743553397e-01 4.562095527818932350e-02 3.971037689876533161e-02
6.000000000000000000e+00 3.975059218236534075e-01 7.295979159678551706e-01 5.050283577959091552e-02 3.420680393137132125e-02
3.000000000000000000e+00 2.866026994119365012e-01 6.832339879506167390e-01 4.438228874299460225e-02 3.602513425003683878e-02
7.000000000000000000e+00 1.408265490330795067e-01 6.335048818669308801e-01 4.314997165533258905e-02 3.510848373283304014e-02
1.500000000000000000e+01 8.260074904164210752e-01 7.926190661950269778e-01 5.664720780738785599e-02 3.790713379946664130e-02
0.000000000000000000e+00 6.585536271390355356e-01 7.421141916020079776e-01 4.930410086167757999e-02 3.879320211525139062e-02
9.000000000000000000e+00 2.611955889910113626e-01 5.631663428691473516e-01 4.927648950268212480e-02 3.604202727558281083e-02
9.000000000000000000e+00 1.435995537393802146e-01 5.389014631082752471e-01 5.050877746443800664e-02 3.696560975844165320e-02
1.000000000000000000e+00 8.041191389648797427e-01 6.874632151478269337e-01 5.645730689952799253e-02 3.852128265577570154e-02
0.000000000000000000e+00 6.551494786102083356e-01 6.377387692091192051e-01 5.132887560287568984e-02 3.696840584542859798e-02
7.000000000000000000e+00 5.268431632218510963e-01 5.715563222582948910e-01 4.933246949423220062e-02 3.849658388739152226e-02
5.000000000000000000e+00 3.769103237149595276e-01 5.049010599105772101e-01 4.725453997437711884e-02 3.848956454401819549e-02
8.000000000000000000e+00 2.085554068430938157e-01 4.453340382671234776e-01 4.622170621768634247e-02 3.695072642041768995e-02
5.000000000000000000e+00 8.792912688236756424e-02 3.961360430814173106e-01 4.829215037967035662e-02 4.079825861801056330e-02
1.500000000000000000e+01 7.886051959476196860e-01 5.488459794844184891e-01 5.648812210819598167e-02 4.542225834668311979e-02
6.000000000000000000e+00 6.222197000323834715e-01 5.408887236823990419e-01 5.440474604389755608e-02 3.774665005678112806e-02
0.000000000000000000e+00 3.685640331849821538e-01 4.184085361086896659e-01 5.441298867532773365e-02 4.081771472329437378e-02
1.000000000000000000e+00 1.984087275526167371e-01 3.384810789225024541e-01 4.725433609303428262e-02 4.002723763137400192e-02
6.000000000000000000e+00 7.895300599703477529e-01 4.368727877857161435e-01 5.955799261255845245e-02 4.539496737265469317e-02
2.000000000000000000e+00 6.434060006429649370e-01 3.318412897946678708e-01 6.158113630301420560e-02 4.314513675491776779e-02
1.000000000000000000e+00 4.704407732183001345e-01 3.191986514168416722e-01 5.135255496454599333e-02 4.080711289346905524e-02
7.000000000000000000e+00 3.291602210110143867e-01 2.633052803114832585e-01 5.650350058662390040e-02 4.618247362215141538e-02
1.600000000000000000e+01 7.423310922248352872e-01 2.458973961232871486e-01 4.415603870430495625e-02 3.388126367874078060e-02
1.200000000000000000e+01 6.712005615880134446e-01 2.210984783108709828e-01 4.009891648631946914e-02 3.770261168673758045e-02
