8 0.704451 0.230104 0.041931 0.039986
14 0.077139 0.229924 0.038389 0.039347
14 0.290194 0.094840 0.034556 0.037903
3 0.427521 0.780556 0.042708 0.046556
6 0.545813 0.768799 0.046069 0.044153
7 0.656181 0.765194 0.042222 0.043667
6 0.785257 0.747444 0.041264 0.041750
8 0.360347 0.674743 0.046556 0.041264
15 0.482236 0.662507 0.043667 0.042708
3 0.712562 0.645000 0.042708 0.045111
1 0.833722 0.651000 0.042222 0.043667
1 0.274215 0.536069 0.044153 0.041278
2 0.407847 0.545910 0.045583 0.038875
9 0.525417 0.543514 0.041750 0.043667
2 0.659299 0.537750 0.040792 0.038861
5 0.775903 0.531028 0.037917 0.039833
15 0.885549 0.548063 0.046069 0.037431
5 0.350750 0.435542 0.042694 0.038861
7 0.478389 0.438417 0.041750 0.038861
0 0.596917 0.438181 0.039833 0.042222
0 0.718562 0.436257 0.039347 0.037431
3 0.826764 0.443694 0.036944 0.039833
5 0.939528 0.438181 0.036944 0.041278
6 0.403056 0.332132 0.041750 0.040319
9 0.540056 0.331653 0.042222 0.036472
8 0.655222 0.338375 0.040306 0.036472
7 0.779979 0.338375 0.038375 0.038389
1 0.866590 0.336931 0.038875 0.035500
2 0.821486 0.229444 0.040778 0.038389
0 0.467035 0.238299 0.042486 0.039153
