1.500000000000000000e+01 3.925764161034013267e-01 7.077650493387732666e-01 4.916021939170417410e-02 3.803128399319311015e-02
1.300000000000000000e+01 7.709147618749836450e-01 3.098752988157265076e-01 3.824680904828225980e-02 2.834084762813676717e-02
1.200000000000000000e+01 7.277354789480159347e-01 3.368011896013991535e-01 3.981909627631108339e-02 3.435977691929581468e-02
5.000000000000000000e+00 8.149607634163456016e-01 5.775259889197421614e-01 6.574617947346328428e-02 4.584328298458217876e-02
1.000000000000000000e+00 6.645060918530305560e-01 8.150790698246176413e-01 6.490348231736564610e-02 4.781048647258279161e-02
6.000000000000000000e+00 5.806187153672639489e-01 9.247796672142816199e-01 6.063196162312112225e-02 4.200426472568496994e-02
3.000000000000000000e+00 4.521417901223617752e-01 9.427649425964341745e-01 5.619905855609014234e-02 4.330130728767267456e-02
1.000000000000000000e+00 4.896328381991664758e-01 8.194981177095357339e-01 5.542444640391813726e-02 4.098984464159693974e-02
9.000000000000000000e+00 5.334675554749329640e-01 7.136121976089353502e-01 5.567447870502406637e-02 4.175603330778843159e-02
1.500000000000000000e+01 6.241022023241440397e-01 6.120615843240048148e-01 5.785163031946483070e-02 4.396711123817831357e-02
7.000000000000000000e+00 7.086360377891642859e-01 4.701626910409112958e-01 5.977816870273167105e-02 4.540720782931895183e-02
8.000000000000000000e+00 6.249595679644492918e-01 3.905027862270116223e-01 5.373777404557378290e-02 4.434837564156107748e-02
2.000000000000000000e+00 5.389237959025898750e-01 5.028841144602376190e-01 4.993122977745689806e-02 3.889413942263747481e-02
7.000000000000000000e+00 4.813878139353694463e-01 6.224264224045679139e-01 5.326640738870241920e-02 3.878823587130930672e-02
2.000000000000000000e+00 3.642094411454731562e-01 8.274684201443527343e-01 5.039983701650718739e-02 3.752901185672408158e-02
9.000000000000000000e+00 3.144760616257978314e-01 9.067537267273955148e-01 5.055770476238441447e-02 3.791806072301284747e-02
3.000000000000000000e+00 2.505362115813579149e-01 8.000403879314759159e-01 4.404318403053394948e-02 3.418889633990362942e-02
2.000000000000000000e+00 2.954118829220511167e-01 7.130470107461424067e-01 4.544778579454261669e-02 3.553613125973420495e-02
0.000000000000000000e+00 3.557201793579945481e-01 6.167944215849507916e-01 4.814730972579217561e-02 3.784434069743125573e-02
8.000000000000000000e+00 4.091385144826328313e-01 5.093869730209805713e-01 4.902640215062664675e-02 3.763691961678550246e-02
5.000000000000000000e+00 4.538550690778033192e-01 4.172401216359847842e-01 4.912652544778184360e-02 4.060166717040963880e-02
3.000000000000000000e+00 5.455712915269197438e-01 2.984527177912824070e-01 5.759538206663505910e-02 4.320095161849035748e-02
6.000000000000000000e+00 3.870379595479237489e-01 3.359901967037420834e-01 4.855886963220151786e-02 3.901898129417030736e-02
7.000000000000000000e+00 3.385878255011301463e-01 4.229968190946176154e-01 4.673454589433334583e-02 3.649640866151948604e-02
1.000000000000000000e+00 2.364160091716357714e-01 6.119302069892111895e-01 4.053947860667023173e-02 3.357967497798475254e-02
0.000000000000000000e+00 1.925673640974979728e-01 7.097652496546149603e-01 4.224337554151960661e-02 3.168253165613965638e-02
8.000000000000000000e+00 1.370917377546220228e-01 6.080868608013102472e-01 3.876511485461789364e-02 3.253824164575225275e-02
0.000000000000000000e+00 1.841570942759647722e-01 5.404074332022990035e-01 3.719770743915715161e-02 3.078900311912458054e-02
6.000000000000000000e+00 2.219867229194333880e-01 4.392450990513177000e-01 3.975133078392253938e-02 3.270453287761010408e-02
5.000000000000000000e+00 2.749928736378395300e-01 3.410783888870547731e-01 3.937128633368186525e-02 3.413359179746572325e-02
