8.000000000000000000e+00 1.987968666310723775e-01 5.836923278754546640e-01 4.299340005115123708e-02 3.427973019908103769e-02
2.000000000000000000e+00 6.277753984865288572e-01 8.774819742099411179e-01 4.325120897173850842e-02 2.953843670148126321e-02
2.000000000000000000e+00 4.924120912400971051e-01 8.499054389443878588e-01 4.570647898583096724e-02 3.225170580080227722e-02
7.000000000000000000e+00 3.884044747551353982e-01 8.101893906508366161e-01 4.212926475558176342e-02 3.188919766209685758e-02
9.000000000000000000e+00 2.501401515758552296e-01 7.620482065985298981e-01 4.294634788566578654e-02 3.279432702101348074e-02
6.000000000000000000e+00 7.242452417608968851e-01 8.265080704973206682e-01 4.527298510323773950e-02 3.105518987895428129e-02
3.000000000000000000e+00 5.907007642243372603e-01 7.804495695944224654e-01 4.577534575228914271e-02 3.462371086846716128e-02
2.000000000000000000e+00 4.807477724838494226e-01 7.509276228839629752e-01 4.415223620768260471e-02 3.310679469273036801e-02
6.000000000000000000e+00 3.566154802757135478e-01 7.180877650145928159e-01 4.173961740595261150e-02 3.217563994435912456e-02
5.000000000000000000e+00 2.309244492539859750e-01 6.927982312221294681e-01 4.450808858394919576e-02 3.193141421242273736e-02
8.000000000000000000e+00 8.229937735969006241e-01 7.746659565325357821e-01 4.650557797414167638e-02 3.255787087298511739e-02
9.000000000000000000e+00 7.034297929789000703e-01 7.431579303103500456e-01 4.616529193206853066e-02 3.463050246279242295e-02
5.000000000000000000e+00 5.771552281727456712e-01 6.935127341115245869e-01 4.612307538174276189e-02 3.285001809448073740e-02
1.500000000000000000e+01 4.575998185467834434e-01 6.630766931376389506e-01 4.378184981955995925e-02 3.399964484910711349e-02
1.000000000000000000e+00 8.123107043887674017e-01 6.746196868528602231e-01 4.776772786354921418e-02 3.415894848560052655e-02
7.000000000000000000e+00 6.808354898112295439e-01 6.248745455519442160e-01 4.668520206085635671e-02 3.584440486611295551e-02
1.500000000000000000e+01 5.482202382102527860e-01 5.973769014460731386e-01 4.722521530884682406e-02 3.500442047996421557e-02
1.000000000000000000e+00 4.280997000204852521e-01 5.571845993920572226e-01 4.718897536152721894e-02 3.372417778327430060e-02
0.000000000000000000e+00 3.096464439048157713e-01 5.267606474560704299e-01 4.544467660778062079e-02 3.283790189020452388e-02
3.000000000000000000e+00 1.788625592968354217e-01 4.966190900121282281e-01 4.373134752415724913e-02 3.238384305999453261e-02
5.000000000000000000e+00 6.497347690839188061e-01 5.286402076023990482e-01 4.663630258171425069e-02 3.456236918852129136e-02
1.000000000000000000e+00 5.361483151289799798e-01 4.901451249702667989e-01 4.834751268790826728e-02 3.459290419660765448e-02
0.000000000000000000e+00 4.141509470138026172e-01 4.685224544531461643e-01 4.664524031984645935e-02 3.456253218678517758e-02
6.000000000000000000e+00 2.678305568945904547e-01 4.315094878674280432e-01 4.612467819800353253e-02 3.626733102793583408e-02
3.000000000000000000e+00 7.757749152203423648e-01 4.792494381101866652e-01 4.725167536033825222e-02 3.586056886060717819e-02
7.000000000000000000e+00 6.377603732971568462e-01 4.439568774493788395e-01 4.948790287425230972e-02 3.418964649195066485e-02
8.000000000000000000e+00 4.945537390114377319e-01 3.959742499581897501e-01 4.665825301457365848e-02 3.499434175398541402e-02
0.000000000000000000e+00 3.938341506703553763e-01 3.701863489741384350e-01 4.893637108228610089e-02 3.503498265442783755e-02
1.200000000000000000e+01 6.467202791930837247e-01 3.155350278485939408e-01 3.382007509514728394e-02 2.738001369215736780e-02
1.600000000000000000e+01 6.176035190000694897e-01 2.424714228434817487e-01 4.078716421777739409e-02 3.075986419131432337e-02
