3 0.446012 0.093323 0.042273 0.055271
8 0.333563 0.119594 0.037344 0.047604
7 0.225418 0.115870 0.034070 0.045969
2 0.175996 0.232427 0.036445 0.049250
2 0.284348 0.248844 0.038414 0.050563
1 0.389246 0.250812 0.037430 0.051875
5 0.508926 0.217979 0.040383 0.051875
9 0.608902 0.212401 0.039398 0.051219
6 0.098766 0.376292 0.035297 0.048708
3 0.241383 0.380396 0.038172 0.049250
0 0.350891 0.341714 0.036875 0.052948
7 0.475355 0.360625 0.037586 0.051062
6 0.560461 0.335568 0.041844 0.053906
0 0.696625 0.342187 0.043266 0.052000
3 0.645141 0.488724 0.043734 0.059094
8 0.523098 0.491089 0.040773 0.052802
15 0.394852 0.476510 0.039594 0.053583
8 0.285813 0.506849 0.041375 0.052802
2 0.156383 0.518271 0.040188 0.053583
6 0.050004 0.511182 0.035461 0.050427
5 0.101676 0.658604 0.037430 0.054500
0 0.231605 0.646005 0.039008 0.054844
7 0.362453 0.631823 0.036875 0.054854
5 0.456422 0.633714 0.041844 0.052948
9 0.583367 0.602979 0.043266 0.055792
15 0.155367 0.803448 0.038297 0.053896
1 0.278055 0.782646 0.038297 0.057687
1 0.541523 0.773193 0.043266 0.059573
11 0.674992 0.829172 0.029078 0.042552
11 0.887398 0.530359 0.032625 0.036885
