8.000000000000000000e+00 5.016121166759971439e-01 4.437220194499247317e-01 3.909309385055959041e-02 4.091132502302197160e-02
1.000000000000000000e+00 1.961681894247827018e-01 7.121008503580141813e-01 3.991645776334565299e-02 3.771122041776242551e-02
6.000000000000000000e+00 2.279149965503831643e-01 6.084525956780884037e-01 4.033551732060919326e-02 3.978422276898474497e-02
7.000000000000000000e+00 2.603626757586847140e-01 4.991039097972697069e-01 4.181313693223909222e-02 4.016019950272781136e-02
1.500000000000000000e+01 2.922916312664995964e-01 3.807441719449536910e-01 4.237034539237699571e-02 4.144467086230807507e-02
2.000000000000000000e+00 4.144898505785601373e-01 3.477737475783764243e-01 4.103613806219846838e-02 4.232584323081317601e-02
3.000000000000000000e+00 3.817491224186455034e-01 4.681585851229555506e-01 3.947078561777150885e-02 4.112452142493217000e-02
2.000000000000000000e+00 3.168303449243291547e-01 6.851560186671709074e-01 3.893587259272923706e-02 3.820858012374439561e-02
6.000000000000000000e+00 2.840379883430920738e-01 7.930752685059729856e-01 3.764563517234831291e-02 3.718239871848916245e-02
5.000000000000000000e+00 3.601048973588711899e-01 8.666008231858066679e-01 3.650300890846325252e-02 3.605094974169464894e-02
1.500000000000000000e+01 3.955976184912092242e-01 7.655080275136307844e-01 3.657205379035788351e-02 3.657202422081529125e-02
3.000000000000000000e+00 4.284647860151415966e-01 6.614414229454628202e-01 4.000294867535492127e-02 4.000297824489751353e-02
9.000000000000000000e+00 4.690132040422352322e-01 5.451756374652779735e-01 3.993346025032185054e-02 3.946942541881326427e-02
1.000000000000000000e+00 5.368304915923960419e-01 3.253832168337463804e-01 4.034710858129553213e-02 4.309157610513569825e-02
3.000000000000000000e+00 4.417772158505030022e-01 9.413918360093500581e-01 3.742782592179766388e-02 3.514600346096541372e-02
0.000000000000000000e+00 4.699510612238418372e-01 8.387680772707527543e-01 3.673462713539288327e-02 3.811230169314527849e-02
5.000000000000000000e+00 5.065208677289645411e-01 7.371263821799003413e-01 3.691565187498974110e-02 3.508497192510640073e-02
0.000000000000000000e+00 5.422773787505454912e-01 6.379443407788798481e-01 3.999002678525309662e-02 3.999008592433828113e-02
9.000000000000000000e+00 5.768717919644607006e-01 5.260134798086015806e-01 3.822543476300777066e-02 3.777325731806879805e-02
5.000000000000000000e+00 6.156116184899688148e-01 4.142591046531363119e-01 4.023616365758320157e-02 4.205483837318402252e-02
0.000000000000000000e+00 6.914076409262890355e-01 5.003457270916966682e-01 3.948190376577664917e-02 3.993485001882246532e-02
7.000000000000000000e+00 6.485170785715257402e-01 6.037822342772983797e-01 3.931276598229194175e-02 3.839747036166407668e-02
2.000000000000000000e+00 6.136615071576563274e-01 7.120085638156617991e-01 3.520697585773913119e-02 3.794002953814801238e-02
1.000000000000000000e+00 5.791621008840097673e-01 8.128226665491411485e-01 3.668906047029663053e-02 3.760423781275412658e-02
7.000000000000000000e+00 5.474659759543696325e-01 9.097558259597492425e-01 3.777331645715376052e-02 3.822543476300777066e-02
8.000000000000000000e+00 6.541496624569977936e-01 8.805639455901326240e-01 3.325822472438477728e-02 3.417334292775708882e-02
8.000000000000000000e+00 6.880557262894893000e-01 7.774312358848671778e-01 3.708789446044413740e-02 3.702159954600825476e-02
6.000000000000000000e+00 7.619624323730151971e-01 5.816509397123557079e-01 3.683146738730069814e-02 3.579481836397668815e-02
1.100000000000000000e+01 8.343109418414155209e-01 3.481307998048764341e-01 3.881570197173589420e-02 3.662176019141349936e-02
1.100000000000000000e+01 9.286982227760655073e-01 4.138388918837125896e-01 4.056054153954624653e-02 3.563724227163567182e-02
