9 0.521026 0.362996 0.049906 0.036773
11 0.764797 0.326859 0.041594 0.027906
10 0.469667 0.202641 0.033563 0.025719
2 0.521495 0.874098 0.049344 0.037820
15 0.619245 0.829594 0.049823 0.036734
1 0.400521 0.815023 0.044750 0.036734
6 0.491937 0.777340 0.044333 0.031664
5 0.279000 0.766922 0.045604 0.034578
7 0.166823 0.708930 0.041042 0.031922
7 0.393057 0.733254 0.045594 0.034961
1 0.279818 0.648730 0.045240 0.032289
15 0.388385 0.299629 0.049021 0.040055
8 0.180224 0.615352 0.044510 0.033375
0 0.779318 0.789371 0.051656 0.036117
5 0.658057 0.734980 0.053406 0.040742
0 0.516651 0.668016 0.047281 0.034141
2 0.386630 0.632559 0.049906 0.036773
3 0.167745 0.515012 0.048156 0.034148
9 0.380068 0.517641 0.049031 0.036766
3 0.547734 0.576738 0.048156 0.036773
1 0.658495 0.628289 0.052531 0.040062
2 0.771880 0.675895 0.051656 0.038086
5 0.164760 0.412828 0.052958 0.033094
0 0.283906 0.455855 0.046646 0.035930
3 0.658078 0.500895 0.050740 0.038086
7 0.754365 0.450332 0.054292 0.038086
6 0.630036 0.390574 0.052531 0.039398
