1.500000000000000000e+01 4.386743266099778493e-01 7.839781189315839782e-01 4.014285332977279852e-02 5.503570520141509714e-02
0.000000000000000000e+00 3.858556187828792727e-01 1.040469309149103933e-01 3.258036268658537349e-02 4.157024994644442639e-02
1.400000000000000000e+01 7.909264950471884825e-01 6.964053698427482564e-01 3.276774776745905449e-02 3.952309484850413668e-02
1.500000000000000000e+01 5.055105207290874203e-01 1.455221209713137842e-01 3.394835232683357518e-02 4.193096840906698763e-02
7.000000000000000000e+00 5.549777819447749838e-01 1.693144404736652286e-01 3.338154227704936972e-02 4.263785906192626984e-02
7.000000000000000000e+00 6.487395917306775228e-01 2.246957941995112451e-01 3.557180360272083064e-02 4.449437071397846499e-02
1.000000000000000000e+00 6.828296247505485361e-01 3.500498674813779520e-01 3.772028803410032438e-02 4.819331322641340343e-02
6.000000000000000000e+00 4.287252290564558255e-01 2.219140232535444235e-01 3.260910612081974191e-02 4.202057344696338848e-02
2.000000000000000000e+00 3.366551943878364761e-01 1.848983857463559755e-01 3.232065353940971608e-02 4.183222831211230730e-02
3.000000000000000000e+00 2.325823612451813349e-01 2.020041620360469026e-01 3.311031248214410527e-02 4.561274632008671670e-02
1.000000000000000000e+00 2.772357081700639325e-01 2.898783098887158793e-01 3.413556285243862787e-02 4.551383166786343581e-02
3.000000000000000000e+00 3.884420769295222065e-01 3.217869839016155864e-01 3.686944746971143605e-02 4.828024175019085540e-02
5.000000000000000000e+00 4.719014747519245656e-01 3.348799818521484006e-01 3.535358042438935255e-02 4.582101984810632578e-02
9.000000000000000000e+00 7.351046511009562412e-01 4.533756331668443162e-01 3.823609885290013555e-02 4.966484323350350838e-02
8.000000000000000000e+00 5.753044520512144988e-01 4.159673044903293704e-01 3.768211861536008289e-02 5.129612040393438654e-02
0.000000000000000000e+00 6.009661421104072199e-01 5.513408065527034552e-01 3.969293712488064507e-02 4.816404612637326110e-02
8.000000000000000000e+00 4.370197608574574177e-01 4.604061957214284906e-01 3.559926696498516563e-02 4.868529725104520089e-02
0.000000000000000000e+00 3.528511595248864929e-01 4.204813473759014264e-01 3.523147901398315796e-02 4.606181884118043524e-02
5.000000000000000000e+00 2.715588508162452008e-01 3.812645533850245183e-01 3.879019546061918122e-02 4.906949339729838044e-02
0.000000000000000000e+00 1.040914716009556512e-01 3.046281719028061108e-01 3.287198635537549873e-02 4.699580589852653256e-02
9.000000000000000000e+00 5.088097898614506454e-01 5.696463012036838691e-01 3.643122646781743468e-02 4.910571361553883740e-02
6.000000000000000000e+00 5.800062727670145524e-01 6.410858086819970492e-01 3.920307685601709391e-02 4.857454193309995727e-02
1.000000000000000000e+00 1.500909160261458819e-01 4.351211232005760543e-01 3.452380286241496510e-02 4.822909705648237289e-02
8.000000000000000000e+00 9.075123065868173633e-02 4.324108180908405874e-01 3.436606308466359783e-02 4.713873757098924200e-02
6.000000000000000000e+00 4.121862482702767227e-01 5.905313154293792000e-01 3.780622741135553078e-02 5.216718028693956288e-02
5.000000000000000000e+00 2.248185792847195441e-01 5.322013741058463365e-01 3.684690074751340028e-02 5.089507967425843660e-02
7.000000000000000000e+00 7.231938708575844088e-02 5.752649443754147551e-01 3.555402805786539444e-02 5.241586335964687482e-02
2.000000000000000000e+00 2.673361843128326254e-01 6.310678490750007974e-01 3.701019720131615287e-02 4.987858615994011924e-02
2.000000000000000000e+00 3.007200539934636874e-01 6.986176542248118126e-01 3.847774152977262441e-02 5.284451291431113695e-02
1.200000000000000000e+01 6.520976859885688759e-01 9.032065823565306184e-01 2.833567312678075822e-02 3.461611350697513245e-02
