1.600000000000000000e+01 5.137491087620545960e-01 2.197882296138422564e-01 3.498884734364121618e-02 3.067905272912241355e-02
2.000000000000000000e+00 1.516470484581558531e-01 7.347968174721348777e-01 4.392506413890326367e-02 3.380193302265832589e-02
1.000000000000000000e+01 7.920855590532127621e-01 2.737315338439655354e-01 4.787732850285031372e-02 2.776935360067955827e-02
9.000000000000000000e+00 3.839700891430908314e-01 3.372243543639039665e-01 4.675394930720661035e-02 3.772771261523122366e-02
5.000000000000000000e+00 5.186533802715775909e-01 3.884192333113796747e-01 5.272877209941861931e-02 3.954632414093572912e-02
9.000000000000000000e+00 6.370821174289957867e-01 4.600878602655762428e-01 5.076442351625953808e-02 3.744909848556710052e-02
3.000000000000000000e+00 7.466273240743130923e-01 5.129621853037178436e-01 5.488392434030608946e-02 3.672551187085859592e-02
1.000000000000000000e+00 6.153099641278922949e-01 5.713430342220469083e-01 4.493715064285830341e-02 3.370307542683381730e-02
5.000000000000000000e+00 5.145386948605081834e-01 5.053172781501867883e-01 4.595716841524621898e-02 3.668282465111438739e-02
1.500000000000000000e+01 3.948287887545697261e-01 4.479378935013044183e-01 4.693682169650231772e-02 3.519531525652458415e-02
5.000000000000000000e+00 2.834903223165743946e-01 3.966855553466281936e-01 4.990509890751382294e-02 3.446569521261561020e-02
3.000000000000000000e+00 1.594185726470263853e-01 4.528709441848553507e-01 4.795780255148562876e-02 3.818353394245332932e-02
0.000000000000000000e+00 2.699936544983554398e-01 5.045397872360932734e-01 4.494833939654033217e-02 3.494327087611071025e-02
1.000000000000000000e+00 3.784609026227866990e-01 5.528631221214801439e-01 4.660039428515405646e-02 3.495009743215471421e-02
7.000000000000000000e+00 4.992611740195169734e-01 6.178555613833478510e-01 4.892703187994423830e-02 3.669508979122659831e-02
6.000000000000000000e+00 6.153833283608967086e-01 6.663871345540361979e-01 5.092129267547884641e-02 3.744986328645172335e-02
7.000000000000000000e+00 7.262393753964608845e-01 7.269999840391757617e-01 5.292195513767705695e-02 3.895057257779033222e-02
8.000000000000000000e+00 1.629107526269688300e-01 5.438040839693428774e-01 4.976689655507071652e-02 3.702389751968770959e-02
2.000000000000000000e+00 3.749962696376691884e-01 6.522543506815401404e-01 4.565764972806957145e-02 3.510118809580131671e-02
6.000000000000000000e+00 4.985812943590656188e-01 7.145952536024557933e-01 4.645406238256716280e-02 3.381360331763805238e-02
0.000000000000000000e+00 6.156553142162275449e-01 7.723553391361172027e-01 4.646618589288598056e-02 3.536348647326081895e-02
8.000000000000000000e+00 1.584305348819982640e-01 6.466877899319116718e-01 4.368432181600614972e-02 3.328390789015511775e-02
8.000000000000000000e+00 2.709241339153276584e-01 6.984361722751482038e-01 4.438754206641720712e-02 3.380391583976638525e-02
2.000000000000000000e+00 3.735139155675608058e-01 7.683862491527087002e-01 4.576880078996481416e-02 3.432664308141164522e-02
1.000000000000000000e+00 4.978957919958144629e-01 8.062206656543211558e-01 4.508515377700783588e-02 3.484081588353271641e-02
7.000000000000000000e+00 6.006692958161039542e-01 8.644435690270008132e-01 4.715167409315779157e-02 3.484982353839605196e-02
0.000000000000000000e+00 7.199236780173867700e-01 8.328113194620376802e-01 4.861635276504416847e-02 3.324991673972854667e-02
6.000000000000000000e+00 4.866572554412965657e-01 9.014562777930062998e-01 4.737001058273193621e-02 3.381836207869781674e-02
1.500000000000000000e+01 3.753030822592082205e-01 8.549108641936675745e-01 4.794726529485338062e-02 3.468406002814850009e-02
3.000000000000000000e+00 2.619684855124049805e-01 7.884623856773131934e-01 4.391415864480799347e-02 3.251026930644351776e-02
