1.500000000000000000e+01 2.938836650766054603e-01 6.182159058819264308e-01 3.849026534958832624e-02 4.922877469565900554e-02
1.300000000000000000e+01 7.799331163034534109e-01 5.158485345176546666e-01 2.847614211419036145e-02 3.858850553635151392e-02
1.200000000000000000e+01 7.377428020501459738e-01 5.101466553599341980e-01 3.531294548963759272e-02 3.896795423628152122e-02
5.000000000000000000e+00 6.109192834483399004e-01 7.992226457045072952e-01 4.553688566455293962e-02 6.696301482857036635e-02
1.000000000000000000e+00 3.606345378406667357e-01 9.145349530447075548e-01 4.798780138081915059e-02 6.554612167944051659e-02
6.000000000000000000e+00 2.374320870099946301e-01 9.574326609857912729e-01 4.166758520953919853e-02 6.181305307615136968e-02
3.000000000000000000e+00 1.565406668276478619e-01 8.820330690468056734e-01 4.379611284045564767e-02 5.631985023059382645e-02
1.000000000000000000e+00 2.649458174821124889e-01 7.930390415940700155e-01 4.117117833549008288e-02 5.593718437658690146e-02
9.000000000000000000e+00 3.642181842605164421e-01 7.249499350980563861e-01 4.204542533243088576e-02 5.606031363716235116e-02
1.500000000000000000e+01 4.851341305716739827e-01 6.945654064323680821e-01 4.436826906958563077e-02 5.811560714254893067e-02
7.000000000000000000e+00 6.318141142400028887e-01 6.218496521648084752e-01 4.581753848747016633e-02 6.005666243135410198e-02
8.000000000000000000e+00 6.447848020719733064e-01 4.868052666334362621e-01 4.531215282886125184e-02 5.312530397290449180e-02
2.000000000000000000e+00 5.185195913133393564e-01 5.306804775938982477e-01 3.940589664669874592e-02 4.993631461771153024e-02
7.000000000000000000e+00 4.021862616331585150e-01 6.017687028608635913e-01 3.885316032945057563e-02 5.389657279253268207e-02
2.000000000000000000e+00 1.928659775881139127e-01 7.104143650294236778e-01 3.774122413994529524e-02 5.080933324673209128e-02
9.000000000000000000e+00 1.095863908174259105e-01 7.492472572881905268e-01 3.818083362111140966e-02 5.090812912374487187e-02
3.000000000000000000e+00 1.524371721792713019e-01 6.029404196224866785e-01 3.462005824206215721e-02 4.407635620739958071e-02
2.000000000000000000e+00 2.386853147571815492e-01 5.533677604028737207e-01 3.602493093368691612e-02 4.541983974986807393e-02
0.000000000000000000e+00 3.397508793477068689e-01 5.061755612252452075e-01 3.839582725400686458e-02 4.806995579719836043e-02
8.000000000000000000e+00 4.451865529190091042e-01 4.435415781692620962e-01 3.804398758542670844e-02 4.916291077765050366e-02
5.000000000000000000e+00 5.350534966367719303e-01 3.890076725306892413e-01 4.149245504034071441e-02 4.855185623104663062e-02
3.000000000000000000e+00 6.689268234607639307e-01 3.431890811564303201e-01 4.350112905846903466e-02 5.799350152190702046e-02
6.000000000000000000e+00 5.580858045970558123e-01 2.645818257451786337e-01 3.971822381384493283e-02 4.827216855435234599e-02
7.000000000000000000e+00 4.699371136248526870e-01 3.115986607787666340e-01 3.699115929036878025e-02 4.671687928620993357e-02
1.000000000000000000e+00 2.801303167748895318e-01 4.158768900538045710e-01 3.432706324623208127e-02 4.004649051709863183e-02
0.000000000000000000e+00 1.866353591578725768e-01 4.763841734073239742e-01 3.190211873742204718e-02 4.253612906970744012e-02
8.000000000000000000e+00 2.303462027918656285e-01 3.408945629985790093e-01 3.332342816169373001e-02 3.817954675948070919e-02
0.000000000000000000e+00 3.038751073757620658e-01 3.110599921988905781e-01 3.147116632540802872e-02 3.675101336196379131e-02
6.000000000000000000e+00 3.965765246928829590e-01 2.430985482260151209e-01 3.340145877148370523e-02 3.932356674918810469e-02
5.000000000000000000e+00 4.951543810232454934e-01 1.888592900305935685e-01 3.510043783943767037e-02 3.848658024582768400e-02
