5.000000000000000000e+00 7.480519598401680348e-01 7.884093840491237515e-01 3.383349775297794793e-02 4.328468292256437699e-02
1.000000000000000000e+01 2.271756957983071534e-01 3.366615690787518878e-01 2.622495347682571309e-02 3.039133944789301767e-02
1.200000000000000000e+01 1.819445273989107048e-01 4.494864907636506035e-01 2.458197675381021408e-02 3.047661916291199979e-02
9.000000000000000000e+00 3.071720103416794023e-01 6.306483538668259392e-01 3.886197743693881046e-02 4.907590460371091812e-02
3.000000000000000000e+00 3.317564878426000341e-01 4.893974539065694684e-01 3.589925615131261960e-02 4.841073412937502152e-02
3.000000000000000000e+00 3.614738123659250180e-01 3.887982892459843631e-01 3.801197773266956625e-02 4.847942696807977514e-02
3.000000000000000000e+00 4.738291728631738864e-01 3.400960132147843318e-01 3.533640438078178292e-02 4.848861050266595196e-02
7.000000000000000000e+00 4.318134990067601375e-01 4.862611638172640305e-01 3.629700209849828774e-02 4.688166149225786450e-02
8.000000000000000000e+00 3.944902298539965657e-01 6.281200561526711912e-01 3.597560664501076033e-02 4.491562215101463362e-02
0.000000000000000000e+00 3.666599521459588118e-01 7.378855892540376882e-01 3.599151535261702062e-02 4.543606012027201491e-02
1.000000000000000000e+00 6.192652073335682683e-01 1.808144016327328796e-01 3.662964384972511311e-02 4.844376659685581399e-02
7.000000000000000000e+00 5.842674917083254815e-01 3.387143857575773409e-01 3.601505345818722947e-02 4.725824292435110152e-02
6.000000000000000000e+00 5.354865622355233779e-01 4.472866668888721420e-01 3.466442396233737622e-02 4.887536446537776857e-02
1.500000000000000000e+01 5.047652230686613395e-01 5.930954680923777866e-01 3.475397048881018192e-02 4.506843616652900231e-02
5.000000000000000000e+00 4.833736627441561629e-01 7.315674587438794063e-01 3.564909666918447684e-02 4.662008617021340395e-02
8.000000000000000000e+00 4.248371351230071369e-01 8.527415697050499954e-01 3.589182455255512938e-02 4.841045155908008102e-02
6.000000000000000000e+00 7.268091445189297506e-01 1.676260406416085202e-01 3.891936746384516699e-02 5.235332442683404697e-02
2.000000000000000000e+00 6.826827694587680462e-01 2.826568614626273068e-01 3.852156500260051075e-02 4.952736716396843875e-02
8.000000000000000000e+00 6.433704032286924335e-01 4.346078931676786716e-01 3.639245434413584945e-02 4.852297105053315907e-02
0.000000000000000000e+00 5.835045801689631162e-01 5.665281241891491071e-01 3.502147978704883702e-02 4.669587152332155267e-02
9.000000000000000000e+00 5.648260055033984539e-01 6.925710343605986363e-01 3.585867905695627744e-02 4.616441331256082581e-02
1.000000000000000000e+00 5.206112989690321324e-01 8.116022452329105796e-01 3.715471597181985164e-02 4.789295232089030296e-02
1.500000000000000000e+01 7.846965234014671164e-01 2.632454266085690886e-01 3.758422282015916327e-02 4.846555276659722522e-02
2.000000000000000000e+00 7.564231613424174938e-01 4.312108754672135946e-01 3.589185280958473445e-02 4.841047981610951956e-02
0.000000000000000000e+00 6.731093726366113028e-01 5.450331431366884916e-01 3.758439236233623859e-02 4.847476455821286834e-02
1.000000000000000000e+00 6.405007888552556317e-01 7.799739260618006043e-01 3.759416929454173495e-02 4.903476236876469496e-02
7.000000000000000000e+00 7.033451006230698743e-01 6.775909092576475334e-01 3.631853395497430803e-02 4.842441053165102982e-02
5.000000000000000000e+00 8.537173131905764212e-01 3.948908015041319164e-01 3.585862254289740036e-02 4.616441331256088132e-02
6.000000000000000000e+00 8.331953629488106916e-01 5.315148954547130877e-01 3.754760170993221013e-02 4.621934497790114449e-02
2.000000000000000000e+00 7.840452553856434026e-01 6.585199009664425285e-01 3.744971935975827115e-02 4.903001518780936152e-02
