1.500000000000000000e+01 3.543730417227315410e-01 3.011764626352484431e-01 4.993936808799120941e-02 3.879072431265861987e-02
1.300000000000000000e+01 5.202595440127895099e-01 7.828631678641301272e-01 3.896506278613054430e-02 2.882746979496086936e-02
1.200000000000000000e+01 5.205403898101157445e-01 7.399901851883349257e-01 4.010382182452076893e-02 3.525770902020397557e-02
5.000000000000000000e+00 2.132251126373447825e-01 6.333942136501491404e-01 6.722531159455633065e-02 4.642826338048278156e-02
1.000000000000000000e+00 6.480714206173678049e-02 3.899106355496939624e-01 6.614737586687369220e-02 4.861210705360652362e-02
3.000000000000000000e+00 7.111629647543528387e-02 1.821564945624777332e-01 5.710643574275359874e-02 4.415609728194144767e-02
1.000000000000000000e+00 1.746971674993374468e-01 2.847747191578944292e-01 5.647232981269859065e-02 4.168824393485265345e-02
9.000000000000000000e+00 2.560591234494975499e-01 3.797232188937006425e-01 5.667564584790768523e-02 4.250694876074972983e-02
1.500000000000000000e+01 3.022766933441044523e-01 4.991959613686147712e-01 5.884041755437796617e-02 4.479611700010605047e-02
7.000000000000000000e+00 3.944267294085529452e-01 6.415163580846166003e-01 6.080208020822308601e-02 4.626179024519672112e-02
8.000000000000000000e+00 5.320060421970649323e-01 6.447438375143873523e-01 5.432648222817904049e-02 4.540151148888882382e-02
2.000000000000000000e+00 4.715202165924745614e-01 5.208693738426544151e-01 5.069816624033768315e-02 3.968784596888952354e-02
7.000000000000000000e+00 3.849333401406354049e-01 4.089698579898720099e-01 5.432509248797340318e-02 3.940705930944432556e-02
2.000000000000000000e+00 2.485229762788132013e-01 2.062257304444309325e-01 5.132999536197055401e-02 3.818600990950857255e-02
9.000000000000000000e+00 1.986715610044824665e-01 1.252429222344494386e-01 5.146681084988674604e-02 3.860000464612316218e-02
3.000000000000000000e+00 3.514497231999093030e-01 1.577207073090194922e-01 4.473059222785141786e-02 3.487910830542556573e-02
2.000000000000000000e+00 4.124930711785350645e-01 2.409095211130656833e-01 4.613354975003930436e-02 3.626979471728600246e-02
0.000000000000000000e+00 4.730574023202807621e-01 3.391829890756297150e-01 4.885575512372331008e-02 3.863808944154917269e-02
8.000000000000000000e+00 5.497268265433310486e-01 4.407308032387333707e-01 4.983034740419001185e-02 3.837143673568599311e-02
5.000000000000000000e+00 6.162309516779180818e-01 5.272004388412991904e-01 4.965914323841646993e-02 4.156925851808690453e-02
3.000000000000000000e+00 6.796565657052160425e-01 6.585898783222838837e-01 5.863071462801061617e-02 4.397812182878224618e-02
6.000000000000000000e+00 7.444258219599623194e-01 5.413259357063162636e-01 4.919284104597210217e-02 3.988761373123272946e-02
7.000000000000000000e+00 6.857086477497889021e-01 4.560385846226275297e-01 4.744389735043041956e-02 3.724698906452106328e-02
1.000000000000000000e+00 5.562174751141140128e-01 2.726140192544206364e-01 4.097202505689534480e-02 3.438418337853066387e-02
0.000000000000000000e+00 4.832327696330007138e-01 1.829279925747896995e-01 4.300302687632584497e-02 3.225226276500933742e-02
8.000000000000000000e+00 6.252363203665587399e-01 2.170583413831848052e-01 3.913443367759039671e-02 3.334202606891123466e-02
0.000000000000000000e+00 6.647710879302305420e-01 2.888832643091783225e-01 3.759667135544342287e-02 3.152545820633589901e-02
6.000000000000000000e+00 7.451546372065929180e-01 3.772283986728318661e-01 4.019631347055541148e-02 3.347535242184290771e-02
5.000000000000000000e+00 8.124889399160097891e-01 4.724856572858417980e-01 3.963728308055203264e-02 3.503274852051374566e-02
