7.000000000000000000e+00 7.641906026898266369e-01 5.639363154225192076e-01 3.765467356357565798e-02 3.765461703953965067e-02
1.500000000000000000e+01 6.662599407007887553e-01 2.802006337422071613e-01 3.889311519159288633e-02 3.698559854984484474e-02
1.500000000000000000e+01 7.182610363569572609e-01 6.747256586155041536e-01 3.923870314748978405e-02 3.976369839354298996e-02
1.400000000000000000e+01 2.433850860777009295e-02 6.536804034484604564e-01 3.843787060592195048e-02 3.692743531683573277e-02
1.100000000000000000e+01 1.115695521256672151e-01 5.459399667554871716e-01 3.737863843393512964e-02 3.614655575996394976e-02
1.000000000000000000e+00 4.887904640693999658e-01 2.001843323060325530e-01 3.703517012938711828e-02 3.600886320835058885e-02
2.000000000000000000e+00 4.423659732776114017e-01 2.972029931057663665e-01 3.648298682203426901e-02 3.672216828022478730e-02
7.000000000000000000e+00 3.940138432872707375e-01 4.021538697067493784e-01 3.740042844980001613e-02 3.693953146053247094e-02
0.000000000000000000e+00 3.378340952242360751e-01 5.025826679893452553e-01 3.922513737885779950e-02 4.025873590053402618e-02
6.000000000000000000e+00 2.749271248896865694e-01 4.086765880161389308e-01 3.907803357525607701e-02 3.793274355851089519e-02
8.000000000000000000e+00 3.732096207405954935e-01 2.158691446532398639e-01 3.634407900364750033e-02 3.554940758200009210e-02
8.000000000000000000e+00 4.214904032665378608e-01 1.155741952878117512e-01 3.642561492552870428e-02 3.505018729634742924e-02
7.000000000000000000e+00 5.318204038812441858e-01 1.064132882547492720e-01 3.556486690583682275e-02 3.476219733310013937e-02
3.000000000000000000e+00 6.419602293769426371e-01 9.514886748522621840e-02 3.401933019041547546e-02 3.417892580596591789e-02
0.000000000000000000e+00 6.021541379564252505e-01 1.935744963262102936e-01 3.539342950475166116e-02 3.491653621330559343e-02
5.000000000000000000e+00 5.539758759007162858e-01 2.910896359958523583e-01 3.603068148623356226e-02 3.746155919469740248e-02
0.000000000000000000e+00 5.060288536761445854e-01 3.842919917212806458e-01 3.781559749397100934e-02 3.749753674358979882e-02
9.000000000000000000e+00 4.575216782551490002e-01 4.922327495977177891e-01 3.823438407644402792e-02 3.839406447804827316e-02
5.000000000000000000e+00 4.069557278721598892e-01 5.989891310865391727e-01 3.892765137756826199e-02 4.035872692015807228e-02
1.000000000000000000e+00 4.768509626073247354e-01 6.974057302127776303e-01 3.961902512348774996e-02 4.152673959936159509e-02
8.000000000000000000e+00 5.226953330869842373e-01 5.844634147518616984e-01 3.787443901541176494e-02 3.930545803396567894e-02
9.000000000000000000e+00 5.679837755419081535e-01 4.880280113482532434e-01 3.728913262298283460e-02 3.697050663224188405e-02
3.000000000000000000e+00 6.213153904806827388e-01 3.798516047658734296e-01 3.750053251749596583e-02 3.702358270201400181e-02
5.000000000000000000e+00 7.124828385183044066e-01 1.840158013900363432e-01 3.740025887769216073e-02 3.661350082108000281e-02
6.000000000000000000e+00 7.761129349759772200e-01 2.719568998477397415e-01 3.565338354615987804e-02 3.597192475084670660e-02
2.000000000000000000e+00 7.318306486232679653e-01 3.731729790342803721e-01 3.756073061579978667e-02 3.644754625148344251e-02
3.000000000000000000e+00 6.420314214002419417e-01 5.786534786670137764e-01 4.044978714209945814e-02 4.013104810328660399e-02
2.000000000000000000e+00 5.968989004985305602e-01 6.913460144129954799e-01 3.965788539821435421e-02 4.013489173773243657e-02
1.000000000000000000e+00 8.501072221443590760e-01 3.653506035659222495e-01 3.781559749397112036e-02 3.749756500560774697e-02
6.000000000000000000e+00 8.061703259134207489e-01 4.632086745617706169e-01 3.876627525488507420e-02 3.813037985026629384e-02
