0.000000000000000000e+00 7.778118914550906648e-01 2.752207792622072824e-01 4.730026586095015251e-02 3.808067300668538380e-02
1.100000000000000000e+01 2.424334020930566935e-01 7.687398533935745348e-01 3.966344231326721093e-02 2.586578572125253217e-02
1.200000000000000000e+01 1.342713568324798573e-02 7.011837164213496898e-01 2.685427136649597146e-02 2.830278545368181131e-02
1.500000000000000000e+01 1.756334059828933702e-01 5.253109136091880238e-01 5.526220563764694393e-02 4.273831188461596486e-02
8.000000000000000000e+00 2.296394780534356250e-01 2.958984399235200513e-01 5.191417824360905486e-02 3.893516897805060495e-02
0.000000000000000000e+00 4.095494578885560677e-01 1.449619987676271649e-01 5.350674322929371840e-02 3.788576259658762990e-02
1.000000000000000000e+00 3.896029768106274438e-01 2.624046084092023778e-01 5.096877718996850604e-02 3.897078158249930868e-02
9.000000000000000000e+00 3.339116053585579058e-01 3.900647604661585666e-01 5.298140567982517757e-02 3.786847263287018706e-02
7.000000000000000000e+00 3.214980310156623777e-01 4.781756400299918552e-01 5.237271634281104316e-02 3.630491111874567522e-02
5.000000000000000000e+00 3.017851119732065657e-01 5.987623086028430741e-01 5.312190876382227867e-02 4.021014152439350564e-02
5.000000000000000000e+00 4.254507365678755204e-01 6.644668851943125176e-01 4.990972265469051372e-02 3.855301947281519759e-02
7.000000000000000000e+00 4.568667186626482191e-01 5.546183167669898051e-01 4.889486669560483278e-02 3.890802432511530906e-02
6.000000000000000000e+00 4.581751056866532057e-01 4.546135059336245954e-01 4.925940168148995602e-02 3.619270338492780459e-02
0.000000000000000000e+00 5.031363728637872068e-01 3.181122076429180323e-01 5.135240194808082803e-02 3.665436902022872756e-02
2.000000000000000000e+00 5.282246560613205189e-01 2.386064043474716012e-01 5.022976401380785383e-02 3.694216135145689250e-02
6.000000000000000000e+00 5.695686769469088251e-01 1.029621984731936002e-01 4.738748281103333237e-02 3.640661505208006576e-02
9.000000000000000000e+00 5.451669616857619527e-01 7.338744645270625089e-01 5.042231401930252765e-02 3.856092682823542006e-02
6.000000000000000000e+00 5.536259141566907127e-01 6.480524545542878379e-01 4.977562216817910112e-02 3.621728109785715688e-02
1.000000000000000000e+00 5.938143104536783845e-01 5.283533276172447390e-01 4.746059634361299295e-02 3.663873133973361007e-02
2.000000000000000000e+00 6.179778018802615236e-01 4.164107852564323808e-01 4.859471174526808213e-02 3.748151380325609461e-02
3.000000000000000000e+00 6.273242959869982371e-01 3.132666215484686822e-01 4.964367555086812711e-02 3.670895337667456904e-02
1.000000000000000000e+00 6.707028676201943762e-01 2.048710739372033851e-01 4.923013266441200741e-02 3.722720971233392517e-02
3.000000000000000000e+00 6.670524428914470505e-01 7.360407258515209161e-01 4.989057387234818730e-02 3.806323551768020508e-02
8.000000000000000000e+00 6.781819866353353543e-01 6.029576327342067721e-01 4.921844866162683463e-02 3.853212989207810413e-02
8.000000000000000000e+00 7.384343236443113856e-01 4.635144441664762471e-01 4.857960515580861394e-02 3.622238547281125820e-02
7.000000000000000000e+00 7.426888349210970519e-01 3.771491723217785808e-01 5.166205752694463804e-02 3.744835011858316243e-02
3.000000000000000000e+00 8.077504963088080192e-01 6.713312958407016140e-01 4.857877901419749289e-02 3.720652666699952871e-02
2.000000000000000000e+00 8.260259879581153264e-01 5.656551261150353227e-01 4.919236619076294836e-02 3.658332084167659204e-02
5.000000000000000000e+00 8.637482630308835896e-01 4.547632145955736727e-01 4.671665582284356688e-02 3.503746236207511133e-02
1.500000000000000000e+01 9.048157625172235097e-01 3.439597444860830189e-01 4.832338323614648878e-02 3.688719342926299882e-02
