1.300000000000000000e+01 8.757439905989645723e-01 2.141103320759465967e-01 3.512284098423235079e-02 2.222098325891400106e-02
6.000000000000000000e+00 2.098812949970045305e-01 7.310395679151919790e-01 4.169968885720878871e-02 3.236515871977641012e-02
0.000000000000000000e+00 2.177803283363297093e-01 6.339633116526415257e-01 4.169968885720878871e-02 3.127450129358544384e-02
9.000000000000000000e+00 2.010795145805220063e-01 5.459452779965116020e-01 4.243122107775854079e-02 3.264324480840086196e-02
3.000000000000000000e+00 2.074580676229212939e-01 4.362421519646521029e-01 4.207031731450469603e-02 3.319190114541648029e-02
5.000000000000000000e+00 3.202541483723824745e-01 7.667093153652404514e-01 4.169007890881915035e-02 3.127455866641160043e-02
9.000000000000000000e+00 3.176931975289898347e-01 6.677263592829467687e-01 4.267184271086982283e-02 3.162780315736679615e-02
2.000000000000000000e+00 3.220880707620825678e-01 5.875068130882143969e-01 4.237155333850345373e-02 3.246326625259010612e-02
7.000000000000000000e+00 3.135941959606454166e-01 4.785448292252942881e-01 4.388562222210073971e-02 3.423717666607806187e-02
3.000000000000000000e+00 2.993492403738261531e-01 3.819415401987861780e-01 4.510898299530824440e-02 3.520743721647423552e-02
6.000000000000000000e+00 4.457182495507495679e-01 8.289418207566414676e-01 4.292307831682934394e-02 3.162780315736679615e-02
1.000000000000000000e+00 4.480705927980543346e-01 7.340614807307430656e-01 4.236093936565521467e-02 3.154501416915056478e-02
1.000000000000000000e+00 4.360185413745111260e-01 6.182638688622407175e-01 4.388562222210073971e-02 3.429013178466688849e-02
1.500000000000000000e+01 4.435730508924644599e-01 5.369181514618952544e-01 4.480771828489632513e-02 3.246326625259021714e-02
3.000000000000000000e+00 4.319289346064580926e-01 4.368764229015748013e-01 4.450740022611682223e-02 3.406491475539213942e-02
8.000000000000000000e+00 4.151900396372556479e-01 3.368191319621455238e-01 4.564992268719897384e-02 3.588409232875716670e-02
8.000000000000000000e+00 5.472874005199670489e-01 8.728663130684972682e-01 4.279215352742538059e-02 3.017724599238036376e-02
2.000000000000000000e+00 5.471055573473047051e-01 7.797239393804682450e-01 4.572017571288922166e-02 3.209453109855919806e-02
2.000000000000000000e+00 5.323867882752564284e-01 7.064490869339372647e-01 4.498867217875257563e-02 3.182419034147276893e-02
5.000000000000000000e+00 5.593333130511062290e-01 5.713248074565882018e-01 4.389526085690353963e-02 3.325248684989090542e-02
0.000000000000000000e+00 5.394126071997142891e-01 4.762352143903070267e-01 4.520909857703903079e-02 3.358367148916946432e-02
1.500000000000000000e+01 5.435207023610124644e-01 3.751568736060820752e-01 4.609074679735891689e-02 3.489168586744512135e-02
8.000000000000000000e+00 6.757831392079274302e-01 8.496891829744338542e-01 4.476727044242045928e-02 3.193675582649047051e-02
1.000000000000000000e+00 6.629375068522918024e-01 7.493751773241426051e-01 4.520909857703903079e-02 3.357595484404474195e-02
5.000000000000000000e+00 6.859549109981954995e-01 6.401997091749069835e-01 4.609080417018518450e-02 3.292138826985135935e-02
0.000000000000000000e+00 6.653006648773365228e-01 5.304604095761241700e-01 4.827665147583770633e-02 3.423717666607806187e-02
7.000000000000000000e+00 6.785908792632485698e-01 4.337035765234800166e-01 4.901876898282253592e-02 3.566656325819411721e-02
6.000000000000000000e+00 7.916143715525869595e-01 7.897150441410110133e-01 4.718410074638179630e-02 3.291375768396587187e-02
7.000000000000000000e+00 7.872324072053906718e-01 6.677962393852665546e-01 4.876850871490845396e-02 3.338054299798454139e-02
1.300000000000000000e+01 6.266630785004367876e-01 2.834695034770703947e-01 3.352787641568333310e-02 2.355211888615094118e-02
