6.000000000000000000e+00 3.174906433711513487e-01 8.926263611063499637e-01 4.560973011899105423e-02 3.233300245022108221e-02
9.000000000000000000e+00 2.618111367468106132e-01 8.102075800910194525e-01 4.301600045827705388e-02 3.132202300605291256e-02
3.000000000000000000e+00 1.782311478367434587e-01 7.276898789781471866e-01 4.238714717306529822e-02 3.179014546069947045e-02
3.000000000000000000e+00 7.538606874812635306e-02 6.558255170375963949e-01 4.356327045330884301e-02 3.189216039327424923e-02
8.000000000000000000e+00 1.118086521196991201e-01 5.575056455571294478e-01 4.523313454486242724e-02 3.291276821310107348e-02
7.000000000000000000e+00 1.970512121998759247e-01 6.332438812828080632e-01 4.371580570221209050e-02 3.514815609520627326e-02
3.000000000000000000e+00 2.790487374521964936e-01 7.124373283877389884e-01 4.651419565743430962e-02 3.353620553700487061e-02
5.000000000000000000e+00 3.656094250256433087e-01 7.968249402900032807e-01 4.636349438484704821e-02 3.364429551612624358e-02
7.000000000000000000e+00 4.809034207234180180e-01 8.898640775598480879e-01 4.691325744143337584e-02 3.424990888270906808e-02
8.000000000000000000e+00 6.036108931519864607e-01 8.737657773289869700e-01 5.083965745448537632e-02 3.476422461581374357e-02
1.000000000000000000e+00 4.528871830106871998e-01 7.785704570291821502e-01 4.943901535493738786e-02 3.606720747653735515e-02
6.000000000000000000e+00 4.260112487282790017e-01 7.049816988575581256e-01 4.815801155412541279e-02 3.544377015263366903e-02
6.000000000000000000e+00 3.197356023171553097e-01 6.331932749988398168e-01 4.828194823485176812e-02 3.587360835168473816e-02
5.000000000000000000e+00 2.487309597585266041e-01 5.395018152781150267e-01 4.507985424308078026e-02 3.550068073018797232e-02
2.000000000000000000e+00 1.609583003990353589e-01 4.498693749827893940e-01 4.598644031663937093e-02 3.550211352418475297e-02
7.000000000000000000e+00 5.435223212008792881e-01 6.803558099398427927e-01 5.104735527226689218e-02 3.664708786293724430e-02
1.000000000000000000e+00 3.663923466493349546e-01 5.048179274217037271e-01 4.515533383083419894e-02 3.454096665522665699e-02
1.500000000000000000e+01 2.777104648753309091e-01 4.273940525425663495e-01 4.699741976080756833e-02 3.522908030014748615e-02
0.000000000000000000e+00 6.450562075191710321e-01 6.744173373170327945e-01 5.217484952425777145e-02 3.669786608218494894e-02
1.000000000000000000e+00 5.784858761175331043e-01 5.970255140396044657e-01 5.259236569493608293e-02 3.803684072810908923e-02
2.000000000000000000e+00 4.866189792562002348e-01 4.975132427390898116e-01 4.840731770957501512e-02 3.630550977409119362e-02
0.000000000000000000e+00 4.000142475952905841e-01 4.140398823582672749e-01 4.879248139180475397e-02 3.761115763164885051e-02
2.000000000000000000e+00 1.923298837494387958e-01 3.372146861227681702e-01 4.791988119185108808e-02 3.830104794112587641e-02
0.000000000000000000e+00 7.358105541698998220e-01 5.623981499063686051e-01 5.480712134348675324e-02 3.942286832888930448e-02
5.000000000000000000e+00 6.458901509370900129e-01 4.577106840010387590e-01 5.150670902765275283e-02 3.956987299296477190e-02
9.000000000000000000e+00 5.360843436927394956e-01 4.037584535237048189e-01 5.049074346037563110e-02 3.843194800067684103e-02
1.500000000000000000e+01 3.252392219619254510e-01 3.146498427136227294e-01 4.885775948630055598e-02 3.610360044405697133e-02
8.000000000000000000e+00 4.356871358359584168e-01 2.893652840676214644e-01 5.121118093786514169e-02 3.840836421148885460e-02
1.100000000000000000e+01 7.503198572023888069e-01 3.592877086645592799e-01 4.160954121510185288e-02 3.190602983916362989e-02
1.100000000000000000e+01 7.244961525033177807e-01 3.075379118074031970e-01 4.036920010792011126e-02 3.126511242849844274e-02
