7.000000000000000000e+00 1.992037742678445522e-01 3.261814524929378400e-01 4.999337469053094507e-02 3.670978380977740763e-02
8.000000000000000000e+00 8.242416767836474589e-01 5.643766481326912832e-01 4.166560448732070654e-02 3.358304708213166734e-02
2.000000000000000000e+00 8.094374875312293494e-01 4.620655336421406467e-01 4.581715235421945920e-02 3.125147385436122249e-02
3.000000000000000000e+00 7.986102099896894568e-01 3.733012773201789813e-01 4.582185746368616641e-02 3.281075260268806471e-02
2.000000000000000000e+00 7.748556715436367703e-01 2.779530956687523147e-01 4.167342809957352845e-02 3.592304573848237315e-02
1.500000000000000000e+01 7.427574421169924612e-01 6.278830972116284936e-01 4.374252734284911348e-02 3.280681344127411858e-02
1.500000000000000000e+01 7.094961205722911668e-01 5.141067114845527808e-01 4.583186949894679785e-02 3.281075260268812022e-02
9.000000000000000000e+00 6.776452376561006297e-01 3.318535440209259280e-01 4.063168403729766620e-02 3.514199756700753241e-02
2.000000000000000000e+00 6.775465397784499189e-01 2.395734083276050141e-01 3.959130773940167103e-02 3.202633973083895969e-02
6.000000000000000000e+00 6.304770897133189500e-01 6.827062120591675942e-01 4.999600079814026099e-02 3.748992925676142285e-02
7.000000000000000000e+00 6.210982746500499641e-01 5.755110981986599761e-01 4.686994795268473180e-02 3.827070387536013474e-02
8.000000000000000000e+00 6.076448894991806071e-01 4.946583877014734676e-01 4.895332665608609357e-02 3.671517280143399287e-02
6.000000000000000000e+00 5.909862305899742374e-01 3.795087938923067394e-01 4.686874432003051982e-02 3.515203695755575453e-02
6.000000000000000000e+00 5.738409484697015728e-01 2.815786970986638438e-01 4.581923135607701703e-02 3.203156459077005636e-02
5.000000000000000000e+00 5.523443975277830820e-01 1.806798950738243148e-01 4.479034427897177206e-02 3.514815250671693425e-02
5.000000000000000000e+00 4.999449201284230648e-01 6.548908358798884999e-01 5.310796567048331474e-02 3.828219309615099597e-02
3.000000000000000000e+00 4.813722254236856846e-01 5.425485784603825135e-01 4.687651322170804935e-02 3.749140644229165265e-02
8.000000000000000000e+00 4.837600958333312384e-01 4.400186079914106818e-01 4.791147317265970207e-02 3.593313983960566560e-02
1.000000000000000000e+00 4.684779549960150780e-01 3.302913245791822550e-01 4.999080329349675500e-02 3.593702429044454139e-02
1.000000000000000000e+00 4.646685670663819323e-01 2.287636792030587896e-01 4.688685352041971344e-02 4.061182409850214170e-02
3.000000000000000000e+00 4.403961793484708620e-01 1.334660501231116625e-01 4.374786162393073941e-02 3.443114306350719689e-02
5.000000000000000000e+00 3.203949474745745318e-01 1.732838459661741881e-01 5.103265677692314650e-02 3.671905725227275763e-02
9.000000000000000000e+00 3.437243026855041350e-01 2.784207890208013625e-01 4.687651322170799384e-02 3.749143379757918781e-02
0.000000000000000000e+00 3.258146864744786431e-01 3.826770285912372005e-01 5.415630235707008522e-02 3.828416267685791352e-02
5.000000000000000000e+00 3.523363763927118142e-01 4.888748780871019495e-01 4.998850544933863826e-02 3.827639377518027297e-02
1.000000000000000000e+00 3.677320963841314017e-01 6.169728784380941189e-01 5.415022948322351093e-02 3.594479319212207091e-02
1.300000000000000000e+01 4.182041886076131032e-01 7.473414223702274928e-01 3.644627032435360237e-02 2.344402857653704597e-02
1.100000000000000000e+01 3.455612923135177317e-01 7.116023682961238883e-01 3.956493724215798258e-02 2.656838539416150891e-02
0.000000000000000000e+00 2.124079801039912008e-01 5.599295810938801354e-01 5.934981312854550883e-02 3.907396454036371480e-02
0.000000000000000000e+00 1.949921815446700180e-01 2.266208301044211060e-01 5.205667461283600139e-02 3.438160263766870672e-02
