6.000000000000000000e+00 1.259517803968935035e-01 5.560666347509770624e-01 3.717025092752213045e-02 5.050539621332239548e-02
1.000000000000000000e+01 7.867602450418753612e-01 5.240475995975519830e-01 3.118530640895722517e-02 3.639250911515434783e-02
1.400000000000000000e+01 7.822708956875767949e-01 5.686785760174007942e-01 2.833579729635138378e-02 4.013106507089325703e-02
3.000000000000000000e+00 6.578779371948305643e-01 2.930310124278218686e-01 4.422421421928568463e-02 5.500862386139182547e-02
2.000000000000000000e+00 1.149474360269957252e-01 6.812357744447432584e-01 3.468876741238387240e-02 4.814246342449246541e-02
3.000000000000000000e+00 6.797382006482326489e-01 4.557840347264094927e-01 4.461871447354537334e-02 5.753656343218499503e-02
5.000000000000000000e+00 5.807642568429205454e-01 6.185377955285813467e-01 4.111464037280354589e-02 5.415789560045769502e-02
8.000000000000000000e+00 5.990793129393441330e-01 7.275433212090760549e-01 4.034759989539160596e-02 5.709195640643904834e-02
7.000000000000000000e+00 5.823865123388913823e-01 1.720853886661033449e-01 4.066986613869894018e-02 5.161000249886135705e-02
2.000000000000000000e+00 5.583207427663621214e-01 3.385181931823519341e-01 4.124801690691526357e-02 5.359128220899056494e-02
6.000000000000000000e+00 5.314958959352165113e-01 5.084722942602869500e-01 3.933938922863500220e-02 5.386592193813227736e-02
3.000000000000000000e+00 4.921008402571688256e-01 6.761127054110249723e-01 3.894731349557623012e-02 5.381957735471643023e-02
1.000000000000000000e+00 4.864741953832081856e-01 1.095933268436632135e-01 4.029183590776985735e-02 5.202590542303280052e-02
8.000000000000000000e+00 4.656285801183721595e-01 2.375185619136495618e-01 3.887112222013505702e-02 4.887960147375933206e-02
5.000000000000000000e+00 4.378313052092285274e-01 3.918941528274447750e-01 3.676803122070321228e-02 4.967790991424553271e-02
8.000000000000000000e+00 4.343024424693115448e-01 5.528392347477408819e-01 3.805472740885107452e-02 5.112763425211230839e-02
0.000000000000000000e+00 3.852554793625375673e-01 7.006897145402364302e-01 3.808245612833321969e-02 5.307839843678119340e-02
1.500000000000000000e+01 3.756047981284414417e-01 8.606700739010642032e-01 3.776554055250380681e-02 5.584408042556598950e-02
7.000000000000000000e+00 3.776323666858669714e-01 1.603642220625190185e-01 3.890723922561128978e-02 4.952597325231955505e-02
1.000000000000000000e+00 3.498349803044842887e-01 4.351274067089782038e-01 3.815000830524228892e-02 5.021202914800787509e-02
9.000000000000000000e+00 3.195749910184649822e-01 5.969935558730956604e-01 3.876413673863593479e-02 5.208150220229590399e-02
1.000000000000000000e+00 3.081423145697333998e-01 7.397441807256706081e-01 3.694106400388325051e-02 5.144388099450680762e-02
2.000000000000000000e+00 2.545307026111325865e-01 9.135469305295094156e-01 3.695251777645325308e-02 5.221721965342918104e-02
9.000000000000000000e+00 2.641710587290798107e-01 2.281427015510836820e-01 3.639117144828482586e-02 5.041170379633866383e-02
0.000000000000000000e+00 2.620212051253353325e-01 3.698049393289120079e-01 3.553428434613908893e-02 4.738707179606899134e-02
0.000000000000000000e+00 2.379936147947061542e-01 5.017102070926395818e-01 3.550307211918435346e-02 4.694151725629053251e-02
1.500000000000000000e+01 2.317946296429934661e-01 6.381012013628942769e-01 3.711236896735703450e-02 5.144616617540886949e-02
5.000000000000000000e+00 1.741340672788129762e-01 7.884629277583741214e-01 3.581703368067695736e-02 5.129322626333077118e-02
7.000000000000000000e+00 1.806611012962375529e-01 2.878756582468473546e-01 3.450991020470950410e-02 4.883972228021271622e-02
6.000000000000000000e+00 1.511131688056822631e-01 4.099747410029009331e-01 3.434167072781169061e-02 4.861622044076918669e-02
