0.000000000000000000e+00 7.884047719178235436e-01 2.971216129033590336e-01 4.588955356728019463e-02 3.676002686164409061e-02
1.100000000000000000e+01 2.271747900998022096e-01 7.463361503818211062e-01 3.821231790589940669e-02 2.516881958821781673e-02
1.200000000000000000e+01 1.265234670460917837e-02 6.693622698647790914e-01 2.530469340921835675e-02 2.727507125740213922e-02
1.500000000000000000e+01 1.846350468449851068e-01 5.079883715530639776e-01 5.352964762246945063e-02 4.130994499138773701e-02
8.000000000000000000e+00 2.574362349151531615e-01 2.892932129031734467e-01 5.023112470087745529e-02 3.767295098370176953e-02
0.000000000000000000e+00 4.446900532745979295e-01 1.527264531582756546e-01 5.167310973449856792e-02 3.673596047116015062e-02
1.000000000000000000e+00 4.148539811973375180e-01 2.650729602466447288e-01 4.935040329348855392e-02 3.768268602421781521e-02
9.000000000000000000e+00 3.495955653257042384e-01 3.854696464033775527e-01 5.118141881717414021e-02 3.670464276017454397e-02
7.000000000000000000e+00 3.296736328163157315e-01 4.698864935422857325e-01 5.054424471372154226e-02 3.523308147442866245e-02
5.000000000000000000e+00 2.997796786433185590e-01 5.852795258905605369e-01 5.141654431186631902e-02 3.889391348455106812e-02
5.000000000000000000e+00 4.132228052150368480e-01 6.549672567287118108e-01 4.834281232582632315e-02 3.726602058043049226e-02
7.000000000000000000e+00 4.534450806796789246e-01 5.505320830502029583e-01 4.741435781655239934e-02 3.757263153392653710e-02
6.000000000000000000e+00 4.637199448940034219e-01 4.540720915150268100e-01 4.762915677503520850e-02 3.504514666000896339e-02
0.000000000000000000e+00 5.194181798483161749e-01 3.245978512076707623e-01 4.960554129082511698e-02 3.552984319338503560e-02
2.000000000000000000e+00 5.507985262558807715e-01 2.491292334876039627e-01 4.856900213816794931e-02 3.576950790051727780e-02
6.000000000000000000e+00 6.029280980514081234e-01 1.202989190053486701e-01 4.589069550751689874e-02 3.519770987560338904e-02
9.000000000000000000e+00 5.225201748552092962e-01 7.280290498350987516e-01 4.882165641549029989e-02 3.728611872859255438e-02
6.000000000000000000e+00 5.384188092491617450e-01 6.456210183146966486e-01 4.811268281966873950e-02 3.508131761699984086e-02
1.000000000000000000e+00 5.879960875191340142e-01 5.321225504642678183e-01 4.596960357785784268e-02 3.541636288238447783e-02
2.000000000000000000e+00 6.214068322156742763e-01 4.252985805535624553e-01 4.706660846603683002e-02 3.623210789031716672e-02
3.000000000000000000e+00 6.397230968327944911e-01 3.262158948772518885e-01 4.801076465356235445e-02 3.553680902882755399e-02
1.000000000000000000e+00 6.913609491624915782e-01 2.237895796400080628e-01 4.764808443445489594e-02 3.600994341730912041e-02
3.000000000000000000e+00 6.399708693156058725e-01 7.362983244120850923e-01 4.830258748099625077e-02 3.680781706054092606e-02
8.000000000000000000e+00 6.627061571628627412e-01 6.084084690858396760e-01 4.769655979749376495e-02 3.722936429883927367e-02
8.000000000000000000e+00 7.334287427918224633e-01 4.768697721219548047e-01 4.699506591022106772e-02 3.505533847661973512e-02
7.000000000000000000e+00 7.453180535639831739e-01 3.937242184998190897e-01 4.992985231798685586e-02 3.627869905196573486e-02
3.000000000000000000e+00 7.816062307199117543e-01 6.809716625364714560e-01 4.703903060932579372e-02 3.597465746400163589e-02
2.000000000000000000e+00 8.087691634460909551e-01 5.798977042985375974e-01 4.758339352005813705e-02 3.540796962164627359e-02
5.000000000000000000e+00 8.551724188287539441e-01 4.747750968719178788e-01 4.520210554491643773e-02 3.390155061018146343e-02
1.500000000000000000e+01 9.047965737454337631e-01 3.699074418773463657e-01 4.678620504096808741e-02 3.566990216338983277e-02
