6.000000000000000000e+00 7.443461443917115394e-01 5.860213382108894198e-01 3.926734133493647860e-02 3.797570629560376165e-02
1.100000000000000000e+01 9.070749637396871012e-01 4.578624721984368984e-01 3.846073546242168018e-02 3.394967358102046751e-02
1.400000000000000000e+01 9.870416438900975198e-01 3.550294671012206305e-01 2.591671221980484940e-02 3.736293448259803140e-02
0.000000000000000000e+00 6.875240248784433295e-01 4.959585746598387246e-01 3.770014600553406314e-02 3.802258383713713608e-02
5.000000000000000000e+00 6.240366293880059700e-01 3.985200524384137077e-01 3.872773831379594522e-02 4.001937335312866217e-02
1.000000000000000000e+00 5.597156909302924976e-01 2.987424431531762181e-01 4.227643817435022822e-02 4.098474931464834992e-02
2.000000000000000000e+00 4.388545171427559177e-01 3.011292150640594856e-01 4.186137548743268377e-02 4.089207063896471706e-02
8.000000000000000000e+00 5.096599624127418071e-01 4.098586856201686945e-01 3.843643556574860565e-02 3.779018748312901188e-02
9.000000000000000000e+00 5.698424508598012306e-01 5.036984550377259229e-01 3.631179576283116717e-02 3.615033465536837687e-02
7.000000000000000000e+00 6.286233357982535797e-01 5.919000833132384010e-01 3.640361331260821842e-02 3.657325511618247926e-02
8.000000000000000000e+00 6.431018224062825528e-01 7.720533009952695869e-01 3.510234442719695203e-02 3.510239824756600235e-02
2.000000000000000000e+00 5.778120903936079245e-01 6.939570390525271470e-01 3.518678858640000850e-02 3.453254817896100892e-02
0.000000000000000000e+00 5.192276498025685250e-01 6.088835313628132573e-01 3.626707103606408023e-02 3.594409500076922725e-02
9.000000000000000000e+00 4.614620053976573044e-01 5.053932719174853982e-01 3.685774958753174069e-02 3.685772267734727103e-02
3.000000000000000000e+00 3.895698326888012430e-01 4.141261296005932513e-01 3.993530593650973515e-02 4.106547986837971731e-02
1.500000000000000000e+01 3.153086891561597271e-01 3.147369150093572987e-01 4.095899626800808546e-02 4.095896935782344928e-02
7.000000000000000000e+00 2.649096135935896101e-01 4.259981226406667210e-01 4.020430014154263709e-02 3.899344947631050440e-02
3.000000000000000000e+00 4.040074965468267720e-01 6.119595269210857946e-01 3.747813698277263628e-02 3.709068414523131185e-02
5.000000000000000000e+00 4.689470059623223053e-01 6.994579920735978229e-01 3.638378050657492535e-02 3.570502492098603931e-02
1.000000000000000000e+00 5.297942566989903845e-01 7.875895193182869125e-01 3.509529395883770331e-02 3.428766549930917229e-02
8.000000000000000000e+00 5.932005987134814085e-01 8.682601978889687988e-01 3.413519239349527279e-02 3.440181850228529736e-02
7.000000000000000000e+00 4.838754712217576692e-01 8.800695440193466723e-01 3.465084535036200286e-02 3.451371104975697879e-02
0.000000000000000000e+00 4.173072901601931894e-01 7.948079610496232572e-01 3.579377470972150421e-02 3.525234179602976248e-02
1.500000000000000000e+01 3.566375659111803431e-01 7.099949170364312501e-01 3.737563608971850027e-02 3.576105192527567755e-02
2.000000000000000000e+00 2.919215186684130936e-01 6.175310384461175639e-01 3.719428835585325555e-02 3.718675350417166570e-02
6.000000000000000000e+00 2.173263255595234700e-01 5.277317794224460901e-01 3.955511884880413831e-02 3.901476234249556807e-02
1.000000000000000000e+00 1.706259203161558657e-01 6.258437290129135189e-01 3.867873486768100277e-02 3.720133882421250426e-02
6.000000000000000000e+00 2.440508971385247639e-01 7.184397635196853038e-01 3.733279507587167201e-02 3.640431297740731598e-02
5.000000000000000000e+00 3.059251481593942001e-01 8.050922801098310266e-01 3.551945228814229472e-02 3.470423515656284597e-02
3.000000000000000000e+00 3.749999456388560803e-01 8.914029297151090381e-01 3.522648110865117532e-02 3.334602432058653143e-02
