1.500000000000000000e+01 6.671458926000104483e-01 7.907384591825482589e-01 2.965752966216905762e-02 3.811324056491316448e-02
1.100000000000000000e+01 1.075932900555306715e-01 4.826766134100085592e-01 2.426923422657560614e-02 3.235831392842120069e-02
1.200000000000000000e+01 2.449884503598431240e-01 4.492107856249238362e-01 3.289594362835579489e-02 3.614987520262236131e-02
6.000000000000000000e+00 4.306597484107157481e-01 2.488636404575884364e-01 3.848585712892826916e-02 5.345150943128768040e-02
0.000000000000000000e+00 6.886622200231946600e-01 2.144186516026712341e-01 3.516439624950040699e-02 4.688617571283065777e-02
5.000000000000000000e+00 7.880481493017499339e-01 2.057995485998515839e-01 3.304385968537315588e-02 5.047276601030686871e-02
0.000000000000000000e+00 8.469763491146566903e-01 2.891732737511257811e-01 3.284030191938402954e-02 4.576378157841914929e-02
8.000000000000000000e+00 7.450223942489742068e-01 3.063787957947471385e-01 3.359002406975164501e-02 4.628309495881677282e-02
1.000000000000000000e+00 4.864255151169977198e-01 8.493999778165987058e-01 2.970449813662462413e-02 4.245966716802329621e-02
3.000000000000000000e+00 6.362998527090044654e-01 3.196293644640918474e-01 3.282206872989035240e-02 4.475998630576011328e-02
3.000000000000000000e+00 5.100038139888150024e-01 3.579337625635374831e-01 3.551149189022700936e-02 4.982501671303490864e-02
1.500000000000000000e+01 4.289258358228970058e-01 3.709339573975167781e-01 3.774929723541403659e-02 4.736578064255264620e-02
1.000000000000000000e+00 8.800019756105360580e-01 4.184093034371183517e-01 3.207572720128304411e-02 4.454556621411520645e-02
7.000000000000000000e+00 7.972419441488016734e-01 4.305036717544492575e-01 3.113375297081322213e-02 4.091915662590567271e-02
2.000000000000000000e+00 6.860577557670944904e-01 4.845613654613667998e-01 3.253316411946260978e-02 4.515635035214005111e-02
8.000000000000000000e+00 5.640872780091505945e-01 4.948241711000343490e-01 3.297746649080346426e-02 4.455313104805413982e-02
7.000000000000000000e+00 4.737599602722596392e-01 5.031846565381962177e-01 3.432425632205388100e-02 4.398720942338835149e-02
2.000000000000000000e+00 3.451440945641758851e-01 5.295600458314108083e-01 3.796307999672710043e-02 4.646271127233991827e-02
7.000000000000000000e+00 3.440220052399231010e-01 6.504079077748278204e-01 3.818570225264267259e-02 4.493223175544525105e-02
3.000000000000000000e+00 4.505259029096829737e-01 6.084285659969017601e-01 3.562665471019049734e-02 4.920533766037871182e-02
6.000000000000000000e+00 5.727032359253327876e-01 5.972016596812435019e-01 4.014532676298565583e-02 4.585203797437276130e-02
0.000000000000000000e+00 7.299634700380497332e-01 5.622856282910624337e-01 3.168451721758669404e-02 4.480720417034556036e-02
9.000000000000000000e+00 8.115897462594572342e-01 5.467940122048425833e-01 3.553277318130787510e-02 3.968373334264185814e-02
6.000000000000000000e+00 7.968437512414695556e-01 6.368162011178584159e-01 2.970447042661028547e-02 4.245052286326200797e-02
1.000000000000000000e+00 6.965349676423997494e-01 6.913192501766647347e-01 3.293507016872831983e-02 4.034267748574282830e-02
5.000000000000000000e+00 6.123430766051204399e-01 6.809453135251332112e-01 3.568733964178805174e-02 4.473000407014882107e-02
8.000000000000000000e+00 5.589361525870477632e-01 8.121800249868051935e-01 3.293457138846866972e-02 4.107754706837685177e-02
5.000000000000000000e+00 4.983265783736779420e-01 7.305967547077902857e-01 3.572411083093418593e-02 4.763185220109156237e-02
2.000000000000000000e+00 4.068441686853502826e-01 7.505093927559607359e-01 3.617714185681963901e-02 4.113595977879136445e-02
9.000000000000000000e+00 7.552671468132419186e-01 7.798337649146602768e-01 2.748800179253274578e-02 3.808093068809004222e-02
