1.600000000000000000e+01 8.716025377272929031e-01 4.375528867170833114e-01 2.697287130082492990e-02 3.426982695126556955e-02
1.600000000000000000e+01 7.826477013793742277e-01 7.622482312095165691e-01 2.648407002544750366e-02 4.005603461554962941e-02
0.000000000000000000e+00 4.654535298061428517e-01 7.997907248715507844e-01 3.835363636018063183e-02 5.358681442598611788e-02
8.000000000000000000e+00 4.059883779279351290e-01 8.551959601548002610e-01 3.580057494343780178e-02 5.342946600065945351e-02
6.000000000000000000e+00 2.511005457253002171e-01 8.720910569151385516e-01 3.634207016978521776e-02 5.089536086606449850e-02
2.000000000000000000e+00 1.982770460564171056e-01 8.113632812438850150e-01 3.710424247238361395e-02 5.436249872136511563e-02
9.000000000000000000e+00 2.947070750618443480e-01 7.243827191146366973e-01 3.946122484566211286e-02 4.854111474184574782e-02
0.000000000000000000e+00 4.008305484498415616e-01 7.138084423091501929e-01 3.835363636018063183e-02 5.358675800847956250e-02
0.000000000000000000e+00 5.890959647401574628e-01 6.318417885991902683e-01 3.887386218661836867e-02 5.019815332207600012e-02
7.000000000000000000e+00 4.975452178793914881e-01 6.391055143383661541e-01 3.899408789273894893e-02 5.361643361684165221e-02
1.000000000000000000e+00 4.348667364027625215e-01 5.853515348409416008e-01 3.954678199410510686e-02 5.109536092622302128e-02
6.000000000000000000e+00 5.359359205412714822e-01 5.267925045328907263e-01 3.693541308450642990e-02 4.922935190231814140e-02
5.000000000000000000e+00 5.655484823399036243e-01 4.126714970044575992e-01 3.625699257014658450e-02 4.551806728810714464e-02
8.000000000000000000e+00 5.258055648848277697e-01 3.933774009329555899e-01 3.450534183169762237e-02 4.543143820704276248e-02
1.500000000000000000e+01 3.439978938373762229e-01 4.949055414859608870e-01 3.313992534200610462e-02 4.587366683089394437e-02
2.000000000000000000e+00 2.824872406386784163e-01 2.136718602780345866e-01 3.300824688208792157e-02 4.235152190686122808e-02
1.000000000000000000e+00 2.676798737023642905e-01 5.537157002193378030e-01 3.489975661888189418e-02 4.542867374922965329e-02
2.000000000000000000e+00 1.117531131195265148e-01 7.206727321030729216e-01 3.244734403354182506e-02 4.325451230541332848e-02
9.000000000000000000e+00 1.142739601401196459e-01 5.920561913005291110e-01 3.296627225733249344e-02 4.254573917261461613e-02
6.000000000000000000e+00 2.916435903603994406e-01 4.498616774434524013e-01 3.162751303941108150e-02 4.392796807921078850e-02
5.000000000000000000e+00 3.902549176242016138e-01 3.797403023317241222e-01 3.887673947944431108e-02 4.366844754980903076e-02
3.000000000000000000e+00 3.422341838569359918e-01 3.673267301916091077e-01 3.335056010211945310e-02 4.305863072322141383e-02
3.000000000000000000e+00 2.249163488507012199e-01 4.312350286813171341e-01 3.305233716333297322e-02 4.502243949445627891e-02
3.000000000000000000e+00 1.646999696661350376e-01 4.666842071861944108e-01 3.231326782960197708e-02 4.497679773178531182e-02
7.000000000000000000e+00 1.699878556008380392e-01 3.403332382921980259e-01 2.806082649408214724e-02 4.291059118644957593e-02
7.000000000000000000e+00 2.961293886067318804e-01 3.295243210776284126e-01 3.307786608497531589e-02 4.551234091120842651e-02
0.000000000000000000e+00 5.624613728076571784e-01 3.028955683570395685e-01 3.540768342892608445e-02 4.664351191436161281e-02
1.500000000000000000e+01 4.829277663739683368e-01 1.938117978867878177e-01 3.490091317776278235e-02 4.483795424855546718e-02
1.000000000000000000e+00 3.445709687629262552e-01 2.259143181212636686e-01 3.301662488178708221e-02 4.176229747010648530e-02
5.000000000000000000e+00 4.084455577925653058e-01 1.524037741480679109e-01 3.486026436440775589e-02 4.365544331458581784e-02
