1.500000000000000000e+01 5.967961003483337468e-01 8.476688194723912551e-01 3.000415588680971357e-02 3.861202141413544453e-02
1.100000000000000000e+01 1.241891699926370718e-01 3.274455548339581523e-01 2.456857039402043918e-02 3.275753281522497673e-02
1.200000000000000000e+01 2.646018135245837843e-01 3.496136306154712381e-01 3.319907402532001894e-02 3.676178420992687323e-02
6.000000000000000000e+00 4.889932809123135882e-01 2.294795245658262373e-01 3.899285772088589841e-02 5.407221940214407274e-02
0.000000000000000000e+00 7.463201318949381768e-01 2.985835712413182907e-01 3.559820810741509689e-02 4.746461410263480563e-02
5.000000000000000000e+00 8.444074457349788343e-01 3.297021277705828313e-01 3.355281193251824501e-02 5.097876597500045071e-02
0.000000000000000000e+00 8.828051204917869432e-01 4.337673457466252325e-01 3.327526372840883262e-02 4.629234182635372230e-02
8.000000000000000000e+00 7.803155510201424949e-01 4.099371927143160010e-01 3.402672535077411187e-02 4.682752119142319369e-02
1.000000000000000000e+00 4.088366638716319779e-01 8.326783270766211498e-01 3.011468145020063103e-02 4.292986805582932330e-02
3.000000000000000000e+00 6.721601157638622537e-01 3.795930865635586127e-01 3.324148891157574504e-02 4.529449796458151489e-02
3.000000000000000000e+00 5.414060459418791327e-01 3.665131856231736984e-01 3.598717954446573053e-02 5.039407452379257579e-02
1.500000000000000000e+01 4.600544624165956442e-01 3.469022477907098834e-01 3.817350983877287884e-02 4.801048134578861371e-02
1.000000000000000000e+00 8.858982092406755271e-01 5.719235846549879376e-01 3.249821852385759158e-02 4.506289922058248631e-02
7.000000000000000000e+00 8.031214630954637279e-01 5.507683746741292019e-01 3.150999655757891205e-02 4.143485552401171557e-02
2.000000000000000000e+00 6.834710326204349595e-01 5.589305753218629658e-01 3.296130380316208974e-02 4.568133743645008682e-02
8.000000000000000000e+00 5.631645740171162817e-01 5.204359242014402476e-01 3.339229739604021585e-02 4.509246621139817446e-02
7.000000000000000000e+00 4.738998230138971035e-01 4.926635711820992469e-01 3.472362549577995283e-02 4.456547808097588437e-02
2.000000000000000000e+00 3.435651892893308301e-01 4.671205804911370274e-01 3.837225948766265216e-02 4.712119939526598911e-02
7.000000000000000000e+00 3.154914016401883514e-01 5.836033875924216963e-01 3.857459981475386268e-02 4.561182415064224394e-02
3.000000000000000000e+00 4.279159288607073952e-01 5.852696586431485049e-01 3.609164583839180596e-02 4.978200415129796497e-02
6.000000000000000000e+00 5.486378401528131388e-01 6.229136276037152697e-01 4.053690545189325700e-02 4.658029738681279674e-02
0.000000000000000000e+00 7.085951202052758191e-01 6.515653321041776636e-01 3.211446479106860874e-02 4.531233914689536402e-02
9.000000000000000000e+00 7.910335571386867271e-01 6.689833754337470850e-01 3.586818222469312367e-02 4.033723008127976239e-02
6.000000000000000000e+00 7.566617620023103896e-01 7.502313622824816619e-01 3.011451313716007050e-02 4.292077915163161617e-02
1.000000000000000000e+00 6.474345654072184431e-01 7.631421226430528115e-01 3.329058021511233090e-02 4.091364614131998145e-02
5.000000000000000000e+00 5.682900988367680650e-01 7.196789266656015149e-01 3.608766242976191307e-02 4.533994248556960649e-02
8.000000000000000000e+00 4.873075977575597184e-01 8.254536861699166561e-01 3.330101562363552148e-02 4.164221719015048784e-02
5.000000000000000000e+00 4.468832656777192991e-01 7.224532585675835783e-01 3.616486201109497811e-02 4.821949809016079502e-02
2.000000000000000000e+00 3.539209997703817723e-01 7.053998373885106421e-01 3.652774492683763530e-02 4.179409165720604502e-02
9.000000000000000000e+00 6.844945442209133812e-01 8.721036090512310768e-01 2.784862687895006683e-02 3.852505967644215268e-02
