5.000000000000000000e+00 5.474605308410416260e-01 5.185495748816950634e-01 4.017766246684717490e-02 5.164786303874713269e-02
3.000000000000000000e+00 1.271521976469060233e-01 4.867465353569968567e-01 4.029887180567461036e-02 4.331672456870161447e-02
2.000000000000000000e+00 1.740953641395233675e-01 3.758445363709649878e-01 3.244474984212711299e-02 4.442698110937493006e-02
2.000000000000000000e+00 2.568690862108055084e-01 2.690114790656444321e-01 3.329976482935531612e-02 3.977390769250391256e-02
8.000000000000000000e+00 3.035624691628410199e-01 1.545651570682197717e-01 3.330421414617040776e-02 4.093476484863398102e-02
3.000000000000000000e+00 1.515793476769142778e-01 6.028266409618406874e-01 3.507462770597516433e-02 4.793301512420011790e-02
8.000000000000000000e+00 2.388449037926577423e-01 4.940862361537400327e-01 3.767324981008451923e-02 4.329442271360944838e-02
6.000000000000000000e+00 2.943376121763771058e-01 3.634973229473345002e-01 3.245925848391556512e-02 4.791524549244768894e-02
3.000000000000000000e+00 3.488254243943159638e-01 2.673966948700911006e-01 3.418053611019650218e-02 4.211317055245106244e-02
7.000000000000000000e+00 4.099090724356239113e-01 1.391149182453867983e-01 3.331068085508187560e-02 4.094405037937866310e-02
1.500000000000000000e+01 1.929262961298829071e-01 7.551305416088344158e-01 3.597145521706240912e-02 5.374393342681060837e-02
0.000000000000000000e+00 2.568733697145716421e-01 6.066138939077894143e-01 3.680737406814610368e-02 4.678243837710882591e-02
9.000000000000000000e+00 4.641549495973007478e-01 2.645380779051316189e-01 3.419827810644082700e-02 4.675449887835034235e-02
9.000000000000000000e+00 4.985351937072776130e-01 1.582800188005209496e-01 3.507457243495881727e-02 4.792381249997992865e-02
1.000000000000000000e+00 2.938967429145634691e-01 7.529683947207398420e-01 3.655285103791333645e-02 5.356518695997625201e-02
0.000000000000000000e+00 3.552904751752772317e-01 6.216848077455003896e-01 3.507752943433289916e-02 4.870155860636871115e-02
7.000000000000000000e+00 4.301153131255017747e-01 5.126994694285014198e-01 3.652609986600613423e-02 4.680910664249138264e-02
5.000000000000000000e+00 5.075138044982052676e-01 3.834743270969538931e-01 3.651858300778421107e-02 4.483883308761149600e-02
8.000000000000000000e+00 5.800653179109730440e-01 2.356972194122547437e-01 3.505895837284356276e-02 4.385796599618355107e-02
5.000000000000000000e+00 6.381736166008172839e-01 1.309558522669528879e-01 3.870695599313078716e-02 4.582660905608157420e-02
1.500000000000000000e+01 4.256833375917336570e-01 7.626533414649485643e-01 4.309674592367951362e-02 5.359951026112164119e-02
6.000000000000000000e+00 4.495430339147620247e-01 6.076931434082977201e-01 3.581666873581007549e-02 5.161914974576009563e-02
0.000000000000000000e+00 5.896129161795838902e-01 3.907708888654459201e-01 3.872911967068204397e-02 5.162873926709454775e-02
1.000000000000000000e+00 6.814743954813056170e-01 2.448658105040874000e-01 3.797533354987558951e-02 4.484198353554272320e-02
6.000000000000000000e+00 5.308138403275574069e-01 7.831221333001822105e-01 4.307187396632783383e-02 5.651096631769947365e-02
2.000000000000000000e+00 6.438996109868257989e-01 6.641934700553522308e-01 4.093885490384296943e-02 5.842826260342037781e-02
1.000000000000000000e+00 6.728100556892712136e-01 5.038704358255363669e-01 3.871806546741463073e-02 4.872632002168775234e-02
7.000000000000000000e+00 7.392436064859211342e-01 3.808921757557129917e-01 4.381725889265120077e-02 5.361531777179401326e-02
1.600000000000000000e+01 7.149212364851341706e-01 7.721972918464812263e-01 3.214728123220034206e-02 4.189714378509712400e-02
1.200000000000000000e+01 7.452283797704204460e-01 7.096964673107795107e-01 3.576664846602495285e-02 3.805730046710342762e-02
