0.000000000000000000e+00 5.850604001933807918e-01 3.740494464606800573e-01 3.735692203599871863e-02 5.151037235524463798e-02
1.600000000000000000e+01 2.752339479680638856e-01 4.538728885907534760e-01 2.814850624857961892e-02 3.540021714595797953e-02
1.600000000000000000e+01 2.018158838079665007e-01 1.224580155105574886e-01 2.648617802893957207e-02 3.386861655420897455e-02
1.000000000000000000e+00 5.675504461757395758e-01 2.229382808461188581e-01 3.940211411453886647e-02 5.341061150328058060e-02
0.000000000000000000e+00 7.676893930428836388e-01 2.861543498937346164e-01 3.738461782924951127e-02 5.239988923700800161e-02
6.000000000000000000e+00 8.916920817016436018e-01 4.384244131715827608e-01 3.465016629226214118e-02 4.960810102112112041e-02
2.000000000000000000e+00 7.979028035750528325e-01 4.251187183100005873e-01 3.869096510880531969e-02 5.157830543302949211e-02
7.000000000000000000e+00 6.784416153535857141e-01 3.830240592387232912e-01 3.659839406319476129e-02 4.881746450813334581e-02
8.000000000000000000e+00 4.573995878739837151e-01 3.612539899788443920e-01 3.874197297960352282e-02 5.335733919655616386e-02
2.000000000000000000e+00 4.064568196086150165e-01 4.704200073557144313e-01 3.927617663956856076e-02 4.896021106517089994e-02
9.000000000000000000e+00 5.169771728879375416e-01 4.824782883342806361e-01 3.594635264138001940e-02 4.878425278121634179e-02
5.000000000000000000e+00 6.137223237413724775e-01 4.975660942697507361e-01 3.710313102489004589e-02 4.701105429488389165e-02
3.000000000000000000e+00 7.279239240558856849e-01 5.133556576081067524e-01 3.719881795838519967e-02 5.008662278228648290e-02
3.000000000000000000e+00 8.239456166621421662e-01 5.336217349757979012e-01 3.399522174746516523e-02 4.582446083834623707e-02
8.000000000000000000e+00 9.262862757828080884e-01 5.718463714399633080e-01 3.397339026263868078e-02 4.479936811331153290e-02
2.000000000000000000e+00 3.170453057831177368e-01 5.889732583800958432e-01 3.668032019375411235e-02 4.322639801906524859e-02
0.000000000000000000e+00 4.407427600915233556e-01 6.053476268119977188e-01 3.783587926561154946e-02 4.697409753931969245e-02
1.000000000000000000e+00 5.457302544975719538e-01 6.215097769538964201e-01 3.579335806021521904e-02 4.906875883347761036e-02
6.000000000000000000e+00 6.467363189520647371e-01 6.370220049537574925e-01 3.794857849978261477e-02 4.917855494466638611e-02
7.000000000000000000e+00 7.450734553552795791e-01 6.565246916176493697e-01 3.505846150848679343e-02 4.461246505571381249e-02
6.000000000000000000e+00 8.380485816727265558e-01 6.785409602220385805e-01 3.731674281392427517e-02 4.620598926067431833e-02
9.000000000000000000e+00 7.807588172405548477e-01 7.702215840016972681e-01 3.205976771765450817e-02 3.978892622069463147e-02
5.000000000000000000e+00 6.862698574440103672e-01 7.611115840833764246e-01 3.212845560741461881e-02 4.224589726303806803e-02
5.000000000000000000e+00 5.760549997961106339e-01 7.459227349525090478e-01 3.493554328141801335e-02 4.361419718703507531e-02
1.500000000000000000e+01 4.706490056965547675e-01 7.362378586212418030e-01 3.730063048137294279e-02 4.559261743698317382e-02
1.500000000000000000e+01 3.741577039166884555e-01 7.158437970768780634e-01 3.589424158384862951e-02 4.490242897918161891e-02
8.000000000000000000e+00 4.239845988013671851e-01 8.137122533058374074e-01 3.496950982031038491e-02 4.484088277195774630e-02
7.000000000000000000e+00 5.084349222156416825e-01 8.544153439224148050e-01 3.306909648489553266e-02 4.289909993404572575e-02
1.000000000000000000e+00 6.241746406329991004e-01 8.586631063763630056e-01 3.392183079847366223e-02 4.050431378598240428e-02
0.000000000000000000e+00 7.037224457515220966e-01 8.762422127834416097e-01 3.491951804255599701e-02 4.300088342580377088e-02
