6.000000000000000000e+00 7.642409541110183335e-01 4.763857762521231942e-01 5.123077280176757675e-02 3.661276904403171217e-02
0.000000000000000000e+00 2.811278438269755320e-01 8.000774769966606526e-01 4.583406102825565709e-02 3.241603504003109926e-02
5.000000000000000000e+00 2.433865549626997304e-01 7.184779401098548846e-01 4.465579128537081055e-02 3.304964869448967502e-02
7.000000000000000000e+00 1.952237837987359503e-01 6.256480702158415674e-01 4.502669814240420343e-02 3.419762355426259059e-02
1.000000000000000000e+00 1.443545091531661939e-01 5.231674238160317625e-01 4.775131053917251733e-02 3.429601816059046904e-02
2.000000000000000000e+00 2.928412371055434393e-01 5.585519039696644761e-01 4.840906941384742757e-02 3.521931777872511216e-02
5.000000000000000000e+00 2.397619379842025888e-01 4.533828630034110185e-01 4.787980165238991948e-02 3.634445103345768091e-02
3.000000000000000000e+00 4.156091679662273775e-01 8.438577206545827547e-01 4.361578976952334985e-02 3.075222532300536660e-02
9.000000000000000000e+00 3.531305342010268022e-01 7.421159406649636692e-01 4.436568022978931713e-02 3.327432393612772543e-02
6.000000000000000000e+00 3.281864671065943817e-01 6.501198460338459828e-01 4.464224502332447830e-02 3.282208282789589315e-02
6.000000000000000000e+00 6.438139760329129047e-01 9.004190325899500413e-01 4.384874013358308620e-02 2.962941590402157210e-02
0.000000000000000000e+00 6.131582749118522635e-01 8.036216665866903197e-01 4.396935287682379734e-02 3.166390576239752619e-02
0.000000000000000000e+00 5.170088764997171626e-01 8.667225357130197150e-01 4.175108161809160112e-02 2.999981265076867576e-02
1.000000000000000000e+00 4.810731371633969466e-01 7.776718462142409027e-01 4.551977641299737032e-02 3.240469925589195554e-02
1.500000000000000000e+01 4.632542055290952421e-01 6.816427063020921162e-01 4.679729094602064210e-02 3.335571486624688831e-02
2.000000000000000000e+00 5.794782716008441970e-01 7.064474707791844610e-01 4.772280104206239049e-02 3.360810610010545041e-02
8.000000000000000000e+00 4.182456304715834738e-01 5.850407408779312313e-01 4.599106163858307506e-02 3.513838027997151503e-02
8.000000000000000000e+00 5.749765199851191166e-01 6.094144621631318870e-01 4.710108996095008216e-02 3.335939899609208226e-02
5.000000000000000000e+00 5.216052819130043705e-01 5.274817099015555177e-01 4.599151506994864080e-02 3.514563518182067803e-02
1.000000000000000000e+00 7.756306682432225763e-01 8.349130784822750284e-01 4.666704278626154778e-02 3.340848294141474106e-02
8.000000000000000000e+00 7.164278352088271351e-01 7.386184828450474971e-01 4.605853789367142515e-02 3.532593082855395306e-02
7.000000000000000000e+00 8.791736476536340383e-01 7.731461477545218397e-01 4.659086631684650204e-02 3.183518946074048728e-02
7.000000000000000000e+00 6.949080959568828542e-01 6.506460531335860331e-01 4.819363283628264050e-02 3.458060302140408826e-02
3.000000000000000000e+00 8.243380388166920980e-01 6.744138767565484027e-01 4.744626458798761881e-02 3.428581595486512867e-02
9.000000000000000000e+00 6.489506732577328130e-01 5.385411843023256706e-01 4.788076519404182996e-02 3.541508677080851264e-02
2.000000000000000000e+00 6.356016538554554174e-01 4.533805533373926888e-01 4.937878906803205847e-02 3.625288623707367819e-02
1.400000000000000000e+01 4.361385564368536194e-01 2.273329166529293732e-01 3.935211796018101005e-02 3.238965100244720063e-02
1.400000000000000000e+01 4.504990536881383068e-01 1.752261427923476056e-01 4.286788307148181598e-02 3.635303788994317942e-02
