3 0.559078 0.142620 0.038562 0.048094
10 0.855480 0.621130 0.037070 0.045260
10 0.784254 0.530880 0.034570 0.045823
8 0.175375 0.786484 0.034828 0.050573
1 0.279539 0.800167 0.036688 0.053062
0 0.511816 0.805969 0.038555 0.058042
6 0.135883 0.665422 0.031719 0.048927
9 0.222328 0.666250 0.034203 0.048917
7 0.335199 0.665839 0.036070 0.048094
1 0.455535 0.667495 0.039180 0.053073
5 0.559387 0.660031 0.039180 0.054729
2 0.095773 0.552240 0.031094 0.046438
3 0.199938 0.534000 0.034203 0.049750
5 0.292910 0.539797 0.034820 0.048094
3 0.399563 0.540214 0.037937 0.050573
1 0.510570 0.536073 0.037312 0.053896
8 0.620648 0.527776 0.043531 0.052240
2 0.143344 0.414594 0.031719 0.046437
2 0.245645 0.423297 0.036070 0.048927
15 0.342352 0.417906 0.036687 0.049750
15 0.449609 0.422490 0.036094 0.047313
7 0.557523 0.411276 0.037937 0.053073
0 0.671328 0.412104 0.040422 0.051417
7 0.197762 0.311359 0.032336 0.047260
6 0.296949 0.295604 0.032961 0.047271
0 0.508395 0.282755 0.035445 0.051406
6 0.620645 0.257047 0.042289 0.053073
9 0.264301 0.172885 0.033586 0.047271
5 0.339859 0.163349 0.034203 0.046427
8 0.462066 0.147594 0.036070 0.049750
