1.400000000000000000e+01 7.145983437420072582e-01 9.287323967437252081e-01 3.413552059030089403e-02 3.765742255656245874e-02
3.000000000000000000e+00 1.230145905316743782e-01 3.970994413611295126e-01 3.363858844164722972e-02 3.474024276857373694e-02
6.000000000000000000e+00 2.861533870772670074e-01 2.586968123124231966e-01 3.432625947781176023e-02 3.506103089756951174e-02
1.000000000000000000e+00 3.689576416273591120e-01 1.841849703057325538e-01 3.487192272155048567e-02 3.707525855392845848e-02
6.000000000000000000e+00 4.652308256917061513e-01 2.169105641508119464e-01 3.595922678734769784e-02 3.595917243029794763e-02
2.000000000000000000e+00 3.864011042609973856e-01 2.906913581956515058e-01 3.552260378537214214e-02 3.588880722941939494e-02
1.500000000000000000e+01 3.028746211803733379e-01 3.605427490616480712e-01 3.520722418282473676e-02 3.649282276604587372e-02
0.000000000000000000e+00 2.222156763120698986e-01 4.273109672990356156e-01 3.512114979457353625e-02 3.604043621964786448e-02
7.000000000000000000e+00 1.420688971556074987e-01 5.009742006345665466e-01 3.559296898625077810e-02 3.632765887043387654e-02
8.000000000000000000e+00 1.615174418719873550e-01 6.075989374110153385e-01 3.303612208093817393e-02 3.486227434522304325e-02
1.000000000000000000e+00 2.394948991199417621e-01 5.352512533931079730e-01 3.392880073016849019e-02 3.521358395764340177e-02
5.000000000000000000e+00 3.214546489561288523e-01 4.655852064774365084e-01 3.447421936718342295e-02 3.465726673215724363e-02
3.000000000000000000e+00 4.025394813090856783e-01 3.957199409744958096e-01 3.650056864563266945e-02 3.668367036765635136e-02
7.000000000000000000e+00 5.644567798223542043e-01 2.501330357874951837e-01 3.447155587174655089e-02 3.593946799976999174e-02
1.500000000000000000e+01 6.705600014744079740e-01 2.848817990236144904e-01 3.672063316147433643e-02 3.672984668140399922e-02
3.000000000000000000e+00 5.876598746778503024e-01 3.613939532819325784e-01 3.559951901074354108e-02 3.783060411700994718e-02
9.000000000000000000e+00 5.100130577741556204e-01 4.366017557748720357e-01 3.530457765889555288e-02 3.713948140818729149e-02
0.000000000000000000e+00 4.163074153646560971e-01 5.029265020220178295e-01 3.563531312799234074e-02 3.526908250542026835e-02
2.000000000000000000e+00 3.369572659505469803e-01 5.698158141769467111e-01 3.415022417225344054e-02 3.396717680727956434e-02
8.000000000000000000e+00 2.640556156495543760e-01 6.444629101126340132e-01 3.584646308767783229e-02 3.658115297186093073e-02
7.000000000000000000e+00 4.422176679572374369e-01 6.059935834827434586e-01 3.447155587174655089e-02 3.593946799976999174e-02
9.000000000000000000e+00 5.229528893555779323e-01 5.387098837534811668e-01 3.578949689955834845e-02 3.487950552998808629e-02
8.000000000000000000e+00 6.051932574610084936e-01 4.710728088439085637e-01 3.689490186291632945e-02 3.781402521684151807e-02
2.000000000000000000e+00 6.967814617659697785e-01 3.943413918362323467e-01 3.657093384651122214e-02 3.712091847570364589e-02
1.000000000000000000e+00 7.132276763759549665e-01 5.044039945800566915e-01 3.888023874734258811e-02 3.686117331355742710e-02
5.000000000000000000e+00 6.278120955674559855e-01 5.769173181177610354e-01 3.661485434269506900e-02 3.606476099940314484e-02
0.000000000000000000e+00 5.427187705282954244e-01 6.503645365376553578e-01 3.967184046259553121e-02 3.783739874822644733e-02
6.000000000000000000e+00 4.594405768615865693e-01 7.185494761514807927e-01 3.675408992558454324e-02 3.693713729055847494e-02
1.100000000000000000e+01 6.048571134654634474e-01 8.593806015218190542e-01 3.292096667108002084e-02 3.644303170849105822e-02
5.000000000000000000e+00 2.057696247732337946e-01 3.240753789841395172e-01 3.501711040138574815e-02 3.667728341431270023e-02
