3.000000000000000000e+00 2.593838072484582202e-01 1.527744655885487912e-01 3.509090918329532682e-02 4.633730829045409894e-02
0.000000000000000000e+00 3.611391261507392869e-01 1.621859071697989707e-01 3.482194280856343305e-02 4.642957069577857698e-02
2.000000000000000000e+00 4.671280193057538721e-01 1.501487357482983453e-01 3.482194280856348856e-02 4.642960009743737904e-02
3.000000000000000000e+00 5.748438335914047848e-01 1.554042822593729167e-01 3.602979235385850298e-02 4.588625744275395824e-02
9.000000000000000000e+00 1.955402367775412042e-01 2.860736040519582524e-01 3.514386157079985029e-02 4.468467045078422517e-02
7.000000000000000000e+00 3.144500123118753043e-01 2.834003905327405759e-01 3.584556155979740089e-02 4.592739036341969561e-02
0.000000000000000000e+00 4.117447614546324575e-01 2.771586535820885766e-01 3.523080227588110125e-02 4.750731790086920592e-02
1.000000000000000000e+00 5.099493302282256391e-01 2.722643505518997364e-01 3.509232046291793639e-02 4.813395545494217331e-02
5.000000000000000000e+00 6.233642738513152093e-01 2.675503090918333604e-01 3.731064621796165159e-02 4.928611825846374028e-02
9.000000000000000000e+00 1.492972490085278658e-01 3.822401968456066723e-01 3.467472870293583642e-02 4.592577327218549943e-02
3.000000000000000000e+00 2.406703717608529303e-01 3.962101304110248190e-01 3.441417120262180163e-02 4.677789214762029246e-02
2.000000000000000000e+00 3.548297947864986202e-01 4.101033256469665544e-01 3.407555229818515219e-02 4.722879598702633963e-02
1.500000000000000000e+01 4.624856590898497322e-01 4.126679882418827772e-01 3.509058576504847649e-02 4.589581298186501401e-02
1.000000000000000000e+00 5.726620540982534369e-01 3.931413175726098941e-01 3.508270612048924875e-02 4.588493436810781034e-02
0.000000000000000000e+00 6.914117670020627493e-01 3.964607354498340119e-01 3.644200361027938317e-02 5.128748917319847500e-02
2.000000000000000000e+00 9.157695620494465949e-02 5.289759521854027202e-01 3.430617890983750362e-02 4.723899836263101282e-02
5.000000000000000000e+00 2.084515048144320315e-01 5.292557677722329323e-01 3.627923602714486218e-02 4.986027385157287828e-02
6.000000000000000000e+00 2.982227222893522045e-01 5.213050006003264736e-01 3.627173860415000561e-02 4.911023753550275428e-02
8.000000000000000000e+00 4.175049727382347808e-01 5.143283838887175996e-01 3.576999929667312728e-02 4.768252238567749490e-02
5.000000000000000000e+00 5.492838837323946732e-01 5.275569105249244828e-01 3.563175269698048986e-02 4.858606476235916016e-02
1.000000000000000000e+00 6.326350284951918201e-01 5.370988366679432247e-01 3.724819709466353768e-02 4.751014046011436953e-02
6.000000000000000000e+00 5.643367097931939469e-01 6.526940455987557677e-01 3.724943196433327941e-02 4.912240982224735930e-02
7.000000000000000000e+00 4.730804439337823464e-01 6.488403407777596499e-01 3.523162552232755873e-02 4.858547672918311910e-02
1.500000000000000000e+01 3.658319837156378540e-01 6.351674227695714992e-01 3.563048842565191832e-02 4.696385763955057691e-02
6.000000000000000000e+00 2.396851515760160256e-01 6.429066450063889437e-01 3.643988669084569088e-02 4.858718202539358266e-02
8.000000000000000000e+00 1.513526013688253902e-01 6.405150846776765938e-01 3.523036125099895943e-02 4.696332840969208444e-02
8.000000000000000000e+00 3.090614967988631889e-01 7.565305609194221681e-01 3.731949611726137483e-02 5.052892637607564463e-02
7.000000000000000000e+00 5.067953113825989231e-01 8.075478488482191741e-01 3.482403032633846207e-02 4.911905803314375873e-02
1.000000000000000000e+01 7.337008784985374898e-01 6.869132544018532460e-01 2.586281634634191029e-02 2.962199483428584745e-02
1.600000000000000000e+01 7.998996835487153234e-01 6.134291299234621020e-01 2.328646659205146907e-02 3.373499288426740073e-02
