3.000000000000000000e+00 5.053956266647069429e-01 3.919838725362662091e-01 4.820997732107579203e-02 3.474777918456872783e-02
8.000000000000000000e+00 3.756911951257650428e-01 3.385445928974139540e-01 4.633067709784799426e-02 3.381041546112806273e-02
6.000000000000000000e+00 2.546735282432910918e-01 2.761456092817997643e-01 4.820994960727978396e-02 3.380390271905875377e-02
5.000000000000000000e+00 8.531976422102586222e-01 4.301451045514157467e-01 4.445126601943605316e-02 3.522013312426419684e-02
0.000000000000000000e+00 6.122892622474569446e-01 3.288231059520190236e-01 4.508092346545111706e-02 3.427536981728107612e-02
7.000000000000000000e+00 5.074056944345466391e-01 2.877245995498375342e-01 4.633067709784799426e-02 3.381044317492409856e-02
2.000000000000000000e+00 3.785975824871110618e-01 2.293517930814393257e-01 4.758043073024470493e-02 3.522016083806026043e-02
1.500000000000000000e+01 2.420070624755652489e-01 1.766464856168945552e-01 4.695088413941375660e-02 3.287399400675272698e-02
8.000000000000000000e+00 8.351163856878647263e-01 3.189291976245649529e-01 4.758048615783694313e-02 3.334546110497499383e-02
7.000000000000000000e+00 7.293172787658946943e-01 2.808820771646075576e-01 4.571041462869018801e-02 3.333894836290574037e-02
5.000000000000000000e+00 6.052351866001601799e-01 2.267171117764635868e-01 4.383108669166635440e-02 3.287399400675275474e-02
7.000000000000000000e+00 4.847158691980666401e-01 1.873281308829725655e-01 4.633064938405184741e-02 3.474772375697662841e-02
5.000000000000000000e+00 3.606319479217933721e-01 1.329269330973887331e-01 4.571041462869018801e-02 3.099186697632891341e-02
6.000000000000000000e+00 8.269663125485977595e-01 2.372540217427258624e-01 4.508092346545133910e-02 3.145684904627799039e-02
1.000000000000000000e+00 7.232206039165751665e-01 1.811190627338151726e-01 4.382183028378916489e-02 3.099186697632891341e-02
0.000000000000000000e+00 6.085707082362783460e-01 1.316091005250211998e-01 4.570110279322092683e-02 3.239415734212652831e-02
1.000000000000000000e+00 3.842502546100833860e-01 8.369819952958490461e-01 3.944377106826091328e-02 3.709486057114541602e-02
1.000000000000000000e+00 3.810378930835643940e-01 7.050398825801957869e-01 4.132215673621941754e-02 3.240158463946518630e-02
8.000000000000000000e+00 6.397717035175204403e-01 6.430979687457614169e-01 4.882926980737223310e-02 3.662245120385787533e-02
3.000000000000000000e+00 5.026091153281293522e-01 5.972069710220784255e-01 4.946907050273779971e-02 3.662245120385787533e-02
3.000000000000000000e+00 3.804545731045271273e-01 5.493720167890079331e-01 4.882932523496436028e-02 3.662987850119636679e-02
2.000000000000000000e+00 2.541671001913650141e-01 4.931028814365723822e-01 5.008936068569164179e-02 3.850363596521633180e-02
1.000000000000000000e+00 4.855789045205296528e-01 9.692432865574812650e-02 4.320148467324319563e-02 3.146427634361655123e-02
0.000000000000000000e+00 7.605292764241646797e-01 5.913884041160142324e-01 4.696019597488299002e-02 3.756627224177566671e-02
1.500000000000000000e+01 6.283086400583155484e-01 5.370189801975896460e-01 4.883952391190671261e-02 3.662245120385798636e-02
1.000000000000000000e+00 5.037072883530886447e-01 4.964751792800348174e-01 4.821000503487177236e-02 3.522016083806023268e-02
2.000000000000000000e+00 3.821484957460473675e-01 4.448778970949412992e-01 4.633996121952116409e-02 3.427536981728113163e-02
9.000000000000000000e+00 8.686854416992855210e-01 5.298680725469311348e-01 4.758979799330598226e-02 3.569254249155184855e-02
6.000000000000000000e+00 7.428059158638233850e-01 4.862740912372799373e-01 4.571041462869007699e-02 3.474775147077258097e-02
9.000000000000000000e+00 6.237560947829232649e-01 4.346695757514201786e-01 4.758043073024487146e-02 3.568511519421324607e-02
