5.000000000000000000e+00 5.966032631568212174e-01 1.571043482434922867e-01 4.302583421663019880e-02 3.108519150852276369e-02
5.000000000000000000e+00 6.702746180743353044e-01 2.349594728504533214e-01 4.375332931397823977e-02 3.281522127871550065e-02
3.000000000000000000e+00 7.550415629124906935e-01 3.216346764681218273e-01 4.736237563358802749e-02 3.552558069180461464e-02
1.000000000000000000e+00 8.325449957319870364e-01 4.049826862485930712e-01 4.539717440985135966e-02 3.502854689013246148e-02
5.000000000000000000e+00 4.592356443479892469e-01 1.598743696562405781e-01 4.447143213224474811e-02 3.335728194667172963e-02
8.000000000000000000e+00 5.325393406035996424e-01 2.450799759824917601e-01 4.633057069399326711e-02 3.474773176391707241e-02
7.000000000000000000e+00 6.231593575088846260e-01 3.287758645654871859e-01 4.601824236870966089e-02 3.498923950125931714e-02
1.000000000000000000e+00 6.905187083703494544e-01 4.159776105631365350e-01 4.898138025403897533e-02 3.601877347188198186e-02
3.000000000000000000e+00 7.739558747104617886e-01 5.192050799363476798e-01 4.686253816651841930e-02 3.597220458962935297e-02
8.000000000000000000e+00 3.304913993855747578e-01 1.606541671315794007e-01 4.672487819550008581e-02 3.484375730378203029e-02
1.000000000000000000e+00 4.040581355287804488e-01 2.536438981041548857e-01 4.505481882816037009e-02 3.339510339288426222e-02
1.500000000000000000e+01 4.664130137473095905e-01 3.263288254065330740e-01 4.659349843497240240e-02 3.454861544738524470e-02
7.000000000000000000e+00 5.361412375764457172e-01 4.056371598806628453e-01 4.761358405320570419e-02 3.610619175897661348e-02
6.000000000000000000e+00 6.356706302353489768e-01 5.055643506044930069e-01 5.071892384749709937e-02 3.764330131316628858e-02
2.000000000000000000e+00 7.225633422145569806e-01 5.962194974372088119e-01 4.953880500837359868e-02 3.814566207909342310e-02
8.000000000000000000e+00 1.528476271804019015e-01 1.622824939394771904e-01 4.697317080310439708e-02 3.323156559024695311e-02
2.000000000000000000e+00 2.693851055151764706e-01 2.623019112365587713e-01 4.912159156056891685e-02 3.597029809715898696e-02
1.500000000000000000e+01 3.428623206222393138e-01 3.307375892441308807e-01 4.936206194171405270e-02 3.531093206897062409e-02
0.000000000000000000e+00 4.078301448996207723e-01 4.152599423130067802e-01 5.032063514112555813e-02 3.875831904175930376e-02
6.000000000000000000e+00 4.860558299621718925e-01 5.065817587222715135e-01 4.912745122124967390e-02 3.826770563384757073e-02
6.000000000000000000e+00 5.708406061122556219e-01 6.085806899549439652e-01 5.132860892484147897e-02 3.878657998896628545e-02
0.000000000000000000e+00 1.073167740043969032e-01 2.464399499568660223e-01 4.963553146458797583e-02 3.556449556752214192e-02
0.000000000000000000e+00 1.850236828401181088e-01 3.492104919619166692e-01 4.868556551794675502e-02 3.532590364219334589e-02
9.000000000000000000e+00 3.303894861483749334e-01 5.162304470228885611e-01 4.836541496620411218e-02 3.585871221433772904e-02
2.000000000000000000e+00 4.008785686930895764e-01 5.978637350462374656e-01 5.097349666559175541e-02 3.775483112267952190e-02
9.000000000000000000e+00 9.719017290011888743e-02 4.406597209451715846e-01 5.027675777765441834e-02 3.628139280966763414e-02
7.000000000000000000e+00 2.777661305246325041e-01 6.122164832424459302e-01 5.261871555750957663e-02 3.781325950956382353e-02
1.000000000000000000e+01 6.792762624561859974e-01 9.346933763486742208e-01 3.997617521713348054e-02 2.760696421636121833e-02
1.100000000000000000e+01 5.494051823155279290e-01 7.292094871126824085e-01 3.876459925224984282e-02 2.883564254016968142e-02
