0.000000000000000000e+00 4.044440528782889954e-01 5.980161719147298882e-01 3.652379209495332235e-02 4.550684628776691110e-02
1.200000000000000000e+01 8.779017249851710503e-01 3.883185596276239604e-01 3.033071937908238258e-02 3.595301643868126229e-02
1.400000000000000000e+01 8.249761799263333195e-01 6.663801853397544050e-01 3.331264561303859395e-02 4.228532823255648498e-02
6.000000000000000000e+00 5.941077844073384684e-01 7.951632761807547745e-01 3.917306495217132145e-02 5.628808259836748373e-02
2.000000000000000000e+00 3.629321981479526338e-01 9.501354374057564556e-01 3.907505782359033120e-02 5.697752374855880042e-02
1.000000000000000000e+00 2.785081991204900187e-01 9.834758429580179317e-01 3.566032329256985101e-02 3.304831408396424752e-02
7.000000000000000000e+00 6.037471302803822937e-01 6.367893519564564730e-01 3.863781264094734436e-02 5.374091463029695426e-02
1.500000000000000000e+01 4.846463128869108461e-01 7.054649930074508024e-01 3.782651256963664999e-02 5.043467184282401927e-02
8.000000000000000000e+00 3.944557473674946135e-01 7.806701187866083025e-01 3.620201897902941557e-02 5.269725740466291164e-02
5.000000000000000000e+00 2.924021367479499034e-01 8.246799542280096595e-01 3.677155117692287867e-02 5.125235876853462269e-02
7.000000000000000000e+00 2.051764423004082682e-01 8.881757150584872473e-01 3.616593042562751825e-02 4.955622501905998512e-02
3.000000000000000000e+00 1.502633703251987640e-01 7.858158321621266929e-01 3.258188773217074452e-02 4.398547496134452839e-02
2.000000000000000000e+00 2.221628326554461463e-01 7.271313791845319674e-01 3.418258605107510339e-02 4.558377114474443381e-02
0.000000000000000000e+00 3.114796425804363667e-01 6.581205130587889363e-01 3.404346001474156669e-02 4.804909694315795399e-02
5.000000000000000000e+00 5.228751407629141923e-01 5.567004020925998553e-01 3.554849681973382136e-02 4.900051216542156141e-02
6.000000000000000000e+00 6.396915838125005749e-01 4.835517303885827345e-01 4.015556663390418279e-02 4.822352024119769265e-02
9.000000000000000000e+00 6.336747995822376023e-01 3.325993592375428021e-01 3.629909351382643035e-02 4.362227207307350918e-02
8.000000000000000000e+00 5.350430592491823845e-01 4.176024566142899630e-01 3.749496134918883783e-02 4.573473829609392416e-02
6.000000000000000000e+00 4.253032508748347262e-01 4.428610386153341016e-01 3.498176240319272878e-02 4.027231041941986556e-02
5.000000000000000000e+00 3.357482480192661711e-01 5.317890699740355220e-01 3.659317142040507953e-02 4.614010572757232254e-02
9.000000000000000000e+00 2.445853828289066279e-01 6.046386616775412115e-01 3.298264871556413902e-02 4.344157496230438564e-02
1.500000000000000000e+01 1.622197878454056386e-01 6.549093948372917140e-01 3.146283171211508578e-02 4.248586415655042359e-02
1.000000000000000000e+00 1.874665852522691134e-01 5.183603412125321608e-01 3.130132342496377840e-02 4.119928038037362628e-02
8.000000000000000000e+00 2.732246879482700397e-01 4.702700405803686978e-01 3.301695686265104790e-02 3.976557286965426430e-02
0.000000000000000000e+00 4.539865857249735237e-01 3.391567369979750501e-01 3.498091459066182685e-02 4.026448228371715121e-02
2.000000000000000000e+00 5.193564926760136924e-01 2.848480564458909514e-01 3.645452581117247792e-02 4.065331737084137975e-02
3.000000000000000000e+00 4.467202247355108735e-01 2.446028901576712822e-01 3.261209811869136832e-02 3.605921908839504475e-02
7.000000000000000000e+00 3.683067502557908490e-01 2.939246526212891952e-01 3.126921959045741994e-02 3.690971635905454518e-02
3.000000000000000000e+00 2.940989628776582987e-01 3.579109153915641661e-01 2.961920684266783343e-02 3.895755100679676453e-02
1.000000000000000000e+00 2.178765044519537231e-01 4.084587843374825611e-01 3.274348080057518096e-02 3.728970593543901035e-02
