2.000000000000000000e+00 6.779987633969764005e-01 1.537870269314640104e-01 4.291674683246227140e-02 3.255116441704911101e-02
1.000000000000000000e+01 5.682937296046630671e-01 9.549448025536582119e-01 2.993345466745256367e-02 2.680610777722136628e-02
1.100000000000000000e+01 3.183788985007187655e-01 9.219225862535491700e-01 3.616697361144111111e-02 2.681975378294909618e-02
1.000000000000000000e+00 1.177402058122649642e-01 3.904280294682789254e-01 5.273245991794056620e-02 3.918124099300240859e-02
5.000000000000000000e+00 6.841382127439149530e-02 3.038467258666300297e-01 5.076087677575046031e-02 3.660270469088278134e-02
0.000000000000000000e+00 1.485960598841187530e-01 2.153025737428365394e-01 4.894710498428145318e-02 3.539206282498003064e-02
6.000000000000000000e+00 2.242992912086945734e-01 2.944427015983470675e-01 4.852516695804298674e-02 3.638910352795182712e-02
9.000000000000000000e+00 3.026389661312473001e-01 4.110224989658681771e-01 4.987962125499795230e-02 3.608695037526671312e-02
7.000000000000000000e+00 3.769610687468100130e-01 5.123682513939269434e-01 5.251309449396951434e-02 3.762550811156450958e-02
1.000000000000000000e+00 4.441103425542989869e-01 6.170649363987352753e-01 5.091907044990784392e-02 3.950771579813761036e-02
7.000000000000000000e+00 5.988986030453105069e-01 6.112182699533277308e-01 5.147485108835880840e-02 4.124616987264850820e-02
2.000000000000000000e+00 5.083362537295890160e-01 5.049815420327188331e-01 4.969060642997280564e-02 3.832448358167039881e-02
1.000000000000000000e+00 4.511795911206210041e-01 4.044689164866769882e-01 5.202257352515149424e-02 3.743214068126421434e-02
9.000000000000000000e+00 3.644614304335116461e-01 3.150011885786782595e-01 4.814916656315493260e-02 3.611680101279590716e-02
3.000000000000000000e+00 3.092434270369661675e-01 2.175156235445673825e-01 4.990979539697332212e-02 3.901716541982447328e-02
8.000000000000000000e+00 2.400766471606842478e-01 1.166467460795989064e-01 4.723788394790257028e-02 3.595707804489310655e-02
6.000000000000000000e+00 7.484335924736015278e-01 6.183873049365332664e-01 5.185423357518370580e-02 4.020907343734680950e-02
5.000000000000000000e+00 6.624889015076933507e-01 5.312790861158767086e-01 5.225026183623671105e-02 3.919256364861689601e-02
3.000000000000000000e+00 5.928555399916071167e-01 4.174893087297588679e-01 4.947876983674814877e-02 3.763762482354682248e-02
2.000000000000000000e+00 5.230505446621014354e-01 3.224366294732715632e-01 5.221191185462281670e-02 3.810679449892029336e-02
0.000000000000000000e+00 4.516334237442983235e-01 2.316767806931880058e-01 4.773934524889877906e-02 3.474823015819161753e-02
1.500000000000000000e+01 3.887669223658880568e-01 1.397222446982949173e-01 4.605018148817990875e-02 3.189759720738175042e-02
6.000000000000000000e+00 5.362914345947158434e-01 1.497816448601940187e-01 4.602303652420014490e-02 3.488554309082614324e-02
3.000000000000000000e+00 5.961249053336892256e-01 2.309216477921834654e-01 4.602109549752342321e-02 3.487907300190357107e-02
0.000000000000000000e+00 6.581817044929318961e-01 3.175958265793666913e-01 4.743769205763037622e-02 3.557846020494093153e-02
1.500000000000000000e+01 7.333927532122164195e-01 4.283203405194151436e-01 4.771596470029215720e-02 3.835442244768505482e-02
8.000000000000000000e+00 8.294985129645937594e-01 5.238114565288936042e-01 4.770608310993773582e-02 3.834657011249253955e-02
7.000000000000000000e+00 8.628645850814438134e-01 4.178348850019631966e-01 4.600703775886427760e-02 3.670419685848225200e-02
5.000000000000000000e+00 8.064374691127408346e-01 3.285000291928384941e-01 4.815875405855840619e-02 3.392055873751625983e-02
8.000000000000000000e+00 7.200024042254902223e-01 2.427964225630346307e-01 4.351834746428340228e-02 3.447072216240251730e-02
