8.000000000000000000e+00 1.031798432488786055e-01 6.095395521464435085e-01 3.390650792552619974e-02 4.795630107718318325e-02
8.000000000000000000e+00 1.592942892855682691e-01 4.378969748995020783e-01 3.451072136666163970e-02 4.837420508406703457e-02
5.000000000000000000e+00 1.984614112143303910e-01 3.129694638128501238e-01 3.480290670783142692e-02 4.758170080440082828e-02
5.000000000000000000e+00 2.407585057941147855e-01 1.766972789457004478e-01 3.433563988999210892e-02 4.643751162318132675e-02
5.000000000000000000e+00 3.418511448443635192e-01 1.508682670823170979e-01 3.762635037366285351e-02 4.984908776788235518e-02
8.000000000000000000e+00 3.065273298231345755e-01 2.925378546379766020e-01 3.554323400814562994e-02 4.879236753498739088e-02
1.000000000000000000e+00 2.747948674899377552e-01 4.199836156994573022e-01 3.410321255324250123e-02 4.876020561045563140e-02
2.000000000000000000e+00 2.412947771696770105e-01 5.579245162777338729e-01 3.663745734232495832e-02 5.042524567306472250e-02
0.000000000000000000e+00 1.724143874482285121e-01 7.045755121292883727e-01 3.523789673712274251e-02 5.262414496689604704e-02
3.000000000000000000e+00 2.244110015787036394e-01 8.502328193768292630e-01 3.875256333634960471e-02 5.166979728842568953e-02
0.000000000000000000e+00 2.972204585537691623e-01 6.899055394382462847e-01 3.957010797154403292e-02 5.464483273961673326e-02
1.500000000000000000e+01 3.180124392214200846e-01 5.432093158803190658e-01 3.845773612280756204e-02 5.174072581841981933e-02
1.500000000000000000e+01 3.786929021974749787e-01 3.830981813041916539e-01 3.737718160655428834e-02 5.152650442823525356e-02
7.000000000000000000e+00 4.189622592255451972e-01 2.516447429280174730e-01 3.820118734265903759e-02 4.924372568658508253e-02
3.000000000000000000e+00 4.533631849507362421e-01 1.191883837525288120e-01 3.824199278440876260e-02 5.211986321984127257e-02
1.000000000000000000e+00 5.626814659280019448e-01 9.189053392418188027e-02 3.863049160314924180e-02 4.925460905211856422e-02
1.000000000000000000e+00 5.273703146645574158e-01 2.393562171685282292e-01 3.822548108208212447e-02 5.096731768144424635e-02
6.000000000000000000e+00 4.872418239943355767e-01 3.797933856205362724e-01 3.988480665988597407e-02 5.129496728761107072e-02
0.000000000000000000e+00 4.332928374647655456e-01 5.122396511206026570e-01 3.883288199966661303e-02 5.318784012632232772e-02
9.000000000000000000e+00 3.583970622897316716e-01 8.236147778702693767e-01 3.895053146824384305e-02 5.520318672229052037e-02
3.000000000000000000e+00 6.557816513620905452e-01 2.187154262621803791e-01 3.954348823579323380e-02 5.225129637036057817e-02
7.000000000000000000e+00 5.885080656470453864e-01 3.472380231173904375e-01 3.996279932687529790e-02 5.216368384201575115e-02
6.000000000000000000e+00 5.476934922081526658e-01 4.906105845770039053e-01 3.994109002781642825e-02 5.216313823793883309e-02
9.000000000000000000e+00 5.080725425514448501e-01 6.463624000108905143e-01 3.918020206860517440e-02 5.732007310856601645e-02
7.000000000000000000e+00 5.837308137819167131e-01 7.505563244241193477e-01 3.913141357773075590e-02 5.443796264646816319e-02
2.000000000000000000e+00 6.098625210439506672e-01 6.270466373212431055e-01 4.172418158305934988e-02 5.451187764088316623e-02
6.000000000000000000e+00 6.676873066396321610e-01 4.836185391098042352e-01 4.426256147672447128e-02 5.574836005910704939e-02
2.000000000000000000e+00 7.156713186607199795e-01 3.145321887530426741e-01 4.488024272375745749e-02 5.658066472038125738e-02
1.300000000000000000e+01 7.673953604807888240e-01 6.808851246672433799e-01 2.293369203942441370e-02 3.622483708018553461e-02
1.200000000000000000e+01 8.167947269093041029e-01 5.972704958376975348e-01 2.903808274755093066e-02 4.155154096673363551e-02
