1.600000000000000000e+01 6.174406038227634452e-01 2.710826985445033976e-01 4.153853486657665961e-02 3.231396191475988111e-02
1.000000000000000000e+01 5.260785992241510112e-01 1.202619891190364054e-01 3.535905785350457187e-02 2.921278787361719642e-02
5.000000000000000000e+00 1.396355440557290883e-01 5.891247082270582025e-01 4.422440107878330973e-02 3.384060578474845649e-02
1.000000000000000000e+00 2.171001441185126946e-01 6.825937925447447263e-01 4.433444061010646808e-02 3.268930035110440002e-02
7.000000000000000000e+00 3.445469369345312005e-01 8.067186587699601841e-01 4.118034973214218519e-02 3.256328955630405364e-02
8.000000000000000000e+00 4.691659227139645116e-01 8.440358045214617633e-01 4.078021597797271136e-02 3.036453313551557009e-02
8.000000000000000000e+00 3.857282350463463461e-01 7.488206295242554322e-01 4.361240755246603706e-02 3.203752985705665690e-02
9.000000000000000000e+00 2.068606537257222655e-01 5.234973296686229460e-01 4.713100609601755808e-02 3.663120609996328714e-02
3.000000000000000000e+00 3.598684366339782170e-01 6.183768607294175546e-01 4.688761613590375354e-02 3.570162908491836262e-02
3.000000000000000000e+00 1.883395134347454758e-01 4.412443331480618847e-01 4.898251811019244117e-02 3.785453341021677298e-02
1.500000000000000000e+01 1.990668695737657923e-01 3.881207083238009670e-01 4.763917266510084292e-02 3.506176144299738562e-02
7.000000000000000000e+00 2.511675363467826827e-01 3.937517882271722724e-01 4.757910861915004563e-02 3.903189866791650919e-02
1.000000000000000000e+00 3.554277656449673639e-01 5.093435464945513802e-01 4.945984172295680992e-02 3.870147769202231247e-02
2.000000000000000000e+00 4.595508372510368478e-01 5.999130905363352362e-01 4.776221461918594979e-02 3.839073903049916581e-02
7.000000000000000000e+00 4.647619773841711877e-01 6.792418614202320182e-01 4.449005734426103587e-02 3.368595117489991964e-02
3.000000000000000000e+00 5.411979428623061583e-01 7.831043072964800622e-01 4.406727243500518920e-02 3.401499768750015917e-02
0.000000000000000000e+00 6.023727200903381540e-01 8.610530345653337747e-01 4.346118910085250420e-02 3.227338775831900541e-02
2.000000000000000000e+00 3.888685675467370428e-01 3.990876883935093877e-01 5.060757355203643337e-02 3.891641626194880521e-02
6.000000000000000000e+00 4.809920797887956567e-01 4.936047459943919691e-01 4.942817408866156947e-02 3.707969347281814265e-02
6.000000000000000000e+00 5.399902844336051944e-01 5.518505281981291866e-01 4.912804628376843397e-02 3.619951466856208278e-02
1.500000000000000000e+01 6.129435248601640129e-01 6.634689879750126362e-01 4.675687718737187026e-02 3.399652490082782919e-02
3.000000000000000000e+00 6.736408685183679079e-01 7.481211101753717507e-01 4.707707215635825726e-02 3.505293738864934117e-02
2.000000000000000000e+00 7.559229761714973961e-01 8.393073484079386359e-01 4.518135740264617173e-02 3.334970247463875381e-02
5.000000000000000000e+00 8.203361538559517108e-01 7.801180108974556937e-01 4.753421864796580909e-02 3.468579075353761532e-02
1.000000000000000000e+00 5.434370260361428562e-01 3.803246288181434398e-01 5.248608002530685823e-02 3.968663800267946407e-02
5.000000000000000000e+00 6.899823024498119572e-01 5.785944501244073557e-01 5.196367401649704121e-02 3.870950455765964637e-02
8.000000000000000000e+00 7.830397075216588565e-01 6.802032984944335059e-01 4.905778372017555178e-02 3.545510534849416473e-02
9.000000000000000000e+00 8.505667592880932215e-01 5.874963815625742214e-01 5.180253193990036475e-02 3.770059352128096730e-02
0.000000000000000000e+00 7.830684612937708344e-01 4.921462892484220752e-01 5.604192652412764986e-02 3.856375646995652273e-02
0.000000000000000000e+00 6.989194476375728549e-01 3.873658943165969593e-01 5.617019143873025477e-02 4.096741787862501205e-02
