1.200000000000000000e+01 6.874477317003743204e-01 8.363158768706536739e-01 3.162037275477169729e-02 4.302754596453373104e-02
1.500000000000000000e+01 2.006988510259931913e-01 2.802715410919229821e-01 3.423224707267352729e-02 4.593729327597168011e-02
3.000000000000000000e+00 2.772075365865284136e-01 1.922640114417662194e-01 3.443948177448380443e-02 4.532166996732761577e-02
1.000000000000000000e+00 3.555984151920656977e-01 9.198851729898578633e-02 3.423290678175888724e-02 4.594707418023702417e-02
6.000000000000000000e+00 1.491887082760542105e-01 5.235429233967807683e-01 3.475886702080305257e-02 4.807047694494459567e-02
2.000000000000000000e+00 2.258952922206918790e-01 4.237526309447715578e-01 3.386435886707928056e-02 4.515330073554552071e-02
9.000000000000000000e+00 2.892624007030830668e-01 3.189669926155075386e-01 3.531557543982516423e-02 4.579195649616923935e-02
7.000000000000000000e+00 3.871253530622495997e-01 2.296550316640946221e-01 3.419547546191636922e-02 4.472661237234418219e-02
8.000000000000000000e+00 4.298500208490994567e-01 1.319844131863105730e-01 3.454205219575345875e-02 4.477784021697160666e-02
3.000000000000000000e+00 1.729953862334573378e-01 6.560013787291156806e-01 3.499243272001981153e-02 4.621824329731849534e-02
9.000000000000000000e+00 2.526543260915454225e-01 5.573758743747967426e-01 3.576627147713240529e-02 4.725088879691330401e-02
8.000000000000000000e+00 3.290790995247248607e-01 4.561316404646892364e-01 3.531560412282896966e-02 4.579195649616923935e-02
5.000000000000000000e+00 4.028030096209898603e-01 3.562324529890920632e-01 3.496306132422000168e-02 4.575842606483138120e-02
2.000000000000000000e+00 5.261564039628905398e-01 1.691414231228647314e-01 3.421830713286999615e-02 4.519537870198911400e-02
0.000000000000000000e+00 2.775978835840282044e-01 6.892106464744449656e-01 3.505450274004984212e-02 4.716816701421155944e-02
7.000000000000000000e+00 1.249525740455917494e-01 3.880919989703059403e-01 3.466094324613452904e-02 4.501097567113265807e-02
6.000000000000000000e+00 3.632477133536660685e-01 5.961511937222139235e-01 3.511806427627295335e-02 4.811132154222885760e-02
5.000000000000000000e+00 4.236963548914910449e-01 4.891472835934689289e-01 3.460908437542548066e-02 4.571597521933945529e-02
6.000000000000000000e+00 5.055312447770849982e-01 3.969937978549440971e-01 3.470227545448179018e-02 4.712818290703868485e-02
2.000000000000000000e+00 5.740073411974329076e-01 2.918163783779947340e-01 3.351281997360033849e-02 4.511337399438009044e-02
5.000000000000000000e+00 6.361003649964939166e-01 1.972170929130532824e-01 3.451443046317992369e-02 4.380752288444028641e-02
1.000000000000000000e+00 4.516059787731980246e-01 6.248278871721577588e-01 3.508625482515770333e-02 4.763931403316445934e-02
1.500000000000000000e+01 5.242986631785520046e-01 5.205087205322417310e-01 3.527911934210881117e-02 4.533125009056693244e-02
8.000000000000000000e+00 6.014094193284779122e-01 4.388024165522833586e-01 3.615085319088628957e-02 4.777168609528964494e-02
0.000000000000000000e+00 6.694937202596388248e-01 3.208942036348334526e-01 3.563966469875312626e-02 4.536572706102731667e-02
7.000000000000000000e+00 4.869469960373146722e-01 7.631718940849147037e-01 3.534618020478463851e-02 4.627038899806468208e-02
3.000000000000000000e+00 5.441517476119731578e-01 6.744187640947985063e-01 3.440813125142794249e-02 4.803944193492959425e-02
1.000000000000000000e+00 6.239202995687419540e-01 5.635260266644506189e-01 3.605975597110089303e-02 4.634622685987599411e-02
0.000000000000000000e+00 7.091475139617053891e-01 4.705709943872285472e-01 3.679742546053421659e-02 4.690941763773670559e-02
1.100000000000000000e+01 7.190762504281998924e-01 6.647132674461848634e-01 3.039205180386206351e-02 3.449825324908706303e-02
