3.000000000000000000e+00 1.040292221238935944e-01 4.577635915031101899e-01 5.362710727701708313e-02 4.086149432949942595e-02
8.000000000000000000e+00 8.302073336501256118e-02 5.671917399084953626e-01 4.630995139930148274e-02 3.601294418224776361e-02
7.000000000000000000e+00 3.613654699580232110e-02 6.658788530008279416e-01 4.446656378022060402e-02 3.303188067651197102e-02
2.000000000000000000e+00 1.235475254631631936e-01 7.377092362420023530e-01 4.763329077257100197e-02 3.533973005372814669e-02
2.000000000000000000e+00 1.821966381267529911e-01 6.417006645558112066e-01 4.902699351912909176e-02 3.715492037350498489e-02
1.000000000000000000e+00 2.261599652546571471e-01 5.456049034722840751e-01 5.005338098601352925e-02 3.638860032118340637e-02
5.000000000000000000e+00 2.440349750138164631e-01 4.280386450656411546e-01 5.042413073714807625e-02 3.896999524886313182e-02
9.000000000000000000e+00 2.790756463005154564e-01 3.347671162448432880e-01 4.972442211450245342e-02 3.806202489461341099e-02
6.000000000000000000e+00 2.249164701275743194e-01 8.413046419683409827e-01 4.701635579824034461e-02 3.429940267326758718e-02
3.000000000000000000e+00 2.860026144730727915e-01 7.109778501686097041e-01 4.785061489105479904e-02 3.685135927414073809e-02
0.000000000000000000e+00 2.944070836097205102e-01 6.014511122295271850e-01 5.093263454107455068e-02 3.598460257742031043e-02
7.000000000000000000e+00 3.618259459817495527e-01 4.911779251087172726e-01 4.936100308396484948e-02 3.646505338756633741e-02
6.000000000000000000e+00 3.729642255400628104e-01 4.071887192160495994e-01 5.238258758071695498e-02 4.039065426722254770e-02
0.000000000000000000e+00 4.337719035167443837e-01 2.833692984180156138e-01 5.091728043336751774e-02 4.151617962879383672e-02
3.000000000000000000e+00 5.479457410921866334e-01 3.638738866804790417e-01 5.715468466158557526e-02 4.240729509789148421e-02
8.000000000000000000e+00 5.010806607742959162e-01 4.767280646735025940e-01 5.128182504698886035e-02 3.937609985327017448e-02
1.500000000000000000e+01 4.361289033552858685e-01 5.914611005832983714e-01 5.181693878946008747e-02 3.839871854218734892e-02
8.000000000000000000e+00 4.202345879208763124e-01 6.986704361195049673e-01 5.136055814064405256e-02 3.990417148619163079e-02
2.000000000000000000e+00 3.787365042047370900e-01 8.203702685263611905e-01 5.189067891200005445e-02 3.891862248247535128e-02
6.000000000000000000e+00 3.294650426981422520e-01 9.166714629532305425e-01 4.854772601427631562e-02 3.456867678023356483e-02
5.000000000000000000e+00 4.859054919165557984e-01 9.024387823309760748e-01 5.236377014044457656e-02 3.658375911124822633e-02
0.000000000000000000e+00 5.265208443145161787e-01 7.800136126404897396e-01 5.285189800444412001e-02 3.798017480164928017e-02
7.000000000000000000e+00 5.660486092730496743e-01 6.563849348834993602e-01 5.261235083533177814e-02 3.613110154494003634e-02
5.000000000000000000e+00 6.055493890986771710e-01 5.703300387127041571e-01 5.154893457110154564e-02 4.032664033697064276e-02
9.000000000000000000e+00 6.282746229491614764e-01 4.465518171416469895e-01 5.420981298115901126e-02 4.176701148984862666e-02
1.500000000000000000e+01 6.407846130922419947e-01 8.857652026387813349e-01 5.193399943017329434e-02 3.729177973205088925e-02
1.000000000000000000e+00 6.709408310174271861e-01 7.681499957985462590e-01 5.527611535586041125e-02 3.757987127928930082e-02
1.000000000000000000e+00 7.681127938345722050e-01 5.235362886151100348e-01 5.751591024816515851e-02 4.203342834744805412e-02
1.100000000000000000e+01 8.732649386879888231e-01 4.133542015713246309e-01 4.086686249497595291e-02 2.843701963968153779e-02
1.100000000000000000e+01 6.836119815692214274e-01 1.503288989699175238e-01 3.638981248758121900e-02 3.116064209138355579e-02
