7.000000000000000000e+00 1.183209789461218686e-01 4.114878170125865764e-01 5.243133533296434612e-02 3.874932239534656375e-02
8.000000000000000000e+00 8.511995729357630935e-01 4.741538026034359810e-01 4.435266461859166398e-02 3.496894000825478965e-02
2.000000000000000000e+00 7.865013353722194456e-01 3.773620031236893935e-01 4.756359510612362396e-02 3.340120606138180515e-02
3.000000000000000000e+00 7.323579892111280465e-01 2.928307453736727073e-01 4.788271380936426347e-02 3.477570741684443689e-02
2.000000000000000000e+00 6.622452961531786197e-01 2.053692681996215352e-01 4.490818673348639933e-02 3.708549020261137086e-02
1.500000000000000000e+01 8.019629070813721894e-01 5.592112838716752909e-01 4.602205145686499854e-02 3.451645225100818948e-02
1.500000000000000000e+01 7.134529114155176988e-01 4.561999650513466342e-01 4.789169333997478351e-02 3.477700254145182912e-02
9.000000000000000000e+00 5.927998512929142372e-01 2.852880691731711771e-01 4.381360497648312258e-02 3.626489925142095672e-02
2.000000000000000000e+00 5.475121642689398938e-01 1.943351375216451626e-01 4.217104160785445366e-02 3.333155713805546760e-02
6.000000000000000000e+00 7.181117336529263540e-01 6.441909425412888357e-01 5.259984543464846229e-02 3.944466040673688667e-02
7.000000000000000000e+00 6.563706397149760008e-01 5.410894398774712677e-01 5.000608499331926637e-02 3.978052938823217755e-02
8.000000000000000000e+00 6.035125464336301704e-01 4.650816849736175151e-01 5.150434270014681015e-02 3.862844409866450501e-02
6.000000000000000000e+00 5.306988566168664434e-01 3.561431132657561505e-01 4.931126503177174492e-02 3.698375096957062791e-02
6.000000000000000000e+00 4.658379514026449453e-01 2.643155264058213993e-01 4.772131250274674885e-02 3.408687380903754893e-02
5.000000000000000000e+00 3.952332117258323674e-01 1.707596389282541871e-01 4.746450368339100168e-02 3.673439631184352572e-02
5.000000000000000000e+00 5.757970237399714364e-01 6.527239429679052574e-01 5.554841245728658894e-02 4.053055043859765671e-02
3.000000000000000000e+00 5.024710545799235817e-01 5.470803985054102370e-01 4.983210658773756796e-02 3.908012600059995734e-02
8.000000000000000000e+00 4.546154808262192204e-01 4.453370642367299181e-01 5.040812045197451408e-02 3.780575216755560630e-02
1.000000000000000000e+00 3.858142597261767781e-01 3.413652522270748113e-01 5.226797694916257564e-02 3.806469074737678371e-02
1.000000000000000000e+00 3.323396151803853504e-01 2.423172737300304247e-01 5.057283152147723504e-02 4.190220251992424205e-02
3.000000000000000000e+00 2.617411352725080298e-01 1.550482808531720436e-01 4.638221121988392315e-02 3.597027279353176565e-02
5.000000000000000000e+00 1.629295745773909898e-01 2.273607862274544811e-01 5.336396895296030563e-02 3.888723877575150922e-02
9.000000000000000000e+00 2.374167092895310138e-01 3.245902514828308272e-01 4.983213536828434709e-02 3.908012600059995734e-02
0.000000000000000000e+00 2.708145624172072496e-01 4.323111182543542541e-01 5.649106170757911549e-02 4.066317119838602778e-02
5.000000000000000000e+00 3.489685834300186862e-01 5.297071365342302940e-01 5.276205259657712476e-02 4.014558184421213038e-02
1.000000000000000000e+00 4.268780849169702685e-01 6.517596219658503554e-01 5.602009683926822969e-02 3.860916113228907154e-02
1.300000000000000000e+01 5.404816810700818763e-01 7.663884531483805551e-01 3.756229752192863369e-02 2.533373097972568821e-02
1.100000000000000000e+01 4.513604729312186148e-01 7.511631409481478450e-01 4.099103918786273226e-02 2.847587596033596125e-02
0.000000000000000000e+00 2.458075482050852134e-01 6.383056660813062333e-01 6.133597896078449296e-02 4.203560035447695409e-02
0.000000000000000000e+00 6.541305214794156109e-02 3.144899344272704123e-01 5.382025574238834958e-02 3.696530263905317693e-02
