8.000000000000000000e+00 3.555516600940487604e-01 2.330937976193535321e-01 3.481978117127593197e-02 4.448307959980318804e-02
2.000000000000000000e+00 1.534579778737351075e-01 7.638736757317168280e-01 3.073374738490577962e-02 4.374609365791470861e-02
2.000000000000000000e+00 1.529148213223422426e-01 6.201443807878788128e-01 3.336813460290588562e-02 4.642785953778816310e-02
7.000000000000000000e+00 1.707930007090157909e-01 5.029503795095712215e-01 3.263245700244404857e-02 4.323018958006707990e-02
9.000000000000000000e+00 1.899619285056414753e-01 3.488549005835636097e-01 3.351461316857975992e-02 4.412704370946313182e-02
6.000000000000000000e+00 2.235885579699779802e-01 8.405425946776220458e-01 3.228699919172317578e-02 4.581661355810973113e-02
3.000000000000000000e+00 2.416693354184103193e-01 6.918676299560463372e-01 3.543464596766615626e-02 4.696639513861056159e-02
2.000000000000000000e+00 2.482610657330978077e-01 5.725211704160726445e-01 3.392626748807539561e-02 4.524205681247894795e-02
6.000000000000000000e+00 2.552197997364673010e-01 4.379624998424990201e-01 3.283672528730061102e-02 4.295087260401769802e-02
5.000000000000000000e+00 2.544028101081959869e-01 3.046187773872905957e-01 3.294751675278559389e-02 4.531454449492183789e-02
8.000000000000000000e+00 2.950440842940996733e-01 9.191450473926536802e-01 3.372971006652020209e-02 4.718859048471635287e-02
9.000000000000000000e+00 3.016250138327549180e-01 7.895833642014965514e-01 3.548550426099306154e-02 4.730778873979346599e-02
5.000000000000000000e+00 3.247392869568157536e-01 6.467789831350970742e-01 3.393548155216469242e-02 4.691122210228115819e-02
1.500000000000000000e+01 3.302633549933090551e-01 5.176168173089251701e-01 3.466213994789862918e-02 4.510543256308180426e-02
1.000000000000000000e+00 3.916468097042515306e-01 8.721010425541004807e-01 3.526458941926213786e-02 4.861128651939172762e-02
7.000000000000000000e+00 4.137926596391770517e-01 7.241246486431646145e-01 3.660188137953857002e-02 4.800939378906088351e-02
1.500000000000000000e+01 4.137353988239753644e-01 5.831378600258553258e-01 3.593306837709053791e-02 4.830730591559895259e-02
1.000000000000000000e+00 4.287777481685326464e-01 4.498587612860045493e-01 3.481916875614005091e-02 4.801813462327259030e-02
0.000000000000000000e+00 4.345160501543660070e-01 3.217893667585963735e-01 3.384381414114906450e-02 4.631450706355322300e-02
3.000000000000000000e+00 4.374454126899569584e-01 1.816465557911130513e-01 3.324768368050551315e-02 4.472704352028331054e-02
5.000000000000000000e+00 5.024416991466214011e-01 6.583089228976856111e-01 3.548010387297695356e-02 4.770379863627338679e-02
1.000000000000000000e+00 5.171487790413541452e-01 5.321012703832518342e-01 3.570928631904179973e-02 4.920505083064696805e-02
0.000000000000000000e+00 5.134686929788956355e-01 4.037425932153109187e-01 3.548130086619710744e-02 4.771159301072963599e-02
6.000000000000000000e+00 5.199955490447607520e-01 2.457511658099844065e-01 3.690975917055983047e-02 4.761446953759460032e-02
3.000000000000000000e+00 5.770763698706047329e-01 7.647557205496460231e-01 3.668194074002473215e-02 4.850567274550987573e-02
7.000000000000000000e+00 5.836086959171150612e-01 6.155938022839173573e-01 3.550159407683484147e-02 5.012807178857481283e-02
8.000000000000000000e+00 6.016069643445178805e-01 4.566756933483738790e-01 3.585924451616950837e-02 4.781169504838894690e-02
0.000000000000000000e+00 6.064059050231169756e-01 3.478092434946825628e-01 3.616211163789728733e-02 4.980844676176593433e-02
1.200000000000000000e+01 7.122625015064308895e-01 5.775963103209387217e-01 2.775448693426896263e-02 3.508320319084490269e-02
1.600000000000000000e+01 7.784377149366520365e-01 5.221919202553721995e-01 3.149428347247273940e-02 4.182995804605660339e-02
