1.200000000000000000e+01 8.277629737581897462e-01 7.514229895214750155e-01 2.733074850554306767e-02 4.363662002160595410e-02
9.000000000000000000e+00 5.648045164471553470e-01 1.034887356750484322e-01 3.698696989830507764e-02 4.841579567693128638e-02
8.000000000000000000e+00 4.430547650582105090e-01 1.432970248543583291e-01 3.626482599207975221e-02 4.565997248654812823e-02
3.000000000000000000e+00 3.453001115555149880e-01 1.694820538405101273e-01 3.559507895835167801e-02 4.655928588494070985e-02
1.500000000000000000e+01 2.429802118455621218e-01 1.992914296518957518e-01 3.345851287024778631e-02 4.010593333939965754e-02
0.000000000000000000e+00 6.280394737237617875e-01 2.012411741923724184e-01 3.969101230483762510e-02 4.484553263358354025e-02
5.000000000000000000e+00 5.173438635350007253e-01 2.283044375439440832e-01 3.698708724852356466e-02 4.842544773239132461e-02
6.000000000000000000e+00 3.118708775647476839e-01 2.866532837787457710e-01 4.247209512972249801e-02 4.764295647637495357e-02
5.000000000000000000e+00 2.165809747045737144e-01 3.199170979679590854e-01 3.706248476381912571e-02 5.391177580354672427e-02
1.500000000000000000e+01 1.493235013118419663e-01 4.510370295924162609e-01 3.559510829590623038e-02 4.655922720983152185e-02
1.000000000000000000e+00 2.718450650869325136e-01 4.012349024421261179e-01 3.421979307429579009e-02 4.652663318668232018e-02
6.000000000000000000e+00 3.625702938221637139e-01 3.964829226999054823e-01 3.914149056981797159e-02 5.578222093396739689e-02
8.000000000000000000e+00 4.784025431001482920e-01 3.750862226861110260e-01 3.976406281576588819e-02 5.031528498639581404e-02
9.000000000000000000e+00 5.826054004075543746e-01 3.322835519912717972e-01 4.394789147580246969e-02 5.591400522918432703e-02
1.000000000000000000e+00 7.040636685228732761e-01 3.108237762351095945e-01 4.191544436893757108e-02 5.767842443731791002e-02
0.000000000000000000e+00 6.763345453635565274e-01 4.570376303267518203e-01 4.324789742329238074e-02 5.497115489978071645e-02
0.000000000000000000e+00 5.438490825919444216e-01 4.738601508479163282e-01 3.844158452997159525e-02 5.484908133513294315e-02
6.000000000000000000e+00 4.196930649755528098e-01 5.248922549743795241e-01 3.907888422832356268e-02 5.121412898391480839e-02
2.000000000000000000e+00 3.181275658130966466e-01 5.268885142076582540e-01 3.978967450092268932e-02 5.300357312611347904e-02
8.000000000000000000e+00 2.108657110261775713e-01 5.636477660072382045e-01 3.766463807177267142e-02 4.752636903443541172e-02
2.000000000000000000e+00 1.212826813037870127e-01 5.799382939822503857e-01 3.567041779853799555e-02 5.204558461854147389e-02
7.000000000000000000e+00 1.688489200749098695e-01 6.616949882730793764e-01 4.118640613738361322e-02 5.402452002583502111e-02
3.000000000000000000e+00 2.859124225126921659e-01 6.846726010910488824e-01 4.258979739873636206e-02 5.677597192058436715e-02
2.000000000000000000e+00 3.916114070915089895e-01 6.392473290412182818e-01 4.049028464207937716e-02 5.398702663106935695e-02
5.000000000000000000e+00 5.018893531843537925e-01 6.150769686038501938e-01 4.461405932787082529e-02 5.408917999615059369e-02
1.000000000000000000e+00 6.196193315185274386e-01 5.914624081381838483e-01 4.117836764742610622e-02 5.400410108784048369e-02
3.000000000000000000e+00 2.252880675312498027e-01 8.329350672821350665e-01 4.531725117383134105e-02 5.592758851695944777e-02
7.000000000000000000e+00 3.433179783547712915e-01 8.017634167921541266e-01 3.848782051600496690e-02 5.761361777922924254e-02
7.000000000000000000e+00 5.707138627179395574e-01 7.620723164746527889e-01 4.055406448575737954e-02 5.856679492784855334e-02
1.400000000000000000e+01 7.675775966060731648e-01 7.573555124603850164e-01 2.871553975728613484e-02 4.457166656148880968e-02
