1.400000000000000000e+01 2.825743842542071116e-01 6.877644126764149712e-01 4.066091942769983758e-02 3.392880574640222413e-02
1.400000000000000000e+01 2.195923937681291682e-01 7.117775013237572779e-01 4.148148743721211118e-02 3.080460067374179989e-02
3.000000000000000000e+00 2.170463024641515193e-01 4.968981959629750755e-01 5.571449753011845085e-02 3.960744089486289976e-02
2.000000000000000000e+00 2.492406025937307645e-01 2.638086423565200733e-01 5.781846961671624485e-02 4.074323912589086771e-02
6.000000000000000000e+00 2.690524838096455262e-01 1.447714011784507759e-01 5.128426826370396929e-02 3.659127015665478155e-02
9.000000000000000000e+00 3.561618821646551636e-01 5.478004964454523673e-01 5.179431629391245684e-02 3.922213212788117076e-02
5.000000000000000000e+00 3.799902991936505714e-01 4.481072204742693188e-01 5.127512163057162953e-02 3.659121538639653615e-02
1.000000000000000000e+00 4.013799335471983643e-01 3.395880323106658105e-01 4.776749736484026121e-02 3.676533003746035311e-02
5.000000000000000000e+00 4.092662345737405616e-01 2.355710689179824624e-01 4.943347169599354718e-02 3.646343637383520075e-02
5.000000000000000000e+00 4.086650899114522284e-01 1.150955059872899311e-01 4.817126370886137821e-02 3.364348008590596628e-02
1.000000000000000000e+00 4.774528510080173205e-01 6.064251842640121515e-01 4.928323687753854987e-02 3.846416652358009003e-02
1.500000000000000000e+01 4.788845455593889744e-01 5.215103616953556953e-01 4.827360193645269248e-02 3.695272647615666095e-02
7.000000000000000000e+00 5.030337246059860545e-01 4.138229694442113749e-01 5.027964480125041158e-02 3.770948713477562109e-02
1.500000000000000000e+01 5.240875488134704163e-01 2.799150280561117365e-01 4.776234896056219537e-02 3.394857780964033456e-02
7.000000000000000000e+00 5.295274951763582205e-01 1.858091536756638074e-01 4.574231229477454530e-02 3.430693960954944721e-02
7.000000000000000000e+00 5.340657861623538949e-01 9.415400188696800010e-02 4.471465793871531869e-02 3.613495174981645741e-02
8.000000000000000000e+00 5.860711870316676064e-01 6.824674166876312231e-01 4.652875843338000195e-02 3.832915783692636413e-02
8.000000000000000000e+00 6.083309154007747743e-01 5.698101712003942332e-01 4.819289796088088718e-02 3.770318855507370781e-02
1.000000000000000000e+00 6.065913846127550801e-01 4.754161504911487701e-01 4.567888833568922724e-02 3.488580646928340911e-02
0.000000000000000000e+00 6.229601883123183637e-01 3.678652594161962996e-01 4.525617148230420828e-02 3.424770557522244241e-02
6.000000000000000000e+00 6.394659450427042646e-01 2.537101295204592932e-01 4.318043346384825565e-02 3.612380600225703620e-02
3.000000000000000000e+00 6.329578964880195890e-01 1.535778836217472909e-01 4.440350810144133575e-02 3.175105812190467947e-02
0.000000000000000000e+00 7.247384721681706665e-01 6.490354867243218751e-01 4.541045929987164165e-02 3.621546402948427890e-02
9.000000000000000000e+00 7.191185233514540975e-01 5.379104392123954526e-01 4.610335783733920945e-02 3.739034083979309031e-02
6.000000000000000000e+00 7.568983081127287349e-01 3.286104431366879686e-01 4.121253808394087503e-02 3.377906386027168528e-02
3.000000000000000000e+00 7.328674191314463737e-01 2.209365928319026451e-01 4.155956244038661040e-02 3.272854292138172028e-02
0.000000000000000000e+00 8.460679581956662698e-01 2.891664229999602598e-01 4.132328354617775812e-02 3.144083937902142356e-02
2.000000000000000000e+00 8.442817357624650132e-01 3.851784392941079993e-01 4.220190802946410802e-02 3.338129485953206244e-02
2.000000000000000000e+00 8.326520929711298535e-01 5.033394658802550214e-01 4.192619454929558120e-02 3.519117804430915708e-02
8.000000000000000000e+00 8.418652171970071318e-01 5.891810696817882942e-01 4.045616081712966050e-02 3.316267937361760954e-02
