1.000000000000000000e+00 1.311023823974130087e-01 5.728630676544618217e-01 4.406032208123622507e-02 3.631124086540005180e-02
1.100000000000000000e+01 5.664181746629350922e-01 1.586520750447148187e-01 4.130511767747391261e-02 3.051214680814168245e-02
1.000000000000000000e+00 6.233065810546094543e-01 2.556253465947033732e-01 3.233495053831347832e-02 2.794686926060682697e-02
8.000000000000000000e+00 8.157417754665028387e-01 5.183036984940903036e-01 5.567223160003442750e-02 4.040771997879688548e-02
8.000000000000000000e+00 7.306310002089496658e-01 8.634817257566593796e-01 5.743946513108744156e-02 3.838504807129128338e-02
3.000000000000000000e+00 6.840461183265065248e-01 4.730806436632697398e-01 5.596166096062937800e-02 4.421104917729257178e-02
3.000000000000000000e+00 6.600252077343307100e-01 5.646318026005304747e-01 5.596130378741592803e-02 4.420328065990108968e-02
9.000000000000000000e+00 6.365596419601290412e-01 6.882506721013925688e-01 5.037309074823803634e-02 3.777934183022735315e-02
2.000000000000000000e+00 5.992689130858381841e-01 7.985001315224686813e-01 5.109327100419791545e-02 3.664168561666736323e-02
2.000000000000000000e+00 5.565737070262311015e-01 8.769877545905722105e-01 4.650377379856596161e-02 3.654917775439570082e-02
5.000000000000000000e+00 5.691893923324317095e-01 3.677263026607613394e-01 5.430199609567964991e-02 3.831715539631003198e-02
0.000000000000000000e+00 5.402422594876876705e-01 4.780778987386536949e-01 4.922079043292859613e-02 3.784827626041425974e-02
9.000000000000000000e+00 5.114890865800389985e-01 6.033867928276046566e-01 5.172519971201255951e-02 3.646518252037711516e-02
7.000000000000000000e+00 4.879421001953982984e-01 7.049117607514733264e-01 4.918662086217956420e-02 3.689039723093423540e-02
1.000000000000000000e+00 1.205715915489364021e-01 6.832177741157543505e-01 4.328796477168499190e-02 3.245835388354445517e-02
5.000000000000000000e+00 4.507945828974651015e-01 8.017615991917964591e-01 5.172389007689676133e-02 3.642738168862513781e-02
8.000000000000000000e+00 4.437848204689401888e-01 9.020998591141311529e-01 4.448887040845184160e-02 3.057301507659249129e-02
2.000000000000000000e+00 4.260200963538761654e-01 3.021211286426194187e-01 5.187914136698956735e-02 4.077257241628884366e-02
6.000000000000000000e+00 4.289631292212372493e-01 4.034680606018234972e-01 5.048131423189938793e-02 3.739427934174360812e-02
1.500000000000000000e+01 3.864208081791843385e-01 5.158624344626926428e-01 4.796488012129745959e-02 3.830227317908491136e-02
6.000000000000000000e+00 3.900233911495299410e-01 6.269641538176018436e-01 4.917001230775630560e-02 3.641053501872615339e-02
5.000000000000000000e+00 3.448746134648801309e-01 7.345550837180102599e-01 4.724472962977210866e-02 3.637303183131890272e-02
1.000000000000000000e+00 3.201982602616739171e-01 8.193203831848987484e-01 4.530319557057804758e-02 3.242460101487787405e-02
0.000000000000000000e+00 2.227539963009435575e-01 7.468398480419923269e-01 4.328820288716062059e-02 3.246621169423935527e-02
0.000000000000000000e+00 2.479372378228386076e-01 6.652014810007161882e-01 4.587657763582894677e-02 3.347474979115383498e-02
1.500000000000000000e+01 2.760570086831672931e-01 5.609936660132339714e-01 4.722014420691617032e-02 3.541533138844543682e-02
7.000000000000000000e+00 3.034378476938325297e-01 4.449890150757138119e-01 4.727288678476210260e-02 3.685212016823113945e-02
7.000000000000000000e+00 3.032761672858983459e-01 3.485156223201010262e-01 4.989239513186544128e-02 3.929706010728334364e-02
3.000000000000000000e+00 1.855254602124365437e-01 3.639788859523805375e-01 4.466983816990977019e-02 3.536556525404455087e-02
6.000000000000000000e+00 1.751197841641718711e-01 4.825762870104332025e-01 4.466983816990977019e-02 3.536556525404455087e-02
