6 0.214465 0.527813 0.043875 0.041653
11 0.110965 0.732535 0.043875 0.036097
14 0.072090 0.876243 0.043875 0.040819
0 0.313604 0.591688 0.041653 0.042208
5 0.422882 0.659854 0.042486 0.044708
1 0.534090 0.729979 0.047208 0.044986
2 0.654326 0.671104 0.046653 0.044986
8 0.532424 0.595021 0.042764 0.041653
9 0.428146 0.528924 0.040264 0.039986
7 0.327910 0.467833 0.040264 0.040556
8 0.229187 0.293715 0.038875 0.038875
2 0.331236 0.341618 0.039167 0.038042
0 0.429813 0.399660 0.040264 0.039708
9 0.536174 0.476576 0.040819 0.040819
3 0.651007 0.534618 0.043875 0.045819
15 0.772014 0.599708 0.045361 0.045361
7 0.770625 0.464444 0.044889 0.042806
3 0.544063 0.342729 0.041625 0.040958
5 0.437972 0.285222 0.040500 0.039333
1 0.335694 0.225167 0.039111 0.037722
8 0.234333 0.173799 0.037722 0.038181
7 0.338583 0.110854 0.038417 0.038181
0 0.445264 0.165354 0.039806 0.038875
15 0.545813 0.222160 0.041875 0.039097
2 0.654000 0.284757 0.041194 0.041181
6 0.770861 0.340062 0.043972 0.043042
1 0.771903 0.219729 0.043278 0.040736
6 0.654910 0.161069 0.041625 0.040028
5 0.552292 0.102979 0.039583 0.038181
3 0.442604 0.048597 0.039569 0.036333
