8.000000000000000000e+00 7.669819567464881693e-01 6.653780908119594217e-01 3.710352795832672079e-02 3.887662825555526780e-02
1.400000000000000000e+01 7.127043944784006158e-01 8.606561135155950393e-02 3.648748728072592762e-02 3.561343154054197324e-02
1.400000000000000000e+01 8.559397398723661565e-01 2.710893488364973791e-01 3.513001956127759229e-02 3.208008470697037984e-02
3.000000000000000000e+00 2.346276934687758775e-01 4.574177845150134147e-01 4.315198262340125268e-02 3.964536608397128958e-02
6.000000000000000000e+00 2.557512323973224477e-01 5.656352006711183877e-01 4.096805954278856521e-02 4.271489946831619200e-02
7.000000000000000000e+00 2.686590343630911315e-01 6.672426601301957305e-01 4.049061834277403737e-02 3.917278996334550012e-02
6.000000000000000000e+00 2.962528109899694728e-01 7.848985237979575480e-01 3.871981237275751164e-02 3.827639908596769391e-02
8.000000000000000000e+00 3.265116836345062223e-01 3.862019646112919702e-01 3.831918967059155801e-02 4.314106383727311922e-02
1.500000000000000000e+01 3.483897521482540172e-01 4.976994808690362593e-01 3.961932685224278661e-02 4.049426715231557727e-02
3.000000000000000000e+00 3.845465107792825910e-01 7.088766550568164071e-01 4.182268260791405234e-02 3.963226354061732959e-02
1.000000000000000000e+00 3.895211235605241518e-01 8.212837061990370113e-01 4.049061834277406513e-02 3.917284524833852810e-02
1.000000000000000000e+00 4.470961177755736760e-01 2.946272248754575607e-01 3.831026114421326456e-02 4.093052103250488516e-02
2.000000000000000000e+00 4.496061393877155421e-01 4.188849736312610927e-01 3.611633147985787717e-02 4.222789396450349342e-02
9.000000000000000000e+00 4.620225130502270683e-01 5.272480933865599795e-01 4.048705246072215047e-02 3.873930033280903462e-02
2.000000000000000000e+00 4.789648203116020353e-01 6.503823681560163550e-01 3.605999607193571821e-02 3.782035317826526466e-02
5.000000000000000000e+00 4.952922478802301853e-01 7.574779688755657325e-01 3.693095585250866231e-02 3.518436470944974470e-02
1.500000000000000000e+01 4.890772195310839621e-01 8.602100080208512356e-01 3.479562828079046932e-02 4.266580639448425138e-02
5.000000000000000000e+00 5.465710553763303281e-01 3.565795189855447966e-01 3.607727263226523373e-02 3.957009556592816502e-02
7.000000000000000000e+00 5.549937517106058316e-01 4.746984082913824343e-01 3.606870345834178870e-02 3.870165125253915983e-02
0.000000000000000000e+00 5.654986190957782544e-01 5.841336422744810575e-01 3.914321249206176301e-02 3.696564718565009677e-02
0.000000000000000000e+00 5.778328116161151051e-01 6.963008394743370744e-01 3.473357087608730520e-02 3.648018966164268129e-02
3.000000000000000000e+00 5.803557975591280282e-01 7.968663703118219477e-01 3.692363059092906852e-02 3.429073808172466986e-02
5.000000000000000000e+00 5.952334867549008424e-01 9.005208395662136489e-01 3.825290296391981038e-02 3.430384062507840781e-02
6.000000000000000000e+00 6.466055462130347875e-01 3.959071069294416434e-01 3.740776127510292426e-02 3.871268060865357130e-02
9.000000000000000000e+00 6.589379696135937436e-01 5.223794204732580271e-01 3.387892016846516530e-02 3.911778139525678988e-02
8.000000000000000000e+00 6.627255997727173886e-01 6.293138654380550090e-01 3.386156068064627434e-02 3.735518524670877749e-02
7.000000000000000000e+00 6.735531380198496176e-01 7.445218201833713190e-01 3.560607863646569893e-02 3.559325251807732293e-02
1.000000000000000000e+00 6.824034637753979560e-01 8.243782007577458160e-01 3.295588192443543729e-02 3.603138608803024834e-02
2.000000000000000000e+00 7.777487920712471414e-01 7.733978078329031280e-01 3.562636822891651622e-02 3.780393353532818246e-02
0.000000000000000000e+00 7.388091112811139283e-01 4.468454141533220181e-01 3.634358044380647801e-02 3.938093796219388487e-02
