15 0.348934 0.161391 0.031914 0.040969
11 0.917496 0.584401 0.026102 0.034802
12 0.767582 0.597073 0.035461 0.038750
6 0.550340 0.779885 0.041367 0.057521
0 0.271512 0.773349 0.037820 0.050427
5 0.164543 0.765865 0.035461 0.054375
0 0.109477 0.666917 0.035297 0.049250
8 0.220000 0.665661 0.036109 0.049802
1 0.547504 0.129083 0.031914 0.045708
3 0.337379 0.669766 0.035289 0.048156
3 0.475895 0.650062 0.038164 0.053625
15 0.563723 0.649792 0.040633 0.050896
1 0.086410 0.523333 0.034477 0.047937
7 0.175949 0.524313 0.033492 0.044000
2 0.299812 0.485245 0.034969 0.048594
8 0.431059 0.494766 0.035461 0.047927
7 0.528328 0.501005 0.036937 0.047281
2 0.668195 0.494432 0.040875 0.049906
7 0.680809 0.365542 0.041133 0.048229
3 0.563086 0.392495 0.038297 0.052948
6 0.431527 0.383969 0.043258 0.049188
0 0.260258 0.394854 0.034047 0.048229
9 0.171609 0.397693 0.038297 0.042552
6 0.195863 0.304016 0.031914 0.045698
1 0.308152 0.262646 0.035461 0.043333
5 0.397098 0.287865 0.038414 0.048063
8 0.466539 0.156661 0.035453 0.044135
5 0.523570 0.253979 0.038422 0.051229
2 0.623164 0.248073 0.038984 0.044125
9 0.253781 0.158240 0.029547 0.040979
