1.500000000000000000e+01 5.211588081557056995e-01 2.108319816031634375e-01 3.928892284366503063e-02 5.433963129644209245e-02
0.000000000000000000e+00 6.635073439341727664e-01 8.555360288016904402e-01 3.224245102495026938e-02 4.057490480866476901e-02
1.400000000000000000e+01 1.923829885803107764e-01 3.795679176904034891e-01 3.267200790107058217e-02 3.817733216070751112e-02
1.500000000000000000e+01 5.422647011282430984e-01 8.440002900485760184e-01 3.374444134848353372e-02 4.068782866982623148e-02
7.000000000000000000e+00 4.912488011992127701e-01 8.328064405843326190e-01 3.303028659532286637e-02 4.162468483712133960e-02
7.000000000000000000e+00 3.931708238274916889e-01 8.016468916322221361e-01 3.530066258406394653e-02 4.327666825283560392e-02
1.000000000000000000e+00 3.433850159889145770e-01 6.885998668066135586e-01 3.732196537549153925e-02 4.705040749959221724e-02
6.000000000000000000e+00 6.062391861815820127e-01 7.518224128057295896e-01 3.222546096073308775e-02 4.108374865113229024e-02
2.000000000000000000e+00 7.002158936241353882e-01 7.656310445941356679e-01 3.192038347766634754e-02 4.092963675550465030e-02
3.000000000000000000e+00 7.985297583015804612e-01 7.242539742114406653e-01 3.238003050118809512e-02 4.506680320082179225e-02
1.000000000000000000e+00 7.435640688812525934e-01 6.499612286598849265e-01 3.356138341752290533e-02 4.474816798974323717e-02
3.000000000000000000e+00 6.317733077096643335e-01 6.456571934693764447e-01 3.634826879959052182e-02 4.733054333956554505e-02
5.000000000000000000e+00 5.493325964454407462e-01 6.529201312914523214e-01 3.490886140620441669e-02 4.484267164660171723e-02
9.000000000000000000e+00 2.789766407349959509e-01 6.011887322775808506e-01 3.774274119148601780e-02 4.862207424809728007e-02
8.000000000000000000e+00 4.384829532586026479e-01 5.992109629503599155e-01 3.692432922608263057e-02 5.059189199644220647e-02
0.000000000000000000e+00 3.954998784639462972e-01 4.744661358971332676e-01 3.954677710110449107e-02 4.657777480409286408e-02
8.000000000000000000e+00 5.662008127274427149e-01 5.232442813327755626e-01 3.485646107346684897e-02 4.805124813431854713e-02
0.000000000000000000e+00 6.529295416132157026e-01 5.417512808375015698e-01 3.474182104420275863e-02 4.514380194303224680e-02
5.000000000000000000e+00 7.367825734176033370e-01 5.602602968397480954e-01 3.843461436211259574e-02 4.782222550100567737e-02
0.000000000000000000e+00 9.089677785689720402e-01 5.943754877040307028e-01 3.193857485955542419e-02 4.667285051698555343e-02
9.000000000000000000e+00 4.821326592513742737e-01 4.347734702058935197e-01 3.575699168258722471e-02 4.835918589755661134e-02
6.000000000000000000e+00 4.037133588939370021e-01 3.827040289799814587e-01 3.895175301707687332e-02 4.716298812713304311e-02
1.000000000000000000e+00 8.469787569965148144e-01 4.792031316971657740e-01 3.368162959592257977e-02 4.774665689888085707e-02
8.000000000000000000e+00 9.047081635295231017e-01 4.676598704072010282e-01 3.363226116016659883e-02 4.654579687177817782e-02
6.000000000000000000e+00 5.727376684280437447e-01 3.915208283064964823e-01 3.696225654115381509e-02 5.155480531609768491e-02
5.000000000000000000e+00 7.617032220545532084e-01 4.031887835105274487e-01 3.601813526222352735e-02 5.030489148405781208e-02
7.000000000000000000e+00 9.033473852380451419e-01 3.251589245998083300e-01 3.434178225945017093e-02 5.226426920977755852e-02
2.000000000000000000e+00 7.073264071158846811e-01 3.177596658247699990e-01 3.632618743666826688e-02 4.911927675026794837e-02
2.000000000000000000e+00 6.659839461232618385e-01 2.604253068876155042e-01 3.764826613742933148e-02 5.218907244407514079e-02
1.200000000000000000e+01 2.988281435370253591e-01 1.465105731678520429e-01 2.820636688088562494e-02 3.351885105137616949e-02
