1.000000000000000000e+01 8.567792711452157928e-01 3.162696476604634488e-01 2.795722906112685369e-02 3.278550589379680691e-02
6.000000000000000000e+00 2.646006956116351838e-01 1.998610951419408366e-01 3.369777345611377206e-02 4.784161355900268253e-02
3.000000000000000000e+00 1.958911863189886360e-01 2.411133397120188149e-01 3.160704618641246855e-02 4.293555097220944083e-02
1.000000000000000000e+00 1.032681453724930976e-01 3.986354114958794437e-01 2.956151874680988667e-02 4.029913395443129875e-02
9.000000000000000000e+00 2.041748435537101836e-01 3.643810079411355374e-01 3.252310345296660632e-02 4.400527106385443421e-02
9.000000000000000000e+00 2.845925057767009214e-01 3.224931442180535290e-01 3.449756702260370345e-02 4.853584864834648016e-02
1.500000000000000000e+01 4.230712722757010158e-01 2.173513132414322258e-01 3.434689170158300442e-02 4.770034334338812965e-02
1.000000000000000000e+00 3.601346305123560576e-01 3.357209132233508475e-01 3.464641664669260157e-02 4.937282004326520868e-02
6.000000000000000000e+00 1.802461254208378438e-01 5.327770689610060728e-01 3.144881911899219396e-02 4.447497309266490451e-02
3.000000000000000000e+00 2.612800710066005561e-01 5.029362739077845035e-01 3.229112929433258783e-02 4.432371686807512479e-02
5.000000000000000000e+00 5.809512636444131850e-01 2.693832746968612413e-01 3.756714446848219424e-02 4.946067479258806077e-02
3.000000000000000000e+00 5.016315644913604821e-01 3.150244393667706033e-01 3.817001172501333084e-02 5.120656663878225823e-02
7.000000000000000000e+00 4.150763656079841102e-01 4.163413384540671780e-01 3.503598164502819134e-02 4.724654700754377101e-02
8.000000000000000000e+00 5.434605218263182103e-01 4.442129672249613415e-01 3.628473068428583748e-02 4.914225665044213986e-02
8.000000000000000000e+00 4.886515370272897507e-01 4.454883133490658564e-01 3.702554870746455062e-02 4.936734295246991699e-02
1.000000000000000000e+00 3.578898946416299021e-01 4.801629314809393589e-01 3.548598827663534960e-02 4.655225659405054506e-02
2.000000000000000000e+00 2.203800752960557996e-01 6.192879393696375523e-01 3.250985331917388699e-02 4.389639313774151841e-02
7.000000000000000000e+00 1.623274217838744371e-01 6.639566023095188063e-01 3.082479037529742283e-02 4.399321039927484023e-02
8.000000000000000000e+00 1.266549219684136585e-01 6.792753890363020242e-01 2.971191744708329141e-02 4.307632327047894449e-02
6.000000000000000000e+00 1.501196917840180445e-01 7.952244330005499018e-01 2.826330991794606673e-02 4.116725284548916619e-02
5.000000000000000000e+00 2.302568190761970501e-01 7.526688482867468499e-01 3.145437919601165588e-02 4.288954894194363376e-02
0.000000000000000000e+00 2.882252277398070772e-01 6.747212433641451845e-01 3.314439365126370385e-02 4.418640232914605726e-02
2.000000000000000000e+00 3.765831502018976984e-01 6.215316379125617186e-01 3.437120666526527479e-02 4.620789142581360753e-02
5.000000000000000000e+00 5.344757416456464849e-01 5.482621877431037571e-01 3.677318759975911622e-02 4.788648144420470931e-02
2.000000000000000000e+00 4.418151217706387524e-01 7.206136764898084524e-01 3.475894596666906367e-02 5.205050887653106528e-02
0.000000000000000000e+00 2.810615664175410422e-01 9.221915856101188247e-01 3.010601902567355825e-02 4.488924032372876294e-02
0.000000000000000000e+00 3.719176923410523194e-01 8.905203634103469046e-01 3.298506010085444640e-02 4.810207965460244761e-02
1.500000000000000000e+01 4.888123643297340726e-01 8.190816170081864911e-01 3.419129253126157453e-02 4.686469972805629158e-02
7.000000000000000000e+00 5.522916391818988302e-01 7.336656668412733229e-01 3.578803047054479602e-02 4.930593314658293647e-02
1.300000000000000000e+01 7.761090818420711690e-01 6.741330923313675338e-01 2.483639379078517173e-02 3.343492842208795057e-02
