6.000000000000000000e+00 2.076170419560631752e-01 3.981202816240767550e-01 3.138552344886988421e-02 3.949586682847144870e-02
1.400000000000000000e+01 7.341050702793050498e-01 3.863543903311206229e-01 2.804456838766045124e-02 3.536191886701339770e-02
1.200000000000000000e+01 7.397214787561254834e-01 5.745253724752472646e-01 2.754160804404737206e-02 4.047558267789808095e-02
1.000000000000000000e+00 6.288075077501921184e-01 7.604812370340054972e-01 4.613032786187010181e-02 5.915084316376317819e-02
0.000000000000000000e+00 4.040971953386114368e-01 9.131344731892232502e-01 3.891062545094375880e-02 5.517886913800562620e-02
1.000000000000000000e+00 2.198159196661827464e-01 8.880834840036673228e-01 3.603108582074532329e-02 5.038893752084450117e-02
5.000000000000000000e+00 3.187224538603669610e-01 7.820673643327061830e-01 4.006789794826048912e-02 5.436576429434269997e-02
9.000000000000000000e+00 4.142423362854502633e-01 7.290085798034804387e-01 3.794705846760981771e-02 5.481841781971075189e-02
0.000000000000000000e+00 5.149081667737487322e-01 6.435913228630855132e-01 3.826469776694774172e-02 5.430693820784182613e-02
6.000000000000000000e+00 5.944841308191064488e-01 6.024709448089976549e-01 4.006795186767986294e-02 5.436576429434269997e-02
8.000000000000000000e+00 6.326350316515350070e-01 4.191229873256526739e-01 3.963282215359775762e-02 5.237605684152951691e-02
3.000000000000000000e+00 5.345830258949224589e-01 5.065489987537430405e-01 3.847296152415247139e-02 5.131867006854207158e-02
3.000000000000000000e+00 4.403824977416949671e-01 5.916742281189868446e-01 3.973491857411992623e-02 5.063831483529679378e-02
9.000000000000000000e+00 2.788472234772668701e-01 3.309274379447268433e-01 3.179328905763650903e-02 4.144748021152022677e-02
0.000000000000000000e+00 3.405730963504999265e-01 6.449449968453520032e-01 3.686899359730499981e-02 5.196635013366679434e-02
1.000000000000000000e+00 3.488867968201461722e-01 2.743079362809125454e-01 3.189525067961040961e-02 3.970531681290168091e-02
3.000000000000000000e+00 4.368867804671220378e-01 1.936145461891310982e-01 3.112422994274322008e-02 3.820810933634941065e-02
1.500000000000000000e+01 2.352291226811892288e-01 7.397270594160274548e-01 3.628140672503607500e-02 4.743803553914827109e-02
8.000000000000000000e+00 1.528518291233871562e-01 8.090928826545307206e-01 3.435963774059253018e-02 4.487535337670733870e-02
0.000000000000000000e+00 1.598121791272830161e-01 6.738994823941021339e-01 3.458582970472814933e-02 4.376677011505569759e-02
6.000000000000000000e+00 2.493775378767130180e-01 5.988787522133687258e-01 3.408270760285694867e-02 4.356381742065595919e-02
1.500000000000000000e+01 3.350125618719715925e-01 5.276601768471782528e-01 3.564407918842510403e-02 4.658271179014150665e-02
8.000000000000000000e+00 4.303786526332393780e-01 4.489654178721110278e-01 3.548280620517596518e-02 4.354853126527280516e-02
5.000000000000000000e+00 5.328039007343454703e-01 3.841397445406713462e-01 3.651234359807375984e-02 4.632985667314154510e-02
2.000000000000000000e+00 6.113113032070575104e-01 2.898639044384793140e-01 3.752511205155650842e-02 4.674643810697037827e-02
7.000000000000000000e+00 1.852769189771522607e-01 5.132673314439266665e-01 3.317405754812174923e-02 4.141620694830250304e-02
7.000000000000000000e+00 2.709244253179882156e-01 4.682784237700871044e-01 3.521353262498688741e-02 4.462414280199750172e-02
2.000000000000000000e+00 4.362459481682537943e-01 3.164939103395825182e-01 3.522846830414433361e-02 4.462344184954603055e-02
2.000000000000000000e+00 5.180156103096468234e-01 2.456214841657066716e-01 3.459157212288799244e-02 4.376916952921630632e-02
