1.000000000000000000e+00 8.046255403893262659e-02 6.182244674765815518e-01 4.175344288522468694e-02 3.311510081031465713e-02
1.300000000000000000e+01 7.052201600400642700e-01 2.457835889184744049e-01 3.767555130041821965e-02 3.525127527722982101e-02
1.000000000000000000e+01 7.316964074243270666e-01 3.404375517969094878e-01 2.938742287857487590e-02 2.741826218320048136e-02
5.000000000000000000e+00 7.949928066010456540e-01 4.965982285526991946e-01 5.641324190376495462e-02 4.165643823991654893e-02
3.000000000000000000e+00 7.066755657634922194e-01 7.483391169306339297e-01 5.601794237340429472e-02 3.877755095462287471e-02
2.000000000000000000e+00 6.392690428002496539e-01 8.471098684644104981e-01 4.787929743789309800e-02 3.526146860600931632e-02
1.500000000000000000e+01 6.574624824562627090e-01 3.983809271654432660e-01 5.277797601865263921e-02 4.281391312574828190e-02
2.000000000000000000e+00 6.195749435216116874e-01 4.988763815276144875e-01 5.437351200914797289e-02 4.078563672418283881e-02
8.000000000000000000e+00 5.821343428488305882e-01 6.410930605751181677e-01 5.320340747694396466e-02 3.925490118092866965e-02
2.000000000000000000e+00 5.245264652150296580e-01 7.665524671821477565e-01 4.893262674754095265e-02 3.715109893398338414e-02
7.000000000000000000e+00 4.864717164832842444e-01 8.683359914542252422e-01 5.067607801994089556e-02 3.531629975367500673e-02
6.000000000000000000e+00 3.528670280755766830e-01 8.818813852013922538e-01 4.523317649549835062e-02 3.437632922122302315e-02
1.500000000000000000e+01 3.859731957213838882e-01 7.460188464653769724e-01 4.947365727506775057e-02 3.620211122607286391e-02
3.000000000000000000e+00 4.180654631974376478e-01 6.808497591692328488e-01 4.920745457348035812e-02 3.420981951539114885e-02
9.000000000000000000e+00 4.745867151811545837e-01 5.673313611653190147e-01 5.027915427785151214e-02 3.726434569657743889e-02
0.000000000000000000e+00 4.849175978918681684e-01 4.472386301460898328e-01 4.826972433306803145e-02 3.710567701288347564e-02
3.000000000000000000e+00 5.505434527312054183e-01 3.090774537648233733e-01 5.398521339141038045e-02 4.452639236070277118e-02
8.000000000000000000e+00 4.324653603357514475e-01 2.698253389471188535e-01 5.020970522462864238e-02 4.124982523475662077e-02
6.000000000000000000e+00 4.038417790298517995e-01 3.638596510492677072e-01 4.526680887974054990e-02 3.888707323170159658e-02
6.000000000000000000e+00 3.725977701308847978e-01 4.765270881238220513e-01 4.841817168433198981e-02 3.811336037222751161e-02
1.000000000000000000e+00 2.934451019664826577e-01 6.648143088238689380e-01 4.644231811648980024e-02 3.348306877779405610e-02
0.000000000000000000e+00 2.699388937498684582e-01 7.784940078546229714e-01 4.531298689940371771e-02 3.488168309802164302e-02
5.000000000000000000e+00 1.624748149734385472e-01 7.129216119840771082e-01 3.879785360123050308e-02 3.089877989568801109e-02
9.000000000000000000e+00 1.910450493251488191e-01 6.019377123716926903e-01 4.354802882342503900e-02 3.625386197218405382e-02
1.000000000000000000e+00 2.415064653622347457e-01 5.024196554208570920e-01 4.678158234221382883e-02 3.598956351883020321e-02
8.000000000000000000e+00 2.700958682127075350e-01 3.931880002271274099e-01 4.813522279974968843e-02 3.608948054378963155e-02
0.000000000000000000e+00 3.010611987837923387e-01 2.874648663963783601e-01 5.109327640498712020e-02 3.831974727636167088e-02
7.000000000000000000e+00 1.658167006141598732e-01 3.301474143976633746e-01 4.436086278263801086e-02 3.731368812874624741e-02
5.000000000000000000e+00 1.300398248208248786e-01 4.236130283655982209e-01 4.553640002303768752e-02 3.639788474667016160e-02
7.000000000000000000e+00 9.415128447114864962e-02 5.398196788040735550e-01 4.160488351935874574e-02 3.210663334875674124e-02
