3.000000000000000000e+00 8.152306798778006236e-01 6.386298478290761693e-01 4.834907512821973175e-02 3.827631146451959676e-02
1.000000000000000000e+01 2.390308966488028375e-01 8.097081254144239404e-01 4.560425461840403316e-02 3.672973671637502768e-02
1.000000000000000000e+01 3.539949666192584443e-01 7.628864900033105467e-01 4.578209434699581637e-02 3.450049072092553626e-02
8.000000000000000000e+00 3.611077225111872235e-01 1.254924460086770388e-01 5.012024097939005163e-02 3.508239802562468368e-02
1.000000000000000000e+00 3.053560835598321255e-01 2.212798669923659034e-01 5.260449176638953839e-02 3.694010302183267647e-02
0.000000000000000000e+00 2.045068516867160069e-01 4.405827676067080034e-01 5.736075221851502648e-02 3.899841337453935353e-02
6.000000000000000000e+00 4.923152763062751958e-01 1.159290669892715647e-01 4.826444055858869486e-02 3.217714679679331558e-02
9.000000000000000000e+00 4.560474884029740439e-01 1.978529645523206537e-01 4.854090158245366604e-02 3.439660208429332067e-02
7.000000000000000000e+00 4.101101116423584991e-01 3.051652391522922114e-01 4.802398791350481755e-02 3.601760406824910943e-02
1.000000000000000000e+00 3.591452807471113839e-01 4.190913750441296326e-01 5.291660406114689907e-02 3.918247273219338522e-02
5.000000000000000000e+00 3.236094747387517900e-01 5.194647904144925610e-01 5.441776658944025291e-02 3.930359182445708477e-02
2.000000000000000000e+00 6.162912019209705328e-01 1.039593164616023219e-01 4.592092003874281847e-02 3.142222072000033783e-02
3.000000000000000000e+00 5.908631561494073203e-01 2.071179948101805335e-01 4.929761319869041536e-02 3.445924475977618640e-02
5.000000000000000000e+00 5.471962713453906169e-01 2.940947160474569610e-01 4.786733658631148192e-02 3.488890506790992552e-02
3.000000000000000000e+00 5.030245401431653329e-01 3.953092841702479099e-01 5.050038232695203133e-02 3.788114182663981921e-02
1.000000000000000000e+00 4.613954171087576439e-01 5.017120942545748585e-01 5.343691025503877201e-02 3.756322652869042988e-02
8.000000000000000000e+00 4.240954237325534337e-01 6.081919950043832568e-01 5.274165095465588315e-02 4.307322269797975167e-02
2.000000000000000000e+00 7.275171855480753180e-01 1.809269136368509556e-01 4.599073463099112580e-02 3.198005300120043692e-02
2.000000000000000000e+00 6.772607971861037690e-01 2.760943804461946094e-01 4.877653327103959047e-02 3.607703277273333065e-02
1.500000000000000000e+01 6.426884385025696256e-01 3.692021084712764911e-01 4.959829804100812645e-02 3.669316291677005015e-02
1.500000000000000000e+01 5.943105269123343248e-01 4.700283664035505016e-01 4.732143766039342836e-02 3.598353002386539545e-02
7.000000000000000000e+00 5.606696543975837610e-01 5.751260959494921554e-01 5.276435706458149077e-02 3.806270142907253184e-02
0.000000000000000000e+00 5.131719839940979133e-01 6.830395468006595916e-01 5.158221091689446647e-02 4.019029071219459848e-02
7.000000000000000000e+00 8.032454249159618476e-01 2.564538036734705373e-01 4.681208277508952520e-02 3.259582603734842432e-02
6.000000000000000000e+00 7.775000887852547837e-01 3.543100845720793535e-01 4.689659830875758662e-02 3.315737819238950834e-02
0.000000000000000000e+00 7.029176895963666905e-01 5.581315100783754701e-01 5.095096320556791181e-02 3.569924238543886741e-02
6.000000000000000000e+00 6.812650777015183401e-01 6.706943866049539515e-01 5.331900513377374473e-02 4.199808988095143913e-02
9.000000000000000000e+00 9.074724807906733304e-01 3.516304808904445744e-01 4.697159096539260670e-02 3.371872203449566285e-02
5.000000000000000000e+00 8.855182020068130821e-01 4.256054693195792105e-01 4.628118238049849786e-02 3.421194754682477246e-02
8.000000000000000000e+00 8.503242672839390615e-01 5.453287161232516222e-01 4.952157936291068374e-02 3.613610436932890302e-02
