9.000000000000000000e+00 6.446741442694011726e-01 9.249205360908560047e-01 3.185591130577170027e-02 4.287811388139339819e-02
1.400000000000000000e+01 2.459434237307632776e-01 3.825696051320265356e-01 2.850489388322022255e-02 3.800681035603670210e-02
1.200000000000000000e+01 9.772090432028751605e-02 2.127148774438760992e-01 2.629507490328639174e-02 3.735075742422216960e-02
8.000000000000000000e+00 5.541361875197856612e-01 1.901515901759465721e-01 4.197911746224436413e-02 5.712462911207891181e-02
7.000000000000000000e+00 6.596208865675839972e-01 2.924049896976402274e-01 4.065338007062546666e-02 5.362583223755335027e-02
3.000000000000000000e+00 7.735614391631006059e-01 3.359064180293995783e-01 3.859205348869032548e-02 5.260061585421355046e-02
2.000000000000000000e+00 8.977679867448919993e-01 3.880598598780787833e-01 3.464917679437706788e-02 5.193344096441571134e-02
0.000000000000000000e+00 8.898949523133439232e-01 5.073743429462778121e-01 3.278285520908397199e-02 5.057827316090229841e-02
5.000000000000000000e+00 7.850046221073136987e-01 4.524907741089295721e-01 3.604689321663734347e-02 4.875373021264917117e-02
1.000000000000000000e+00 5.598917437405028785e-01 3.785955014018368425e-01 3.850855325029212128e-02 5.547609827837313157e-02
0.000000000000000000e+00 4.647714690071321764e-01 3.236861666951604821e-01 4.020522219957717303e-02 5.498593362755682667e-02
0.000000000000000000e+00 3.703633417987896026e-01 4.091601533857380790e-01 3.995720253654783116e-02 5.256168900127178301e-02
9.000000000000000000e+00 4.684412588561919222e-01 4.756233060007213354e-01 3.724598287645058958e-02 4.896909694775303246e-02
3.000000000000000000e+00 6.340529880915237726e-01 5.608073945787859227e-01 3.505966259748682923e-02 4.545013795965247017e-02
1.500000000000000000e+01 7.100402298006878166e-01 5.879979582067804689e-01 3.358751461026099339e-02 4.753707356279035512e-02
2.000000000000000000e+00 8.049749817195435142e-01 6.187036023965016840e-01 3.437551959230400467e-02 4.376193880913925582e-02
6.000000000000000000e+00 8.867714502261550003e-01 6.419961478940491295e-01 3.222846838037396466e-02 4.573166608583689730e-02
3.000000000000000000e+00 8.005792702282608087e-01 7.368622288518176244e-01 3.289036746958995394e-02 4.305692074435696348e-02
2.000000000000000000e+00 7.327051261360398859e-01 7.148619408005750797e-01 3.204983262445626480e-02 4.472937804664756101e-02
6.000000000000000000e+00 6.110355542059395795e-01 6.735295794539847281e-01 3.481577802139979028e-02 4.521606352086382508e-02
6.000000000000000000e+00 5.204643456537376700e-01 6.173390237054638963e-01 3.803755258861640787e-02 4.673577926684935324e-02
7.000000000000000000e+00 3.980720888563661353e-01 5.801181935647603538e-01 3.456011557698707160e-02 4.608015410264942879e-02
5.000000000000000000e+00 2.581459369679109939e-01 5.465619345082167735e-01 3.882781048009703584e-02 5.137466238819432540e-02
1.000000000000000000e+00 7.421508339442789426e-01 8.158220562336884196e-01 3.203814030965324022e-02 4.237540138054451955e-02
1.000000000000000000e+00 6.276171387741563690e-01 8.159420593085451312e-01 3.207110693382952959e-02 4.276084851927119956e-02
5.000000000000000000e+00 5.305084148014825862e-01 7.630410365174162823e-01 3.321067985951131618e-02 4.450152049719302561e-02
8.000000000000000000e+00 4.444345268079861189e-01 7.113053667802179403e-01 3.527765297396107114e-02 4.939021990554937069e-02
8.000000000000000000e+00 3.399289022768169355e-01 6.850989253267067980e-01 3.621366555070598681e-02 4.593996039637693318e-02
1.500000000000000000e+01 3.574802502865820353e-01 7.889134770173342748e-01 3.551192703763667025e-02 4.534581969733653128e-02
7.000000000000000000e+00 4.579717462977418441e-01 8.243178917944649076e-01 3.410209053295870651e-02 4.143573852015369763e-02
