3.000000000000000000e+00 8.614046079746977558e-01 3.366626910813333984e-01 5.211425431917005024e-02 3.963582676110011249e-02
1.000000000000000000e+01 2.853566879540713752e-01 7.912210980806572147e-01 4.473924284565167220e-02 3.239791588006957213e-02
1.000000000000000000e+01 1.952174393637116090e-01 7.055486316979777683e-01 4.955063807866630365e-02 3.446943080238751289e-02
2.000000000000000000e+00 1.781570696475546778e-01 4.729316991297746187e-01 6.463718841286128503e-02 4.756054794852865308e-02
8.000000000000000000e+00 3.562517482178931827e-01 2.193923322697121092e-01 6.263351327376653899e-02 3.869917165607827947e-02
3.000000000000000000e+00 2.654328939231660467e-01 5.705712510597356069e-01 6.396978932219077318e-02 4.474430169835952320e-02
1.000000000000000000e+00 3.564501234532924112e-01 4.648966494804807059e-01 5.846808805871600567e-02 4.339256488660325761e-02
2.000000000000000000e+00 3.865090304689841050e-01 3.320421680662186681e-01 5.368121973517830936e-02 3.887995458908316548e-02
6.000000000000000000e+00 5.005246143940164094e-01 2.316264143999390845e-01 5.381806454297882736e-02 3.944182828590883649e-02
1.500000000000000000e+01 5.614647761956401695e-01 1.261252348387939259e-01 5.022042449308672385e-02 3.673869570864639333e-02
5.000000000000000000e+00 6.893703923176288662e-01 1.216186781122108040e-01 4.779007207475838293e-02 3.584236932268347608e-02
7.000000000000000000e+00 6.524828299208705884e-01 2.467285960205910511e-01 4.959727615334963424e-02 3.719825553048095035e-02
7.000000000000000000e+00 5.745087152772021533e-01 3.264220100719208428e-01 5.409732458066263128e-02 4.057313553810110163e-02
7.000000000000000000e+00 5.285607192600942916e-01 4.519044073263099870e-01 5.605021224903261601e-02 4.250186576376485670e-02
0.000000000000000000e+00 4.352454632566281623e-01 5.675181766094831159e-01 5.634089733609037864e-02 4.364141496699813771e-02
5.000000000000000000e+00 3.798230461024884042e-01 6.821806257988856093e-01 5.994788773733589204e-02 4.635085689988494018e-02
9.000000000000000000e+00 7.677805061713630641e-01 2.317963264837262227e-01 4.632198165072076712e-02 3.628535998087370484e-02
6.000000000000000000e+00 7.247969694205571578e-01 3.490266692020176920e-01 4.933126007837307370e-02 3.854209143744624644e-02
8.000000000000000000e+00 6.638572055062250676e-01 4.268821423814777583e-01 4.948001308440164170e-02 3.672258127333527522e-02
5.000000000000000000e+00 6.203138129155725267e-01 5.355799626538524372e-01 5.485393568622110028e-02 4.114524062242586044e-02
2.000000000000000000e+00 5.246043269757543204e-01 6.580358018039240697e-01 5.597103267799774517e-02 4.313410867016764794e-02
1.000000000000000000e+00 4.770618544784742121e-01 7.727860988232149175e-01 6.103625158255276961e-02 4.674533372901701345e-02
3.000000000000000000e+00 6.341704367902922801e-01 7.382266033903144287e-01 5.445655996396425724e-02 4.195255393714647507e-02
1.500000000000000000e+01 7.071175581299233848e-01 6.190888600472426173e-01 5.268812147578627592e-02 3.840601398370824260e-02
0.000000000000000000e+00 7.883539790982008189e-01 5.305053933979441139e-01 5.030466291682922364e-02 3.939436601612134048e-02
6.000000000000000000e+00 8.067745123105404259e-01 4.312397471583864217e-01 4.968316296730046489e-02 4.335337298837749209e-02
1.000000000000000000e+00 9.202848220059817175e-01 4.358378179620447934e-01 4.819802023076436015e-02 4.113037669003122287e-02
9.000000000000000000e+00 8.789550753623220913e-01 5.135080746072503421e-01 4.388844613405973316e-02 3.789018153062850836e-02
0.000000000000000000e+00 8.214492777184174699e-01 6.283749241824683196e-01 5.085954516553048421e-02 4.147406604843861810e-02
8.000000000000000000e+00 7.552680024088168631e-01 7.174330703706834900e-01 4.996759553977558888e-02 4.135833768761543183e-02
