1.500000000000000000e+01 7.204259747486715382e-01 6.996729059715351973e-01 3.476718499411091123e-02 4.018352320313678394e-02
8.000000000000000000e+00 5.193030853488942444e-01 7.567473222546998723e-01 4.018189963300156098e-02 5.974878806936312348e-02
6.000000000000000000e+00 2.856096878181761944e-01 7.554523627148665987e-01 3.606579756674815895e-02 5.151382386762637378e-02
0.000000000000000000e+00 6.033822354527796916e-01 6.421758743821790461e-01 3.734828267604251018e-02 5.149650578618414354e-02
1.000000000000000000e+00 4.797825199509628824e-01 6.380901330774537694e-01 3.735282867242101235e-02 4.807623882037392882e-02
5.000000000000000000e+00 3.638887959710843667e-01 6.209865523097153339e-01 3.670137115567317920e-02 4.893516154089760928e-02
2.000000000000000000e+00 2.470916905084800941e-01 6.008419164407439172e-01 3.669869226495020564e-02 4.551489457508739456e-02
0.000000000000000000e+00 1.513400858638633550e-01 6.047337222928199640e-01 3.348421281377605974e-02 4.893066966352377367e-02
7.000000000000000000e+00 6.607586628405930362e-01 5.117780948375280081e-01 3.798980935546325544e-02 4.722638103310505819e-02
7.000000000000000000e+00 5.361946549164782194e-01 5.076346220847454127e-01 3.605651615747529348e-02 4.892433773999627089e-02
3.000000000000000000e+00 4.285089438740922185e-01 4.977438734103792894e-01 3.670207470273173511e-02 4.979503134400015130e-02
6.000000000000000000e+00 3.241495627354442077e-01 5.120248504385757071e-01 3.862741240705735990e-02 4.721820906342472091e-02
2.000000000000000000e+00 2.231540024409061351e-01 4.912220327665467456e-01 3.541415063348463121e-02 4.293352629813323995e-02
9.000000000000000000e+00 1.423256591699697537e-01 4.759596211213748540e-01 3.412571243369463825e-02 4.464236092493023556e-02
0.000000000000000000e+00 6.996273648292429259e-01 4.021031721357475885e-01 3.863274312900122354e-02 4.464863872945301626e-02
8.000000000000000000e+00 5.869080045884480512e-01 4.014486027762407261e-01 3.606376810407907474e-02 4.894336057008036311e-02
6.000000000000000000e+00 4.795641227082766411e-01 3.907004196539748397e-01 3.735282867242101235e-02 4.807623882037398433e-02
1.000000000000000000e+00 3.749040969698435033e-01 3.895133192901233943e-01 3.541756013076863274e-02 4.722278211930552860e-02
0.000000000000000000e+00 2.782044085447785142e-01 3.925050990377529914e-01 3.155278672144357088e-02 4.377891926753035845e-02
5.000000000000000000e+00 1.757997787894053365e-01 3.772286976299161765e-01 3.219631580403115034e-02 4.206921873666119582e-02
2.000000000000000000e+00 6.593224526989979184e-01 2.836234797635319715e-01 3.487536888411946201e-02 4.293282275107462853e-02
3.000000000000000000e+00 5.567541400144946362e-01 2.730667832089614944e-01 3.648438100710404974e-02 4.293504163025946285e-02
5.000000000000000000e+00 4.416985029384047912e-01 2.806265722402254692e-01 3.433550475466440322e-02 4.150535282870732035e-02
9.000000000000000000e+00 3.425992455022744965e-01 2.591149579661740088e-01 3.058608600344520090e-02 3.935593538622245147e-02
1.500000000000000000e+01 2.373230748975341253e-01 2.495233656189689841e-01 3.112448891977870336e-02 4.006505670227189508e-02
1.500000000000000000e+01 5.750305607883970938e-01 1.768158630990160907e-01 3.541260824185621381e-02 4.078938545858779019e-02
7.000000000000000000e+00 4.842396529241143610e-01 1.796149115418466669e-01 3.434126842864426710e-02 3.936121198916181507e-02
3.000000000000000000e+00 4.112002791387761036e-01 1.569999190039153558e-01 3.112451597928100888e-02 4.006505670227192284e-02
8.000000000000000000e+00 3.104171088774240195e-01 1.626248453860607013e-01 3.165428691439570175e-02 3.792072644621061195e-02
1.300000000000000000e+01 7.923351407736460850e-01 6.133936289179421353e-01 2.781018696479231611e-02 3.297487180286262642e-02
