2.000000000000000000e+00 7.492511190780553054e-01 8.523739244414271221e-01 3.197274069426747634e-02 4.187551200633432558e-02
1.000000000000000000e+01 7.662792091128224625e-02 3.037951061718490164e-01 2.737599410924970722e-02 2.740398056512588498e-02
1.100000000000000000e+01 1.850467167631509591e-01 1.017408559133442525e-01 2.616834398701106679e-02 3.552520665359147622e-02
1.000000000000000000e+00 7.179847772608114465e-01 2.242465853829992140e-01 3.825253284696839007e-02 5.176765883052253381e-02
5.000000000000000000e+00 8.100792202426010391e-01 2.295082118436275742e-01 3.539952673599933153e-02 5.024792517408405157e-02
0.000000000000000000e+00 8.628332864721598439e-01 3.502316042918038885e-01 3.425968330469530976e-02 4.841708693354834780e-02
6.000000000000000000e+00 7.689438808918321877e-01 3.724560462416750539e-01 3.562566420971502446e-02 4.751086706498058865e-02
9.000000000000000000e+00 6.411594509200523317e-01 3.758991577160012421e-01 3.493878674944461693e-02 4.933200218243982693e-02
7.000000000000000000e+00 5.281007051117232454e-01 3.843840637676071981e-01 3.631259925528573795e-02 5.207001044899595144e-02
1.000000000000000000e+00 4.143579467118063686e-01 3.846461344686208372e-01 3.905253662939700554e-02 4.933200218243982693e-02
7.000000000000000000e+00 3.704294611695813089e-01 5.246194145833931177e-01 4.111328418080884006e-02 4.933200218243982693e-02
2.000000000000000000e+00 4.929574905467219992e-01 5.045521323737213182e-01 3.782167963119525966e-02 4.823549168950386212e-02
1.000000000000000000e+00 5.998365850393228005e-01 5.107544435050612730e-01 3.617641002041482867e-02 5.152608849636480803e-02
9.000000000000000000e+00 7.063385246085466251e-01 4.846268123252610582e-01 3.536192353499689744e-02 4.713895240391785535e-02
3.000000000000000000e+00 8.099299303519444937e-01 4.908342341519900121e-01 3.864486149693691086e-02 4.823546289685382016e-02
8.000000000000000000e+00 9.209325930181746500e-01 4.866325515186980533e-01 3.535426469007596495e-02 4.604140537557899204e-02
6.000000000000000000e+00 3.166742888931213251e-01 6.526156144964996297e-01 3.973944288231762156e-02 5.024789638143400961e-02
5.000000000000000000e+00 4.208475221129786559e-01 6.258406381649865846e-01 3.837331801404741949e-02 5.115417383530196371e-02
3.000000000000000000e+00 5.434071946125555996e-01 6.285120490319111575e-01 3.699953430085634043e-02 4.823546289685365362e-02
2.000000000000000000e+00 6.494766109923015840e-01 6.204675553559046985e-01 3.699953430085634043e-02 5.151644295858848199e-02
0.000000000000000000e+00 7.522667748693174783e-01 6.085791277238303820e-01 3.370887990869519957e-02 4.713892361126770236e-02
1.500000000000000000e+01 8.534000369049214996e-01 6.049144568071507244e-01 3.042502058195273307e-02 4.605205865610806359e-02
6.000000000000000000e+00 7.977303117578228298e-01 7.295057530925852518e-01 3.425962571939522583e-02 4.491492173391142817e-02
3.000000000000000000e+00 7.071081233524922904e-01 7.365897815472761678e-01 3.425185170387390343e-02 4.491492173391131715e-02
0.000000000000000000e+00 6.108942007533846308e-01 7.425166333953160391e-01 3.483346323545777334e-02 4.644427213547608346e-02
1.500000000000000000e+01 4.892721177146360234e-01 7.464985993158597122e-01 3.826030686248971246e-02 4.567919383759266871e-02
8.000000000000000000e+00 3.744743102378961241e-01 7.775192246573343624e-01 3.825256163961859857e-02 4.566951950716613418e-02
7.000000000000000000e+00 4.574687641807798633e-01 8.667331357546796955e-01 3.654639557392241889e-02 4.415940259585393601e-02
5.000000000000000000e+00 5.542466196243232002e-01 8.672773168411617162e-01 3.254663579563032982e-02 4.796394820661431524e-02
8.000000000000000000e+00 6.573350465635015016e-01 8.392773860047129109e-01 3.425962571939511481e-02 4.187556959163452053e-02
