3.000000000000000000e+00 2.207762322001419197e-01 2.590148321812334453e-01 3.290335052465423460e-02 4.348933915454145094e-02
0.000000000000000000e+00 3.148960983758717358e-01 2.360263389350334418e-01 3.266639626840600608e-02 4.355545245360178952e-02
2.000000000000000000e+00 4.091237537767696275e-01 1.922322911149230706e-01 3.266636868672090355e-02 4.355548003528680878e-02
3.000000000000000000e+00 5.079361058205758006e-01 1.636191613727610850e-01 3.373013911565625467e-02 4.314346482403830230e-02
9.000000000000000000e+00 1.859953274200506490e-01 3.999519470935112286e-01 3.289846856640074590e-02 4.201719429678396622e-02
7.000000000000000000e+00 2.935986520308134784e-01 3.606630089641028603e-01 3.356633148815552081e-02 4.316908820944792557e-02
0.000000000000000000e+00 3.809352716576082098e-01 3.248310351210410563e-01 3.306801318439145376e-02 4.454232514462291848e-02
1.000000000000000000e+00 4.693337034136997321e-01 2.899416515736555899e-01 3.296576787791805074e-02 4.509580681848313066e-02
5.000000000000000000e+00 5.715872981833750588e-01 2.505011796665929658e-01 3.498532643882534821e-02 4.625608556340177202e-02
9.000000000000000000e+00 1.607359237171001043e-01 5.016858753351951528e-01 3.251781373105186446e-02 4.309676903125181369e-02
3.000000000000000000e+00 2.462149168559051027e-01 4.860585752664282611e-01 3.231423331371180430e-02 4.384271570337777701e-02
2.000000000000000000e+00 3.523895239720187256e-01 4.632982928823163316e-01 3.202724588078631474e-02 4.422789393507453592e-02
1.500000000000000000e+01 4.506781825618164650e-01 4.322581679277165412e-01 3.288878739494888181e-02 4.309516929351897563e-02
1.000000000000000000e+00 5.474057177778917094e-01 3.803593660738037729e-01 3.288139550335589245e-02 4.308501923342133999e-02
0.000000000000000000e+00 6.559084259747031131e-01 3.465663545070804541e-01 3.427791138071145660e-02 4.799734492217355708e-02
2.000000000000000000e+00 1.338629500663080507e-01 6.529365821558251737e-01 3.223350172157604665e-02 4.424984895637296134e-02
5.000000000000000000e+00 2.401314314474828626e-01 6.169623695629702365e-01 3.408406729819341008e-02 4.670919748537205596e-02
6.000000000000000000e+00 3.203324071263252693e-01 5.819092749239818119e-01 3.405190705342736601e-02 4.603659051378894418e-02
8.000000000000000000e+00 4.275239095976348658e-01 5.385938107119835339e-01 3.355538155919141063e-02 4.473137001394267287e-02
5.000000000000000000e+00 5.495958690608213626e-01 5.097677641520926839e-01 3.346270709742971139e-02 4.553110097191231942e-02
1.000000000000000000e+00 6.270120874904672181e-01 4.926027713510515160e-01 3.487301381730933958e-02 4.466685645261503357e-02
6.000000000000000000e+00 5.850956490891638939e-01 6.188308080714988169e-01 3.492508803868021872e-02 4.610626185022048684e-02
7.000000000000000000e+00 5.014867769416755383e-01 6.436159309092046588e-01 3.310549669437184983e-02 4.550829091837760298e-02
1.500000000000000000e+01 4.016314924319879243e-01 6.644341178948671711e-01 3.340638529656159150e-02 4.408138002409911493e-02
6.000000000000000000e+00 2.883341909690522176e-01 7.105705816902152527e-01 3.418416123323303468e-02 4.557945166580168461e-02
8.000000000000000000e+00 2.076374069197849948e-01 7.357782283611730145e-01 3.304917489350356341e-02 4.405666683429587671e-02
8.000000000000000000e+00 3.711976542872730267e-01 7.923309155149373950e-01 3.503549752392776107e-02 4.736641387669815462e-02
7.000000000000000000e+00 5.598007063850288789e-01 7.774040385471243653e-01 3.275981543566386378e-02 4.596371970189194744e-02
1.000000000000000000e+01 7.449864014961673497e-01 5.974312543283925026e-01 2.411185390568160170e-02 2.802012351362792586e-02
1.600000000000000000e+01 7.923373420475534612e-01 5.101260778225527037e-01 2.193792065356026111e-02 3.153267868618880865e-02
