1.600000000000000000e+01 2.122503540606673345e-01 6.677098234399640730e-02 3.101559787582575112e-02 3.814721096187836252e-02
1.400000000000000000e+01 3.377278550427817994e-01 2.126540413091090875e-01 2.722595654720200153e-02 3.758561248069103300e-02
6.000000000000000000e+00 6.114141140500761740e-01 2.697422260118565451e-01 4.177205054141197582e-02 5.748910433178791579e-02
1.500000000000000000e+01 8.042348425082750385e-01 4.067809434639129140e-01 3.565372854212911502e-02 4.865928568754862571e-02
1.000000000000000000e+00 8.901750172207874012e-01 4.800129089236894742e-01 3.349213219326208080e-02 4.652858966663575568e-02
3.000000000000000000e+00 5.042180374265654574e-01 3.277627418008468019e-01 4.131054287321089813e-02 5.283510978520511436e-02
6.000000000000000000e+00 6.214391448254407146e-01 4.353471553713776920e-01 3.587257019994072316e-02 4.873235654617391610e-02
8.000000000000000000e+00 6.922520254694763953e-01 4.969232061262349731e-01 3.394927444117035176e-02 4.526558512625894481e-02
3.000000000000000000e+00 8.111633351560014749e-01 5.477667712288776247e-01 3.317000412068138449e-02 4.556517279340654980e-02
9.000000000000000000e+00 8.840980953838881717e-01 6.196448144243378309e-01 3.204138604813933089e-02 4.405958783911645416e-02
1.500000000000000000e+01 8.438520588224500685e-01 7.218533698312539215e-01 3.023689819851205218e-02 4.119958130773115901e-02
9.000000000000000000e+00 7.671772176257332099e-01 6.723909894706381341e-01 3.168935627316127324e-02 4.224625502026868595e-02
5.000000000000000000e+00 6.947820861167763873e-01 6.359389311259574518e-01 3.114821534981648821e-02 4.376964404163508071e-02
2.000000000000000000e+00 6.079191243251317323e-01 5.648281462121418350e-01 3.408017998563472872e-02 4.814505058992935016e-02
5.000000000000000000e+00 5.264770729758092571e-01 5.079371187265362408e-01 3.329012450912816057e-02 4.617613190927627453e-02
8.000000000000000000e+00 4.224909212789123569e-01 4.134786822775388115e-01 3.596173319611573049e-02 4.932251571829587844e-02
6.000000000000000000e+00 3.123295259259742940e-01 4.910454102254333542e-01 3.770439185767532342e-02 4.714128924419086486e-02
0.000000000000000000e+00 4.137206349839590569e-01 5.639039610572295080e-01 3.600883979025487625e-02 4.487897437484456020e-02
7.000000000000000000e+00 5.186988641075755968e-01 6.239614161933948466e-01 3.474092771856851503e-02 4.497712500103401290e-02
3.000000000000000000e+00 6.016596822685429391e-01 6.835662656948969795e-01 3.530866061389270616e-02 4.573419730199534960e-02
7.000000000000000000e+00 6.674074770223514808e-01 7.468071679143317709e-01 3.066990224009613630e-02 4.134321219500936007e-02
7.000000000000000000e+00 7.732599029587050588e-01 7.997168892947359442e-01 3.055360516092542333e-02 4.073815923600621058e-02
0.000000000000000000e+00 6.770242126056320586e-01 8.530468037774339152e-01 2.993120464938625602e-02 4.042373484629513403e-02
0.000000000000000000e+00 5.987867792013907842e-01 7.994900301003082799e-01 2.952336597184268552e-02 3.962968486755991115e-02
5.000000000000000000e+00 4.382317138253896682e-01 6.863514894381304021e-01 3.182531200972871233e-02 4.269329688397049960e-02
2.000000000000000000e+00 3.161490689569953494e-01 6.159609988726140184e-01 3.406619922783443721e-02 4.283515877740462496e-02
2.000000000000000000e+00 5.969598936071245365e-01 9.114195490665134569e-01 2.990723763601454976e-02 3.836576729810237119e-02
1.000000000000000000e+00 5.192673103068692342e-01 8.683874898613959115e-01 3.011090018535733659e-02 3.870900916817698878e-02
1.000000000000000000e+00 3.331492281936056510e-01 7.710331962235110748e-01 3.253633340642592131e-02 4.142629784136497850e-02
8.000000000000000000e+00 4.158393332321064784e-01 7.972362748785948305e-01 3.148726299255111272e-02 3.789207639810365791e-02
