1.400000000000000000e+01 6.883320204824860955e-01 8.776518360234666360e-01 2.801668556781933273e-02 3.735617221572251623e-02
6.000000000000000000e+00 1.562409910365645249e-01 4.014203036623357757e-01 3.488340197408812404e-02 4.683799338301219972e-02
2.000000000000000000e+00 2.298531780562206583e-01 3.081313082781286794e-01 3.464442311450799394e-02 4.521319737966489338e-02
8.000000000000000000e+00 3.166631433798667294e-01 2.046423722306311699e-01 3.289929485282250265e-02 4.575101071221326920e-02
8.000000000000000000e+00 3.870018434641634419e-01 1.271769800991092159e-01 3.351384994265466100e-02 4.469422200449214844e-02
7.000000000000000000e+00 1.656018441274881847e-01 5.487121187719701254e-01 3.687794834017885104e-02 4.917055835632977434e-02
6.000000000000000000e+00 2.447062864153480843e-01 4.335981224914303711e-01 3.466592263572013111e-02 4.834937719399595712e-02
5.000000000000000000e+00 3.160912916031435871e-01 3.263990108153436709e-01 3.373129970809118916e-02 4.595470906449483639e-02
3.000000000000000000e+00 4.108287839594658708e-01 2.491226932214687384e-01 3.618410822095247115e-02 4.517983911291492682e-02
1.000000000000000000e+00 4.811612885146099861e-01 1.568249233558119404e-01 3.702457093463473736e-02 5.101676689793668840e-02
1.500000000000000000e+01 2.568790077671334604e-01 5.803653877283012630e-01 3.657467792748309021e-02 5.074336514607213910e-02
2.000000000000000000e+00 3.452956556735733984e-01 4.793884947754912806e-01 3.647205985512291804e-02 4.947421321713524334e-02
0.000000000000000000e+00 4.307540493081477573e-01 3.826984939752281489e-01 3.615778831190336051e-02 4.751565710869926074e-02
2.000000000000000000e+00 5.001370705375762782e-01 2.960756513757489827e-01 3.607394905105582028e-02 4.742043226921810462e-02
3.000000000000000000e+00 6.009100285546522535e-01 2.078228227234415193e-01 3.585262523159060688e-02 4.751905799582362144e-02
0.000000000000000000e+00 2.703994858998250983e-01 7.592196089621838784e-01 3.627735167402218464e-02 5.325901613840477999e-02
1.000000000000000000e+00 3.772796387230469284e-01 6.075742590988317815e-01 3.610145187736552019e-02 5.119192737130540127e-02
3.000000000000000000e+00 4.596710975624347384e-01 5.396054302409599712e-01 3.737078124389159317e-02 5.022974247150369109e-02
1.500000000000000000e+01 5.209221688700833575e-01 4.513538732247076579e-01 3.620241386556088958e-02 4.826157516032514305e-02
1.000000000000000000e+00 6.171510389492187443e-01 3.512430531442727877e-01 3.798063423761266488e-02 4.941734446983003792e-02
5.000000000000000000e+00 6.872270870422569899e-01 2.324354568632586160e-01 3.701957310920844790e-02 4.868162907957718222e-02
7.000000000000000000e+00 4.579968260446613537e-01 6.758632740862263732e-01 3.894216853292109537e-02 5.106979116414467335e-02
8.000000000000000000e+00 5.578172695105414469e-01 5.937878315930175122e-01 4.077302872307120296e-02 4.947456809231343122e-02
9.000000000000000000e+00 6.398504522846140130e-01 4.677264535915883759e-01 3.918259646614530300e-02 5.183345297468017199e-02
7.000000000000000000e+00 6.861113890549561667e-01 3.856976180384487085e-01 3.891123524655548671e-02 5.269313809384773561e-02
5.000000000000000000e+00 5.040140966457781202e-01 8.533959401565259784e-01 4.275775687589855600e-02 5.863649885939525852e-02
0.000000000000000000e+00 5.656758620398539827e-01 7.201377970466447120e-01 3.962701848096661372e-02 5.324635892371576418e-02
9.000000000000000000e+00 6.688419503939921906e-01 6.423091458108469709e-01 4.090746726974259229e-02 5.152018691113213755e-02
1.600000000000000000e+01 7.803071496653041228e-01 7.747068349053413128e-01 2.614507387804021477e-02 3.115987416691967660e-02
3.000000000000000000e+00 7.250561895787821509e-01 5.025405218277374519e-01 4.019677057955206578e-02 5.325251009347120590e-02
