2.000000000000000000e+00 5.501222151065057187e-01 3.933794331830784419e-01 4.001770518408875876e-02 5.506774211688936216e-02
2.000000000000000000e+00 2.991881919058774209e-01 7.063683058614522725e-01 3.703713941325975645e-02 4.879044681820998708e-02
2.000000000000000000e+00 3.941165763108730458e-01 7.300973101184546898e-01 3.789481561133595244e-02 4.694734472209016740e-02
6.000000000000000000e+00 6.148918434192106597e-01 7.975813124648406527e-01 3.443652849744727185e-02 4.710680850841297840e-02
8.000000000000000000e+00 6.976211085838586179e-01 8.319365456986723695e-01 3.250610099453166146e-02 4.155137159960586857e-02
3.000000000000000000e+00 7.856184017497167549e-01 7.669563928039191403e-01 3.216590041677758194e-02 4.348794091501984038e-02
1.500000000000000000e+01 6.767598561690207903e-01 7.406709428464336442e-01 3.227555968720419166e-02 4.482462265331466078e-02
9.000000000000000000e+00 5.914755132530373771e-01 6.916258899828342521e-01 3.337097986362869140e-02 4.562964676788150431e-02
6.000000000000000000e+00 4.877433152261444471e-01 6.474933379287746149e-01 3.722133795355359043e-02 4.879960370229841082e-02
9.000000000000000000e+00 3.888474316164812206e-01 6.059217820999125426e-01 3.927957099109558037e-02 4.864376916881563151e-02
8.000000000000000000e+00 2.617052964918793467e-01 5.486679734935253627e-01 3.978705220744316318e-02 5.218882334290941838e-02
3.000000000000000000e+00 3.450087094558124123e-01 4.185208170174188336e-01 4.086427028500871916e-02 5.331830266137066454e-02
1.500000000000000000e+01 4.749972815414764682e-01 5.013445963012187478e-01 3.753951175830183562e-02 4.886183142983940852e-02
7.000000000000000000e+00 5.808116237986609143e-01 5.317427853702949569e-01 3.504138535922451947e-02 4.851205520805379479e-02
6.000000000000000000e+00 6.859012740570249456e-01 5.889943047556601696e-01 3.564629805566066345e-02 4.991819526223983949e-02
5.000000000000000000e+00 7.760538129805707452e-01 6.370480411646832763e-01 3.628381819299775213e-02 4.538838520601140569e-02
0.000000000000000000e+00 8.623842182343550711e-01 6.738183188248862976e-01 3.482580774052967953e-02 4.583489497464732221e-02
5.000000000000000000e+00 4.492659486993323403e-01 3.188675920920400753e-01 4.009805125850007812e-02 5.603460299078993900e-02
8.000000000000000000e+00 6.648924506382475341e-01 4.521331142775767420e-01 3.811748423173355604e-02 4.910390259426616888e-02
7.000000000000000000e+00 7.549755870805612279e-01 5.158212252439671186e-01 3.556182021647780189e-02 5.256392058258629874e-02
0.000000000000000000e+00 8.763858198563441171e-01 5.439219716373521196e-01 3.364401134651351377e-02 4.656995826139120886e-02
3.000000000000000000e+00 8.518438908805152643e-01 4.075183461904017257e-01 3.547812406252182083e-02 5.160066104419613886e-02
5.000000000000000000e+00 7.521838820440589490e-01 3.452605098095832270e-01 4.268660188795192489e-02 5.261928064706067332e-02
1.000000000000000000e+00 5.475019503906983775e-01 2.128310558090601989e-01 4.105879823723168620e-02 5.904143896871452690e-02
1.200000000000000000e+01 3.219432024112823809e-01 2.238218835689089609e-02 3.166430975696271632e-02 3.963973245946947332e-02
1.200000000000000000e+01 2.450362638258278269e-01 3.495447450765278852e-01 3.608937399276335167e-02 3.771921560853985778e-02
0.000000000000000000e+00 4.419546932252069738e-01 8.537172553618547211e-01 3.472298821583996720e-02 4.450737012044103658e-02
1.000000000000000000e+00 5.385849878321822271e-01 8.847881822794804174e-01 3.673607893151853432e-02 4.481077565786351080e-02
7.000000000000000000e+00 6.101846745684251783e-01 9.337132185433945075e-01 3.411788009809690880e-02 4.310787439068519689e-02
1.000000000000000000e+00 3.180527969121347831e-01 8.139154628044152906e-01 3.816460868399429440e-02 4.374120692859140291e-02
