1.400000000000000000e+01 4.744909501560325982e-01 1.708508665328129505e-01 3.821868050107762871e-02 3.213253334857199550e-02
1.200000000000000000e+01 5.555361064413822936e-01 2.663352245160710008e-01 3.676472441870970442e-02 3.448648064275447456e-02
5.000000000000000000e+00 7.315065278012620187e-01 4.013669308540900871e-01 5.322827046646683158e-02 3.738982543482272103e-02
1.500000000000000000e+01 8.341562593391227409e-01 5.856964099827288717e-01 5.092407197996340340e-02 3.559285146025625846e-02
9.000000000000000000e+00 8.564636356421697627e-01 6.915593018670211922e-01 4.902995245021524173e-02 3.590769932941495490e-02
0.000000000000000000e+00 6.044719217854783722e-01 3.535689793192728914e-01 5.026489344083329147e-02 3.553380381002052557e-02
6.000000000000000000e+00 6.180931125085250555e-01 4.842511657261128200e-01 4.968470036436234416e-02 3.595739343802012433e-02
5.000000000000000000e+00 6.645989488457682004e-01 5.698075324049824975e-01 4.823380743013061522e-02 3.488045072225698373e-02
6.000000000000000000e+00 7.138551366654831698e-01 6.572522888856131562e-01 4.620490938238264178e-02 3.422367894237687835e-02
1.000000000000000000e+00 7.539892419855789285e-01 7.738518978813668792e-01 4.548818741754800943e-02 3.368587764815000885e-02
3.000000000000000000e+00 4.277992873901064197e-01 3.335176389681923648e-01 4.931993959030295249e-02 3.785506840756946989e-02
8.000000000000000000e+00 4.939907734201150480e-01 4.393012992439932485e-01 5.062484069639261453e-02 3.796845958768868545e-02
9.000000000000000000e+00 5.324000391693018974e-01 5.486157984124571119e-01 4.693076609255242282e-02 3.476219132456381811e-02
3.000000000000000000e+00 5.858891695190242555e-01 6.412850275350203688e-01 4.541614873726973478e-02 3.319128862227549437e-02
5.000000000000000000e+00 6.256691256853901262e-01 7.442531897313777733e-01 4.563210068088319193e-02 3.465350426479696377e-02
2.000000000000000000e+00 6.532019045146255642e-01 8.351393657936727610e-01 4.259936522959051342e-02 3.150797932319748806e-02
8.000000000000000000e+00 3.644479823966220167e-01 4.336392203363835796e-01 4.786398699173904925e-02 3.679737976580627068e-02
7.000000000000000000e+00 3.800928337310944816e-01 5.139054754846843487e-01 4.746312482892972584e-02 3.409024055168657918e-02
0.000000000000000000e+00 4.447343121050307824e-01 6.037341953762800362e-01 4.710375191364596370e-02 3.472663692655253431e-02
1.500000000000000000e+01 5.056770801286167849e-01 7.280407671317282725e-01 4.439699559304338683e-02 3.149900867508392821e-02
6.000000000000000000e+00 5.392567321753238829e-01 8.150341195052996923e-01 4.324678346784005534e-02 3.157000807295884393e-02
7.000000000000000000e+00 2.081930627490689856e-01 4.185171007012884470e-01 4.859495806531499706e-02 3.731666542353012650e-02
0.000000000000000000e+00 2.533300274133389873e-01 5.095640783659740602e-01 4.860321762546840341e-02 3.731734916195350582e-02
3.000000000000000000e+00 3.142535687124619059e-01 6.052311996297786711e-01 4.570703841207618412e-02 3.514519423975670520e-02
2.000000000000000000e+00 3.727785556226667074e-01 7.032178898198425676e-01 4.461915588154036216e-02 3.216393061696964928e-02
8.000000000000000000e+00 4.088139772895532653e-01 8.027374395063227031e-01 4.417297553603505289e-02 3.260841529118518878e-02
1.000000000000000000e+00 1.347337928234166038e-01 5.159596034802520492e-01 4.785225404039526731e-02 3.733266490263520421e-02
2.000000000000000000e+00 1.845589193851551735e-01 6.021122584380771414e-01 4.628105049320072051e-02 3.398885581828048341e-02
1.000000000000000000e+00 2.318909852331077492e-01 6.741196234966313483e-01 4.423853237606056865e-02 3.462276338528569308e-02
7.000000000000000000e+00 3.204077068137800577e-01 7.767376295716511558e-01 4.313946388491957107e-02 3.205655633497550561e-02
