3.000000000000000000e+00 5.401770091274447072e-01 3.901539239277530546e-01 5.070577750081251001e-02 3.669107490128270532e-02
8.000000000000000000e+00 4.242446317834294156e-01 3.119295190070922041e-01 4.875661561871375005e-02 3.567839735571748383e-02
6.000000000000000000e+00 3.200979333239016844e-01 2.260799085793542273e-01 5.064439071454035490e-02 3.574869135883709803e-02
5.000000000000000000e+00 8.847668860046907779e-01 4.920478704306370243e-01 4.697543508515833466e-02 3.701862684934648096e-02
0.000000000000000000e+00 6.701007988892333511e-01 3.446372135242827817e-01 4.753825437394987308e-02 3.609434978049214093e-02
7.000000000000000000e+00 5.756757143347638328e-01 2.835514473754420228e-01 4.875664482270347655e-02 3.567839735571753934e-02
2.000000000000000000e+00 4.622451405712412198e-01 2.004271824670746383e-01 5.010686208079728754e-02 3.713903489872838470e-02
1.500000000000000000e+01 3.390125981251017606e-01 1.217135669135686049e-01 4.931864639978444931e-02 3.476810899791184239e-02
8.000000000000000000e+00 9.018839868341341770e-01 3.746838259013569039e-01 4.998192741301765718e-02 3.526489806607457922e-02
7.000000000000000000e+00 8.055409010545366844e-01 3.165634766689140456e-01 4.810247545424506388e-02 3.518190032745144302e-02
5.000000000000000000e+00 6.956095493324727652e-01 2.386087559907989764e-01 4.618856278766991785e-02 3.464212298650432009e-02
7.000000000000000000e+00 5.845947295938999089e-01 1.764562849155158764e-01 4.882252902338390932e-02 3.661675074758957704e-02
5.000000000000000000e+00 4.747372493636895507e-01 9.825890828728832405e-02 4.794965097633696605e-02 3.283918548064967968e-02
6.000000000000000000e+00 9.197159429225565397e-01 2.894187333267302931e-01 4.734726028155156197e-02 3.327584353409562823e-02
1.000000000000000000e+00 8.312805382400542120e-01 2.131115119194869068e-01 4.605177130008697439e-02 3.275881610109623865e-02
0.000000000000000000e+00 7.295332833772492087e-01 1.416341923427113791e-01 4.803150975936321121e-02 3.423665479401877265e-02
1.000000000000000000e+00 2.731743499223905913e-01 8.248466656853079559e-01 4.215061474889181259e-02 3.873535417771523104e-02
1.000000000000000000e+00 3.121931434217829482e-01 6.889008088270154317e-01 4.364390235234621995e-02 3.407182747635906228e-02
8.000000000000000000e+00 5.975068939716705607e-01 6.720260719077877365e-01 5.145561913940810417e-02 3.859219622038534414e-02
3.000000000000000000e+00 4.715020459907819372e-01 6.002004071423081566e-01 5.209606263272448246e-02 3.861748687543375969e-02
3.000000000000000000e+00 3.615182000972984033e-01 5.290877577844583790e-01 5.145617401521157541e-02 3.859961403375988809e-02
2.000000000000000000e+00 2.499990420592347884e-01 4.485764468412423156e-01 5.284935034210022642e-02 4.052514988822120134e-02
1.000000000000000000e+00 6.144731269905133741e-01 8.386192546306558970e-02 4.545922234981802923e-02 3.320598759082095397e-02
0.000000000000000000e+00 7.379819975868471271e-01 6.407587619667765022e-01 4.965384979313991476e-02 3.946808227836762217e-02
1.500000000000000000e+01 6.197664085249692256e-01 5.611261698685399146e-01 5.146589894376951690e-02 3.859260507624062697e-02
1.000000000000000000e+00 5.049339410436435305e-01 4.970524851292657531e-01 5.073705497374209061e-02 3.716397510590085940e-02
2.000000000000000000e+00 3.967678974867531183e-01 4.221873129256125123e-01 4.879864015983925718e-02 3.614420099084741933e-02
9.000000000000000000e+00 8.686749620283882312e-01 5.971528832089718630e-01 5.014944149772648796e-02 3.761222714324308214e-02
6.000000000000000000e+00 7.535093792389679912e-01 5.297192648569379880e-01 4.820165220314176491e-02 3.659213178430331670e-02
9.000000000000000000e+00 6.479196970481807538e-01 4.552992636697175133e-01 5.013957054922024703e-02 3.760445888199265285e-02
