8.000000000000000000e+00 8.805059600625111393e-01 4.883716482573369211e-01 3.181275487164680893e-02 4.508193683863986889e-02
8.000000000000000000e+00 8.068725659191193778e-01 6.342759709591219153e-01 3.238491139318266931e-02 4.546915524062389302e-02
5.000000000000000000e+00 7.548270089895787738e-01 7.408483356746305981e-01 3.267333610522682452e-02 4.470814984740933973e-02
5.000000000000000000e+00 6.984494175314682751e-01 8.571948566665629210e-01 3.224067206645631067e-02 4.362527606878852104e-02
5.000000000000000000e+00 6.017766228674912288e-01 8.582385150410961616e-01 3.534300430206371857e-02 4.681396849964247764e-02
8.000000000000000000e+00 6.523972635461702252e-01 7.353316399293199357e-01 3.336599773368353894e-02 4.584879487469273318e-02
1.000000000000000000e+00 6.978941716415437702e-01 6.247547189771471832e-01 3.199108516863913287e-02 4.584480321045281137e-02
2.000000000000000000e+00 7.463566165601919211e-01 5.048809423029780863e-01 3.439163967772818076e-02 4.738504619300526466e-02
0.000000000000000000e+00 8.286106029853524957e-01 3.849462792637967645e-01 3.302686809750965402e-02 4.950788335966688214e-02
3.000000000000000000e+00 7.990674868240045248e-01 2.386458243422485692e-01 3.639691154424018471e-02 4.852900861692055479e-02
0.000000000000000000e+00 7.114472202715500515e-01 3.703283058588974774e-01 3.714238181176410247e-02 5.135259862333629854e-02
1.500000000000000000e+01 6.736134444544323863e-01 5.011590120769283674e-01 3.611452826996475185e-02 4.860298925888217880e-02
1.500000000000000000e+01 5.972258559268512901e-01 6.353795042972550933e-01 3.508505648590620751e-02 4.842093700469285444e-02
7.000000000000000000e+00 5.433334260772952895e-01 7.477319876272098265e-01 3.589892445959630418e-02 4.622352584057454195e-02
3.000000000000000000e+00 4.947351297209655052e-01 8.623356077642969630e-01 3.590399495200935487e-02 4.896984477910137912e-02
1.000000000000000000e+00 3.902766883543393184e-01 8.628795529291095612e-01 3.630793519067443409e-02 4.622487437579081426e-02
1.000000000000000000e+00 4.416215329001823564e-01 7.346151901396491546e-01 3.590194517848060984e-02 4.786922427703499405e-02
6.000000000000000000e+00 4.965244606433050212e-01 6.139313753318038636e-01 3.748234753977192080e-02 4.814702253157543410e-02
0.000000000000000000e+00 5.631807358582816558e-01 5.037494133737562274e-01 3.645559979684998009e-02 4.997725452702278526e-02
9.000000000000000000e+00 6.719062528121125810e-01 2.329938300586951727e-01 3.654390188280776108e-02 5.189605831547106085e-02
3.000000000000000000e+00 3.203693374694066009e-01 7.246994646362272530e-01 3.714545647205702572e-02 4.906769449438996844e-02
7.000000000000000000e+00 3.988372708189865112e-01 6.211499225199780261e-01 3.754702328874159889e-02 4.897513103714890015e-02
6.000000000000000000e+00 4.547467047914356963e-01 4.979091366033148169e-01 3.752625584641189338e-02 4.897499618362721741e-02
9.000000000000000000e+00 5.111251997681410808e-01 3.629624581690561458e-01 3.673809095394275914e-02 5.391036536793175626e-02
7.000000000000000000e+00 4.544580912844613518e-01 2.496266769008458897e-01 3.672587322488385375e-02 5.116345307390998687e-02
2.000000000000000000e+00 4.146351316259611064e-01 3.578315244076961110e-01 3.920132537988141319e-02 5.118049855904294176e-02
6.000000000000000000e+00 3.430038942327318652e-01 4.772841400484891805e-01 4.160837982871268270e-02 5.230773914627723231e-02
2.000000000000000000e+00 2.772063123020324094e-01 6.226621159700330699e-01 4.218843876661543257e-02 5.308956592323021972e-02
1.300000000000000000e+01 2.759356415092014125e-01 2.725357145220795863e-01 2.146770969679068219e-02 3.410510291498680679e-02
1.200000000000000000e+01 2.196823715126738907e-01 3.386320104885229276e-01 2.723919768585295054e-02 3.906760462784153454e-02
