1.600000000000000000e+01 7.728574299887032151e-01 4.272321174798779375e-01 3.036997014572573317e-02 3.483701528415339421e-02
2.000000000000000000e+00 2.131889780998704187e-01 2.358368412942403181e-01 3.352898067784779168e-02 4.361169472886047838e-02
1.000000000000000000e+01 7.688604373868979103e-01 7.124680192470473905e-01 2.772483537140713050e-02 4.733919841375422433e-02
9.000000000000000000e+00 6.370837020865556255e-01 3.380180603082325042e-01 3.739304190507564130e-02 4.646287453926556399e-02
5.000000000000000000e+00 6.109283789375083984e-01 4.837445926932790186e-01 3.924598551882185760e-02 5.232824305015315591e-02
9.000000000000000000e+00 5.622027476083563124e-01 6.200674741868303919e-01 3.717575293796104852e-02 5.036302878509302250e-02
3.000000000000000000e+00 5.300845429565819167e-01 7.420444208506500328e-01 3.653029507730332082e-02 5.436390054310324960e-02
1.000000000000000000e+00 4.510499819722719739e-01 6.332123885238147842e-01 3.344712485996459428e-02 4.459584790190684878e-02
5.000000000000000000e+00 4.973784072062711892e-01 5.156665766937025275e-01 3.636346325067629781e-02 4.566022652283746597e-02
1.500000000000000000e+01 5.320896731767910115e-01 3.824945819921055090e-01 3.492814734513471908e-02 4.658014873988680637e-02
5.000000000000000000e+00 5.623324463527634709e-01 2.592846680165054596e-01 3.425806527552577307e-02 4.945536245286411003e-02
3.000000000000000000e+00 4.866685769570899822e-01 1.567725682221891292e-01 3.785258136618679936e-02 4.764565175392021512e-02
0.000000000000000000e+00 4.558918716613430400e-01 2.793734827834893908e-01 3.465455439339776289e-02 4.463596062584895829e-02
1.000000000000000000e+00 4.279804432545274429e-01 3.989125343767488396e-01 3.468463190889753411e-02 4.624645697680573875e-02
7.000000000000000000e+00 3.861088311817205687e-01 5.354746586127467900e-01 3.641636594616276534e-02 4.855545443304443154e-02
6.000000000000000000e+00 3.593185210827852250e-01 6.624667077231225498e-01 3.717862014037309759e-02 5.051583380776247800e-02
7.000000000000000000e+00 3.199568636235136099e-01 7.880851138896447505e-01 3.866793502467652521e-02 5.250134336832790183e-02
8.000000000000000000e+00 3.994958414086497989e-01 1.880647234260835743e-01 3.674814624096917060e-02 4.938134927687287679e-02
2.000000000000000000e+00 3.314417520933632400e-01 4.260864592925292516e-01 3.481835035864699890e-02 4.533117288130528166e-02
6.000000000000000000e+00 2.926105270803338043e-01 5.645225111285543385e-01 3.357494024592433401e-02 4.607538056621585110e-02
0.000000000000000000e+00 2.570765286215871415e-01 6.952670254507058445e-01 3.508516884193954577e-02 4.612547227894525648e-02
8.000000000000000000e+00 2.994104630284346036e-01 2.153307501918964306e-01 3.302128908210955061e-02 4.336489044279756566e-02
8.000000000000000000e+00 2.688883484409873570e-01 3.398079676336535071e-01 3.353741362611872834e-02 4.406266069256276063e-02
2.000000000000000000e+00 2.190859561118602417e-01 4.603141518993658088e-01 3.406585027460334869e-02 4.542115243935618274e-02
1.000000000000000000e+00 2.040479854371874957e-01 5.919946110402815043e-01 3.455676030328247439e-02 4.476698053215177886e-02
7.000000000000000000e+00 1.655973253247118027e-01 7.090772150767847837e-01 3.459434314274328903e-02 4.678054370063200462e-02
0.000000000000000000e+00 2.167285394776324592e-01 8.144783023995876281e-01 3.305679179433013148e-02 4.817124930982030762e-02
6.000000000000000000e+00 1.101778867014487212e-01 6.103885296990303466e-01 3.359158126384567677e-02 4.696713673604024919e-02
1.500000000000000000e+01 1.358745136842119117e-01 4.886087453657853574e-01 3.444314038024531843e-02 4.755086541535485933e-02
3.000000000000000000e+00 1.804410711457909988e-01 3.588060227065325569e-01 3.227092534496120435e-02 4.356995163491927947e-02
