3.000000000000000000e+00 1.502704051499877402e-01 5.401703992237234520e-01 4.692567490401208796e-02 3.697719210188432637e-02
1.000000000000000000e+01 4.439895923443762937e-01 1.477734592854280105e-01 4.430169341423628726e-02 3.545956441955788740e-02
1.000000000000000000e+01 3.957148446247906737e-01 2.355992607350127221e-01 4.433517388520502589e-02 3.339676979127731427e-02
8.000000000000000000e+00 9.092345626789910540e-01 7.178242322503334272e-01 4.839109379684169987e-02 3.407631962587009955e-02
1.000000000000000000e+00 8.731541400938276354e-01 6.203165095968712350e-01 5.079592514704101003e-02 3.587452633254517576e-02
0.000000000000000000e+00 7.704155980754667787e-01 4.093432403281062060e-01 5.532264617367632642e-02 3.793400748908609676e-02
6.000000000000000000e+00 8.184239426671895412e-01 7.850902729029531901e-01 4.651676367854928884e-02 3.133316840466016107e-02
9.000000000000000000e+00 7.789879528449472623e-01 7.069218441535750630e-01 4.688850639493324923e-02 3.338832764154076038e-02
7.000000000000000000e+00 7.261509002935229162e-01 6.052477045091605445e-01 4.649694047370722672e-02 3.487230197611213001e-02
1.000000000000000000e+00 6.717077935835217284e-01 4.963015172506715644e-01 5.120656514036792117e-02 3.795708654007234895e-02
5.000000000000000000e+00 6.167030678200593474e-01 4.046043994845417435e-01 5.260467733768714460e-02 3.811863989697544808e-02
2.000000000000000000e+00 7.350064272391483300e-01 8.508532075233051772e-01 4.429973414399013265e-02 3.055435848186838221e-02
3.000000000000000000e+00 6.701389367468215674e-01 7.616914863003132474e-01 4.759436231385849592e-02 3.347344064605162206e-02
5.000000000000000000e+00 6.321497239372739774e-01 6.763380678052186568e-01 4.628914257643856889e-02 3.382334326175184813e-02
3.000000000000000000e+00 5.829497108440069297e-01 5.800545144891465776e-01 4.889491437804549534e-02 3.667638649352533697e-02
1.000000000000000000e+00 5.276155971768319297e-01 4.810364826039829067e-01 5.160181909970396053e-02 3.647769344034096362e-02
8.000000000000000000e+00 4.689656203078574892e-01 3.839428862923737751e-01 5.126903128585857949e-02 4.156251835911384251e-02
2.000000000000000000e+00 5.887712501880798532e-01 8.439462612757366866e-01 4.439349098782185976e-02 3.107310409229901982e-02
2.000000000000000000e+00 5.490660912093923152e-01 7.494206343751053101e-01 4.719818634499473031e-02 3.495038465797539740e-02
1.500000000000000000e+01 4.992519189259932988e-01 6.636244208044110859e-01 4.799379412886634055e-02 3.554692482229204753e-02
1.500000000000000000e+01 4.535287317290751519e-01 5.657067208519699353e-01 4.584340859546970348e-02 3.481934405387410170e-02
7.000000000000000000e+00 3.932542605109732303e-01 4.713271748358578428e-01 5.100378066990512993e-02 3.691714623140346374e-02
0.000000000000000000e+00 3.411003593938585210e-01 3.684868372030973283e-01 5.002789121060230437e-02 3.885048495945830904e-02
7.000000000000000000e+00 4.703834980844234792e-01 8.218675618141483286e-01 4.518855132853627499e-02 3.166935612863830407e-02
6.000000000000000000e+00 4.100707778773275969e-01 7.365449730126307770e-01 4.529622475367400813e-02 3.218925425097851623e-02
0.000000000000000000e+00 3.001966456549677864e-01 5.492328020570900193e-01 4.919502847925871780e-02 3.467360892292781216e-02
6.000000000000000000e+00 2.248366579264683973e-01 4.547330202360275186e-01 5.173758500263389570e-02 4.058063583788207307e-02
9.000000000000000000e+00 3.145846331449854150e-01 7.980726568682401378e-01 4.539560009306392585e-02 3.271105401796914336e-02
5.000000000000000000e+00 2.708635320115191369e-01 7.324315139439161459e-01 4.478255019564481021e-02 3.314439849591177545e-02
8.000000000000000000e+00 1.998503293877967324e-01 6.263505721370415946e-01 4.789110531773685397e-02 3.503071473806218528e-02
