1 0.523224 0.379910 0.050677 0.037055
7 0.673958 0.429336 0.047854 0.035891
5 0.794464 0.470402 0.052052 0.036289
3 0.275500 0.383645 0.044333 0.035148
2 0.396693 0.414953 0.047156 0.035891
15 0.541464 0.487895 0.048135 0.036414
0 0.669354 0.527324 0.051688 0.035570
3 0.179130 0.442504 0.045094 0.035727
7 0.294151 0.484117 0.048135 0.034578
15 0.524693 0.570188 0.045094 0.034203
5 0.666318 0.646871 0.049406 0.037367
7 0.797635 0.673312 0.050250 0.037047
9 0.176146 0.557191 0.044583 0.033445
2 0.305224 0.598891 0.048135 0.035781
3 0.430500 0.634297 0.048646 0.035344
1 0.544859 0.679746 0.047635 0.036477
1 0.686208 0.754805 0.048563 0.035625
6 0.809839 0.802293 0.050240 0.035148
0 0.195193 0.649207 0.042802 0.033211
9 0.302349 0.684375 0.046823 0.034656
0 0.446458 0.743738 0.044083 0.033820
2 0.548609 0.823691 0.048635 0.034961
6 0.187443 0.752633 0.044594 0.034578
5 0.306365 0.790672 0.045604 0.033438
6 0.441734 0.854738 0.046448 0.034570
8 0.686583 0.870957 0.046687 0.036664
8 0.551953 0.899699 0.046615 0.033445
13 0.638776 0.176789 0.032365 0.026656
8 0.404964 0.319820 0.048198 0.037203
12 0.939573 0.168359 0.032896 0.022500
