1.500000000000000000e+01 3.779836225155430718e-01 7.617782524482828999e-01 4.216988941681992786e-02 3.594824094061022102e-02
8.000000000000000000e+00 2.487290141054026016e-01 5.710135843251409327e-01 6.186475058550178208e-02 4.207474012671374997e-02
6.000000000000000000e+00 1.665287989847577255e-01 3.357664963617733589e-01 5.342991666827590080e-02 3.767326180829616566e-02
0.000000000000000000e+00 3.939773058305300890e-01 6.325303177231837992e-01 5.350014523575896686e-02 3.893456012212881401e-02
1.000000000000000000e+00 3.539215666214311495e-01 5.074253475379226774e-01 5.012309165071415773e-02 3.880280412082448560e-02
5.000000000000000000e+00 3.297091557008254847e-01 3.874525678651048466e-01 5.092382121965827180e-02 3.819287999424797464e-02
2.000000000000000000e+00 3.082318856049026667e-01 2.659601591334306292e-01 4.755330052461198553e-02 3.805782938893587097e-02
0.000000000000000000e+00 2.701049680883326753e-01 1.704607821525561118e-01 5.070083003044500991e-02 3.502344277971336517e-02
7.000000000000000000e+00 5.455982768745678557e-01 6.640156937065984089e-01 4.933480836357739818e-02 3.940076066874020899e-02
7.000000000000000000e+00 5.052560619913356588e-01 5.379294806276737617e-01 5.086798190557700883e-02 3.755516292616956076e-02
3.000000000000000000e+00 4.767237494002668496e-01 4.276598166200507034e-01 5.177351930458190532e-02 3.822737477979998300e-02
6.000000000000000000e+00 4.250744817211936644e-01 3.255931815707440724e-01 4.937479415580897646e-02 4.003298673013888642e-02
2.000000000000000000e+00 4.099051393038735669e-01 2.198574558580581317e-01 4.491643463999150931e-02 3.668983659146518583e-02
9.000000000000000000e+00 3.963708215627094744e-01 1.355142134663586406e-01 4.650161787090090204e-02 3.547877394899973114e-02
0.000000000000000000e+00 6.697686354844303303e-01 6.810559206562243340e-01 4.685591451728077228e-02 3.994496166921179814e-02
8.000000000000000000e+00 6.301504309511737345e-01 5.675811701291614275e-01 5.088727082647759303e-02 3.756310376659866002e-02
6.000000000000000000e+00 6.026024446652115119e-01 4.574828818479623194e-01 5.012309165071404671e-02 3.880283227983316596e-02
1.000000000000000000e+00 5.663994491736715764e-01 3.520050081771536332e-01 4.914186283655497256e-02 3.685681951254554667e-02
0.000000000000000000e+00 5.288388233998309040e-01 2.553714567268338120e-01 4.546835120882342096e-02 3.290447738151930368e-02
5.000000000000000000e+00 5.076090146716067952e-01 1.493296285110107258e-01 4.382397774180762928e-02 3.347095215780460098e-02
2.000000000000000000e+00 7.745024636706345778e-01 6.167147542171840247e-01 4.487509721534632678e-02 3.615537860797390923e-02
3.000000000000000000e+00 7.484683620057714926e-01 5.114569291191883860e-01 4.500389652074621161e-02 3.775157201125145523e-02
5.000000000000000000e+00 6.997555579834660033e-01 3.972839337350315692e-01 4.342986425724770783e-02 3.556798168828850804e-02
9.000000000000000000e+00 6.859765102984387575e-01 2.933125951840737655e-01 4.103218099179362088e-02 3.177293577937934099e-02
1.500000000000000000e+01 6.580043648657256661e-01 1.855259643970135208e-01 4.177051019764943529e-02 3.233290582467487906e-02
1.500000000000000000e+01 8.517824411366727855e-01 5.104890195161037036e-01 4.281554732532744101e-02 3.661085057230328843e-02
7.000000000000000000e+00 8.165269118079638844e-01 4.197582298489457853e-01 4.132987803085941270e-02 3.549673939649533594e-02
3.000000000000000000e+00 8.131688937127420358e-01 3.417692085460102280e-01 4.177051019764954631e-02 3.233290582467485130e-02
8.000000000000000000e+00 7.715015018046366135e-01 2.415587871855215119e-01 3.970194942487426104e-02 3.277804343284301813e-02
1.300000000000000000e+01 4.904346804434572826e-01 8.167441304004111613e-01 3.454679524090625842e-02 2.878503969337820045e-02
