1 0.276949 0.127115 0.035461 0.044125
13 0.807898 0.596370 0.038297 0.038760
10 0.718609 0.664635 0.029781 0.030250
5 0.576133 0.797115 0.044250 0.060146
3 0.299547 0.817995 0.040844 0.060135
2 0.182957 0.793031 0.037445 0.051063
15 0.641664 0.614875 0.045953 0.055604
2 0.530602 0.620547 0.043406 0.057865
8 0.377418 0.644948 0.041695 0.056729
2 0.236227 0.641594 0.039594 0.052000
7 0.123820 0.647661 0.037234 0.054365
6 0.077187 0.518354 0.036641 0.048063
15 0.222871 0.492349 0.038414 0.052802
3 0.296746 0.496286 0.036055 0.052802
9 0.425582 0.503771 0.039602 0.053583
0 0.549691 0.461620 0.039602 0.051219
3 0.705715 0.467526 0.047867 0.056740
8 0.716352 0.330807 0.044328 0.052802
6 0.614113 0.343026 0.041961 0.047281
6 0.492367 0.360755 0.040781 0.051219
1 0.282270 0.363115 0.035461 0.049646
0 0.161406 0.389120 0.037234 0.048073
5 0.201301 0.251615 0.033102 0.040979
9 0.320684 0.231917 0.039008 0.045708
1 0.433855 0.239401 0.038414 0.049635
8 0.551469 0.220490 0.038406 0.051229
0 0.666117 0.205521 0.040781 0.054375
7 0.589586 0.087318 0.040187 0.046490
5 0.486160 0.092047 0.039008 0.048073
7 0.359687 0.106625 0.034281 0.044125
