3.000000000000000000e+00 5.608228680252054232e-01 8.775764649817873186e-01 4.572344656447258071e-02 3.312641879047006910e-02
9.000000000000000000e+00 1.312847800405432808e-01 4.385408617694984690e-01 4.419710236653576207e-02 3.830275633807328495e-02
2.000000000000000000e+00 1.632679509081425562e-01 5.461396962276654499e-01 4.425075474075843007e-02 3.318791574875734618e-02
6.000000000000000000e+00 1.589188877358603258e-01 6.374440984993499093e-01 4.381847235101019034e-02 3.416413701676423997e-02
5.000000000000000000e+00 2.134252193716242862e-01 7.519771730823060496e-01 4.599677592237216839e-02 3.384434138172287554e-02
3.000000000000000000e+00 3.004108488722686543e-01 7.757386758827227169e-01 4.732534498630136532e-02 3.744065372729787899e-02
0.000000000000000000e+00 3.186019955550504767e-01 6.864359881513406592e-01 4.363280765152566243e-02 3.311101592102938529e-02
9.000000000000000000e+00 2.759035809331434885e-01 5.857367803065246514e-01 4.992914566849432356e-02 3.510548710451311116e-02
2.000000000000000000e+00 2.642991507121295047e-01 4.676967758285397458e-01 5.099280255596544409e-02 3.941863410632456821e-02
5.000000000000000000e+00 2.572198573568178492e-01 3.563719070890440377e-01 4.840520637954093264e-02 4.215748187987744533e-02
3.000000000000000000e+00 3.513986698310543888e-01 2.826031849677821950e-01 5.257589115396055224e-02 3.943220466415897629e-02
8.000000000000000000e+00 3.680418853947874380e-01 3.668979932998676086e-01 4.788136566921413761e-02 4.137147746050212627e-02
6.000000000000000000e+00 3.944557021901615723e-01 5.435615192780920424e-01 5.045401705409963133e-02 3.628028514285530637e-02
1.000000000000000000e+00 4.133620373117212754e-01 6.154803510535566957e-01 5.149202157908222555e-02 3.510365479290689095e-02
7.000000000000000000e+00 4.276022191485635560e-01 7.273720053066524693e-01 4.311807123949285003e-02 3.507250549559937092e-02
1.000000000000000000e+00 4.233177592753386564e-01 8.378734503881875018e-01 4.625630568348670923e-02 3.391219417089452737e-02
1.000000000000000000e+00 4.893918033253180644e-01 3.039859894298297394e-01 5.375813295820347504e-02 4.200502782825754622e-02
2.000000000000000000e+00 5.034033040847305518e-01 4.364270040329151779e-01 5.223951882485589060e-02 3.973682646871024016e-02
7.000000000000000000e+00 5.177902569442264236e-01 5.666205596164344271e-01 4.888847856570893713e-02 3.587872260238189615e-02
1.500000000000000000e+01 5.420022221011102648e-01 6.724503831083019634e-01 5.411131102032251672e-02 3.511527851965945413e-02
0.000000000000000000e+00 5.456721132096266080e-01 7.896439741436406257e-01 5.201972732170356828e-02 3.510560162398879136e-02
5.000000000000000000e+00 6.811190779476898882e-01 8.439578987458060677e-01 4.860859296784270089e-02 3.418194479518810169e-02
6.000000000000000000e+00 6.655112472759397990e-01 7.493717691274575099e-01 5.110173920693528160e-02 3.926231502241006588e-02
7.000000000000000000e+00 6.576700415358891494e-01 6.228931394361537643e-01 4.996387369940802348e-02 3.747340629726081396e-02
1.500000000000000000e+01 6.322812169901057544e-01 4.865033644870301877e-01 5.223954745472469963e-02 3.974444201382409947e-02
7.000000000000000000e+00 6.418416463545276729e-01 3.826935500216593899e-01 5.603002757083230811e-02 4.370160522636939993e-02
0.000000000000000000e+00 8.079716709858968393e-01 6.981330359980807421e-01 5.372830063486300212e-02 3.748732041352131894e-02
8.000000000000000000e+00 7.663213386028072671e-01 4.191188025054307653e-01 5.902150530710703613e-02 4.145773925534362858e-02
1.600000000000000000e+01 6.327240638014591800e-01 2.502894965792577531e-01 3.314376849099254230e-02 2.797902604027316387e-02
1.400000000000000000e+01 5.033478480287703061e-01 1.139398177614569380e-01 3.635732811992753444e-02 2.759524264835480634e-02
