8.000000000000000000e+00 5.265142147164787456e-01 1.658865147011800989e-01 3.570090615774546006e-02 4.518851737409024238e-02
2.000000000000000000e+00 1.017225191552146163e-01 3.859243821380745065e-01 3.113320539433669931e-02 4.495014003762842769e-02
2.000000000000000000e+00 1.747298194548231876e-01 2.761501268854681390e-01 3.389783123727205250e-02 4.760204173063592448e-02
7.000000000000000000e+00 2.481884994170491243e-01 2.032803006058622186e-01 3.333318753089054010e-02 4.409781816289073952e-02
9.000000000000000000e+00 3.414786876440793484e-01 1.035254804138277529e-01 3.425640599097479200e-02 4.498295989978280673e-02
6.000000000000000000e+00 1.158802830942735895e-01 5.079054239135835092e-01 3.271921457714976889e-02 4.706393806862868567e-02
3.000000000000000000e+00 2.055742242699334921e-01 4.112837923541587393e-01 3.619354507564262469e-02 4.791165663802521291e-02
2.000000000000000000e+00 2.715510412408909668e-01 3.265278622826837118e-01 3.463041034220981640e-02 4.618266083498601127e-02
6.000000000000000000e+00 3.455776611034462875e-01 2.305389436762125821e-01 3.358770485151152396e-02 4.375046751789016253e-02
5.000000000000000000e+00 4.130715797544251000e-01 1.284124266922136159e-01 3.351450661349431037e-02 4.640668836158817756e-02
8.000000000000000000e+00 1.300577531583577695e-01 6.325597926427618534e-01 3.424245399762596009e-02 4.840847262928749117e-02
9.000000000000000000e+00 2.012445172342081923e-01 5.400271607144648822e-01 3.622318240570931991e-02 4.828980964716034219e-02
5.000000000000000000e+00 2.917667123856924616e-01 4.524401410272587132e-01 3.449964237196334604e-02 4.806643567625473734e-02
1.500000000000000000e+01 3.619458782779370054e-01 3.592514812569191918e-01 3.547346877533502640e-02 4.591703306752320524e-02
1.000000000000000000e+00 2.275384126422763664e-01 6.845189481251818808e-01 3.586222075294082101e-02 4.979423802976090663e-02
7.000000000000000000e+00 3.199662625431322627e-01 5.921200962064285811e-01 3.742805495555512341e-02 4.891938269122386718e-02
1.500000000000000000e+01 3.919420672530121719e-01 4.848722883685512852e-01 3.664719797546539537e-02 4.935391198305538740e-02
1.000000000000000000e+00 4.714612544360343160e-01 3.971972375705620228e-01 3.540757331184052337e-02 4.918878971554080382e-02
0.000000000000000000e+00 5.412451043782422477e-01 3.050339640649614159e-01 3.444579506565803584e-02 4.740671382375322152e-02
3.000000000000000000e+00 6.150605831276040325e-01 2.011401188155455544e-01 3.390601489121181089e-02 4.569922852777111300e-02
5.000000000000000000e+00 4.209885829700240611e-01 6.225836343354897995e-01 3.618482152786645090e-02 4.873797836222493185e-02
1.000000000000000000e+00 4.966405532267801903e-01 5.399807298445424841e-01 3.631610097648418911e-02 5.040051039246806752e-02
0.000000000000000000e+00 5.594111111967035033e-01 4.390443804072162726e-01 3.618550349902804886e-02 4.874653141721058125e-02
6.000000000000000000e+00 6.450794192283390016e-01 3.248468175769481103e-01 3.780688993585190616e-02 4.842296451647248867e-02
3.000000000000000000e+00 4.233596688294894994e-01 7.712959139419401922e-01 3.747684430907810560e-02 4.946939243309478318e-02
7.000000000000000000e+00 5.045217387486600202e-01 6.638164916482873767e-01 3.599946744922288833e-02 5.146819307696193224e-02
8.000000000000000000e+00 5.993854191461405190e-01 5.593318036336967225e-01 3.660423379228139318e-02 4.880486836699671205e-02
0.000000000000000000e+00 6.586457010542592361e-01 4.809159747515621142e-01 3.677836376222287651e-02 5.101638718236861658e-02
1.200000000000000000e+01 6.217504928996735458e-01 7.517605090308849825e-01 2.848582176027514290e-02 3.559298422141432550e-02
1.600000000000000000e+01 7.003670770425189929e-01 7.697308753723479668e-01 3.216170315250055367e-02 4.268122198281754098e-02
