1.300000000000000000e+01 5.866352184704612949e-01 2.373868746866022172e-01 3.685890336806052492e-02 3.080967992075650530e-02
6.000000000000000000e+00 7.701287061667261291e-01 4.946163737156683005e-01 4.719292955988729776e-02 3.429200145592370408e-02
9.000000000000000000e+00 7.783764102867007928e-01 7.158308210025627893e-01 4.984370168922680477e-02 3.509614985138609367e-02
8.000000000000000000e+00 7.693075901191139820e-01 8.155065002980730338e-01 4.676064433649818053e-02 3.460943906864510922e-02
2.000000000000000000e+00 6.575027554365158178e-01 4.520283062976284683e-01 4.675870824940664416e-02 3.506882951131617965e-02
5.000000000000000000e+00 6.509037370354040508e-01 5.497918575793303564e-01 4.798032542398800171e-02 3.415978284162879408e-02
8.000000000000000000e+00 6.376994886204283564e-01 6.477248433716427112e-01 4.610990395294389810e-02 3.275687262300086555e-02
5.000000000000000000e+00 6.259304454323716405e-01 7.509466006258495030e-01 4.735749696267044229e-02 3.414714449533651219e-02
1.000000000000000000e+00 6.267306947635524761e-01 8.669524216159649743e-01 4.612388680416079634e-02 3.367635265090396235e-02
7.000000000000000000e+00 5.383328303368108969e-01 3.891972651729276866e-01 4.486725872134011972e-02 3.227943892424034456e-02
1.500000000000000000e+01 5.193719496362441124e-01 4.770197621621935502e-01 4.488129535275398041e-02 3.320634061932775660e-02
6.000000000000000000e+00 5.312628318605769895e-01 5.727586638129390506e-01 4.612399436455472124e-02 3.368345163690644739e-02
2.000000000000000000e+00 5.260893920311233707e-01 7.019170773388232476e-01 4.304636881172185792e-02 3.411035884059698819e-02
8.000000000000000000e+00 5.184907476635471912e-01 7.892523526334768169e-01 4.426833555758385996e-02 3.319394428392219432e-02
6.000000000000000000e+00 4.976946580759141758e-01 9.006774722352415274e-01 4.610995773314091606e-02 3.275687262300086555e-02
3.000000000000000000e+00 4.173326844633101773e-01 3.259807007061186201e-01 4.554472786279745167e-02 3.644549499381394275e-02
1.000000000000000000e+00 4.189250623159266329e-01 4.300547396320919535e-01 4.612388680416074083e-02 3.367635265090401786e-02
2.000000000000000000e+00 4.046071335817242876e-01 5.248405889669645052e-01 4.491662894217501867e-02 3.551332283942176815e-02
1.500000000000000000e+01 4.235762426524301016e-01 6.387948030023834489e-01 4.677979008662586091e-02 3.645608969262048582e-02
0.000000000000000000e+00 3.970713179292791883e-01 7.419965271332120693e-01 4.489721429106247053e-02 3.366586551249151071e-02
0.000000000000000000e+00 3.991128814321882601e-01 8.385806249147711444e-01 4.551614368809836497e-02 3.459879058964154819e-02
3.000000000000000000e+00 3.068591785571489483e-01 3.809750125311776037e-01 4.365274053276108068e-02 3.365521703348778315e-02
7.000000000000000000e+00 3.191952532521480368e-01 4.866261422887734334e-01 4.365978573856649225e-02 3.412270139580564354e-02
9.000000000000000000e+00 2.777313532917475847e-01 6.695097491061456907e-01 4.613090511986767117e-02 3.413665735692394954e-02
3.000000000000000000e+00 2.965901860685296043e-01 7.907435968256575354e-01 4.610982328264839891e-02 3.274977363699849153e-02
1.000000000000000000e+00 1.789763640785727583e-01 4.197353819889934057e-01 4.611686848845378273e-02 3.321688153793739273e-02
7.000000000000000000e+00 1.797441301707728423e-01 5.272692219926452539e-01 4.615193317688995323e-02 3.552391753822825571e-02
5.000000000000000000e+00 1.846918814035664047e-01 6.276162394871561689e-01 4.489535887426635008e-02 3.413326920451376090e-02
0.000000000000000000e+00 1.854722186168124287e-01 7.177513387271011736e-01 4.365268675256411823e-02 3.365521703348783866e-02
1.100000000000000000e+01 6.332500378028266264e-01 1.282144596411213255e-01 4.047718124121324479e-02 3.405356695257756583e-02
