0.000000000000000000e+00 8.338651572783700727e-01 5.264567257643839593e-01 4.528539652297380869e-02 3.465397582213924910e-02
1.400000000000000000e+01 1.988362702807734972e-01 6.894908454818403643e-01 3.552413023116512969e-02 2.830028620430025121e-02
1.100000000000000000e+01 2.888018940985705996e-01 7.552329286138672604e-01 3.508637613275195077e-02 2.714381340892935146e-02
6.000000000000000000e+00 4.485209402154552993e-01 7.338433444805971817e-01 5.051744028138827058e-02 3.989795634212900399e-02
5.000000000000000000e+00 3.654730248287434424e-01 6.398387794417992325e-01 5.155358942746995909e-02 4.010593460902767138e-02
2.000000000000000000e+00 2.643855624214987987e-01 5.296844588726509206e-01 5.360993561720778233e-02 3.905413382820288604e-02
9.000000000000000000e+00 5.970449702045392826e-01 6.920336761650723867e-01 4.762199711491554854e-02 3.600373128320177862e-02
9.000000000000000000e+00 5.104184574019279275e-01 6.083941535687960034e-01 4.546362848928769962e-02 3.782691455118403212e-02
7.000000000000000000e+00 4.372229183029849309e-01 5.085699255876255931e-01 4.973218165033987948e-02 3.644063860905460972e-02
3.000000000000000000e+00 3.577455423352279840e-01 4.226803644072616994e-01 4.948451433408429523e-02 3.711729183043799285e-02
8.000000000000000000e+00 7.141861750598974545e-01 7.009666350014787106e-01 4.431302847135076828e-02 3.610796625384582459e-02
3.000000000000000000e+00 6.380548208640278718e-01 6.260028982204828285e-01 4.787318809763174698e-02 3.532587619108762400e-02
1.000000000000000000e+00 5.655994975589758722e-01 5.196777377993408997e-01 4.502114885368335706e-02 3.548894819704839776e-02
7.000000000000000000e+00 5.189405403398985595e-01 4.169185824666698514e-01 5.013737597804868162e-02 3.473390022573064062e-02
1.500000000000000000e+01 4.499327695682339145e-01 3.170308192282356718e-01 4.858218256776830613e-02 3.730325401076972636e-02
6.000000000000000000e+00 3.655402476439308934e-01 2.300734505341336666e-01 5.107202167787405767e-02 3.600255672771490723e-02
1.000000000000000000e+00 7.834506408359198648e-01 5.941968097252220415e-01 4.402315910330134585e-02 3.302134369546050330e-02
6.000000000000000000e+00 7.150185524866381481e-01 5.149327794697861060e-01 4.769208803071045555e-02 3.528861819843598369e-02
2.000000000000000000e+00 6.514996570539649534e-01 4.272260716903372724e-01 4.692917326915546639e-02 3.543508253611793446e-02
8.000000000000000000e+00 5.890971356386478508e-01 3.364925753942211717e-01 5.185853681014085392e-02 3.476736139948310989e-02
5.000000000000000000e+00 5.220043273544007212e-01 2.200474039257788450e-01 5.341542376554175853e-02 3.764952935743037798e-02
0.000000000000000000e+00 4.603317921741416630e-01 1.186105249188275090e-01 4.925495702452081792e-02 3.590244635889648650e-02
0.000000000000000000e+00 5.824463107978874454e-01 1.232090189107003242e-01 4.972401439241980192e-02 3.556898186161533415e-02
8.000000000000000000e+00 6.496258859543178055e-01 2.556323378898197607e-01 4.831558578750427824e-02 3.458246451366270291e-02
3.000000000000000000e+00 7.214082709111541147e-01 3.312952629683996175e-01 4.697397026911787066e-02 3.274966627983483258e-02
1.000000000000000000e+00 7.770038335516956662e-01 4.033510462012259157e-01 4.491489255499203637e-02 3.196304188659249146e-02
2.000000000000000000e+00 8.920259764173686934e-01 4.355093784239350563e-01 4.448342096267121626e-02 3.405273998910718358e-02
5.000000000000000000e+00 8.495856810663975356e-01 3.324249258519028638e-01 4.539389267166338282e-02 3.646205376025607459e-02
1.500000000000000000e+01 7.952223910229927473e-01 2.413059295189151632e-01 4.751716120890592254e-02 3.598269854541449875e-02
7.000000000000000000e+00 7.211185654345679819e-01 1.421397121051802825e-01 4.796136170487474981e-02 3.389920100326046515e-02
