7.000000000000000000e+00 7.405787884867756077e-01 3.836633111420222897e-01 3.702041411232748214e-02 3.702038632715032307e-02
1.500000000000000000e+01 4.890932205185862802e-01 2.292717660325362394e-01 3.868294017727208489e-02 3.588866828334216774e-02
1.500000000000000000e+01 7.748438299529530893e-01 4.964836747117402638e-01 3.844896120187479838e-02 3.921755476765564907e-02
1.400000000000000000e+01 2.346247748750876216e-01 9.136265100797201777e-01 3.814360210680095564e-02 3.593173530767024282e-02
1.100000000000000000e+01 2.336341499600132487e-01 7.773427454155239502e-01 3.703780763312047863e-02 3.523404951355690873e-02
1.000000000000000000e+00 3.043485090107521662e-01 2.792655099497723947e-01 3.665264950974345126e-02 3.515055505671466074e-02
2.000000000000000000e+00 3.296423281021116924e-01 3.819349758853867183e-01 3.581031408424223406e-02 3.615979604036950734e-02
7.000000000000000000e+00 3.584230479793029112e-01 4.918327556138543111e-01 3.687898756146973378e-02 3.620433567907771488e-02
0.000000000000000000e+00 3.784355717699113275e-01 6.031814217141658885e-01 3.831042430942355193e-02 3.982427189231740883e-02
6.000000000000000000e+00 2.720395856821398173e-01 5.711179943168115392e-01 3.868877506443912928e-02 3.701241198135551969e-02
8.000000000000000000e+00 2.263467648808881183e-01 3.633217691781366887e-01 3.591917640767255948e-02 3.475503306232197165e-02
8.000000000000000000e+00 2.004179294621069030e-01 2.570050680928941400e-01 3.613387247024177351e-02 3.411980834607278301e-02
7.000000000000000000e+00 2.785034042228176077e-01 1.811816123757735708e-01 3.515491732950143389e-02 3.397907642463973699e-02
3.000000000000000000e+00 3.551314075247388180e-01 1.038791100099338560e-01 3.340770204510395969e-02 3.364076410966078401e-02
0.000000000000000000e+00 3.863305492067732327e-01 2.034862604492361782e-01 3.490954643153981740e-02 3.421144385977190061e-02
5.000000000000000000e+00 4.106021516368255075e-01 3.076274933171992965e-01 3.506992247310192212e-02 3.716523045477726495e-02
0.000000000000000000e+00 4.323574450835135918e-01 4.083485653944504690e-01 3.725344839170718902e-02 3.678829674378802927e-02
9.000000000000000000e+00 4.628866027928896232e-01 5.206140728723507305e-01 3.755186119253456356e-02 3.778489547191443698e-02
5.000000000000000000e+00 4.911127166448560066e-01 6.332650441105748262e-01 3.791859774357003721e-02 4.001398908077646865e-02
1.000000000000000000e+00 6.056321298946666376e-01 6.643926389618708406e-01 3.847824677841771290e-02 4.127249088717077630e-02
8.000000000000000000e+00 5.699585744515485164e-01 5.499900901664624975e-01 3.688293305660172994e-02 3.897837996416209094e-02
9.000000000000000000e+00 5.441659002925860467e-01 4.484727365945640476e-01 3.673594947034686253e-02 3.626996426711814880e-02
3.000000000000000000e+00 5.171541376007836588e-01 3.330169350951553975e-01 3.698115365724635728e-02 3.628302330030147571e-02
5.000000000000000000e+00 4.641667075743904913e-01 1.273614744877047122e-01 3.695561907959649117e-02 3.580322886411084482e-02
6.000000000000000000e+00 5.673887790024866318e-01 1.544427140145601118e-01 3.497498052334147012e-02 3.544096572657010058e-02
2.000000000000000000e+00 5.969296457516550802e-01 2.589633117964986742e-01 3.718945912910898155e-02 3.556002520995421579e-02
3.000000000000000000e+00 6.569763028763546675e-01 4.710906069681875530e-01 3.984338809408372040e-02 3.937737510567806964e-02
2.000000000000000000e+00 6.930347108059030647e-01 5.848590702396032626e-01 3.887296300267806259e-02 3.957114892997692923e-02
1.000000000000000000e+00 6.818865475994253522e-01 1.791965420837892398e-01 3.725347617688423707e-02 3.678829674378808479e-02
6.000000000000000000e+00 7.095938149489475766e-01 2.809509032153764685e-01 3.826307836783993110e-02 3.733191373151512060e-02
