5.000000000000000000e+00 6.225159104964133050e-01 9.161620225855497957e-01 2.965969204686380589e-02 4.126780907089744321e-02
5.000000000000000000e+00 5.374011548770265545e-01 8.719734209939293823e-01 3.139664193010982540e-02 4.186179582406468480e-02
3.000000000000000000e+00 4.409960908974212557e-01 8.242254052856948787e-01 3.399007650576180151e-02 4.531445112214527171e-02
1.000000000000000000e+00 3.506947075411444015e-01 7.762007018354571963e-01 3.357833081116645690e-02 4.334306101930551769e-02
5.000000000000000000e+00 7.033843475205414641e-01 8.409360573591555532e-01 3.191552197677127722e-02 4.254859300741464789e-02
8.000000000000000000e+00 6.146225175285185971e-01 7.887225455917836747e-01 3.324550080604993241e-02 4.432770994159906941e-02
7.000000000000000000e+00 5.162772059054498985e-01 7.472283434484181530e-01 3.350633566821570319e-02 4.398425770227665232e-02
1.000000000000000000e+00 4.300276818341406404e-01 6.897605006130057559e-01 3.441316867780425115e-02 4.692693846318141127e-02
3.000000000000000000e+00 3.257107700958992158e-01 6.236773820648809918e-01 3.447202014711647777e-02 4.476086104754850581e-02
8.000000000000000000e+00 7.801318405016282043e-01 7.723676578927475278e-01 3.332253882786606614e-02 4.472185920781290847e-02
1.000000000000000000e+00 6.871168786631135506e-01 7.119990331091312630e-01 3.192303264742180069e-02 4.313979008291191075e-02
1.500000000000000000e+01 6.115044626079222390e-01 6.673649414526352519e-01 3.302651110893750630e-02 4.461198882572414703e-02
7.000000000000000000e+00 5.279882727650442309e-01 6.195534337535795189e-01 3.456984663234052846e-02 4.551707828676898604e-02
6.000000000000000000e+00 4.157635100179056797e-01 5.654533219902482255e-01 3.598711018410866158e-02 4.855911449085159592e-02
2.000000000000000000e+00 3.159904735518055952e-01 5.145833619069735132e-01 3.656183743182195300e-02 4.730510073043903141e-02
8.000000000000000000e+00 8.857389513385237612e-01 6.771672250140272631e-01 3.165602830579317128e-02 4.511348703459427956e-02
2.000000000000000000e+00 7.632725039731094174e-01 6.319175266024197324e-01 3.435509509938083905e-02 4.707516691323576641e-02
1.500000000000000000e+01 6.832300797776047485e-01 5.976626721324005409e-01 3.366502540953320022e-02 4.737725681633242480e-02
0.000000000000000000e+00 5.998235457262254267e-01 5.417912759914205179e-01 3.714965470552633597e-02 4.805064208780607249e-02
6.000000000000000000e+00 5.048939529959304284e-01 4.856509307815896070e-01 3.670539853654342100e-02 4.687310304891090240e-02
6.000000000000000000e+00 4.004157898412030736e-01 4.215857819062502343e-01 3.712800787975839567e-02 4.908073056753570196e-02
0.000000000000000000e+00 8.687474270065543847e-01 5.635468187170649124e-01 3.391132175922551006e-02 4.763514105788546615e-02
0.000000000000000000e+00 7.681050840602949847e-01 4.949355547803009348e-01 3.371572243642484423e-02 4.668310990527441140e-02
9.000000000000000000e+00 5.931098645269498038e-01 3.934684999608700773e-01 3.427864720168738444e-02 4.630883709246086388e-02
2.000000000000000000e+00 5.079144630814520500e-01 3.435801442958930085e-01 3.608890659524804922e-02 4.880905888057412989e-02
3.000000000000000000e+00 8.848213083279631297e-01 4.178227615554456209e-01 3.491147485164769471e-02 4.779455504244439767e-02
9.000000000000000000e+00 7.726295120602160171e-01 3.512890564159324436e-01 3.461496430389165990e-02 4.822652590014886442e-02
7.000000000000000000e+00 5.741454747818341975e-01 2.635137261900419858e-01 3.606447009180968610e-02 5.048847166187184210e-02
1.000000000000000000e+01 1.638480923142454637e-01 1.311842661262607457e-01 2.624590446940019972e-02 3.844983226661635722e-02
1.100000000000000000e+01 3.497946073113175625e-01 2.817848810341072596e-01 2.757129642481714882e-02 3.710864107900940789e-02
