0.000000000000000000e+00 5.936911477971584805e-01 9.163793381740236166e-01 5.005477619222153951e-02 3.572359273945369118e-02
2.000000000000000000e+00 7.165760204144793200e-01 8.678330752537324333e-01 5.004857291829190036e-02 3.511310116821053651e-02
6.000000000000000000e+00 4.431791424823396941e-01 7.600087737440752722e-01 5.090414969510875798e-02 3.817070047669268718e-02
7.000000000000000000e+00 1.854836590032090671e-01 6.808236187767304770e-01 5.332789735574747225e-02 3.635269413248598536e-02
6.000000000000000000e+00 1.403231122568029399e-01 5.458530081558148339e-01 5.356359382240054312e-02 3.764822833283021364e-02
0.000000000000000000e+00 2.876339487971452114e-01 6.042773980129638733e-01 5.415052971831613160e-02 3.818931029848171566e-02
1.000000000000000000e+00 5.712395714009901315e-01 6.872627847718066896e-01 5.576352065341372288e-02 3.758910163177064945e-02
5.000000000000000000e+00 6.945250581549327062e-01 7.480767483976302756e-01 5.416072879482214386e-02 3.818198931753757908e-02
1.000000000000000000e+00 8.441448957595520941e-01 8.078507974172938200e-01 5.494759453293140972e-02 3.637135983962580532e-02
8.000000000000000000e+00 8.527031224831527201e-01 6.849159074110804379e-01 5.578911614404269415e-02 3.819875492275304207e-02
8.000000000000000000e+00 6.876232732266129855e-01 6.317860956809528972e-01 5.334893819029284945e-02 3.941292005245189412e-02
7.000000000000000000e+00 5.607313650774624625e-01 5.741350473070394589e-01 5.026937593897851109e-02 4.060942541132372963e-02
3.000000000000000000e+00 4.135122084549730515e-01 5.370751520038926641e-01 5.709714072027233245e-02 3.918786974511045962e-02
1.500000000000000000e+01 2.625533857898262879e-01 4.806107312531116005e-01 5.122571400313999379e-02 3.841260021727527230e-02
1.000000000000000000e+00 1.182051155190701613e-01 4.300135458181590931e-01 5.124071921980774547e-02 3.988090397936416842e-02
5.000000000000000000e+00 8.310381603410150753e-01 5.686278813058867065e-01 5.617070131874501993e-02 4.431384176901576044e-02
7.000000000000000000e+00 6.480906467529232717e-01 5.346562943114416822e-01 6.201586192103991646e-02 4.141998653813738773e-02
8.000000000000000000e+00 6.805782541444032052e-01 4.995197632099427354e-01 6.199786683810870613e-02 3.922126124216451792e-02
6.000000000000000000e+00 5.044788615766040429e-01 4.395105067204449489e-01 5.417830473762297316e-02 3.990521410692648985e-02
2.000000000000000000e+00 3.662057899830356011e-01 3.988308194519309957e-01 5.426347401211717436e-02 4.159163839286761366e-02
1.500000000000000000e+01 2.476023639409076771e-01 3.707855385890233002e-01 5.254273612083523726e-02 4.465057894976687258e-02
5.000000000000000000e+00 8.317499720531100760e-01 4.230681563449417149e-01 5.908579298289606818e-02 4.212824953046157006e-02
9.000000000000000000e+00 6.638320411457085957e-01 3.780955939470131977e-01 6.201955035418715845e-02 4.287923687340983170e-02
0.000000000000000000e+00 5.171618882373348880e-01 3.287652176421357875e-01 5.521640306988478963e-02 4.651136552994805662e-02
2.000000000000000000e+00 3.605368917769052883e-01 2.559770771440881276e-01 5.913075274754886479e-02 4.654056562569822142e-02
1.500000000000000000e+01 6.916603471344537901e-01 2.586391618542013826e-01 4.376331517909293201e-02 3.080266406733281337e-02
3.000000000000000000e+00 6.459663886867821336e-01 2.236792005182957899e-01 3.906978399904337262e-02 3.638491203717492128e-02
9.000000000000000000e+00 4.322626517578042060e-01 8.324174946247608897e-01 5.169557008930142361e-02 3.695357342340555018e-02
8.000000000000000000e+00 3.053908623349120832e-01 8.079927462081174516e-01 4.922812008440119458e-02 3.449059424656297779e-02
3.000000000000000000e+00 1.881608886433668859e-01 7.637733786244904621e-01 4.594653229024145413e-02 3.203594198697723439e-02
