1.200000000000000000e+01 6.658477239745066445e-01 9.410324800833584913e-01 2.776851245285605341e-02 4.152203158707135078e-02
9.000000000000000000e+00 7.133461402004765972e-01 2.229103407254310887e-01 3.607511207590152758e-02 4.753674165814034125e-02
8.000000000000000000e+00 5.978436800033811727e-01 1.678293884625464694e-01 3.513853612150019678e-02 4.516553138025605763e-02
3.000000000000000000e+00 5.074428419897678566e-01 1.188873235417816920e-01 3.471299463755905812e-02 4.572017358964290679e-02
1.500000000000000000e+01 4.118484772942369587e-01 6.962010967363002623e-02 3.217002326553608516e-02 4.007424891307614923e-02
0.000000000000000000e+00 7.254166704691074052e-01 3.482017478789928289e-01 3.784181402029418440e-02 4.540734045529054574e-02
5.000000000000000000e+00 6.240956536698464285e-01 2.906676665212216126e-01 3.607637523621276543e-02 4.754455028551884954e-02
6.000000000000000000e+00 4.327406033864408252e-01 1.904972021622660383e-01 4.045400083573502670e-02 4.832153741787159618e-02
5.000000000000000000e+00 3.414876919724285642e-01 1.491071564736241029e-01 3.688310405225730948e-02 5.199121907932549580e-02
1.500000000000000000e+01 2.335244328011158998e-01 2.077704026709764340e-01 3.471305205393684923e-02 4.572011617326510180e-02
1.000000000000000000e+00 3.537008301693787549e-01 2.552477614403943496e-01 3.360534658555225374e-02 4.537076622264255010e-02
6.000000000000000000e+00 4.296904731494577412e-01 3.166309075779090154e-01 3.878817946710777509e-02 5.396838075648285882e-02
8.000000000000000000e+00 5.329120725320075636e-01 3.824861149023049967e-01 3.856112640116349244e-02 4.972220995389559084e-02
9.000000000000000000e+00 6.353011487907938015e-01 4.225002632219364562e-01 4.265744045773633975e-02 5.519631611994574305e-02
1.000000000000000000e+00 7.431413072481392046e-01 4.923510332139900414e-01 4.125550476140116274e-02 5.613016479640242640e-02
0.000000000000000000e+00 6.613409689413498604e-01 5.917712090562621263e-01 4.197131474322579603e-02 5.427552966943471890e-02
0.000000000000000000e+00 5.463747777127505589e-01 5.102023305224118177e-01 3.810374753574163886e-02 5.305569001523929851e-02
6.000000000000000000e+00 4.243663529162720049e-01 4.625534259702717144e-01 3.812321168781024339e-02 5.027357942974874927e-02
2.000000000000000000e+00 3.406419200194915065e-01 3.911226290320934940e-01 3.893074433314369642e-02 5.187675953021447794e-02
8.000000000000000000e+00 2.382008962929058060e-01 3.439742804614684402e-01 3.650820381352115618e-02 4.699160185927664379e-02
2.000000000000000000e+00 1.584749112367664914e-01 2.928326945864859754e-01 3.552032632557025615e-02 5.016767492092738534e-02
7.000000000000000000e+00 1.642260370715267204e-01 3.937941700280678248e-01 4.018560797778689131e-02 5.302373780100283485e-02
3.000000000000000000e+00 2.504976614440973526e-01 4.967616588766432528e-01 4.167599360409726672e-02 5.556148428264756634e-02
2.000000000000000000e+00 3.551692970934704485e-01 5.357110061161887149e-01 3.962284135094368276e-02 5.283047427338416480e-02
5.000000000000000000e+00 4.549787559771134582e-01 5.953063354363808957e-01 4.297104871318896402e-02 5.391759597033352058e-02
1.000000000000000000e+00 5.606470825284270987e-01 6.607160490855561452e-01 4.017653619009708965e-02 5.300536456011217812e-02
3.000000000000000000e+00 1.410131984056990084e-01 5.741913476738110811e-01 4.376959569539921879e-02 5.554489094946823968e-02
7.000000000000000000e+00 2.499841867775811632e-01 6.336473561533121357e-01 3.853543257210556572e-02 5.531964649942433532e-02
7.000000000000000000e+00 4.516873190584015374e-01 7.648198080504633456e-01 4.029759862265319681e-02 5.654416558840902329e-02
1.400000000000000000e+01 6.143127354330473189e-01 9.025817366684834031e-01 2.898344300675093077e-02 4.257430154270613887e-02
