1.000000000000000000e+00 4.963446235870576650e-01 4.251506703521272801e-01 3.937732113832598246e-02 4.801390988055403986e-02
1.600000000000000000e+01 7.361507402741063189e-01 7.016899932693377862e-01 2.805526354303955472e-02 3.157907696743822434e-02
1.000000000000000000e+01 7.492732699934521179e-01 6.644319014661872469e-01 2.864392286651584740e-02 3.689714408723043793e-02
9.000000000000000000e+00 7.241531884366649852e-01 4.405037337027004063e-01 4.709124007026588288e-02 5.114451226182903376e-02
7.000000000000000000e+00 6.653875038516069429e-01 5.823803486981127264e-01 4.173329692808747104e-02 5.132283894935296686e-02
1.000000000000000000e+00 5.603838424193550161e-01 7.001679561687227382e-01 4.131300922920377872e-02 5.131586761676798503e-02
8.000000000000000000e+00 5.347539891386233757e-01 8.193870849576644355e-01 4.690446412764881501e-02 6.092074656972035207e-02
6.000000000000000000e+00 6.863962559590630619e-01 3.268672341051511721e-01 4.088680984028814080e-02 5.062799228794212514e-02
8.000000000000000000e+00 5.935292662773183903e-01 4.358518750100599526e-01 3.791540480992394713e-02 5.052668488281714110e-02
6.000000000000000000e+00 5.215517073745052912e-01 5.426118800311081625e-01 4.135522761933851932e-02 4.930087364640323155e-02
7.000000000000000000e+00 4.416151035433990568e-01 5.972862289486891019e-01 3.701027487241959069e-02 5.474169199035194833e-02
5.000000000000000000e+00 3.726904724341989494e-01 6.515885039035442805e-01 3.874488184621599496e-02 5.321402205300806987e-02
1.500000000000000000e+01 2.752526030591210260e-01 7.710693365177262448e-01 3.753365463757007969e-02 5.237456206845436668e-02
8.000000000000000000e+00 6.380911116884386836e-01 2.108538865480810154e-01 3.520567571946975338e-02 4.047438580456028112e-02
1.500000000000000000e+01 5.692605796264706974e-01 2.666480963894491407e-01 3.621969787195167267e-02 4.604740849965052729e-02
1.000000000000000000e+00 5.400060516815008427e-01 1.836117731804194353e-01 3.376740615119588895e-02 4.371892764560425526e-02
5.000000000000000000e+00 4.756449524810894003e-01 3.075248953961451925e-01 3.431814142540989820e-02 4.640584653584023389e-02
2.000000000000000000e+00 4.281265370353458666e-01 3.947142645086943458e-01 3.736974466583181664e-02 4.917893109682669461e-02
3.000000000000000000e+00 3.652844075492120979e-01 5.138433097379726533e-01 3.934001056633124049e-02 4.791798434418448327e-02
9.000000000000000000e+00 2.540897426735411191e-01 6.093111920658547120e-01 4.134956689727950496e-02 5.352271265987129656e-02
0.000000000000000000e+00 1.684919148474793293e-01 6.555984422917591203e-01 3.573672395046378902e-02 5.231371627765279975e-02
0.000000000000000000e+00 1.349425440942114696e-01 6.392748160760389764e-01 3.509067661714784792e-02 5.164591838667154100e-02
6.000000000000000000e+00 1.205091807662453662e-01 5.099587577376314407e-01 3.406895811349218428e-02 5.193885378189272428e-02
7.000000000000000000e+00 2.254937128618840769e-01 4.914826489303056323e-01 3.754687228415112821e-02 4.727232740549347501e-02
3.000000000000000000e+00 2.127321308584585458e-01 3.793532956669699585e-01 3.442271141418470903e-02 4.667466112031731784e-02
3.000000000000000000e+00 2.672018153940094454e-01 2.472761434596220664e-01 3.132997731151143661e-02 4.178282127477125907e-02
5.000000000000000000e+00 3.105244646101527062e-01 3.687717051335305252e-01 3.439178658283775780e-02 4.507856058231940466e-02
2.000000000000000000e+00 3.298840922239695272e-01 1.447139960679494908e-01 3.070782770629681968e-02 4.015719017194334384e-02
2.000000000000000000e+00 3.782191295687183930e-01 2.710394503260538102e-01 3.614457479201588219e-02 4.275933765794595609e-02
0.000000000000000000e+00 4.332124169520625845e-01 1.626502309372288013e-01 3.371651542332559925e-02 4.107617911862668225e-02
