2.000000000000000000e+00 2.598829763401721005e-01 8.272049407457691128e-01 4.312565879045524020e-02 3.281664166732112253e-02
1.000000000000000000e+01 5.141262808095086179e-01 3.930459106822975501e-02 2.917312745619660141e-02 2.756638514124321038e-02
1.100000000000000000e+01 7.574159086110723305e-01 9.765241489146524179e-02 3.646237603529767224e-02 2.694989198653560680e-02
1.000000000000000000e+00 8.614493504836682192e-01 6.481540269537323651e-01 5.314854209848307587e-02 3.938321438999858870e-02
5.000000000000000000e+00 8.949948548445076923e-01 7.395238421520679006e-01 5.137608727608455883e-02 3.662015518225780752e-02
0.000000000000000000e+00 7.990168228796472594e-01 8.196824276867344938e-01 4.952252272335377903e-02 3.542452671214146864e-02
6.000000000000000000e+00 7.378184952707873556e-01 7.330522033363886525e-01 4.884528607717097959e-02 3.662767411346379287e-02
9.000000000000000000e+00 6.807586288406264341e-01 6.088124035020974212e-01 5.046215230737038926e-02 3.612337288501865640e-02
7.000000000000000000e+00 6.249519373461900340e-01 5.001752443808638038e-01 5.319371488990187746e-02 3.760495755769299731e-02
1.000000000000000000e+00 5.769049308667814069e-01 3.889253010686891665e-01 5.098711579558612428e-02 3.995829421889063315e-02
7.000000000000000000e+00 4.214659328361497481e-01 3.790171850688722199e-01 5.126966775763774908e-02 4.189279088940545126e-02
2.000000000000000000e+00 4.925861710194013865e-01 4.941838846964893839e-01 4.980442343939522898e-02 3.873045867337243653e-02
1.000000000000000000e+00 5.314230640122663551e-01 6.002446405970662813e-01 5.266774493057968520e-02 3.743717290385262242e-02
9.000000000000000000e+00 6.017405230798684723e-01 6.982954406011940840e-01 4.846483999898498762e-02 3.635509805620140700e-02
3.000000000000000000e+00 6.391910465269253772e-01 8.011399736784129422e-01 4.991658576356639010e-02 3.950108991780254541e-02
8.000000000000000000e+00 6.899421744501728071e-01 9.087773517659820666e-01 4.744196933405808725e-02 3.626931119543386206e-02
6.000000000000000000e+00 2.736192495959847704e-01 3.566617004732409724e-01 5.192858070926723024e-02 4.066439290415141405e-02
5.000000000000000000e+00 3.435917850950354069e-01 4.522805258604676304e-01 5.259285163943339114e-02 3.945109198549201501e-02
3.000000000000000000e+00 3.924725640797496196e-01 5.728522861509408592e-01 4.969758949166935835e-02 3.796065628750022736e-02
2.000000000000000000e+00 4.449116328545567045e-01 6.747536077910885055e-01 5.275945220961936188e-02 3.819836108113827677e-02
0.000000000000000000e+00 4.997346320519842067e-01 7.725372489206729920e-01 4.825842461591695054e-02 3.481685498065989481e-02
1.500000000000000000e+01 5.458134694819536392e-01 8.706429904063688330e-01 4.684939466917115158e-02 3.169851147239077793e-02
6.000000000000000000e+00 4.004944792211090343e-01 8.456091825895208913e-01 4.625146202574753618e-02 3.516687010892560750e-02
3.000000000000000000e+00 3.554857425928348302e-01 7.585979793233447177e-01 4.625045555464118996e-02 3.515964719863329258e-02
0.000000000000000000e+00 3.092599307792525676e-01 6.658410397258711644e-01 4.774971267585881307e-02 3.581249172153366800e-02
1.500000000000000000e+01 2.542620276250120437e-01 5.477593333555514921e-01 4.750069988332056292e-02 3.897085725732418737e-02
8.000000000000000000e+00 1.756704880007822767e-01 4.427463878818741483e-01 4.749069437644018454e-02 3.896292389683919666e-02
7.000000000000000000e+00 1.232344534403397585e-01 5.450521036921196494e-01 4.585751739390038495e-02 3.725926433476622890e-02
5.000000000000000000e+00 1.633644249880850108e-01 6.398902775269901255e-01 4.889347828190854228e-02 3.380434504770979398e-02
8.000000000000000000e+00 2.340799285771879568e-01 7.341580486634036173e-01 4.343168521095694401e-02 3.495900422338082958e-02
