1.400000000000000000e+01 2.323464489336840577e-01 7.555132387037809538e-01 3.568630390312069189e-02 2.676428296905974946e-02
6.000000000000000000e+00 4.525109446244095501e-01 1.659874756536075247e-01 4.478088389618650744e-02 3.329655304487633138e-02
2.000000000000000000e+00 5.664843667613130851e-01 2.118785375233011858e-01 4.308218856222456594e-02 3.317809526255693919e-02
8.000000000000000000e+00 6.949705481858525769e-01 2.674594770631758545e-01 4.391159079769646478e-02 3.126700650921071523e-02
8.000000000000000000e+00 7.932817496019622938e-01 3.139258911784755801e-01 4.269734908911315685e-02 3.201493193948140581e-02
7.000000000000000000e+00 3.225889746444114414e-01 2.074860647571786232e-01 4.697250825135279584e-02 3.522939531417426662e-02
6.000000000000000000e+00 4.585540289788447854e-01 2.534702288500141343e-01 4.641988419221843021e-02 3.293346708771696663e-02
5.000000000000000000e+00 5.842621027827612501e-01 2.942233503881039325e-01 4.401024440510392655e-02 3.214101757804366244e-02
3.000000000000000000e+00 6.921212331146364694e-01 3.628713444470401672e-01 4.280538213456741570e-02 3.481517446886844835e-02
1.000000000000000000e+00 8.038887074774287989e-01 4.060085383281712978e-01 4.891772459855581179e-02 3.522939531417423886e-02
1.500000000000000000e+01 3.302281031637036568e-01 2.974026832471007298e-01 4.869114901682397578e-02 3.477062213814635649e-02
2.000000000000000000e+00 4.570749170250587023e-01 3.550044537906004716e-01 4.735740422710277286e-02 3.477059388682690599e-02
0.000000000000000000e+00 5.788534159315155136e-01 4.108824983311338830e-01 4.531359077513119615e-02 3.459998416886195249e-02
2.000000000000000000e+00 6.850932936396320061e-01 4.544297318622970705e-01 4.522454261632580241e-02 3.451845086102173221e-02
3.000000000000000000e+00 8.053166986687281259e-01 5.260946419448961908e-01 4.536291757883492703e-02 3.427387918882063289e-02
0.000000000000000000e+00 1.733238065313782439e-01 3.497480415510174634e-01 5.139660836956377876e-02 3.422268779803538941e-02
1.000000000000000000e+00 3.535016389798226744e-01 4.127497551624030869e-01 4.923433713527269884e-02 3.422268779803538941e-02
3.000000000000000000e+00 4.479971183157271941e-01 4.722806529266973530e-01 4.802950311605569400e-02 3.566638672293098722e-02
1.500000000000000000e+01 5.524754980068156129e-01 5.080841150514442406e-01 4.610327165550154316e-02 3.458481321033457512e-02
1.000000000000000000e+00 6.816484690064051888e-01 5.729686660967581169e-01 4.707110535612146762e-02 3.638493078100701883e-02
5.000000000000000000e+00 8.173685420245059285e-01 6.099328901824299098e-01 4.642934838422352328e-02 3.542184330204933840e-02
7.000000000000000000e+00 3.236913128767801018e-01 5.012935855391684736e-01 4.869114901682397578e-02 3.727318051482653161e-02
8.000000000000000000e+00 4.379299301490598983e-01 5.734783764016966323e-01 4.668626588301022506e-02 3.933967977629082569e-02
9.000000000000000000e+00 5.849952527729762597e-01 6.196670235444792230e-01 4.947037690900957241e-02 3.746560025138212513e-02
7.000000000000000000e+00 6.778557011232270169e-01 6.432629492921360104e-01 5.042877466894379879e-02 3.710347483908293942e-02
5.000000000000000000e+00 1.809314630808389057e-01 5.828300434014656028e-01 5.619509497270128162e-02 4.070947324958917868e-02
0.000000000000000000e+00 3.264118866854085477e-01 6.089212104340734344e-01 5.091221124682371313e-02 3.782105835229865320e-02
9.000000000000000000e+00 4.381298223596015173e-01 6.850934631475484871e-01 4.886842604617147590e-02 3.932453706908267677e-02
1.600000000000000000e+01 3.623966516525201631e-01 8.159029200757417222e-01 2.932653638366999882e-02 2.526831910324067731e-02
3.000000000000000000e+00 5.873477118895888971e-01 7.047827681947729239e-01 5.083350307092537879e-02 3.842874423297859554e-02
