0.000000000000000000e+00 4.947220633877734697e-01 4.607852089452392219e-01 3.795916041917601902e-02 4.713482580722633264e-02
1.000000000000000000e+01 1.283938419933733921e-01 3.877102618886908436e-01 2.995255459482901172e-02 3.471441166773986398e-02
1.300000000000000000e+01 3.200533167728967232e-01 2.175462078103236330e-01 2.935241065167887298e-02 4.262495188983730920e-02
2.000000000000000000e+00 4.668081721129883066e-01 1.955943214574285827e-01 4.036623392347404859e-02 6.530948549907289458e-02
2.000000000000000000e+00 7.096618325515331449e-01 1.873734025169258022e-01 4.108218873114377612e-02 5.260227492604818700e-02
6.000000000000000000e+00 8.314630735542674067e-01 1.690645450603039945e-01 3.725709731375581590e-02 5.694934145396865488e-02
0.000000000000000000e+00 8.640221988209816351e-01 2.874202237931966497e-01 3.864850813584363998e-02 5.065953717093285569e-02
2.000000000000000000e+00 7.675458110937445344e-01 3.022059523078399756e-01 3.869864149678459153e-02 5.682151538730179086e-02
1.000000000000000000e+00 6.547625814630071428e-01 3.253161153507162506e-01 3.601188545485822790e-02 5.062144701960363813e-02
1.500000000000000000e+01 5.475097617306419195e-01 3.333675331178036494e-01 3.996345858063099499e-02 4.980659785579866217e-02
6.000000000000000000e+00 4.062165859717443706e-01 3.474437345378139641e-01 3.937485371273635737e-02 5.858489334159883155e-02
8.000000000000000000e+00 9.038767643807537056e-01 3.928929871263261986e-01 3.464019188757616607e-02 4.358140679270172679e-02
3.000000000000000000e+00 8.245429052741959364e-01 4.154183683201729815e-01 3.598337385628980201e-02 4.710628620119355903e-02
5.000000000000000000e+00 7.079397656069499334e-01 4.497713296585156284e-01 3.336165114626554740e-02 4.970546290252658705e-02
0.000000000000000000e+00 5.926894424761066649e-01 4.540119398149634611e-01 3.402912503338306749e-02 4.971352905221987362e-02
7.000000000000000000e+00 3.676912406597760974e-01 4.773673922294148220e-01 3.864853614330798770e-02 5.065956517839720341e-02
6.000000000000000000e+00 3.166473850649162425e-01 6.273234447140918491e-01 3.794728525434987176e-02 4.538251080129318549e-02
5.000000000000000000e+00 4.411044618690856955e-01 5.816158512756816057e-01 3.659614916579984056e-02 4.360073194300850830e-02
7.000000000000000000e+00 5.497527114946534343e-01 5.831989451828413218e-01 3.794871363502483330e-02 4.450302041008535880e-02
7.000000000000000000e+00 6.515076099871333071e-01 5.517839808441451499e-01 3.595643067571718809e-02 4.360039585343788993e-02
3.000000000000000000e+00 7.435791237803148768e-01 5.596681380349541879e-01 3.530800186426430454e-02 4.533405788820521476e-02
1.000000000000000000e+00 8.604019259893812555e-01 5.194727776506420369e-01 3.397176574667537530e-02 4.356152149311076638e-02
7.000000000000000000e+00 7.982430561545255099e-01 6.513094291703640515e-01 3.262942400188817427e-02 4.002737161396441312e-02
3.000000000000000000e+00 7.090721073850702050e-01 6.506193812670910681e-01 3.394767932745246242e-02 3.916888682091601570e-02
8.000000000000000000e+00 4.952049540819970508e-01 6.965503062251336974e-01 3.460859946794420106e-02 4.010775303625480070e-02
1.000000000000000000e+00 4.090876871431187167e-01 7.222619985963368849e-01 3.924170622786921081e-02 4.101743547388414513e-02
5.000000000000000000e+00 4.754328186501174391e-01 8.002168541874528085e-01 3.188551774493414426e-02 3.647720146528843355e-02
9.000000000000000000e+00 5.735751323599234119e-01 7.780964189149256471e-01 3.143888271313377558e-02 3.830614489330752548e-02
1.500000000000000000e+01 6.713614291883893692e-01 7.640252168272771982e-01 2.914725597632072951e-02 3.705247478021755914e-02
9.000000000000000000e+00 7.512252735402442649e-01 7.468356916816488722e-01 2.958775737345831214e-02 3.461179231886446495e-02
