6.000000000000000000e+00 5.851116137556719998e-01 8.221561449775186547e-01 2.881752710475715684e-02 3.768775855042383327e-02
1.600000000000000000e+01 2.495253355584945987e-01 4.297413726991091698e-01 2.492754390590010138e-02 3.323698253659213009e-02
1.100000000000000000e+01 3.617369726029936450e-01 1.128360984794807287e-01 2.634419368067986156e-02 3.661555246480213688e-02
3.000000000000000000e+00 7.665958863287355429e-01 3.193304899083386217e-01 3.638161308254761472e-02 5.284457670732001233e-02
7.000000000000000000e+00 8.593323799735559376e-01 3.254424561036567409e-01 3.443565650039914772e-02 5.333481549999757876e-02
2.000000000000000000e+00 9.016670541683780016e-01 4.317818010895423386e-01 3.474820061792860404e-02 5.065853242444395832e-02
0.000000000000000000e+00 7.847692680391803455e-01 4.293538356387708310e-01 3.822875543417159072e-02 5.035842279853453007e-02
8.000000000000000000e+00 6.733161625544441531e-01 4.187668034360128577e-01 3.503675802213324086e-02 4.732934204056138405e-02
1.000000000000000000e+00 5.658047082004857842e-01 3.884439722154459096e-01 3.763763459085522900e-02 4.894932745990537848e-02
3.000000000000000000e+00 4.428955622172600082e-01 3.344505284381367183e-01 3.835974494567312432e-02 5.238155042734549127e-02
6.000000000000000000e+00 3.925165025739856262e-01 4.422583014144619296e-01 3.705660470969629472e-02 4.755142592082783892e-02
3.000000000000000000e+00 5.121969128744772171e-01 4.927471347348661435e-01 3.643041363724297543e-02 4.548079357125967004e-02
0.000000000000000000e+00 5.997261667658171369e-01 5.075001489798588450e-01 3.588787278114324852e-02 4.474988808822261133e-02
2.000000000000000000e+00 7.076924864030327278e-01 5.383675475202375216e-01 3.643096505594001222e-02 4.549016768911084974e-02
1.500000000000000000e+01 6.687462249601643371e-01 8.267020682875387827e-01 3.239766813770061926e-02 3.651130676011093978e-02
9.000000000000000000e+00 8.282671599755841996e-01 5.660766127600371789e-01 3.389747185200653323e-02 4.519615123980458282e-02
6.000000000000000000e+00 8.984552332541781983e-01 5.981050233672091654e-01 3.205799422027266754e-02 3.965158109835897893e-02
1.000000000000000000e+00 8.228158071648874472e-01 6.807560138997725829e-01 2.896740270663544781e-02 4.011300826411179354e-02
7.000000000000000000e+00 7.123398983242585913e-01 6.517954212140467662e-01 3.401597173001846830e-02 4.386491622120924916e-02
9.000000000000000000e+00 6.138378259241856760e-01 6.370337221245743198e-01 3.139320383902066691e-02 4.037609012450960044e-02
5.000000000000000000e+00 5.370508699552462017e-01 6.037061966379144717e-01 3.659997488660837739e-02 4.656598556719859783e-02
8.000000000000000000e+00 4.287199522754926440e-01 5.742942126067234199e-01 3.388357610083908567e-02 4.145615392656509801e-02
1.000000000000000000e+00 3.047084238184452065e-01 5.448206626779984463e-01 3.899037493863838355e-02 4.604980252482127057e-02
8.000000000000000000e+00 7.362801546238939565e-01 7.550706014273547151e-01 2.962507978669448594e-02 4.098987427627764912e-02
0.000000000000000000e+00 6.442643376452792392e-01 7.355028748284289097e-01 3.205093606094955305e-02 4.125295613667501193e-02
5.000000000000000000e+00 5.471983800999945524e-01 7.140172864299729749e-01 3.205038464225240524e-02 4.124358201882405428e-02
1.500000000000000000e+01 4.447331925963586285e-01 6.891032522821525230e-01 3.219791671466765148e-02 4.367456648696221855e-02
5.000000000000000000e+00 3.597888241315240210e-01 6.795136951460885033e-01 3.636818603727259847e-02 4.255331170823162257e-02
2.000000000000000000e+00 3.903554375580893243e-01 7.884884492966033331e-01 3.130663110357229106e-02 3.876390727972989225e-02
7.000000000000000000e+00 4.908842631649066313e-01 8.017512820835549503e-01 3.317602319962514867e-02 3.978524499054181263e-02
