3.000000000000000000e+00 8.344778887858210759e-01 2.650581856614970810e-01 3.211914483445088564e-02 4.313301196596036613e-02
1.500000000000000000e+01 7.681177152752364234e-01 1.746266742893894941e-01 3.415878005951555885e-02 4.709029570380182661e-02
7.000000000000000000e+00 8.398963221877590035e-01 4.074686890562034813e-01 3.249200885387293347e-02 4.208506239103537716e-02
8.000000000000000000e+00 7.495602420426665802e-01 3.392796933643387192e-01 3.319734646168781556e-02 4.400347196173187703e-02
9.000000000000000000e+00 8.190071577534011604e-01 5.078149232494690857e-01 3.234811454575070577e-02 4.281853196124291161e-02
5.000000000000000000e+00 7.830926170729064495e-01 6.344754281261488771e-01 3.161151920194393838e-02 4.104271202794895768e-02
2.000000000000000000e+00 7.429869847893516566e-01 4.480428748022753926e-01 3.327714882070686997e-02 4.548054948086432958e-02
2.000000000000000000e+00 7.302697069494890059e-01 5.786963515971073058e-01 3.029967279332834718e-02 4.151043648094621119e-02
9.000000000000000000e+00 7.272751614801948872e-01 6.989124354540383610e-01 3.507172339559605501e-02 4.587428823180095261e-02
0.000000000000000000e+00 6.644113695950926157e-01 1.006548751261623215e-01 3.556146416698746648e-02 5.008008456109722117e-02
6.000000000000000000e+00 6.778948696763540394e-01 2.462857951085036246e-01 3.514092530501777834e-02 4.818757814031385256e-02
5.000000000000000000e+00 6.749211717579344239e-01 3.932136800990644887e-01 3.340576760915314747e-02 4.409623948602758858e-02
8.000000000000000000e+00 6.609164285435298325e-01 5.054540400403286782e-01 3.353813732591826025e-02 4.471764327754451651e-02
8.000000000000000000e+00 6.263466772073221778e-01 5.888711523720371321e-01 3.375199460138222918e-02 4.368532257061541468e-02
1.000000000000000000e+00 6.495820744858643581e-01 7.664970424350218137e-01 3.220916711410715116e-02 4.250051847332625421e-02
0.000000000000000000e+00 5.861592583780288468e-01 1.460672283812845251e-01 3.738620925226854297e-02 5.132430553741069990e-02
5.000000000000000000e+00 5.860145486507066792e-01 2.841006974147396447e-01 3.570111829527078395e-02 4.920462332756692092e-02
2.000000000000000000e+00 5.764878974170468684e-01 4.320179169300808475e-01 3.404777432578476315e-02 4.576820219390881350e-02
7.000000000000000000e+00 5.633161864571436528e-01 5.813117814997809107e-01 3.327720318198690297e-02 4.548054948086432958e-02
3.000000000000000000e+00 5.814158018090336277e-01 6.987625885857577934e-01 3.293978271711539563e-02 4.391972840991387184e-02
3.000000000000000000e+00 5.536546648878390986e-01 8.453853437117586633e-01 3.222205073746386983e-02 4.222322158411906390e-02
6.000000000000000000e+00 4.919834779437038397e-01 2.319256514358722099e-01 3.759566326405361369e-02 4.968226871416164814e-02
6.000000000000000000e+00 4.867732482441112229e-01 3.578262399796314219e-01 3.574091075222030067e-02 4.899329385162243256e-02
7.000000000000000000e+00 4.890704743943883326e-01 5.204664239405489834e-01 3.304997303164652900e-02 4.443762832433806320e-02
1.000000000000000000e+00 4.686330114257518664e-01 6.658740413750288134e-01 3.371826342715111835e-02 4.421779130807557134e-02
1.000000000000000000e+00 4.835084049004079731e-01 7.793625363047653742e-01 3.399148322035949743e-02 4.199338209233949293e-02
1.500000000000000000e+01 3.929330535814581360e-01 5.902231445859222880e-01 3.665980664845913672e-02 4.961412684969945808e-02
0.000000000000000000e+00 3.994629033527045125e-01 2.799040337804810097e-01 3.858419595995421503e-02 5.113803661153959457e-02
1.100000000000000000e+01 1.754384512834164522e-01 5.597240746176063153e-01 2.791391929859440846e-02 3.352775432144117218e-02
1.200000000000000000e+01 2.452551324206140859e-01 5.979201310384623103e-01 2.552539337858125701e-02 3.588469633778257339e-02
