1.000000000000000000e+01 3.196444359581115946e-01 8.584346423561539652e-01 3.198534766837524135e-02 2.855607204552623735e-02
6.000000000000000000e+00 9.336728863457857130e-01 4.744749474201245265e-01 4.841739726856153503e-02 3.335487447737112143e-02
3.000000000000000000e+00 9.640232031003661550e-01 4.025081783982771277e-01 4.314510974562835166e-02 3.155425678312551163e-02
1.000000000000000000e+00 9.288278659169876272e-01 2.544690108968248876e-01 4.051955068130586035e-02 2.949370441896537187e-02
9.000000000000000000e+00 8.645929410724761954e-01 3.469771580788901799e-01 4.419105515868981815e-02 3.249144581846458157e-02
9.000000000000000000e+00 8.242958907002433389e-01 4.280059102677235550e-01 4.905103824837209192e-02 3.420913157932836679e-02
1.500000000000000000e+01 7.795575900740330244e-01 5.840648284796901013e-01 4.810816894362346385e-02 3.414700882802801374e-02
1.000000000000000000e+00 7.471778100395740640e-01 4.777984453431124434e-01 4.999396297038327663e-02 3.426795700350798723e-02
6.000000000000000000e+00 7.601324541244005584e-01 2.447949994824164810e-01 4.498341117839688152e-02 3.115342372321910913e-02
3.000000000000000000e+00 7.102900296584155893e-01 3.202522802022127468e-01 4.461749099388689910e-02 3.217537346160337375e-02
5.000000000000000000e+00 6.001719389610098432e-01 6.759194398846952723e-01 4.943081274851557350e-02 3.771299883754808402e-02
3.000000000000000000e+00 6.366887007695050116e-01 5.938314837027393045e-01 5.134924754290792759e-02 3.819219190667699770e-02
7.000000000000000000e+00 6.380667341282997285e-01 4.784644500042426474e-01 4.741944320485436126e-02 3.502323887458008711e-02
8.000000000000000000e+00 5.029782345230872087e-01 5.603878861880515760e-01 4.935760654470860986e-02 3.624327761789125635e-02
8.000000000000000000e+00 5.508108688373929418e-01 5.188176519177378765e-01 4.945126171839053786e-02 3.708844628879293115e-02
1.000000000000000000e+00 6.413056237457144260e-01 4.038032382607433246e-01 4.649414117232886223e-02 3.564502056020835141e-02
2.000000000000000000e+00 6.598026590910632816e-01 2.314532658187919145e-01 4.406647715251399422e-02 3.249036518184506006e-02
7.000000000000000000e+00 6.781160416283755765e-01 1.657346130415183749e-01 4.455631033604967595e-02 3.047874626050225966e-02
8.000000000000000000e+00 6.984276875267600992e-01 1.314244003753284318e-01 4.372959561357148139e-02 2.928112379988601077e-02
6.000000000000000000e+00 5.909503679322423153e-01 9.089498542129167968e-02 4.182052633654731455e-02 2.782464730597478120e-02
5.000000000000000000e+00 5.514016722732648645e-01 1.720485372853509387e-01 4.312582453826663276e-02 3.138085616865743388e-02
0.000000000000000000e+00 5.580161936033960490e-01 2.543663227093498902e-01 4.426027131959453520e-02 3.320156262057155638e-02
2.000000000000000000e+00 5.190918149698078299e-01 3.469833786666096653e-01 4.635307653054915322e-02 3.437793256100613037e-02
5.000000000000000000e+00 4.332708827120022033e-01 5.015829386870132023e-01 4.776441566412670259e-02 3.698315348997893715e-02
2.000000000000000000e+00 3.870341962870894603e-01 3.460909390707666011e-01 5.307746258365336756e-02 3.400824400264362835e-02
0.000000000000000000e+00 3.795800480123100451e-01 1.251136903327227934e-01 4.574836336178117469e-02 2.948541953821659511e-02
0.000000000000000000e+00 3.223619876782402027e-01 2.088226984239995310e-01 4.887386926005177212e-02 3.246462386339812878e-02
1.500000000000000000e+01 2.716657633027139696e-01 3.318881458362087367e-01 4.716372024689244324e-02 3.407809746206741375e-02
7.000000000000000000e+00 2.789525930075885118e-01 4.220606909258434181e-01 4.966423025830768445e-02 3.563435273717058260e-02
1.300000000000000000e+01 1.241936252315066769e-01 6.190155815748761281e-01 3.354772655098846312e-02 2.483507995269940150e-02
