1.400000000000000000e+01 3.399728017744552688e-01 1.689648762973870733e-01 3.018101196856093349e-02 3.860940164840376276e-02
2.000000000000000000e+00 9.146427834972100657e-01 6.287138126027780327e-01 3.846294557098572930e-02 4.917421861430004704e-02
1.000000000000000000e+00 8.866578099464976770e-01 5.140138189384799716e-01 4.161487301544120054e-02 5.195212708719276762e-02
1.000000000000000000e+01 2.649616320782394729e-01 2.328870375740005882e-01 3.260601064873103194e-02 4.203467809322058990e-02
8.000000000000000000e+00 8.781083843975585612e-01 3.595102535937985677e-01 4.022767292202511502e-02 5.645174181002365899e-02
3.000000000000000000e+00 8.133971560696513503e-01 7.565288201555312453e-01 3.919897209403877536e-02 5.109307270211060903e-02
6.000000000000000000e+00 8.094560129177135188e-01 6.253479689023295762e-01 4.128699692494874895e-02 5.269612158197678475e-02
5.000000000000000000e+00 7.819044018892187253e-01 4.904200451519494797e-01 4.112151285533682810e-02 5.678681286006431739e-02
1.500000000000000000e+01 7.631802629455975984e-01 3.309488210733223523e-01 3.848601701152110088e-02 5.424627858979141903e-02
1.000000000000000000e+00 6.889759098496437417e-01 5.566811183096743720e-01 3.673853377840752277e-02 5.074218463355872899e-02
8.000000000000000000e+00 7.364678458353324242e-01 8.423154823687157844e-01 3.761530798122003638e-02 4.956649256587397634e-02
0.000000000000000000e+00 6.926320790872393385e-01 7.191781201907584409e-01 3.734588350424861147e-02 5.028949680676908507e-02
0.000000000000000000e+00 6.555569282344253512e-01 9.162288855715285951e-01 3.662603077456061396e-02 4.721177853187008555e-02
7.000000000000000000e+00 6.342674294369656796e-01 8.098745098210295978e-01 3.615966657838154408e-02 4.961876008193166765e-02
1.000000000000000000e+00 6.605482678992814494e-01 4.155415659700488762e-01 4.049489728739930072e-02 5.257805883666083480e-02
5.000000000000000000e+00 5.900224419317510183e-01 6.673660866960937632e-01 3.828515276892352492e-02 4.682913750134465314e-02
7.000000000000000000e+00 5.566530817524260044e-01 9.015180474939934463e-01 3.793200512629857357e-02 4.987082151602606483e-02
2.000000000000000000e+00 5.961858761845177934e-01 5.155900651074667440e-01 3.875912816198012756e-02 5.167833211826422524e-02
5.000000000000000000e+00 5.870734599165395862e-01 3.727330580849086972e-01 3.865417689253525246e-02 5.036596555039851708e-02
0.000000000000000000e+00 5.657591058042765741e-01 2.050936669853101191e-01 4.103618420284216306e-02 5.568741114858213881e-02
9.000000000000000000e+00 4.822547025985695068e-01 3.256193926377886627e-01 4.074327204800615165e-02 5.673564539980513466e-02
3.000000000000000000e+00 4.834466130564758490e-01 4.858971211386809985e-01 3.828203098895416323e-02 5.173089694669991134e-02
3.000000000000000000e+00 4.834760767131387471e-01 6.326046505003530829e-01 3.684452564117540740e-02 4.994907413392379869e-02
6.000000000000000000e+00 4.938584925351131583e-01 7.485895390687867801e-01 3.722585849723764051e-02 5.044891570386900170e-02
7.000000000000000000e+00 4.489295973667142836e-01 8.672531824320397487e-01 3.756467568324151074e-02 5.050594021797549793e-02
8.000000000000000000e+00 3.320080261512947661e-01 7.725558898618464232e-01 3.986973855011399781e-02 4.674416562370353745e-02
2.000000000000000000e+00 4.025079413450797228e-01 5.692753301055331061e-01 3.803321025978018133e-02 5.206688966511252570e-02
6.000000000000000000e+00 3.501836980855437265e-01 4.292892160020967407e-01 4.094098477939656089e-02 5.458827701824020551e-02
9.000000000000000000e+00 2.886748659782626403e-01 6.491248425168703040e-01 3.847926802053974749e-02 5.333920825565729995e-02
1.500000000000000000e+01 2.663354085177873087e-01 5.257922353002599802e-01 4.201365810809384871e-02 5.519515104427663577e-02
