6.000000000000000000e+00 2.300593659897589849e-01 7.560104236366451680e-01 4.160551731814082776e-02 3.462447764003373507e-02
1.400000000000000000e+01 5.230626029208268468e-01 2.314784456346968000e-01 3.728574878974755258e-02 3.091765927436412875e-02
1.200000000000000000e+01 7.124155771622908695e-01 2.871691506311267461e-01 4.522402264198144284e-02 2.844809701597961205e-02
1.000000000000000000e+00 8.321502129226845401e-01 4.573886952610295431e-01 6.284557548881952727e-02 5.056068687523279648e-02
0.000000000000000000e+00 8.531026204042013728e-01 7.293148149320927143e-01 6.095224636521734407e-02 4.091552254325769855e-02
5.000000000000000000e+00 8.799652755713229801e-01 8.496839477233122384e-01 6.828423793688354060e-02 4.163868202458431700e-02
1.000000000000000000e+00 7.216969197146244630e-01 9.034174691613457986e-01 5.539612436860807954e-02 3.813492833208154131e-02
5.000000000000000000e+00 6.740757497615148530e-01 7.710919792603165845e-01 5.911622026381080364e-02 4.296725026479897291e-02
9.000000000000000000e+00 6.768703494369572304e-01 6.593523380265660094e-01 6.092155663686671385e-02 3.954368586250300854e-02
0.000000000000000000e+00 6.506396580877898961e-01 5.319913921231884668e-01 6.000575650775230585e-02 4.022078163391429317e-02
6.000000000000000000e+00 6.560158928531365508e-01 4.399061488308386725e-01 5.911627849858969164e-02 4.296727938218830589e-02
8.000000000000000000e+00 4.967578806092954880e-01 3.424988582346798482e-01 5.636640313315349760e-02 4.295269157013553718e-02
3.000000000000000000e+00 5.264876523099786265e-01 4.679285496148568591e-01 5.543444285296256213e-02 4.154501138311922359e-02
3.000000000000000000e+00 5.561705304551503026e-01 5.888002339871665214e-01 5.365472978251462077e-02 4.364591837523390527e-02
9.000000000000000000e+00 2.048205730667123081e-01 6.636932457796107521e-01 4.435393681411053945e-02 3.463618283054314961e-02
0.000000000000000000e+00 5.511036097166248648e-01 7.048512579411841950e-01 5.728432883168876888e-02 3.888021702929678192e-02
1.000000000000000000e+00 1.893500236803261072e-01 5.759949885089159505e-01 4.161198137857144430e-02 3.531520034965007770e-02
3.000000000000000000e+00 1.604624433485386525e-01 4.626981492939546414e-01 3.976620095174038250e-02 3.461673241447271732e-02
1.500000000000000000e+01 5.838892951032661482e-01 8.398870526755539689e-01 5.082649952239937097e-02 3.948294698836718464e-02
8.000000000000000000e+00 6.048271730075085451e-01 9.439360634532971694e-01 4.805865872774861547e-02 3.740687712934798181e-02
0.000000000000000000e+00 4.751468377812007593e-01 8.930498150479986297e-01 4.622568995222142707e-02 3.808205115306406707e-02
6.000000000000000000e+00 4.527754380069141105e-01 7.800511670171357270e-01 4.621925500918011576e-02 3.739907366900840913e-02
1.500000000000000000e+01 4.318901606664908299e-01 6.721771503904443446e-01 4.990036272007392082e-02 3.879606777414157381e-02
8.000000000000000000e+00 4.092415051110319668e-01 5.522456810781998238e-01 4.531906180074496415e-02 3.946734006768748415e-02
5.000000000000000000e+00 4.043941440467271886e-01 4.298466877248237616e-01 4.899457897288805874e-02 4.016586623764351049e-02
2.000000000000000000e+00 3.565807410892803953e-01 3.215173624812253661e-01 4.900750709374918079e-02 4.153950819653640103e-02
7.000000000000000000e+00 3.310144940058616925e-01 8.155827969216535855e-01 4.346434233539042680e-02 3.669670400366120688e-02
7.000000000000000000e+00 3.360778333054998956e-01 7.162336239551897465e-01 4.716236724948325021e-02 3.875437167262529847e-02
2.000000000000000000e+00 2.816206865079105004e-01 5.033263851154170521e-01 4.715188498932554317e-02 3.877664647546053001e-02
2.000000000000000000e+00 2.588411774048159364e-01 3.993879621823379078e-01 4.622580642177870347e-02 3.808982549601402923e-02
