3.000000000000000000e+00 8.286432059429712504e-01 4.300737699008845283e-01 4.067856876183273407e-02 3.155175977834157042e-02
1.000000000000000000e+01 3.737626015998253282e-01 7.690700456378515293e-01 3.936233607585176708e-02 2.772184450375658749e-02
2.000000000000000000e+00 3.413783946011486048e-01 7.336132189077442245e-01 3.676697649887722408e-02 3.056345162928486570e-02
9.000000000000000000e+00 2.099698115061594539e-01 4.906046440464518765e-01 5.409369613101064345e-02 3.578394942794438371e-02
6.000000000000000000e+00 2.325855585292599947e-01 3.375937417605385793e-01 5.339767215394561339e-02 3.672323479420486203e-02
2.000000000000000000e+00 2.538667688154989110e-01 2.340758870707843053e-01 5.398243404529534661e-02 3.674587983600421937e-02
5.000000000000000000e+00 3.147669589846494032e-01 1.209746866360361245e-01 5.010371718490325144e-02 3.209886288223015582e-02
2.000000000000000000e+00 4.345132349544544859e-01 1.297816032982841150e-01 4.809085223013614963e-02 3.302023129234162024e-02
7.000000000000000000e+00 4.144826033227526629e-01 2.288226659424913989e-01 5.232334602559945980e-02 3.425943212673154825e-02
1.500000000000000000e+01 3.811204844335250863e-01 3.468391952792692634e-01 4.779024552141447613e-02 3.688542748675094352e-02
7.000000000000000000e+00 3.845555077826170454e-01 4.408614088303638989e-01 4.814681506847801051e-02 3.461345790841596770e-02
3.000000000000000000e+00 3.367008386380125895e-01 5.480939213383653197e-01 5.203164249570485511e-02 4.102142409554754288e-02
0.000000000000000000e+00 5.672111476515775408e-01 1.032555358949175661e-01 4.653697102856790835e-02 3.091407650725562506e-02
8.000000000000000000e+00 5.310456334167568127e-01 2.993570771642192208e-01 4.748651440521622913e-02 3.511214652122895963e-02
9.000000000000000000e+00 4.983477276125427569e-01 5.145315915240225024e-01 4.686022277908902245e-02 3.614181850732123280e-02
5.000000000000000000e+00 8.220682913280192849e-01 6.045303147851015524e-01 4.230226526320979286e-02 3.415298107553788043e-02
1.000000000000000000e+00 4.675232635356557642e-01 6.430517981550174511e-01 4.784333279889291246e-02 4.036601741567835688e-02
6.000000000000000000e+00 5.529644025507752803e-01 7.221543024143994849e-01 4.586431098351839708e-02 3.799307141163965618e-02
5.000000000000000000e+00 5.742664744780857644e-01 5.783633745189895592e-01 4.895260805157919393e-02 3.369941664858144836e-02
3.000000000000000000e+00 6.211188171144241821e-01 4.971225036629265404e-01 4.900713310948923151e-02 3.496206436385773664e-02
8.000000000000000000e+00 6.197883448722444344e-01 3.760519351418356582e-01 4.319180895645780005e-02 3.538919575056959088e-02
7.000000000000000000e+00 6.553610511752225865e-01 2.949862108270159267e-01 4.547174162641476336e-02 3.170336266501577738e-02
0.000000000000000000e+00 6.738518752638128495e-01 2.000369330433303672e-01 4.222893846119268879e-02 3.347161139902676830e-02
3.000000000000000000e+00 7.655472070839306475e-01 2.919539318965443386e-01 4.147841707584121185e-02 3.139894030822532045e-02
2.000000000000000000e+00 7.485386240219362719e-01 3.552592937061405109e-01 4.157767922487631829e-02 3.291640695539815864e-02
8.000000000000000000e+00 7.313967697737719931e-01 4.623795625667858067e-01 4.243896500271671091e-02 3.385983976521167449e-02
0.000000000000000000e+00 8.185288629998863641e-01 5.153119468533318148e-01 4.170226842920887744e-02 3.231284331994144221e-02
1.000000000000000000e+00 7.193215431684510941e-01 5.714559731792051567e-01 4.409832951864967043e-02 3.451779021046008644e-02
1.500000000000000000e+01 6.986830345599973624e-01 6.697269108548671301e-01 4.658989240830435641e-02 3.581383867114984465e-02
1.000000000000000000e+00 8.589693132025294497e-01 3.494851951420260283e-01 4.008399125407424712e-02 2.971972336248546176e-02
