5.000000000000000000e+00 6.064312319639875160e-01 8.946778084499164008e-01 3.220470277255149671e-02 4.155298111902117064e-02
1.000000000000000000e+01 3.292384531280435622e-01 1.943674055652864219e-01 2.474836105000649544e-02 2.952642399708194088e-02
1.200000000000000000e+01 2.521020042546328055e-01 2.604956179650297909e-01 2.333080620558086737e-02 2.936278726483124157e-02
9.000000000000000000e+00 2.934227773155764218e-01 4.894334800759821413e-01 3.694579283854909635e-02 4.718020500609110268e-02
3.000000000000000000e+00 3.632429844084376080e-01 3.867639889449104862e-01 3.435107439474865965e-02 4.621683054229924759e-02
3.000000000000000000e+00 4.231610491335388580e-01 3.212170123816308620e-01 3.617090174732318086e-02 4.655587915373271546e-02
3.000000000000000000e+00 5.339572551457505423e-01 3.502676097130651978e-01 3.387612546367735344e-02 4.621205026476027378e-02
7.000000000000000000e+00 4.478696285518229958e-01 4.462247404521209049e-01 3.458233720020542634e-02 4.495923944851254461e-02
8.000000000000000000e+00 3.672022965426871011e-01 5.414982104814565211e-01 3.416612896770576668e-02 4.323823150562688955e-02
0.000000000000000000e+00 3.056606389090670284e-01 6.158684720856731909e-01 3.421584925555415380e-02 4.368255425178779738e-02
1.000000000000000000e+00 7.109623981315127406e-01 3.075260679487855642e-01 3.498072066900081989e-02 4.633882214480405937e-02
7.000000000000000000e+00 6.266383023447931189e-01 4.176341975711774790e-01 3.436700865321173914e-02 4.524292326359108385e-02
6.000000000000000000e+00 5.480225061127811381e-01 4.780097240538673242e-01 3.333111980980407729e-02 4.645884222041424261e-02
1.500000000000000000e+01 4.714882641804046814e-01 5.806767980389517803e-01 3.312527079623489579e-02 4.320155570394390576e-02
5.000000000000000000e+00 4.053034986667261030e-01 6.830073350838519186e-01 3.400648930367972111e-02 4.464822432908699401e-02
8.000000000000000000e+00 3.141452939504454367e-01 7.478506926035060065e-01 3.434475470579895218e-02 4.621572324637213125e-02
6.000000000000000000e+00 8.053476007695747896e-01 3.632400676289223029e-01 3.723107007947412672e-02 4.999300673309414744e-02
2.000000000000000000e+00 7.283636616547084497e-01 4.318953859028688003e-01 3.668503815132673207e-02 4.752022587736304260e-02
8.000000000000000000e+00 6.425136580660140151e-01 5.343600677982540681e-01 3.478232564752625766e-02 4.637620013414800457e-02
0.000000000000000000e+00 5.464953289715729357e-01 6.073500445185182617e-01 3.347204347194021601e-02 4.462991343546329759e-02
9.000000000000000000e+00 4.869131395098213466e-01 7.009874172975241180e-01 3.415359761867720056e-02 4.428713782798254783e-02
1.000000000000000000e+00 4.084593190661695017e-01 7.729275694500296057e-01 3.539239168892110987e-02 4.593900729346889200e-02
1.500000000000000000e+01 8.203038468568700781e-01 4.789829696557409977e-01 3.580287439126106364e-02 4.648636257528526716e-02
2.000000000000000000e+00 7.380806965521189422e-01 6.016662135030775849e-01 3.434470069136352777e-02 4.621566923193665133e-02
0.000000000000000000e+00 6.288030928894848826e-01 6.449991863285156057e-01 3.580368460779315143e-02 4.649427569008124372e-02
1.000000000000000000e+00 5.195866335678007708e-01 8.209067289783475996e-01 3.585267570076267063e-02 4.697408592034479913e-02
7.000000000000000000e+00 6.077831322621016774e-01 7.744237152980613104e-01 3.471167476593395307e-02 4.628199895869145042e-02
5.000000000000000000e+00 8.319818218195157433e-01 6.317095016331542023e-01 3.415359761867731159e-02 4.428719184241802775e-02
6.000000000000000000e+00 7.671679291744094575e-01 7.330368555753224991e-01 3.561344576607439194e-02 4.456817493572318156e-02
2.000000000000000000e+00 6.818109693526682724e-01 8.085718034443207802e-01 3.572817242700865314e-02 4.695058964091602949e-02
