5.000000000000000000e+00 6.503303270055172947e-01 1.729391688127035476e-01 5.080024946916950057e-02 3.478716792040092987e-02
1.200000000000000000e+01 7.314514155587168442e-01 7.405154890652443367e-01 3.231229223650255999e-02 2.582473811491869942e-02
1.600000000000000000e+01 8.310445150170756579e-01 7.437986795667197448e-01 2.992842936864459347e-02 2.287659013288401155e-02
1.000000000000000000e+00 8.457303475371438228e-01 6.075075106083046572e-01 4.862578110755433336e-02 3.600222718394197052e-02
1.000000000000000000e+00 8.886151680056757485e-01 4.965360703166237788e-01 4.485125145816015735e-02 3.694450246203462296e-02
6.000000000000000000e+00 9.182196946652306790e-01 4.015503992468103522e-01 4.573881726155915040e-02 3.364714687176251218e-02
3.000000000000000000e+00 8.200171771675172083e-01 3.096448291917936468e-01 4.754437129459532230e-02 3.565805228190388476e-02
2.000000000000000000e+00 7.615940176771304193e-01 4.125052859186417731e-01 4.666132927204946768e-02 3.565296302844395138e-02
1.500000000000000000e+01 7.242860576971710262e-01 5.157518756149414019e-01 4.488303101865387390e-02 3.630455711308777644e-02
6.000000000000000000e+00 7.008129222379007039e-01 6.047101458968333620e-01 4.932170824455961444e-02 3.500648647089044108e-02
2.000000000000000000e+00 7.233039448739397859e-01 2.348759771654062578e-01 5.007836713951896446e-02 3.701134132414066191e-02
5.000000000000000000e+00 6.609333907583057055e-01 4.432404891920103118e-01 4.780618511147471938e-02 3.254096935863215467e-02
9.000000000000000000e+00 6.023556310572606431e-01 5.446317632658885799e-01 4.734611659870358036e-02 3.551003982711309348e-02
8.000000000000000000e+00 5.265537736730434570e-01 6.440446748781382125e-01 4.919029241077388370e-02 3.458583139880300195e-02
8.000000000000000000e+00 3.839920507058470767e-01 6.459109323954983495e-01 4.859739438270055389e-02 3.699525362848143928e-02
9.000000000000000000e+00 4.518274310498610058e-01 5.479455741090142329e-01 4.633095190161368171e-02 3.309134384668543927e-02
2.000000000000000000e+00 5.211414798498215095e-01 4.590755316905749117e-01 4.711079517344590739e-02 3.643503991707247591e-02
7.000000000000000000e+00 5.947030337241941966e-01 3.564208363084718778e-01 5.005925416541434636e-02 3.422384410965539914e-02
5.000000000000000000e+00 6.041964140336910649e-01 2.689597678472093190e-01 4.561384781548938339e-02 3.587471311114215355e-02
0.000000000000000000e+00 5.249928289528292824e-01 1.774171039743260292e-01 5.201033257377191132e-02 3.702245286086133791e-02
0.000000000000000000e+00 4.804093429107335611e-01 2.774797577484325872e-01 4.937633289836207418e-02 4.033897797249880179e-02
7.000000000000000000e+00 4.307351331800030048e-01 3.748375864031463500e-01 5.201700515053048202e-02 3.767681776127773663e-02
3.000000000000000000e+00 3.854534722472905406e-01 4.654021098978603499e-01 4.752036698244305191e-02 3.432676012406582489e-02
1.500000000000000000e+01 3.858633409294063288e-01 1.909787204051116016e-01 4.635376872129204351e-02 3.531981484223564727e-02
8.000000000000000000e+00 3.326084738324716072e-01 2.856264650451905140e-01 4.633666317494083975e-02 3.365056798103277513e-02
3.000000000000000000e+00 2.716365031148669229e-01 3.961502772214465784e-01 4.934786135261723383e-02 3.755880362826968799e-02
6.000000000000000000e+00 2.095366972832971020e-01 4.874593019500770286e-01 4.860884520298527911e-02 3.811373017080660341e-02
1.000000000000000000e+00 2.352879805066120933e-01 2.130832707881353261e-01 4.931365025991488182e-02 3.421940514969315505e-02
0.000000000000000000e+00 1.686861786540068131e-01 3.204229774004163644e-01 5.527573896176823931e-02 3.704269678017946266e-02
7.000000000000000000e+00 1.391851334814688534e-01 4.057175930742630277e-01 5.081167201582385828e-02 3.589716237362616802e-02
