0 0.428187 0.534674 0.038792 0.036792
12 0.782007 0.743118 0.032319 0.031319
6 0.373542 0.257750 0.034972 0.033083
7 0.476757 0.254861 0.034486 0.035639
15 0.586104 0.250000 0.034708 0.034250
2 0.649958 0.336312 0.035194 0.034708
3 0.538188 0.342792 0.035625 0.032861
2 0.322972 0.350549 0.035194 0.035403
6 0.212833 0.357028 0.038417 0.037722
5 0.151500 0.446118 0.038861 0.037264
15 0.264792 0.443111 0.036333 0.035861
3 0.375264 0.438715 0.038417 0.035875
9 0.492569 0.437111 0.038778 0.035194
8 0.594736 0.434903 0.037583 0.036389
1 0.706306 0.427715 0.036778 0.037986
5 0.657715 0.523681 0.037986 0.036389
9 0.543153 0.527479 0.038389 0.035181
5 0.320625 0.536083 0.035583 0.036389
0 0.206264 0.538271 0.036389 0.036792
3 0.087889 0.548875 0.036389 0.037194
7 0.145875 0.643243 0.040389 0.041181
1 0.259042 0.636049 0.038000 0.039597
2 0.372604 0.631646 0.037986 0.042792
7 0.491569 0.623653 0.036000 0.036389
0 0.606333 0.627847 0.039194 0.039194
6 0.553153 0.726618 0.040778 0.045597
8 0.324625 0.736618 0.040389 0.039986
12 0.769014 0.834924 0.035000 0.037653
8 0.202861 0.745410 0.041583 0.040792
1 0.269965 0.260417 0.036097 0.034250
