3.000000000000000000e+00 7.537026345768771396e-01 2.068947895972951811e-01 4.787256700431896661e-02 3.285214144317349927e-02
1.600000000000000000e+01 3.758683946201687998e-01 7.490985701564223387e-01 3.911755851528952999e-02 3.315572853339066040e-02
1.300000000000000000e+01 1.818077559057214576e-01 7.262944375178093104e-01 3.565935438999773277e-02 3.120585734781511356e-02
5.000000000000000000e+00 6.356796150988580640e-01 6.610192243856358729e-01 5.427250787417303712e-02 4.230222402440320106e-02
2.000000000000000000e+00 5.208704232183268834e-01 6.379036453705771992e-01 5.211108597658248298e-02 4.120487857129728759e-02
7.000000000000000000e+00 3.964436957313780541e-01 5.732896168520171809e-01 5.425853252685697292e-02 4.068640204972739927e-02
0.000000000000000000e+00 2.349382592623735500e-01 5.215737111510215795e-01 5.282595601529802010e-02 4.121084690144072304e-02
2.000000000000000000e+00 7.773521427702632103e-01 6.153474643486163131e-01 5.003528893421804735e-02 3.752667352398530998e-02
9.000000000000000000e+00 6.375727280556933163e-01 5.595671258199372833e-01 4.946268379471363552e-02 3.886222035143005460e-02
6.000000000000000000e+00 5.169553463751734856e-01 4.989323632397614783e-01 5.064057215856715422e-02 3.842000254322763819e-02
5.000000000000000000e+00 3.959705873827550349e-01 4.539501373845369891e-01 5.183595186620754136e-02 3.842990051648531580e-02
7.000000000000000000e+00 8.635906723384416672e-01 5.656308310609182710e-01 4.703918720221056393e-02 3.660477334014555773e-02
0.000000000000000000e+00 7.764419428771994758e-01 5.235415168732162616e-01 4.705880587159283479e-02 3.794617031297831122e-02
8.000000000000000000e+00 6.468318240723328616e-01 4.535620925135523951e-01 4.706583786453411022e-02 3.839825654824946533e-02
1.000000000000000000e+00 5.346374699031607447e-01 3.847243919826154324e-01 5.065055877039137400e-02 3.842795046802255365e-02
6.000000000000000000e+00 3.858699863620790871e-01 3.411915839665823347e-01 5.241174799410552865e-02 3.664924035433297922e-02
9.000000000000000000e+00 2.639096417607185718e-01 2.793186735704363266e-01 5.419125585489351082e-02 3.666560894294412787e-02
5.000000000000000000e+00 8.741249523187484272e-01 4.817197138791712852e-01 4.893936169817569848e-02 3.594689789968075200e-02
3.000000000000000000e+00 7.553764852664129892e-01 3.985347533802726105e-01 4.585444412254857660e-02 3.592136999253259244e-02
1.000000000000000000e+00 6.544859120194079782e-01 3.485691048131243086e-01 5.204537525262686870e-02 3.673832211365218869e-02
8.000000000000000000e+00 5.272430929558918900e-01 2.961352267235859981e-01 5.101391780060948733e-02 3.673767209749789764e-02
3.000000000000000000e+00 3.844477510166103285e-01 2.275511506775565462e-01 4.999215149852781481e-02 3.672919234130400667e-02
1.000000000000000000e+00 2.679363441052675099e-01 1.582838781072360423e-01 5.096262561680239833e-02 3.287409426147336333e-02
7.000000000000000000e+00 8.929982304493733203e-01 3.693071611054976611e-01 5.512396994384471949e-02 3.600238564230145988e-02
0.000000000000000000e+00 7.632625698881727594e-01 3.009656444966591904e-01 4.894917103286688942e-02 3.594695699205846529e-02
8.000000000000000000e+00 6.214688437501914020e-01 2.552404944964259403e-01 4.583175264952799033e-02 3.437403608356220941e-02
2.000000000000000000e+00 5.492318098752044797e-01 2.063502385640838266e-01 4.897186250588758671e-02 3.748649070717796628e-02
1.500000000000000000e+01 4.098717146724946137e-01 1.207561556935472930e-01 4.785359835109070925e-02 3.130687576742116618e-02
3.000000000000000000e+00 5.493591539490569886e-01 1.081703508649990431e-01 4.269152460841285635e-02 3.126051779714854317e-02
0.000000000000000000e+00 6.531802363888694618e-01 1.371606429241945257e-01 4.689742458820933546e-02 3.670360534177814771e-02
