1.500000000000000000e+01 7.698158938057182432e-01 6.146647650597376611e-01 3.665100595456582955e-02 4.315504250109369888e-02
8.000000000000000000e+00 5.778301535426177971e-01 7.538144893056062390e-01 4.303352063619891865e-02 6.309337009653837036e-02
6.000000000000000000e+00 3.394368780350295323e-01 8.466115586853949493e-01 3.850819706772906637e-02 5.451696304380249103e-02
0.000000000000000000e+00 6.375398614715506174e-01 6.032211781430814046e-01 3.977796540378164547e-02 5.461030425853241610e-02
1.000000000000000000e+00 5.106839889937675458e-01 6.488362476247433452e-01 3.960724242416013841e-02 5.120981996812434822e-02
5.000000000000000000e+00 3.887303706582923568e-01 6.780845993617066192e-01 3.900224987434453006e-02 5.200301900296955271e-02
2.000000000000000000e+00 2.651673783965122766e-01 7.045982778020558612e-01 3.883026164104222411e-02 4.861006872311568472e-02
0.000000000000000000e+00 1.684919182820137640e-01 7.471260132793255959e-01 3.581300543711121720e-02 5.171655406731379134e-02
7.000000000000000000e+00 6.664580970208680011e-01 4.472571095292570686e-01 4.020171036381203766e-02 5.042918720279099265e-02
7.000000000000000000e+00 5.386066855644788820e-01 4.932017344611382414e-01 3.836099630426570428e-02 5.193268240061926777e-02
3.000000000000000000e+00 4.266498221836988458e-01 5.264932330910968572e-01 3.904756896073219297e-02 5.285729528368277030e-02
6.000000000000000000e+00 3.235578149391283853e-01 5.830726459020187935e-01 4.083761536151270244e-02 5.048385191295778895e-02
2.000000000000000000e+00 2.159452432052741400e-01 6.025520027247269761e-01 3.742324203638047742e-02 4.593164170376939914e-02
9.000000000000000000e+00 1.301352928541001652e-01 6.195541366191130717e-01 3.622058965694513466e-02 4.750055626805194109e-02
0.000000000000000000e+00 6.812141755855807279e-01 3.198603698586661159e-01 4.072587045687914298e-02 4.795052648619524405e-02
8.000000000000000000e+00 5.662211059514220546e-01 3.645894598281795296e-01 3.836922045319135499e-02 5.195226507690742235e-02
6.000000000000000000e+00 4.544182584505228606e-01 3.968696900758176271e-01 3.960727117992562940e-02 5.120987747965516368e-02
1.000000000000000000e+00 3.475158534787068376e-01 4.378104236123214754e-01 3.763790382564669024e-02 5.018329665221948899e-02
0.000000000000000000e+00 2.496705369352966164e-01 4.798029424046993396e-01 3.361963066978682080e-02 4.640890114334789152e-02
5.000000000000000000e+00 1.418742589937092291e-01 5.054803600514050643e-01 3.417018855555942203e-02 4.476611301756155958e-02
2.000000000000000000e+00 6.133091032522131059e-01 2.153788265148423864e-01 3.688548046624395838e-02 4.587781091080139761e-02
3.000000000000000000e+00 5.064152531206256302e-01 2.459308496353525553e-01 3.849588960010608130e-02 4.604068356644833160e-02
5.000000000000000000e+00 3.909027105831721638e-01 2.999700931473290311e-01 3.627795740906653021e-02 4.441345230978366310e-02
9.000000000000000000e+00 2.850616377813676161e-01 3.179635676785618759e-01 3.243161497497798473e-02 4.192190901025549810e-02
1.500000000000000000e+01 1.756275464614209803e-01 3.505894709829676104e-01 3.300327959260881960e-02 4.267608647135223698e-02
1.500000000000000000e+01 5.032317885922527045e-01 1.405045212389849918e-01 3.732501234151991421e-02 4.381829423176035465e-02
7.000000000000000000e+00 4.113630272113908415e-01 1.799209547813398480e-01 3.618700292287102549e-02 4.230162889334473930e-02
3.000000000000000000e+00 3.318232571440242751e-01 1.862950440236889327e-01 3.300327959260879185e-02 4.267614398288316346e-02
8.000000000000000000e+00 2.304139797834839909e-01 2.326149173171281059e-01 3.342967008306307886e-02 4.060567135719633791e-02
1.300000000000000000e+01 8.235354019613849719e-01 4.977982860606880444e-01 2.935451802309485547e-02 3.533807521453613543e-02
