1.400000000000000000e+01 3.753363924696263565e-01 7.512991633242339651e-01 3.505580847565531455e-02 2.738975063641313490e-02
2.000000000000000000e+00 2.930350737063027733e-01 1.460902482139753711e-01 4.464852834539068116e-02 3.490548409080826420e-02
1.000000000000000000e+00 2.299354146026102996e-01 2.131981167726645643e-01 4.718129181841448916e-02 3.776043293300695991e-02
1.000000000000000000e+01 4.761744486247768138e-01 7.797686856506553799e-01 3.816425766738151815e-02 2.959258312115053968e-02
8.000000000000000000e+00 1.238127141440381607e-01 2.824049536518031811e-01 5.122623224069612624e-02 3.652879852961721241e-02
3.000000000000000000e+00 4.593362148524023914e-01 1.675820877320526037e-01 4.638683958919675998e-02 3.557784161319516025e-02
6.000000000000000000e+00 3.668283156635913089e-01 2.239300903690694677e-01 4.784711819158543600e-02 3.746771869996365356e-02
5.000000000000000000e+00 2.887094423029435974e-01 2.989699182035727709e-01 5.153778425123017870e-02 3.733536846957041799e-02
1.500000000000000000e+01 1.863501006743188138e-01 3.775988014497945189e-01 4.922335547720324556e-02 3.494890813662848705e-02
1.000000000000000000e+00 4.042344337516315944e-01 3.395112038210409966e-01 4.605188879200877716e-02 3.335592845698787112e-02
8.000000000000000000e+00 5.774594027132635699e-01 1.885317609005440764e-01 4.499783687556579981e-02 3.414166349117775390e-02
0.000000000000000000e+00 5.197147596963838101e-01 2.706026272541353084e-01 4.564566210606285646e-02 3.390306063903536504e-02
0.000000000000000000e+00 6.898369739806884393e-01 2.172167976569827630e-01 4.286474195105183238e-02 3.324098562843072480e-02
7.000000000000000000e+00 6.279513664551203966e-01 2.760546659914912548e-01 4.503427097243173360e-02 3.282965816892369215e-02
1.000000000000000000e+00 3.222348297926881933e-01 4.177203527772567204e-01 4.773573780805506761e-02 3.675366437783011975e-02
5.000000000000000000e+00 5.564211677011676738e-01 3.663206537531485951e-01 4.253294877559243847e-02 3.473621397559084611e-02
7.000000000000000000e+00 7.508287856395842175e-01 2.951144890614340599e-01 4.527511384682592066e-02 3.442884513914146183e-02
2.000000000000000000e+00 4.416173149823372501e-01 4.237196856259795585e-01 4.690970936155347548e-02 3.518259913274890405e-02
5.000000000000000000e+00 3.443693802735913190e-01 4.885874644623583452e-01 4.572673471864469041e-02 3.508333645995403982e-02
0.000000000000000000e+00 2.379494450551425111e-01 5.724295811821444868e-01 5.054394305338577587e-02 3.725572623264339356e-02
9.000000000000000000e+00 3.860925475110622562e-01 5.839959225850004376e-01 5.148747820933513575e-02 3.699404845248588369e-02
3.000000000000000000e+00 5.017456520396190722e-01 5.177836176213870267e-01 4.695345726601263259e-02 3.475402620072531867e-02
3.000000000000000000e+00 6.083761898320632078e-01 4.579489663730650362e-01 4.533572938872298952e-02 3.345009035622154014e-02
6.000000000000000000e+00 6.851684707376004546e-01 4.031137749084736654e-01 4.578945534169409637e-02 3.379621427644846632e-02
7.000000000000000000e+00 8.039980347720333542e-01 3.873961055204874770e-01 4.584235225269961411e-02 3.410112718488689243e-02
8.000000000000000000e+00 8.199015720304758670e-01 5.110029488183182034e-01 4.247006622322369029e-02 3.616602287771170099e-02
2.000000000000000000e+00 6.210239492063414080e-01 5.426299174496956867e-01 4.725653497549775484e-02 3.453040181062783098e-02
6.000000000000000000e+00 5.571833150311644722e-01 6.377409384008116966e-01 4.955107343145781496e-02 3.716315663838398731e-02
9.000000000000000000e+00 7.615790842373016956e-01 5.928281414061530308e-01 4.840720471918524836e-02 3.493679042589303840e-02
1.500000000000000000e+01 6.881118869646338787e-01 6.593514046394626238e-01 5.010924379544479113e-02 3.813349109669483816e-02
