1.400000000000000000e+01 3.004173017307584237e-01 2.698979535508873040e-01 3.599791818026165657e-02 4.313773723573069430e-02
1.400000000000000000e+01 2.748321922837879683e-01 2.031509262266066873e-01 3.268155051565752034e-02 4.400985848773189546e-02
3.000000000000000000e+00 5.028034149809887943e-01 1.997915728075189690e-01 4.202039816159924834e-02 5.911181887589264661e-02
2.000000000000000000e+00 7.501545450012422345e-01 2.332342137804772619e-01 4.322539389086910155e-02 6.134420173885390959e-02
6.000000000000000000e+00 8.764809466282679207e-01 2.538889922904092877e-01 3.882053801675144911e-02 5.441139417422358182e-02
9.000000000000000000e+00 4.490384196345801326e-01 3.475417316291125047e-01 4.161276711367373204e-02 5.495014702680245389e-02
5.000000000000000000e+00 5.548487477140968682e-01 3.725171232317325276e-01 3.882047990826265060e-02 5.440169005661799062e-02
1.000000000000000000e+00 6.700187262784941256e-01 3.948780541313525738e-01 3.900700815685009815e-02 5.067780756106587958e-02
5.000000000000000000e+00 7.803887984086423923e-01 4.029264575154547501e-01 3.868514523818167294e-02 5.244692049821314539e-02
5.000000000000000000e+00 9.082060023663951487e-01 4.019197134223586598e-01 3.569296483179229540e-02 5.110871105869818631e-02
1.000000000000000000e+00 3.870496494853038483e-01 4.764045833131168584e-01 4.080959158346358917e-02 5.228578565916869314e-02
1.500000000000000000e+01 4.771422851037333546e-01 4.776634746656156505e-01 3.920553580834501561e-02 5.121478810474061616e-02
7.000000000000000000e+00 5.914345204198518946e-01 5.029546859040837647e-01 4.000746200604921032e-02 5.334362164091599467e-02
1.500000000000000000e+01 7.335399915991083208e-01 5.248816045019284449e-01 3.601680343907509574e-02 5.067475686541139668e-02
7.000000000000000000e+00 8.333907421362581891e-01 5.303648812899000031e-01 3.639758836524120689e-02 4.852976916938955831e-02
7.000000000000000000e+00 9.306398884735233024e-01 5.348990866597671534e-01 3.833841188636832875e-02 4.743860796939769475e-02
8.000000000000000000e+00 3.065599936480041254e-01 5.918757962827094765e-01 4.066655753863546163e-02 4.936316111370120385e-02
8.000000000000000000e+00 4.261216955680827700e-01 6.151472000368439774e-01 4.000220318782571338e-02 5.112896186699500412e-02
1.000000000000000000e+00 5.262657922830927815e-01 6.130125265975585602e-01 3.701255050069285346e-02 4.846201467161603826e-02
0.000000000000000000e+00 6.403998127117218608e-01 6.300496158749583353e-01 3.633512173993536098e-02 4.801359146465378203e-02
6.000000000000000000e+00 7.615408161907514240e-01 6.472116965114580456e-01 3.832679018863704989e-02 4.581064055119699052e-02
3.000000000000000000e+00 8.677645861670592042e-01 6.400003749606971715e-01 3.368543276568747302e-02 4.711110852732969256e-02
0.000000000000000000e+00 3.422683717564125594e-01 7.388920448925714313e-01 3.842383136469340599e-02 4.817687631777856083e-02
9.000000000000000000e+00 4.601564910946951970e-01 7.325893076704436124e-01 3.967037466335276985e-02 4.891194869928328082e-02
6.000000000000000000e+00 6.822778450761126656e-01 7.720306186715124586e-01 3.583899146378621836e-02 4.372309309621214002e-02
3.000000000000000000e+00 7.964726760381208859e-01 7.462054049494132313e-01 3.472429632588835968e-02 4.409150091429414609e-02
0.000000000000000000e+00 7.242794451416314505e-01 8.665141495996598886e-01 3.335735223873281807e-02 4.384105332818477585e-02
2.000000000000000000e+00 6.224127077532770613e-01 8.649130864117071660e-01 3.541683329369660349e-02 4.477299726925776380e-02
2.000000000000000000e+00 4.970300460905216489e-01 8.529364910859364990e-01 3.733731884379409838e-02 4.448007237794027180e-02
8.000000000000000000e+00 4.059725190179509502e-01 8.629740642537282458e-01 3.518500947820141223e-02 4.292049865088842786e-02
