6.000000000000000000e+00 9.026168395630127517e-01 3.671831649841751366e-01 4.278220561165813063e-02 3.449197317223212655e-02
1.400000000000000000e+01 3.099635276575121168e-01 7.316178577837596508e-01 3.831488618550754621e-02 3.081332102738199019e-02
1.200000000000000000e+01 1.760028764089060227e-01 6.146734116319456653e-01 4.466627845079895742e-02 2.965976380164925263e-02
1.000000000000000000e+00 1.764841579760684787e-01 4.201592902907210769e-01 6.424108336240427763e-02 5.059118591290340250e-02
0.000000000000000000e+00 3.293612289570846396e-01 1.698780725884213028e-01 6.066643323897730200e-02 4.212611589303752457e-02
5.000000000000000000e+00 3.813258801616754567e-01 5.284737009116556583e-02 6.721405795442386699e-02 4.369385660759544932e-02
1.000000000000000000e+00 5.565743333298454054e-01 6.103692598410368625e-02 5.531341917877263814e-02 3.908663180231507217e-02
5.000000000000000000e+00 5.156035845449168376e-01 1.961134065038687146e-01 5.947270545318711354e-02 4.364085501150519186e-02
9.000000000000000000e+00 4.425987564271000041e-01 2.949108536505236633e-01 6.038635761988192519e-02 4.097082235738280787e-02
0.000000000000000000e+00 3.856578409863729018e-01 4.179613279324806419e-01 5.971322852084148813e-02 4.142211579216559247e-02
6.000000000000000000e+00 3.227496550643454420e-01 4.982900290167557866e-01 5.947267602420547306e-02 4.364088444048691562e-02
8.000000000000000000e+00 4.035102705989361271e-01 6.418075507928064916e-01 5.710920507273264946e-02 4.331016154383948713e-02
3.000000000000000000e+00 4.561076596251470994e-01 5.192398295270983510e-01 5.602192191384886000e-02 4.199459777369984881e-02
3.000000000000000000e+00 5.058707728502177536e-01 4.007593229595555195e-01 5.495088355287852666e-02 4.360698225353765167e-02
9.000000000000000000e+00 8.669031810723499820e-01 4.585856093155378232e-01 4.511451127148213835e-02 3.479962374720568796e-02
0.000000000000000000e+00 5.836254239042728553e-01 2.989181392343184807e-01 5.709499087455849331e-02 3.994957783349428748e-02
1.000000000000000000e+00 8.253805358786051594e-01 5.423959502264918964e-01 4.294453587486390944e-02 3.509400185142019790e-02
3.000000000000000000e+00 7.796869211047001702e-01 6.538294664021545577e-01 4.123800808248179184e-02 3.429476956567989454e-02
1.500000000000000000e+01 6.395553213922615665e-01 1.666870145273141868e-01 5.165427844880765562e-02 3.969919605696148324e-02
8.000000000000000000e+00 6.865128815023571196e-01 6.633395140657283306e-02 4.885693601973428724e-02 3.760085080186671702e-02
0.000000000000000000e+00 7.702144087533758787e-01 1.578073637273700036e-01 4.744722893705022315e-02 3.798486958442165440e-02
6.000000000000000000e+00 7.188897054709284529e-01 2.666617239444830090e-01 4.729249135112978397e-02 3.739240532429474739e-02
1.500000000000000000e+01 6.694715587696611347e-01 3.704119951433287872e-01 5.071990827897709941e-02 3.900373036079024525e-02
8.000000000000000000e+00 6.140197645188083531e-01 4.855560939090152184e-01 4.700043813647170055e-02 3.909837396602405812e-02
5.000000000000000000e+00 5.411134940607951194e-01 5.965853588771856675e-01 5.024616053113672987e-02 4.008845319826381814e-02
2.000000000000000000e+00 5.154561894899374330e-01 7.103002097163211292e-01 5.056493526120292570e-02 4.128568303287938335e-02
7.000000000000000000e+00 8.500494975271448705e-01 2.781484588066356345e-01 4.481280535081744176e-02 3.649025988945520105e-02
7.000000000000000000e+00 7.828371170246795074e-01 3.650752847390008604e-01 4.838689632359149950e-02 3.866812225317617369e-02
2.000000000000000000e+00 6.971231771452086612e-01 5.745418744044336057e-01 4.838295284004012764e-02 3.868645650879209974e-02
2.000000000000000000e+00 6.518800612235797765e-01 6.754498209756365501e-01 4.744899467595375953e-02 3.799163825021878438e-02
