6.000000000000000000e+00 4.802061761826715847e-01 4.156654312792411043e-01 4.920917171511812738e-02 3.843999790205943068e-02
1.400000000000000000e+01 3.352675091360030057e-01 7.014303986368879418e-01 4.074919197997045606e-02 3.176563154324429927e-02
1.200000000000000000e+01 3.450480572004941404e-01 7.361888052453596787e-01 3.326282558596471706e-02 2.618701528419231650e-02
8.000000000000000000e+00 6.591412817278397007e-01 7.117643965755073854e-01 5.333782429524447366e-02 3.948973447783810098e-02
3.000000000000000000e+00 7.617285466463390442e-01 6.339987394797819142e-01 4.645656687009902530e-02 3.946228483560842992e-02
9.000000000000000000e+00 6.337029625101084918e-01 6.287975133534859928e-01 5.128091223844322144e-02 4.051476637561002292e-02
3.000000000000000000e+00 5.079149486945897518e-01 6.422277177411978011e-01 5.266527976202017847e-02 4.156017326555239144e-02
0.000000000000000000e+00 3.746353898412220773e-01 6.297679855500017965e-01 5.406458894652221847e-02 4.311563412616015167e-02
5.000000000000000000e+00 1.971721369422624326e-01 5.311913963472421063e-01 5.682180646337978147e-02 4.106036338817276032e-02
9.000000000000000000e+00 4.900849911364844047e-01 5.301647514292566754e-01 5.057112674730762647e-02 3.638028428383488500e-02
2.000000000000000000e+00 3.495360595557256422e-01 4.871142889794415343e-01 5.470764633829983126e-02 3.847115466092004832e-02
6.000000000000000000e+00 8.893860225906915495e-01 5.746549051661113960e-01 4.712237633646709778e-02 3.688931950489171552e-02
7.000000000000000000e+00 7.475826706586423676e-01 5.123474150468567689e-01 4.573274527324611149e-02 3.532729336902906692e-02
8.000000000000000000e+00 6.260622555504120612e-01 4.822793174867084920e-01 4.919106061096656379e-02 3.741423024068146752e-02
8.000000000000000000e+00 8.517767300985789047e-01 4.456337762735553265e-01 4.822670091210201626e-02 3.740282590478594127e-02
5.000000000000000000e+00 7.049336521517843845e-01 4.068410929167464718e-01 4.591108305193736250e-02 3.664838522247693131e-02
1.500000000000000000e+01 3.428594576074917022e-01 3.447302073226361507e-01 4.987073639145056525e-02 3.617022377427819846e-02
3.000000000000000000e+00 8.271156319363472953e-01 3.430482658682706409e-01 4.654304739242232092e-02 3.305910396286110275e-02
1.000000000000000000e+00 7.166437544227116652e-01 3.143333507742384070e-01 4.822222973326462103e-02 3.678322805260458850e-02
0.000000000000000000e+00 5.867489628450495154e-01 3.201824592036522921e-01 5.070758259764873710e-02 3.617438366851305487e-02
6.000000000000000000e+00 4.584288468775558067e-01 2.881111603299518764e-01 4.906349052109992837e-02 3.740613684101362635e-02
2.000000000000000000e+00 5.843372146398809752e-01 2.552893259807750281e-01 4.740134393759998233e-02 3.739954326715858035e-02
1.500000000000000000e+01 7.934343549486830849e-01 2.371016458170781549e-01 4.406805181572470698e-02 3.366786345115188595e-02
1.000000000000000000e+00 6.826456180081978964e-01 1.735787166683593896e-01 4.642125021700371779e-02 3.533003833325204512e-02
2.000000000000000000e+00 3.179835447708636020e-01 2.034998030002783675e-01 5.608041143577979781e-02 3.640779052326487131e-02
7.000000000000000000e+00 4.511028062031908759e-01 1.664649720929697874e-01 4.780292937355828942e-02 3.585217580621849476e-02
0.000000000000000000e+00 5.693710471271244966e-01 1.336629043160581787e-01 4.504044831705666940e-02 3.480795745748609116e-02
7.000000000000000000e+00 1.923288032131594272e-01 1.816696826564211387e-01 5.566179024247899787e-02 3.558036775094547410e-02
1.000000000000000000e+00 3.158680263129722832e-01 1.295953625631428296e-01 5.152801561570968802e-02 3.679720756112146718e-02
5.000000000000000000e+00 4.641289490274236318e-01 6.394976955997298818e-02 4.762971364150975218e-02 3.500239713971211447e-02
