9.000000000000000000e+00 1.543896877740661977e-01 3.529023985008449271e-01 3.495378289293751828e-02 4.824143577623551948e-02
7.000000000000000000e+00 1.394859471531205708e-01 7.984191270693636877e-01 3.492837860917820392e-02 4.815237644055658794e-02
5.000000000000000000e+00 1.539153493803739059e-01 6.207533448064994630e-01 3.577971080015779348e-02 4.770664673459779070e-02
0.000000000000000000e+00 1.502795777811048450e-01 4.948522260552358221e-01 3.553822576192297578e-02 4.804192554321207176e-02
3.000000000000000000e+00 2.533304670830067717e-01 8.731083852973303694e-01 3.705318712910593559e-02 5.097900716783954067e-02
8.000000000000000000e+00 2.330285038084857763e-01 7.354254814511059779e-01 3.673854930104603067e-02 5.171677066301327841e-02
6.000000000000000000e+00 2.437406675174146331e-01 5.600870780026458995e-01 3.575035153131320143e-02 4.903915915478218590e-02
1.000000000000000000e+00 2.431914009208845373e-01 4.199970605332182805e-01 3.680350343565794158e-02 5.235095396485928143e-02
8.000000000000000000e+00 2.279185187358135911e-01 2.810138326490728145e-01 3.799011443525179832e-02 5.065342817666063091e-02
9.000000000000000000e+00 3.031709726136215810e-01 9.554628953850958784e-01 3.415268189939113519e-02 4.990717734123084615e-02
7.000000000000000000e+00 3.393848368495251400e-01 8.066788680376346665e-01 3.727221247101719648e-02 5.122098297064703321e-02
1.500000000000000000e+01 3.341133036269471335e-01 6.331256351563427920e-01 3.680494686087154577e-02 4.996139239225350082e-02
6.000000000000000000e+00 3.362635308648863619e-01 5.028316538470262165e-01 3.675399395083150944e-02 5.083154684801843848e-02
2.000000000000000000e+00 3.444461063212383989e-01 1.931106661319707818e-01 3.779453031880941616e-02 4.973538087230855442e-02
8.000000000000000000e+00 4.310227361985404793e-01 8.996232692844852163e-01 3.801829009542118110e-02 5.342896165138222297e-02
7.000000000000000000e+00 4.344483162182055658e-01 7.276070533076401947e-01 3.959090186563535285e-02 5.224142685965149635e-02
5.000000000000000000e+00 4.224738627257338397e-01 5.554341679581112912e-01 3.729891583746869355e-02 5.131838530406040988e-02
1.500000000000000000e+01 4.374035416977678503e-01 4.106355530994086900e-01 3.786176506525879004e-02 5.094436496271320669e-02
5.000000000000000000e+00 4.479595123643332899e-01 2.575010132896614623e-01 3.981714433361455141e-02 5.491759494266912345e-02
3.000000000000000000e+00 4.442266271166934732e-01 8.257413036959783403e-02 3.949211384401674074e-02 4.990163458841065380e-02
2.000000000000000000e+00 5.533050291625427608e-01 6.505173500809571241e-01 3.923327883471450228e-02 5.322145484267537530e-02
1.000000000000000000e+00 5.272489811822862471e-01 4.850159472001698280e-01 3.860723645107311253e-02 5.236983396665312318e-02
1.000000000000000000e+00 5.309828912618276275e-01 3.399481624076357011e-01 4.001555756347552339e-02 5.380454089196012868e-02
2.000000000000000000e+00 5.374875137758773347e-01 1.650681908070139592e-01 3.972438982938863994e-02 5.159921811361795063e-02
3.000000000000000000e+00 6.502158762908453182e-01 7.286572317560449097e-01 4.052756935524270965e-02 5.517285025744145255e-02
0.000000000000000000e+00 6.645750991842136468e-01 5.980778852820001212e-01 4.261124025658291625e-02 5.567377654356830963e-02
6.000000000000000000e+00 6.794580256135791529e-01 4.135023687846381968e-01 4.338595543722467696e-02 5.511615251505158630e-02
0.000000000000000000e+00 6.403942626359495627e-01 2.657316115028698911e-01 4.246250972257381573e-02 5.530134396995600721e-02
1.200000000000000000e+01 7.738033576357384868e-01 5.086167288920978580e-01 2.701555045674308708e-02 3.807316912204222747e-02
1.600000000000000000e+01 8.299066109173605099e-01 3.087375130813545532e-01 2.856642424324040697e-02 3.717729282897103138e-02
