3.000000000000000000e+00 6.035825152626321799e-01 5.647482344089280737e-01 3.700010568081768536e-02 5.073461164414683200e-02
8.000000000000000000e+00 6.958377749835361614e-01 4.677924700038006423e-01 3.593291508560692016e-02 4.884177383959731333e-02
6.000000000000000000e+00 7.941324992907101699e-01 3.842359839533651678e-01 3.615741697698060531e-02 5.054560064492907845e-02
5.000000000000000000e+00 4.586478456670364801e-01 8.826391288544102043e-01 3.698693592000923402e-02 4.744897630734190574e-02
0.000000000000000000e+00 6.320125090898757181e-01 7.036947252239846851e-01 3.620329115494103078e-02 4.781051410628023302e-02
7.000000000000000000e+00 7.045530768504757457e-01 6.241283393883354513e-01 3.593285642297516791e-02 4.884174450828149272e-02
2.000000000000000000e+00 8.013380010065429548e-01 5.307631533450545280e-01 3.734973496552818073e-02 5.026050025504769092e-02
1.500000000000000000e+01 8.950114005165804576e-01 4.266931662789619217e-01 3.517106348820142614e-02 4.921633474276471132e-02
8.000000000000000000e+00 5.726214635296631439e-01 9.262731275681376220e-01 3.567004783312566207e-02 4.988224360608550789e-02
7.000000000000000000e+00 6.424722909658894254e-01 8.441340333582821875e-01 3.543492800542091814e-02 4.818401908207747830e-02
5.000000000000000000e+00 7.336928885208398032e-01 7.530565432932733172e-01 3.479251352608092596e-02 4.638929452898410410e-02
7.000000000000000000e+00 8.094115923457224637e-01 6.573127341926425782e-01 3.677583843997056512e-02 4.903450991592561703e-02
5.000000000000000000e+00 9.008629686936344694e-01 5.663635686343962972e-01 3.334002676610869909e-02 4.771864842509598859e-02
6.000000000000000000e+00 6.547330156339528084e-01 9.633145317416458298e-01 3.367399312816532486e-02 4.723515101493069857e-02
1.000000000000000000e+00 7.415730691634270233e-01 8.931383906815331120e-01 3.310261909576917017e-02 4.599637222210639642e-02
0.000000000000000000e+00 8.253355930419201680e-01 8.086881061094244316e-01 3.458754629105087464e-02 4.798333421915890185e-02
1.000000000000000000e+00 2.074942301509586362e-01 2.016151052026810830e-01 3.818623476172464115e-02 4.347968666113821712e-02
1.000000000000000000e+00 3.370576770285155788e-01 2.711528208424069941e-01 3.407600814295086433e-02 4.403387254245719196e-02
8.000000000000000000e+00 3.172598307878294888e-01 5.573854875089230276e-01 3.875974998017656103e-02 5.167919733918202585e-02
3.000000000000000000e+00 4.044703974988862472e-01 4.490050435965333708e-01 3.883612872660163751e-02 5.225643763474457915e-02
3.000000000000000000e+00 4.889256977260020287e-01 3.563195228036981632e-01 3.876643752018610334e-02 5.168078123023706061e-02
2.000000000000000000e+00 5.828798859224939566e-01 2.642518661788519907e-01 4.060609764913325481e-02 5.321146527821582484e-02
1.000000000000000000e+00 8.972363568102892373e-01 7.079441875990103439e-01 3.344966722468656339e-02 4.553029761354498994e-02
0.000000000000000000e+00 3.302364008844166920e-01 7.035345762395452951e-01 3.940072722504073255e-02 5.020629598339121369e-02
1.500000000000000000e+01 4.241775366453636731e-01 6.046392345780909894e-01 3.876095256412559475e-02 5.168834870972149886e-02
1.000000000000000000e+00 5.022861854155068473e-01 5.055538113243911447e-01 3.742491112800405695e-02 5.083073036612639761e-02
2.000000000000000000e+00 5.902230395035235055e-01 4.155209267414027852e-01 3.635211825146966724e-02 4.894478542079727656e-02
9.000000000000000000e+00 3.566767195678933744e-01 8.428078472442800395e-01 3.777562567140052563e-02 5.036720758204227266e-02
6.000000000000000000e+00 4.381535273319330237e-01 7.441568354437015920e-01 3.670318477065609430e-02 4.847686293933850532e-02
9.000000000000000000e+00 5.253201703975323156e-01 6.565726757628999044e-01 3.776776487875777022e-02 5.035729359729135268e-02
