2.000000000000000000e+00 3.688323815207681933e-01 5.193370319097331267e-01 5.831207534277305093e-02 4.265831797000124714e-02
2.000000000000000000e+00 8.545253059419519737e-01 5.429549230954235917e-01 5.189702934243578536e-02 3.929660538408408232e-02
2.000000000000000000e+00 7.808566121876718835e-01 4.564993038998181873e-01 5.028828537449114844e-02 3.996731080468474140e-02
6.000000000000000000e+00 6.190483882175082941e-01 2.487220455254374740e-01 4.991157521519551388e-02 3.668519907434550364e-02
8.000000000000000000e+00 5.654373009584853227e-01 1.659179228054104560e-01 4.434467573788891670e-02 3.438516734832949839e-02
3.000000000000000000e+00 4.297919119214000938e-01 1.332128851401432612e-01 4.613228437050936881e-02 3.422110179950067776e-02
1.500000000000000000e+01 5.149878119884303551e-01 2.318504454801545156e-01 4.742238765576833881e-02 3.443997449479291317e-02
9.000000000000000000e+00 5.597004044229925146e-01 3.246453059865083146e-01 4.834844455421005716e-02 3.554836599088456728e-02
6.000000000000000000e+00 6.261047193520331566e-01 4.290470329762836599e-01 5.193499100232390475e-02 3.947268223936184484e-02
9.000000000000000000e+00 6.898029017668957374e-01 5.283066455313907284e-01 5.210771655481472031e-02 4.142637313399266663e-02
8.000000000000000000e+00 7.687447369975517475e-01 6.579937592749873776e-01 5.553879814266793336e-02 4.219568989766209199e-02
3.000000000000000000e+00 5.871846461819640872e-01 6.644666078340135673e-01 5.677522126824141591e-02 4.331466913795689599e-02
1.500000000000000000e+01 5.252844525410974574e-01 5.186290172952736643e-01 5.204371556884690442e-02 3.978064620520394001e-02
7.000000000000000000e+00 4.462252475690298148e-01 4.201057571405816260e-01 5.133949712037633173e-02 3.737826628522405992e-02
6.000000000000000000e+00 3.886641457972380698e-01 3.074975793518597289e-01 5.276824943686725389e-02 3.807192664703845653e-02
5.000000000000000000e+00 3.384636022749180073e-01 2.114734272059952680e-01 4.856283895993740440e-02 3.830091256578516123e-02
0.000000000000000000e+00 2.832310034740582738e-01 1.245633209346437148e-01 4.875837116590786557e-02 3.694680829455856963e-02
5.000000000000000000e+00 4.089220445347251376e-01 6.380807926354130633e-01 5.924596183356672929e-02 4.281624440664510978e-02
8.000000000000000000e+00 3.030480279497747009e-01 3.984127890291379037e-01 5.236039885344462297e-02 4.035182089878563971e-02
7.000000000000000000e+00 2.650221743016708542e-01 2.939151940193718282e-01 5.528857742042128653e-02 3.823136561856832483e-02
0.000000000000000000e+00 1.690617265663059698e-01 1.845673889791941136e-01 4.928502988176139410e-02 3.588714414783891749e-02
3.000000000000000000e+00 8.722572997483882262e-02 2.779691170366884179e-01 5.435534339565695899e-02 3.806371150657816838e-02
5.000000000000000000e+00 1.356451302097381739e-01 3.891030330033738438e-01 5.639646473821745276e-02 4.500078964547027383e-02
1.000000000000000000e+00 2.315544928207614039e-01 6.198394736205199429e-01 6.225910927208963552e-02 4.399121709527475943e-02
1.200000000000000000e+01 3.027755937249841933e-01 8.983876313388881041e-01 4.240827519303530524e-02 3.342690235407641541e-02
1.200000000000000000e+01 6.307043082833163616e-01 7.795066599729955081e-01 4.137121009696775875e-02 3.755440245559538148e-02
0.000000000000000000e+00 8.302042788082485414e-01 3.520291421208305849e-01 4.748505405213054864e-02 3.674015450854284381e-02
1.000000000000000000e+00 7.605710874453521786e-01 2.602512092362755380e-01 4.808888170472536139e-02 3.868987129190407104e-02
7.000000000000000000e+00 7.290345571235150590e-01 1.781193193005088382e-01 4.606742331568491888e-02 3.604916332593932626e-02
1.000000000000000000e+00 9.195193452061505290e-01 4.696884301619030366e-01 4.732383562779329811e-02 3.998231752335934530e-02
