1.500000000000000000e+01 5.599400573409861748e-01 6.098963750298890263e-01 4.790142254119178489e-02 3.772396093205632184e-02
1.600000000000000000e+01 4.453212466745677389e-01 2.105358873875228243e-01 3.060319623128532340e-02 2.204384342253845608e-02
1.400000000000000000e+01 5.739452888371743278e-01 1.173786961390425737e-01 3.540798527991506628e-02 2.610236993717371390e-02
8.000000000000000000e+00 3.558548248777949619e-01 3.627556231275477217e-01 4.518051592750782497e-02 3.616307487447945057e-02
0.000000000000000000e+00 4.954720381521802164e-01 3.823470612977469263e-01 4.908099072039107114e-02 3.681051331395346349e-02
3.000000000000000000e+00 6.296683224119024036e-01 4.242286930635537079e-01 5.439457488175014621e-02 3.897882365946153671e-02
1.000000000000000000e+00 8.102451712295910546e-01 4.555709955052799076e-01 5.168725692913278547e-02 3.692832811922702740e-02
5.000000000000000000e+00 6.704647965627452688e-01 5.254496965217149151e-01 4.976267926870137082e-02 3.732866455397476635e-02
7.000000000000000000e+00 5.376090977621783562e-01 4.796919827234644162e-01 5.045352902498512204e-02 3.784016069154727546e-02
9.000000000000000000e+00 3.891437030173351963e-01 4.591870830123540026e-01 4.655258085661384548e-02 3.719174765548033390e-02
2.000000000000000000e+00 2.680053423654993883e-01 4.349252248180695002e-01 4.445878538203751340e-02 3.516809528997622003e-02
7.000000000000000000e+00 1.820791705380643832e-01 5.086899905206212491e-01 4.491929619499282489e-02 3.278111331463756661e-02
6.000000000000000000e+00 3.032168628950936418e-01 5.308445063476882053e-01 4.167597796189564940e-02 3.263912851386008285e-02
0.000000000000000000e+00 4.225745381120359911e-01 5.614958476506629603e-01 4.575324457673157763e-02 3.523589936722526517e-02
6.000000000000000000e+00 6.917042914943523080e-01 6.366981433277469904e-01 5.097880874294302700e-02 3.641694336412237831e-02
3.000000000000000000e+00 8.475914899047057860e-01 6.664817038244007508e-01 5.438516306322438432e-02 3.897138887973849997e-02
2.000000000000000000e+00 2.247647331105485091e-01 5.974966939608494787e-01 4.129644220300221491e-02 3.533063015605542034e-02
5.000000000000000000e+00 4.590633092450552288e-01 6.634705623453500678e-01 4.426898965697390054e-02 3.429148742308518738e-02
8.000000000000000000e+00 6.018520825976829691e-01 7.028433457932801165e-01 5.000204019191845095e-02 3.859112913480455820e-02
7.000000000000000000e+00 7.368283922019394083e-01 7.389010806988751678e-01 5.076328366782678625e-02 3.862320728551971172e-02
3.000000000000000000e+00 8.804116149286764781e-01 7.781293732405029084e-01 5.287760136208796702e-02 3.583753176683290853e-02
8.000000000000000000e+00 7.726654505932843975e-01 8.315040745562052305e-01 5.042585048174663687e-02 3.399838445917369167e-02
1.000000000000000000e+00 6.202324731187323081e-01 7.948276100422012602e-01 4.894903034171194101e-02 3.507656674709402900e-02
0.000000000000000000e+00 4.893797373902830650e-01 7.520263350085226728e-01 4.581082931256363899e-02 3.435792706510421013e-02
5.000000000000000000e+00 3.767746660497381939e-01 7.213706776349222416e-01 4.735734703179933502e-02 3.442781956362372942e-02
0.000000000000000000e+00 2.594549001541733846e-01 6.956750207787754103e-01 4.191169110929351960e-02 3.361361372429561012e-02
2.000000000000000000e+00 2.793526261879051287e-01 7.677115482659404577e-01 4.156712944527679587e-02 3.231094007260415513e-02
9.000000000000000000e+00 3.966723363922361467e-01 8.083660933072397414e-01 4.043787829588840754e-02 3.145741622215658673e-02
1.500000000000000000e+01 5.120248929878343791e-01 8.496418183712385330e-01 4.545109178731471244e-02 3.408793596325288000e-02
6.000000000000000000e+00 6.553768996343092290e-01 8.880151947815715374e-01 4.532859891839524646e-02 3.247734547943825767e-02
