2 0.475543 0.630312 0.042555 0.059000
2 0.652703 0.202047 0.039594 0.052010
2 0.550461 0.219781 0.040781 0.049646
6 0.309629 0.248542 0.036648 0.050438
8 0.217137 0.250115 0.034867 0.044125
3 0.143914 0.354844 0.034281 0.046500
15 0.260930 0.333568 0.034281 0.048073
9 0.359656 0.345781 0.035516 0.048854
6 0.475891 0.344880 0.039813 0.051990
9 0.586582 0.343510 0.042273 0.051437
8 0.729832 0.345615 0.042555 0.055604
3 0.677523 0.514427 0.043734 0.056771
15 0.525047 0.487620 0.040187 0.052010
7 0.410102 0.503380 0.037234 0.052010
6 0.289238 0.491562 0.037820 0.053583
5 0.185816 0.482500 0.039008 0.048062
0 0.089070 0.483208 0.037234 0.048854
5 0.596387 0.661516 0.042555 0.060135
8 0.344480 0.621234 0.040852 0.052198
7 0.237254 0.596271 0.037445 0.056729
0 0.107047 0.621234 0.035750 0.049927
3 0.165762 0.748885 0.037445 0.055604
5 0.282355 0.768177 0.045961 0.055604
1 0.522945 0.812432 0.043406 0.063552
12 0.799105 0.906385 0.034039 0.041979
12 0.796098 0.540401 0.039398 0.038740
0 0.471266 0.115370 0.037234 0.047281
1 0.365477 0.126401 0.039594 0.047281
7 0.280672 0.108281 0.036641 0.045708
1 0.606902 0.101187 0.041367 0.045708
