3.000000000000000000e+00 4.509632364561868556e-01 5.980314610457373448e-01 4.652574029798656197e-02 3.379269571809373485e-02
8.000000000000000000e+00 5.483584721076877333e-01 6.769158933441246084e-01 4.476272483211773956e-02 3.283862607627252572e-02
6.000000000000000000e+00 6.341141386638289301e-01 7.620405961168845721e-01 4.641508540030536700e-02 3.297091800634832648e-02
5.000000000000000000e+00 1.468955236326811575e-01 4.831261213669014731e-01 4.329854738686700344e-02 3.394501398336363662e-02
0.000000000000000000e+00 3.269509342703059707e-01 6.315418015445661837e-01 4.372581166427919053e-02 3.315818840087125796e-02
7.000000000000000000e+00 4.065709854026834380e-01 6.933873661266070076e-01 4.476269798716453474e-02 3.283862607627241470e-02
2.000000000000000000e+00 5.011292598073397997e-01 7.766000907873962245e-01 4.603190053628292144e-02 3.415977361011013347e-02
1.500000000000000000e+01 6.051524875943508075e-01 8.563906207959802730e-01 4.519734462674607212e-02 3.206892757401313965e-02
8.000000000000000000e+00 1.181289548391488975e-01 5.894871150708616003e-01 4.580704720707938493e-02 3.252556023038277733e-02
7.000000000000000000e+00 1.998355970825184680e-01 6.487385175865713061e-01 4.416112942769426231e-02 3.238258400887628063e-02
5.000000000000000000e+00 2.917675491667386933e-01 7.269993684637467979e-01 4.245768291329443667e-02 3.184380579527601451e-02
7.000000000000000000e+00 3.864549075295464209e-01 7.908627608087908101e-01 4.487882925532771239e-02 3.365895416053732436e-02
5.000000000000000000e+00 4.782921774633247525e-01 8.693411363429071059e-01 4.388510961741837191e-02 3.034252862450459443e-02
6.000000000000000000e+00 9.229004296733150925e-02 6.664197313465166639e-01 4.338455861737895713e-02 3.069768735723665820e-02
1.000000000000000000e+00 1.647284248014928010e-01 7.418230443201099256e-01 4.222128625415325076e-02 3.020046513141183553e-02
0.000000000000000000e+00 2.498915561249637762e-01 8.136407305655439792e-01 4.404059558718279033e-02 3.155930297974363086e-02
1.000000000000000000e+00 7.438892466890378863e-01 2.168728541016643752e-01 3.924699964848110678e-02 3.529574465578572129e-02
1.000000000000000000e+00 6.930000202948162213e-01 3.388688318419291190e-01 4.020633090115754982e-02 3.125670666565782962e-02
8.000000000000000000e+00 4.299395709779425534e-01 3.364058073726803322e-01 4.729927762857405460e-02 3.547480049458567875e-02
3.000000000000000000e+00 5.372692782457726413e-01 4.100650976848954077e-01 4.785961233970881246e-02 3.551944365199566356e-02
3.000000000000000000e+00 6.300128740718511366e-01 4.820659873144207963e-01 4.730021720194110824e-02 3.548135066320134978e-02
2.000000000000000000e+00 7.231130514131889342e-01 5.627668296908765466e-01 4.863591470049100085e-02 3.721011196860402048e-02
1.000000000000000000e+00 3.487707673748062787e-01 8.737484334029987920e-01 4.173174168498455794e-02 3.056620077576133188e-02
0.000000000000000000e+00 2.978588167275794119e-01 3.562098529306312877e-01 4.578916846815267450e-02 3.617639335021316516e-02
1.500000000000000000e+01 3.971869158647520770e-01 4.365266782495109688e-01 4.730827068794396517e-02 3.547552530832592810e-02
1.000000000000000000e+00 4.951545396114390707e-01 5.023884626113378493e-01 4.658318849814119256e-02 3.420398724826667625e-02
2.000000000000000000e+00 5.858153428874233182e-01 5.777103145740107859e-01 4.482844127790230893e-02 3.324591770839713245e-02
9.000000000000000000e+00 1.733556008799094217e-01 3.879227627334053130e-01 4.609852971048103432e-02 3.457407177505755769e-02
6.000000000000000000e+00 2.712531861433237212e-01 4.568811258858597735e-01 4.433562162442586385e-02 3.361573378565463344e-02
9.000000000000000000e+00 3.596052697418766764e-01 5.316337440353646748e-01 4.608950980615766913e-02 3.456690417251495617e-02
