7.000000000000000000e+00 2.307788960181684501e-01 4.782896884788778169e-01 3.741609109353644103e-02 3.741609109353649654e-02
1.500000000000000000e+01 3.709686282875174212e-01 7.415485815463898067e-01 3.897812199914146847e-02 3.640136917213443457e-02
1.500000000000000000e+01 2.586461457611407555e-01 3.624210430746863110e-01 3.889558615304511413e-02 3.960465303909055379e-02
1.400000000000000000e+01 9.429636515801650409e-01 2.752807835770260114e-01 3.845664934648285183e-02 3.641659014137027528e-02
1.100000000000000000e+01 8.740875582201543814e-01 3.945729114086505840e-01 3.735619012051039078e-02 3.569317285813017326e-02
1.000000000000000000e+00 5.575754223573825552e-01 7.925119250022067963e-01 3.698077698998425422e-02 3.559583728733373142e-02
2.000000000000000000e+00 5.880675731778324256e-01 6.900815981232735208e-01 3.620894466806745537e-02 3.653167414861868689e-02
7.000000000000000000e+00 6.192193929417335596e-01 5.795667180255335005e-01 3.724498156299371754e-02 3.662249447059062746e-02
0.000000000000000000e+00 6.587560851956750785e-01 4.722741058818409332e-01 3.879038735090933887e-02 4.018616707962063828e-02
6.000000000000000000e+00 7.350834889049359111e-01 5.546659144298664579e-01 3.903094606396195765e-02 3.748525944635561213e-02
8.000000000000000000e+00 6.685753795798667909e-01 7.591635958125046990e-01 3.625455140983702140e-02 3.518093950229539413e-02
8.000000000000000000e+00 6.367703780383691115e-01 8.650978066593180138e-01 3.643366458656471796e-02 3.457597618259200534e-02
7.000000000000000000e+00 5.299103278672598893e-01 8.912275771474211794e-01 3.548170810103390416e-02 3.439720000149326662e-02
3.000000000000000000e+00 4.235637747855934276e-01 9.193922957402662632e-01 3.377516223659526862e-02 3.399050244342327609e-02
0.000000000000000000e+00 4.473417370289393680e-01 8.166091906038772663e-01 3.525356206031016182e-02 3.460945108172330809e-02
5.000000000000000000e+00 4.794779912321007753e-01 7.134191632456656773e-01 3.554003642779207661e-02 3.747267827621236780e-02
0.000000000000000000e+00 5.120572963967933156e-01 6.144978314349833770e-01 3.763221762349833188e-02 3.720280094345074229e-02
9.000000000000000000e+00 5.428968195031529387e-01 5.010244807531538669e-01 3.796351240961570728e-02 3.817899303128891031e-02
5.000000000000000000e+00 5.759409258889209848e-01 3.883937455167816299e-01 3.841935516355809987e-02 4.035149151853506533e-02
1.000000000000000000e+00 4.920542187728519368e-01 3.026606955162440826e-01 3.901811214709699493e-02 4.159503347191850775e-02
8.000000000000000000e+00 4.646050261489383937e-01 4.206291606837288533e-01 3.737250632554001140e-02 3.930492351020775654e-02
9.000000000000000000e+00 4.351372718327353173e-01 5.223105990264754750e-01 3.710917232457178194e-02 3.667899740435931477e-02
3.000000000000000000e+00 3.995993977935616837e-01 6.367646210297097653e-01 3.734731590228435039e-02 3.670309259182125139e-02
5.000000000000000000e+00 3.405448173722992466e-01 8.431292301131446676e-01 3.730255164958690139e-02 3.623972360216809463e-02
6.000000000000000000e+00 2.644343545991033606e-01 7.667040976715207012e-01 3.537016254788830083e-02 3.580033746810074025e-02
2.000000000000000000e+00 2.921720014398181409e-01 6.604869789942973135e-01 3.751752677781688972e-02 3.601517218148542199e-02
3.000000000000000000e+00 3.483855261706723661e-01 4.448691579756969827e-01 4.024980308753300928e-02 3.981954391841335816e-02
2.000000000000000000e+00 3.751748532703508276e-01 3.272564338189049571e-01 3.932076230476311274e-02 3.996498561522621173e-02
1.000000000000000000e+00 1.773049210860194735e-01 6.865375274266543038e-01 3.763218954052924281e-02 3.720274477751261966e-02
6.000000000000000000e+00 2.052252195575647864e-01 5.836697521385196818e-01 3.863320697302516371e-02 3.777423319808470570e-02
