1.500000000000000000e+01 4.752693006825389199e-01 6.210129663520882470e-01 4.948528626179321543e-02 3.882767223562055836e-02
1.600000000000000000e+01 6.563870102839974852e-01 2.223133718414619653e-01 3.150789468723280695e-02 2.276485098590025347e-02
1.400000000000000000e+01 8.359995409927720722e-01 1.911197343897059753e-01 3.648611058046091760e-02 2.693085885442383920e-02
8.000000000000000000e+00 4.696224465700971629e-01 3.213064682151449691e-01 4.670504786268858677e-02 3.720236614242172779e-02
0.000000000000000000e+00 5.792099925719766951e-01 3.941743676305911048e-01 5.060662659241155215e-02 3.795479767776877011e-02
3.000000000000000000e+00 6.682391779202609960e-01 4.845937439561528448e-01 5.599190831950673353e-02 4.026225055802118424e-02
1.000000000000000000e+00 8.057305011274833451e-01 5.841468644956202549e-01 5.320004192895655404e-02 3.814888464609578200e-02
5.000000000000000000e+00 6.327183341852371523e-01 5.903200933763791403e-01 5.130993345278711537e-02 3.848882395156794090e-02
7.000000000000000000e+00 5.476159646147761295e-01 4.970069980685303812e-01 5.202185364015954327e-02 3.901639023011960195e-02
9.000000000000000000e+00 4.308512777595753240e-01 4.198112320147464605e-01 4.811958584427672436e-02 3.826283896226295722e-02
2.000000000000000000e+00 3.409052755302106608e-01 3.501656356509686985e-01 4.593722718310727648e-02 3.619199417461155255e-02
7.000000000000000000e+00 2.127604313581689111e-01 3.812003428640894365e-01 4.626955804973234554e-02 3.383533048611769845e-02
6.000000000000000000e+00 3.041962520470734566e-01 4.489824602876628656e-01 4.304418291143508046e-02 3.360047377000602298e-02
0.000000000000000000e+00 3.880486843148543974e-01 5.235689911943179897e-01 4.722296721500385264e-02 3.629621543127237171e-02
6.000000000000000000e+00 5.728138507885416342e-01 6.971316932871072236e-01 5.247055055451077532e-02 3.762077285683429473e-02
3.000000000000000000e+00 6.895780064885774774e-01 7.854840433999861204e-01 5.598226139327044937e-02 4.025461340808389465e-02
2.000000000000000000e+00 1.876902521126754819e-01 4.767020271396352205e-01 4.281923152136971056e-02 3.627115064971186964e-02
5.000000000000000000e+00 3.481860921294829825e-01 6.282479313406479360e-01 4.570185366737578025e-02 3.531584655250097349e-02
8.000000000000000000e+00 4.465868500055987234e-01 7.198675460721184471e-01 5.161274931890330597e-02 3.974929822427397674e-02
7.000000000000000000e+00 5.404248127495400178e-01 8.054479840019896919e-01 5.236845391850919462e-02 3.980367702871345781e-02
3.000000000000000000e+00 6.396302707003281851e-01 8.972558860616091092e-01 5.433280927339056987e-02 3.710586816896788154e-02
8.000000000000000000e+00 5.066144034895329051e-01 9.015815563015626699e-01 5.180502748856102846e-02 3.520967294172083761e-02
1.000000000000000000e+00 3.977795474228105199e-01 8.085089881500986397e-01 5.038649866546440759e-02 3.623155805661681939e-02
0.000000000000000000e+00 3.123570635545149798e-01 7.186067272663325678e-01 4.723491102843940803e-02 3.542598229369964269e-02
5.000000000000000000e+00 2.344781027588929145e-01 6.467029318971787566e-01 4.877391158513069702e-02 3.554053954275659954e-02
0.000000000000000000e+00 1.489224999218623779e-01 5.773087729039814153e-01 4.332965727919779741e-02 3.457751216233861946e-02
2.000000000000000000e+00 1.155653957061498899e-01 6.489168727573363382e-01 4.291854318164237125e-02 3.327173178962961053e-02
9.000000000000000000e+00 1.905408613933436135e-01 7.315370537538705698e-01 4.175393523841025578e-02 3.239190914800049725e-02
1.500000000000000000e+01 2.633376434388865484e-01 8.139238710109725217e-01 4.686396374577886381e-02 3.514759956516422257e-02
6.000000000000000000e+00 3.629433196285791752e-01 9.048838484499409640e-01 4.665945465178578111e-02 3.354684145390618433e-02
