9.000000000000000000e+00 9.224262065927528731e-01 3.611873685330720951e-01 4.237137113995326221e-02 3.148721778005869609e-02
1.400000000000000000e+01 3.795367640439926693e-01 7.499127661878305373e-01 3.756226645560700739e-02 2.817150255319655905e-02
1.200000000000000000e+01 2.091074371672538845e-01 8.947265335997831581e-01 3.688796251746526145e-02 2.600685303741656629e-02
8.000000000000000000e+00 1.947459611079245256e-01 4.434716705238992973e-01 5.644190301732074366e-02 4.149662207712756512e-02
7.000000000000000000e+00 2.976278739008580976e-01 3.402306644613372066e-01 5.300612364097151419e-02 4.017222431925032700e-02
3.000000000000000000e+00 3.425975628824504127e-01 2.280589712982968031e-01 5.197148633400461293e-02 3.814925613668013193e-02
2.000000000000000000e+00 3.962957041512237821e-01 1.058268747587280123e-01 5.126595444336723428e-02 3.429542241071932562e-02
0.000000000000000000e+00 5.140665720151602613e-01 1.147740213576336210e-01 4.991249890658838728e-02 3.246182301228174583e-02
5.000000000000000000e+00 4.580063095255877403e-01 2.178908906722105965e-01 4.817444351443272987e-02 3.563129108616497343e-02
1.000000000000000000e+00 3.810682019995538794e-01 4.396270107135859528e-01 5.478312942152863130e-02 3.809438174723123183e-02
0.000000000000000000e+00 3.251523546982379442e-01 5.330887777083720414e-01 5.432733659863930864e-02 3.974574293191657226e-02
0.000000000000000000e+00 4.079771285582300955e-01 6.272198036922955744e-01 5.195544959666714702e-02 3.948284190224116141e-02
9.000000000000000000e+00 4.753619910030287832e-01 5.309482537587804085e-01 4.840445373132623574e-02 3.680355121987977096e-02
3.000000000000000000e+00 5.624212949502962466e-01 3.681222005288690147e-01 4.493240145347698888e-02 3.463921172889916633e-02
1.500000000000000000e+01 5.906124699862023153e-01 2.932967569966127286e-01 4.694914095599156401e-02 3.321771984074400885e-02
2.000000000000000000e+00 6.226067756013725640e-01 1.997816234602645680e-01 4.327444519579159987e-02 3.395594525565487354e-02
6.000000000000000000e+00 6.470469042242710245e-01 1.191773176719346378e-01 4.516520189356254544e-02 3.187472059491799903e-02
3.000000000000000000e+00 7.392958823888722275e-01 2.052810970041627492e-01 4.256150089404731052e-02 3.249787044120056034e-02
2.000000000000000000e+00 7.163748189136418532e-01 2.721398614568476537e-01 4.418383248390367335e-02 3.169259511745625701e-02
6.000000000000000000e+00 6.734142879190214703e-01 3.919707031907433414e-01 4.469993922226289662e-02 3.439860430068947261e-02
6.000000000000000000e+00 6.163114402139949766e-01 4.809245264094804684e-01 4.623608391795674954e-02 3.756049085902996021e-02
7.000000000000000000e+00 5.774013832202116170e-01 6.015097571239516050e-01 4.554112105456298298e-02 3.415588306703110089e-02
5.000000000000000000e+00 5.418078024232517720e-01 7.394580253588252106e-01 5.077890548390950887e-02 3.836979650516314511e-02
1.000000000000000000e+00 8.163088609038997578e-01 2.637929228690879535e-01 4.188418126013215836e-02 3.166012706576387670e-02
1.000000000000000000e+00 8.144360010922612192e-01 3.769774670509369319e-01 4.226066410258555450e-02 3.169600539024686192e-02
5.000000000000000000e+00 7.604702661457163337e-01 4.724239282576351284e-01 4.397808875356146174e-02 3.282438292284611814e-02
8.000000000000000000e+00 7.078479250220144348e-01 5.569769776365733893e-01 4.878589697056590069e-02 3.488590691680115707e-02
8.000000000000000000e+00 6.801334272068311204e-01 6.599941880702613339e-01 4.543035764904990170e-02 3.577015401210958956e-02
1.500000000000000000e+01 7.830292206555444778e-01 6.436651255311182096e-01 4.483877396413482597e-02 3.507986970477561250e-02
7.000000000000000000e+00 8.197635236089242383e-01 5.447046741464680597e-01 4.099835585675537519e-02 3.367004602269740854e-02
