6.000000000000000000e+00 1.375037517117463359e-01 7.975219183618920127e-01 3.313180014268464479e-02 4.665229275133475628e-02
9.000000000000000000e+00 1.576446902243472115e-01 6.742981110073766882e-01 3.208086959121891901e-02 4.401622426390716658e-02
3.000000000000000000e+00 1.612403811641607287e-01 5.329308783208057676e-01 3.254446537909330694e-02 4.339277696378007754e-02
3.000000000000000000e+00 1.464797558883771944e-01 3.903825515371892596e-01 3.266142775372188334e-02 4.458058899004319064e-02
8.000000000000000000e+00 2.317297936147847959e-01 3.098780854123247552e-01 3.371062748499623063e-02 4.628436144895420323e-02
7.000000000000000000e+00 2.335070232560558789e-01 4.451454237014903503e-01 3.594420693808628164e-02 4.480767846634109430e-02
3.000000000000000000e+00 2.311185500638038570e-01 5.819714095769089601e-01 3.435525533051625446e-02 4.758828510771784259e-02
5.000000000000000000e+00 2.280883092797379719e-01 7.272447220682940472e-01 3.446177411212553165e-02 4.743867183693628586e-02
7.000000000000000000e+00 2.365694455613075176e-01 9.002512305097951639e-01 3.507794610026154780e-02 4.800638085971342672e-02
8.000000000000000000e+00 3.200254734913681176e-01 9.625494337288755808e-01 3.564767930258450068e-02 5.197506355077219364e-02
1.000000000000000000e+00 2.918470167130324811e-01 7.643542990420261196e-01 3.693963389968563105e-02 5.059034872578660469e-02
6.000000000000000000e+00 3.234257724331345840e-01 6.690980524259155793e-01 3.629547542913280633e-02 4.928724647321536256e-02
6.000000000000000000e+00 3.065738616591483501e-01 5.244120893660895177e-01 3.673117274239678931e-02 4.941928751866386804e-02
5.000000000000000000e+00 3.248799107493563487e-01 3.793500102778930017e-01 3.631686132607392370e-02 4.618655544017269410e-02
2.000000000000000000e+00 3.305796776552275551e-01 2.277424679367491822e-01 3.632806765341484168e-02 4.709998846219673463e-02
7.000000000000000000e+00 4.093018096860531196e-01 7.190116211209318653e-01 3.754457022454538162e-02 5.222447767394555740e-02
1.000000000000000000e+00 4.173483047480347485e-01 4.187162834218476903e-01 3.535035959682564233e-02 4.624070957700854301e-02
1.500000000000000000e+01 4.146134768339236332e-01 2.794413483232522921e-01 3.606524700774194070e-02 4.811199022732387531e-02
0.000000000000000000e+00 4.735844422584694069e-01 7.783724757955405860e-01 3.761045873556012609e-02 5.336036509446673293e-02
1.000000000000000000e+00 4.839918934052535593e-01 6.534274997723940048e-01 3.896354942213353656e-02 5.380885287558578867e-02
2.000000000000000000e+00 4.936420667143998076e-01 4.887169005160481028e-01 3.716689939159611988e-02 4.955584629817139097e-02
0.000000000000000000e+00 4.960549767408795052e-01 3.443826606542679247e-01 3.848719250233939571e-02 4.997259259713626722e-02
2.000000000000000000e+00 4.220908400802590998e-01 1.288015398206455719e-01 3.917165854819693038e-02 4.911096683711231592e-02
0.000000000000000000e+00 6.000353345239022307e-01 7.184974501803462754e-01 4.038766240842484034e-02 5.607176826412330062e-02
5.000000000000000000e+00 6.141901874006658879e-01 5.495683727426072807e-01 4.049403451035704649e-02 5.274900419974393184e-02
9.000000000000000000e+00 5.837049580102990909e-01 4.214763549084112326e-01 3.933567576328311777e-02 5.170218067924092775e-02
1.500000000000000000e+01 5.158009068826818755e-01 1.908519863969055930e-01 3.696987924913180956e-02 5.000656361038433029e-02
8.000000000000000000e+00 5.978980942828213685e-01 2.355018962024109097e-01 3.931959967065790096e-02 5.242619156608144260e-02
1.100000000000000000e+01 7.399915380513913954e-01 5.129239756972638897e-01 3.265230427779775013e-02 4.261156100281737746e-02
1.100000000000000000e+01 7.580769955750030764e-01 4.414605515179169659e-01 3.199066158971830554e-02 4.134935304425985114e-02
