12 0.238521 0.761074 0.044792 0.032789
15 0.601380 0.153234 0.047760 0.035547
3 0.719120 0.210023 0.047031 0.035828
1 0.849823 0.265977 0.047771 0.035547
6 0.338755 0.155656 0.050115 0.035984
2 0.468313 0.210039 0.046917 0.035187
9 0.597609 0.250027 0.047448 0.036789
7 0.725036 0.327805 0.046385 0.035594
8 0.839135 0.348797 0.046396 0.035984
3 0.216125 0.208641 0.047979 0.036391
9 0.345682 0.266223 0.049052 0.037195
8 0.476578 0.320004 0.047448 0.036789
5 0.605073 0.371391 0.047458 0.036391
2 0.839938 0.452965 0.046917 0.035586
0 0.224120 0.320203 0.049052 0.036391
7 0.464198 0.101582 0.046646 0.036102
6 0.350484 0.384984 0.050115 0.036391
5 0.480844 0.421574 0.047458 0.035992
6 0.604807 0.482754 0.049052 0.035992
2 0.736500 0.527746 0.046917 0.034789
5 0.855146 0.568715 0.045292 0.036023
1 0.356615 0.479359 0.049583 0.036391
15 0.489109 0.528742 0.046927 0.036781
8 0.600807 0.587523 0.049594 0.037594
0 0.745031 0.629312 0.046917 0.037188
7 0.232651 0.545137 0.047990 0.036789
3 0.343552 0.582527 0.050125 0.035586
1 0.485375 0.637508 0.047979 0.037594
0 0.611469 0.701891 0.048521 0.038391
11 0.421927 0.754676 0.035187 0.031992
