0.000000000000000000e+00 4.737019876237812954e-01 4.286656098698575779e-01 3.509457912732449891e-02 3.696558575726760498e-02
1.200000000000000000e+01 2.433612422340837855e-01 7.452428524847904967e-01 2.986731886171864470e-02 3.080263749395040218e-02
6.000000000000000000e+00 7.415083685981398443e-01 4.022817910514826512e-01 3.155756370855000714e-02 3.332475022602982007e-02
7.000000000000000000e+00 7.347565665223434461e-01 5.004909293413231097e-01 3.396656536572073559e-02 3.288804657836730261e-02
1.500000000000000000e+01 7.293120341166156040e-01 6.047001967498528696e-01 3.265634077181633899e-02 3.308452060072164524e-02
2.000000000000000000e+00 6.415353396674055020e-01 6.573543539462146645e-01 3.309321489585403953e-02 3.354770491199010607e-02
3.000000000000000000e+00 6.456664084281013016e-01 5.506968895205953674e-01 3.135429904391884293e-02 3.394025517848997531e-02
2.000000000000000000e+00 6.581001880874730592e-01 3.457593828394400770e-01 3.374920798741110062e-02 3.355392729968270649e-02
6.000000000000000000e+00 6.620822036708338132e-01 2.406497018364893714e-01 3.596863991542098571e-02 3.661858109566043518e-02
5.000000000000000000e+00 5.831834926482259984e-01 1.742551203907295454e-01 3.554068738834914587e-02 3.703460027647204056e-02
1.500000000000000000e+01 5.756168419119667146e-01 2.820374021459186586e-01 3.419233291187073753e-02 3.463358259620386015e-02
3.000000000000000000e+00 5.696275806621928783e-01 3.872714882836311712e-01 3.422557580502394448e-02 3.660374965102275446e-02
9.000000000000000000e+00 5.603604849093228868e-01 4.987327780717258907e-01 3.358640304914783936e-02 3.693953128459964708e-02
8.000000000000000000e+00 5.530588396982263344e-01 5.958847781529290621e-01 3.470262552813740964e-02 3.581947308716915135e-02
1.000000000000000000e+00 5.496180013677625098e-01 7.024175959355882792e-01 3.620361318582876464e-02 3.507363894591097875e-02
5.000000000000000000e+00 4.630225519282952229e-01 6.474817829342888187e-01 3.470651807203661843e-02 3.620043096015956863e-02
9.000000000000000000e+00 4.699554425335891183e-01 5.384216244773790683e-01 3.357037826988423790e-02 3.657172850522472096e-02
5.000000000000000000e+00 4.822580264159224139e-01 3.264676511480151255e-01 3.468429931780936393e-02 3.393050961237759067e-02
0.000000000000000000e+00 4.907001869894667689e-01 2.177462718676118070e-01 3.507173529305507298e-02 3.469506774217270828e-02
3.000000000000000000e+00 4.915253778833550413e-01 1.044418341305455855e-01 3.545172713325278613e-02 3.469890346061348108e-02
7.000000000000000000e+00 3.966438389917884555e-01 1.507867317146222019e-01 3.925281045712658567e-02 3.851214743258096762e-02
1.000000000000000000e+00 3.930618178099756221e-01 2.588354964568918004e-01 3.773625262383872858e-02 3.624233973571588940e-02
2.000000000000000000e+00 3.867950210214661788e-01 3.670023871207720445e-01 4.075641208590352615e-02 3.625984197689741118e-02
7.000000000000000000e+00 3.834379150039276540e-01 4.806265532994222767e-01 3.468762360712474013e-02 3.432405432439938897e-02
0.000000000000000000e+00 3.689026162426879418e-01 5.891433467232872756e-01 3.736529603152366485e-02 3.736523920606527049e-02
6.000000000000000000e+00 2.800674908056624002e-01 5.295949260269665615e-01 4.343039085550776113e-02 3.892168851113708694e-02
8.000000000000000000e+00 2.915972484540059750e-01 3.118190282163978422e-01 3.812417161548065092e-02 3.850083916636304338e-02
1.200000000000000000e+01 1.574391744764384038e-01 7.244695390297114512e-01 3.587453695634104656e-02 3.339245775969157393e-02
8.000000000000000000e+00 2.944536085322858598e-01 1.954653505889400178e-01 3.889631594396975034e-02 3.963604134845211124e-02
1.000000000000000000e+00 7.485041223667684429e-01 3.037495858243782765e-01 3.266969475453618266e-02 3.439758646754503824e-02
