9.000000000000000000e+00 4.378624321075729187e-01 3.832751145934935044e-01 4.530383808508542387e-02 3.364882741596914029e-02
1.100000000000000000e+01 6.125768853776141221e-01 2.752138213401026379e-01 3.704417896298506374e-02 2.613755255533972699e-02
1.000000000000000000e+01 3.041920237014400508e-01 2.712976781105151947e-01 3.073872785470616043e-02 2.332786587840057768e-02
2.000000000000000000e+00 7.329703583647577680e-01 7.931291650252330072e-01 4.519405478012550326e-02 3.430220376038173313e-02
1.500000000000000000e+01 7.857218339320656275e-01 7.257207762659514394e-01 4.523452413301765063e-02 3.360835806307682638e-02
1.000000000000000000e+00 6.018588624508300899e-01 7.849796422964063769e-01 4.168104334268718514e-02 3.284894658195891548e-02
6.000000000000000000e+00 6.534625293918128186e-01 7.250976297133301385e-01 3.997725642528637824e-02 2.918796398038869810e-02
5.000000000000000000e+00 4.766367845492577304e-01 7.858108665084284628e-01 4.166363337275186263e-02 3.143637604154447818e-02
7.000000000000000000e+00 3.532067384829030710e-01 7.756766072069545270e-01 3.772026160204061673e-02 2.886062395283373050e-02
7.000000000000000000e+00 5.487183650436060489e-01 7.218055972390671204e-01 4.176372032940134371e-02 3.170608119202722452e-02
1.000000000000000000e+00 4.091364570251840860e-01 6.907318700564599734e-01 4.078916942260607525e-02 2.976931030878116058e-02
1.500000000000000000e+01 2.949166245627047878e-01 3.754669875231760323e-01 4.560523970189400700e-02 3.585071330161859748e-02
8.000000000000000000e+00 3.099944054444375707e-01 6.962614231754292726e-01 4.056186203042166927e-02 3.041763477424197504e-02
0.000000000000000000e+00 8.909374798217862823e-01 6.415308876091347923e-01 4.637722655911202807e-02 3.346929558870914700e-02
5.000000000000000000e+00 7.622967601248051839e-01 6.372319559064021366e-01 4.886101272239118387e-02 3.699040089672578357e-02
0.000000000000000000e+00 6.102454160807910810e-01 6.293813903368268292e-01 4.273292059021038813e-02 3.138933381388719912e-02
2.000000000000000000e+00 4.854959468872728223e-01 6.431127775763478827e-01 4.530383808508547938e-02 3.364877309469005429e-02
3.000000000000000000e+00 2.421217462934360243e-01 6.198164452004357727e-01 4.336014123876028026e-02 3.153371977360186484e-02
9.000000000000000000e+00 4.139633643996425416e-01 5.530540722522554464e-01 4.468215820699850127e-02 3.350797233939262210e-02
3.000000000000000000e+00 5.825438995803247089e-01 5.460757434603850102e-01 4.406781170158324823e-02 3.337966547827675434e-02
1.000000000000000000e+00 7.011237751844676680e-01 5.515023305949151577e-01 4.805694914989400157e-02 3.637548401788048835e-02
2.000000000000000000e+00 8.195337338277426387e-01 5.529130813724814075e-01 4.689881948054952510e-02 3.484519926576490345e-02
5.000000000000000000e+00 1.808018087129487639e-01 5.388126625237348311e-01 4.657218562962234243e-02 3.162085110519796682e-02
0.000000000000000000e+00 3.011927014393375734e-01 5.346814477700687629e-01 4.277268376647480608e-02 3.255262400474145945e-02
3.000000000000000000e+00 6.273263348684493534e-01 4.494420720020074200e-01 4.625006044485613366e-02 3.470320344232835641e-02
7.000000000000000000e+00 6.754101730514732171e-01 3.776477288509553221e-01 4.877686906114298004e-02 3.526472250386752938e-02
6.000000000000000000e+00 5.412133914513465038e-01 3.700385398848383689e-01 4.787377779693779978e-02 3.590522470514517783e-02
