7.000000000000000000e+00 3.513593704988302591e-01 2.766472428187311539e-01 3.716718354916143108e-02 3.716718354916148659e-02
1.500000000000000000e+01 2.322284620316296677e-01 5.479079194525844354e-01 3.627508611856047893e-02 3.860723188124148830e-02
1.500000000000000000e+01 4.588792320014032367e-01 2.271234358797892261e-01 3.930827317356266892e-02 3.866743032574543326e-02
1.400000000000000000e+01 9.477175902499559434e-01 7.073190074904576186e-01 3.626702432501949236e-02 3.811186395839560870e-02
1.100000000000000000e+01 8.123062384200392394e-01 7.269602424180252598e-01 3.553069525128138562e-02 3.703571215483947299e-02
1.000000000000000000e+00 3.072416795684264623e-01 7.248101425537840647e-01 3.542034073485045287e-02 3.667424253302176140e-02
2.000000000000000000e+00 4.058935960712922175e-01 6.855986109027141229e-01 3.627316133048319458e-02 3.598226727149922421e-02
7.000000000000000000e+00 5.112574299202555794e-01 6.419295769149330200e-01 3.640574854398059834e-02 3.696809351282004386e-02
0.000000000000000000e+00 6.192645836043938479e-01 6.067826397734947808e-01 3.985756305805199240e-02 3.859356309634487392e-02
6.000000000000000000e+00 6.019390918976310623e-01 7.169925739346850735e-01 3.730479194894742445e-02 3.870397340373443740e-02
8.000000000000000000e+00 4.015211888944322793e-01 7.908836818656457268e-01 3.499300988621445452e-02 3.596575314770567022e-02
8.000000000000000000e+00 2.993287223575844536e-01 8.312260683553376328e-01 3.443058123093695189e-02 3.611058647665121857e-02
7.000000000000000000e+00 2.132260196341447256e-01 7.639422557750563669e-01 3.421520023463706095e-02 3.519767901843218194e-02
3.000000000000000000e+00 1.258518270127841343e-01 6.983104692746706643e-01 3.375408796047082993e-02 3.356015858781491445e-02
0.000000000000000000e+00 2.206495785547282762e-01 6.536447855995688450e-01 3.440698165538072506e-02 3.498918820553931219e-02
5.000000000000000000e+00 3.209052480104208627e-01 6.152484714379262698e-01 3.713931596525998913e-02 3.539160839108823620e-02
0.000000000000000000e+00 4.181036705601451353e-01 5.798230537258285411e-01 3.697406314540752081e-02 3.736125239921439523e-02
9.000000000000000000e+00 5.255830836176158538e-01 5.340908700830363509e-01 3.791469871013131154e-02 3.772076933747525729e-02
5.000000000000000000e+00 6.337611389561812469e-01 4.905965315348780331e-01 3.999949525714197041e-02 3.825142504173806302e-02
1.000000000000000000e+00 6.490438168124015306e-01 3.724351722967795264e-01 4.120619790420076978e-02 3.887474952850422660e-02
8.000000000000000000e+00 5.401431848714328687e-01 4.235764986076226424e-01 3.895966336773959426e-02 3.721176052521224520e-02
9.000000000000000000e+00 4.427054470040999168e-01 4.631264721622811997e-01 3.645375666399519599e-02 3.684161540930713796e-02
3.000000000000000000e+00 3.315714890361571854e-01 5.057969735178835524e-01 3.648675701610271105e-02 3.706882408886447156e-02
5.000000000000000000e+00 1.342813387630618083e-01 5.866501654540294819e-01 3.604408365380729062e-02 3.700714718395337055e-02
6.000000000000000000e+00 1.470860751336169059e-01 4.802790118968822686e-01 3.554149080180168951e-02 3.515365995196906290e-02
2.000000000000000000e+00 2.469977375375843054e-01 4.365899907981246608e-01 3.584262250171840747e-02 3.720261080797532260e-02
3.000000000000000000e+00 4.497583586901494623e-01 3.478297833882449397e-01 3.957350339151627372e-02 3.996136213682821570e-02
2.000000000000000000e+00 5.579756769159434082e-01 2.963925139366498929e-01 3.966882224456080852e-02 3.908703412659286780e-02
1.000000000000000000e+00 1.560324203781241481e-01 3.630116748774621094e-01 3.697406314540754857e-02 3.736122450373496884e-02
6.000000000000000000e+00 2.534438109651819260e-01 3.215250018758262218e-01 3.755984031692696790e-02 3.833720364083437193e-02
