3.000000000000000000e+00 3.334573319283928861e-01 7.454622849134939777e-01 3.433872835050366668e-02 4.425548212023255878e-02
1.000000000000000000e+01 2.614430717166520424e-01 1.924090885603742529e-01 3.285658211808739626e-02 4.189326691733047392e-02
1.000000000000000000e+01 2.870632840967626276e-01 3.058749638763142986e-01 3.122186795486320277e-02 4.150580906619377730e-02
8.000000000000000000e+00 8.513317328702970643e-01 4.689212790409947873e-01 3.221248128652276499e-02 4.485160222444056766e-02
1.000000000000000000e+00 7.740974255990771269e-01 3.959250986349946988e-01 3.389504139977939090e-02 4.709995754399748380e-02
0.000000000000000000e+00 5.935653834464367229e-01 2.525624590586418305e-01 3.602910554855431879e-02 5.108898895893515535e-02
6.000000000000000000e+00 8.416638589071316900e-01 5.876301674724293544e-01 2.985630410773743026e-02 4.285724824976056002e-02
9.000000000000000000e+00 7.740289317630024701e-01 5.353217132856227245e-01 3.150145003584203796e-02 4.352752283765293217e-02
7.000000000000000000e+00 6.852166593369242165e-01 4.681949909972332735e-01 3.262409123412646217e-02 4.349908482228148632e-02
1.000000000000000000e+00 5.912344635381758806e-01 3.949834094719599786e-01 3.557684676002148549e-02 4.781859023575379952e-02
5.000000000000000000e+00 5.071369310283034837e-01 3.387872629401578184e-01 3.585920525387553681e-02 4.895646127165426131e-02
2.000000000000000000e+00 8.351302316144075810e-01 7.005176054690744891e-01 2.898887725024623663e-02 4.094211638614864146e-02
3.000000000000000000e+00 7.471645764269894130e-01 6.526003312766621711e-01 3.164938162670305477e-02 4.410539409218672269e-02
5.000000000000000000e+00 6.760721796339177470e-01 5.924877039634505183e-01 3.177445498340791818e-02 4.313424260611786742e-02
3.000000000000000000e+00 5.924231995361671776e-01 5.284262358333284837e-01 3.431101813268200296e-02 4.574358551037105425e-02
1.000000000000000000e+00 5.038215301566265625e-01 4.653437632295340798e-01 3.445932710005039645e-02 4.785355147360853545e-02
8.000000000000000000e+00 4.145526860676465031e-01 4.060814999645907530e-01 3.844356044225244462e-02 4.858970521748934290e-02
2.000000000000000000e+00 7.514890955569157871e-01 7.802280417374709565e-01 2.940431487385264386e-02 4.111096541769998503e-02
2.000000000000000000e+00 6.740444278383417309e-01 7.122575999228881738e-01 3.276415182926406544e-02 4.406878857097873414e-02
1.500000000000000000e+01 5.962569674738161796e-01 6.587025093996845548e-01 3.332218386169971680e-02 4.481302895430172573e-02
1.500000000000000000e+01 5.135341906245687316e-01 5.910064472613728581e-01 3.251128261390884289e-02 4.297488189817855186e-02
7.000000000000000000e+00 4.249849091908807219e-01 5.353289912611205459e-01 3.473545888153389827e-02 4.745849218139619463e-02
0.000000000000000000e+00 3.358553170330937920e-01 4.666707268510560391e-01 3.615396326154063367e-02 4.706575105915733470e-02
7.000000000000000000e+00 6.740356134013498757e-01 8.288127062830413783e-01 2.996202344071086099e-02 4.185445104800833427e-02
6.000000000000000000e+00 5.908160877689054846e-01 7.819178798262256258e-01 3.038042616544600616e-02 4.203737083218894721e-02
0.000000000000000000e+00 4.203800262714961211e-01 6.656561297895676743e-01 3.277191500312837125e-02 4.560255451850037112e-02
6.000000000000000000e+00 3.235522768303903396e-01 6.187744036886481114e-01 3.770972486834506254e-02 4.875553523698239466e-02
9.000000000000000000e+00 5.752143995159026968e-01 8.978387240994687435e-01 3.080098532736563754e-02 4.221268917529419351e-02
5.000000000000000000e+00 5.126488249052484347e-01 8.601783546871853980e-01 3.107366680935402803e-02 4.181002844200620849e-02
8.000000000000000000e+00 4.113442175248592236e-01 7.995272110980582436e-01 3.290289160662596135e-02 4.463431422263097748e-02
