6.000000000000000000e+00 8.479383183914868116e-01 4.501523402315389943e-01 3.469446094562389504e-02 3.438204961011304128e-02
5.000000000000000000e+00 8.496818740105573919e-01 3.439512962644054594e-01 3.614157523272176764e-02 3.603778507937277498e-02
3.000000000000000000e+00 8.472578832314210384e-01 2.301400549128602702e-01 3.593732572750640841e-02 3.584094065959667064e-02
1.000000000000000000e+01 1.318073157057595424e-01 3.235263457428521061e-01 3.374161380714038594e-02 3.733245572003274226e-02
1.000000000000000000e+00 3.919535879238272291e-01 6.355716499622738880e-01 4.155573356447916922e-02 3.994761071284480547e-02
1.000000000000000000e+01 1.669916126444536131e-01 4.140069434989015473e-01 3.815439046452120953e-02 3.995397492282082297e-02
7.000000000000000000e+00 7.534165365184858354e-01 1.769433039927033602e-01 3.845529269133707295e-02 3.802383494211350468e-02
0.000000000000000000e+00 7.592279524056695372e-01 2.924446445734494304e-01 3.381167959547581869e-02 3.505513916333724556e-02
1.500000000000000000e+01 7.592819887118689159e-01 3.986232502395221644e-01 3.557730177437024022e-02 3.557730177437012919e-02
2.000000000000000000e+00 7.580803723376356995e-01 5.090971028535098419e-01 3.647465538100569393e-02 3.701144972712405723e-02
6.000000000000000000e+00 7.645550043307907107e-01 6.159260475091070663e-01 3.494076181956051741e-02 3.422612646569767048e-02
7.000000000000000000e+00 6.786553887070054802e-01 6.715988478512189275e-01 3.568454168639800805e-02 3.515518216501833937e-02
3.000000000000000000e+00 6.696378979567952916e-01 4.574972928085806467e-01 3.489157301909062703e-02 3.560629759085026658e-02
5.000000000000000000e+00 6.655627218211395135e-01 3.491624838808022324e-01 3.767695575911489403e-02 3.714022089159463302e-02
0.000000000000000000e+00 5.769082359780566271e-01 4.008526716552524016e-01 3.711970077531634438e-02 3.604935366666578433e-02
1.000000000000000000e+00 6.648942715985521890e-01 2.345926822308393445e-01 3.646151061086821965e-02 3.771142360660253989e-02
8.000000000000000000e+00 6.569834991196132901e-01 1.213430675400389291e-01 3.745397049555843072e-02 3.941575309035283414e-02
8.000000000000000000e+00 5.616252102456362749e-01 1.825939640993916591e-01 3.853695680626445519e-02 3.996661412487631515e-02
2.000000000000000000e+00 5.730213988226758870e-01 2.935516304984112645e-01 3.749530812110424272e-02 3.731746711335998112e-02
9.000000000000000000e+00 5.695578113700074940e-01 5.177357892832945563e-01 3.607549451044611555e-02 3.642507996964955419e-02
3.000000000000000000e+00 5.796538870146784594e-01 6.247274822524169213e-01 3.693638773656426899e-02 3.622145498971207633e-02
1.000000000000000000e+00 8.499215430208268973e-01 5.615737612584459360e-01 3.380388789914989811e-02 3.453333342389164340e-02
1.500000000000000000e+01 5.878975909454066118e-01 7.330521946882004869e-01 3.671399725898694122e-02 3.546387608815992909e-02
2.000000000000000000e+00 4.878996889112777735e-01 6.887436131767527003e-01 3.616438527501947275e-02 3.598704983535716551e-02
8.000000000000000000e+00 4.831910657079034332e-01 5.716489896545503546e-01 3.808447337268050514e-02 3.772810735331577625e-02
9.000000000000000000e+00 4.816791494883850278e-01 4.641828805188654150e-01 3.521248979410240842e-02 3.664143336953940011e-02
7.000000000000000000e+00 4.782558885250980940e-01 3.553081694882280206e-01 3.683322210849326872e-02 3.666338097216736980e-02
6.000000000000000000e+00 3.760447432538700507e-01 2.959059421000984069e-01 3.880368857858212950e-02 3.934027474960777315e-02
0.000000000000000000e+00 3.797332936334755216e-01 4.097585062075401185e-01 3.842067614735461545e-02 3.807129886324400747e-02
5.000000000000000000e+00 3.858114264233274415e-01 5.238169554816398676e-01 3.752662360290281995e-02 3.663382010900717578e-02
