5.000000000000000000e+00 2.390133395043326225e-01 1.623076605510793691e-01 3.166365223201236812e-02 4.539539381213739122e-02
5.000000000000000000e+00 3.379305083141682653e-01 1.550404914761263631e-01 3.405247311678211153e-02 4.540263804115377000e-02
3.000000000000000000e+00 4.491944326706922008e-01 1.445360102828741611e-01 3.686681244972012106e-02 4.914537332647078705e-02
1.000000000000000000e+00 5.545239660781902113e-01 1.379550937141013622e-01 3.681616103318374744e-02 4.645648425666017156e-02
5.000000000000000000e+00 1.844616184282242277e-01 2.849584073763952174e-01 3.461673746125240592e-02 4.614556427473942568e-02
8.000000000000000000e+00 2.896799718309583938e-01 2.834347772731685700e-01 3.605755351670719699e-02 4.807738777240228023e-02
7.000000000000000000e+00 4.007560553656172586e-01 2.655941613628614584e-01 3.653648724388791624e-02 4.744012836527275456e-02
1.000000000000000000e+00 5.052611576897727552e-01 2.707617259412055111e-01 3.702263610679573658e-02 5.128634848035409921e-02
3.000000000000000000e+00 6.305062113016368652e-01 2.736316043632692208e-01 3.772375528376858966e-02 4.808277003090841162e-02
8.000000000000000000e+00 1.317397197777646078e-01 3.985701165332405371e-01 3.605854268854072342e-02 4.861494447736625091e-02
1.000000000000000000e+00 2.439015648662068991e-01 4.025561299030360196e-01 3.445852815446046047e-02 4.700690019546049925e-02
1.500000000000000000e+01 3.335849746228058965e-01 4.014118762912707306e-01 3.565536788649542599e-02 4.860391812075093299e-02
7.000000000000000000e+00 4.321423467248269867e-01 3.986784453956605523e-01 3.765753895749829327e-02 4.914790444263311686e-02
6.000000000000000000e+00 5.611652948620334813e-01 3.849855579032921415e-01 3.886706336363432435e-02 5.288450104392417028e-02
2.000000000000000000e+00 6.768053881434710206e-01 3.755497459564051121e-01 4.005703707941277170e-02 5.074791897671343532e-02
8.000000000000000000e+00 5.947793892673498839e-02 5.557411420193916207e-01 3.346670883157642357e-02 4.998849684813866379e-02
2.000000000000000000e+00 1.956372818038393802e-01 5.271832275051697714e-01 3.689352008922633375e-02 5.152939381851884271e-02
1.500000000000000000e+01 2.862036874349855875e-01 5.131399986239840727e-01 3.577700692873470034e-02 5.229736937412504671e-02
0.000000000000000000e+00 3.873642106834785936e-01 5.184313260546806745e-01 4.070509009684381008e-02 5.154172937314926983e-02
6.000000000000000000e+00 4.999943413552461746e-01 5.170967295981772072e-01 4.038337650462142658e-02 5.002928563962860675e-02
6.000000000000000000e+00 6.247197888215966222e-01 5.178773752812397824e-01 4.038846783023530840e-02 5.307253097216918514e-02
0.000000000000000000e+00 1.144802714129660171e-01 6.577805298953622870e-01 3.606575782426792165e-02 5.255237205416019020e-02
0.000000000000000000e+00 2.369470904638172892e-01 6.653445523468970446e-01 3.606340126784091105e-02 5.127273282099797935e-02
9.000000000000000000e+00 4.438912206313482822e-01 6.608864130795989444e-01 3.700552925273292715e-02 5.045462952806145651e-02
2.000000000000000000e+00 5.448055564664404660e-01 6.591995841704787473e-01 3.894352052771099526e-02 5.319929043331150798e-02
3.000000000000000000e+00 1.476300815916864184e-01 8.112977291880603126e-01 3.750357727093284188e-02 5.230158790106231859e-02
9.000000000000000000e+00 2.808032456230601381e-01 8.099029096228662628e-01 3.693439616058391550e-02 5.307168726678168635e-02
7.000000000000000000e+00 5.063368238721960291e-01 7.778762895145141520e-01 3.840753486036491138e-02 5.564289398168731360e-02
1.000000000000000000e+01 9.560267476986088475e-01 6.631699162573833073e-01 2.741338451620878303e-02 4.294000748162662973e-02
1.100000000000000000e+01 7.217391005489366407e-01 6.256576982795514219e-01 2.980526019634710533e-02 4.037857611189965557e-02
