0.000000000000000000e+00 2.761351729423809909e-01 3.775232845732128251e-01 4.590774867543523374e-02 3.420406514128782050e-02
1.100000000000000000e+01 4.021724300011124131e-01 2.152538140773063158e-01 3.179391893794381030e-02 2.433301225419923219e-02
1.300000000000000000e+01 6.640713915646154764e-01 9.868525593484331337e-02 3.179979762865658977e-02 2.221984229710861902e-02
2.000000000000000000e+00 7.956345593988657372e-01 8.123154174142436235e-01 4.454573500478598014e-02 3.331609037149285690e-02
9.000000000000000000e+00 6.384570879600011128e-01 8.216846172966579820e-01 4.507113201952861470e-02 3.352824968706502595e-02
1.000000000000000000e+00 5.059486208097024873e-01 8.071484577388101656e-01 4.439616473461266422e-02 3.295453626905198163e-02
3.000000000000000000e+00 3.790791049304682581e-01 8.210660386470363115e-01 4.322832334078779981e-02 3.310205923400189043e-02
8.000000000000000000e+00 8.470309286475377064e-01 7.211496469996069303e-01 4.858489272711963292e-02 3.507414061398739236e-02
1.500000000000000000e+01 7.395269606174745824e-01 7.345790333537203232e-01 4.525720281711198556e-02 3.360417546363347885e-02
0.000000000000000000e+00 5.868224708777680654e-01 7.410068698217704419e-01 4.411264220839827832e-02 3.295126058069464126e-02
1.000000000000000000e+00 4.544023595714649644e-01 7.326350000552944719e-01 4.525813872807127325e-02 3.340020536895438319e-02
0.000000000000000000e+00 3.061332396092422137e-01 7.727683828427505119e-01 4.396160957735117947e-02 3.285784496807564459e-02
6.000000000000000000e+00 7.977777370010870062e-01 6.373546433444532422e-01 4.650728738648002292e-02 3.504214415806850003e-02
5.000000000000000000e+00 6.571812443299190898e-01 6.361211711946117564e-01 4.495127692231104533e-02 3.404036846507363379e-02
9.000000000000000000e+00 4.754319571061619842e-01 6.324240011862274358e-01 4.577944113236720458e-02 3.466152086983298464e-02
6.000000000000000000e+00 3.809915073631934823e-01 6.688415834877666777e-01 4.409664398043888767e-02 3.318547229824408973e-02
2.000000000000000000e+00 2.324459134541681793e-01 6.551612560077075820e-01 4.462999623833491247e-02 3.360616427442175702e-02
8.000000000000000000e+00 8.347848847125116656e-01 5.493927301210297376e-01 4.744237942362916627e-02 3.462583926451223704e-02
1.500000000000000000e+01 7.060382531684372687e-01 5.337305526903480812e-01 4.384081856917443343e-02 3.342787323668683364e-02
7.000000000000000000e+00 5.706190151932541976e-01 5.568899910960971589e-01 4.547562103722435634e-02 3.394525651384094900e-02
1.000000000000000000e+00 4.480133634082232863e-01 5.781010676152340544e-01 4.409661473322135095e-02 3.318553079267916317e-02
5.000000000000000000e+00 2.891358682063368546e-01 5.666043666391656908e-01 4.533891954274060776e-02 3.359762408691868707e-02
3.000000000000000000e+00 1.619554544053305734e-01 5.659740891025535348e-01 4.531733509624313871e-02 3.412547786792918814e-02
7.000000000000000000e+00 6.442706743666161140e-01 4.534183515630867412e-01 4.722045153741971646e-02 3.698225832935236879e-02
2.000000000000000000e+00 5.199400801892735124e-01 4.597785245935056553e-01 4.727853651132746249e-02 3.511613961828324859e-02
3.000000000000000000e+00 3.686547531831648739e-01 4.848717597715638816e-01 4.667463996487880573e-02 3.557362459404600497e-02
5.000000000000000000e+00 2.186838253776542396e-01 4.833888965983028640e-01 4.634976187315312246e-02 3.489982719782919185e-02
7.000000000000000000e+00 7.419267240586144840e-01 3.673190181374179075e-01 4.871053877339726057e-02 3.598568864106821419e-02
8.000000000000000000e+00 5.597706080397634176e-01 3.710258251039606492e-01 4.878587960561597825e-02 3.618635380017243275e-02
6.000000000000000000e+00 4.307594792844429143e-01 3.543776508541124914e-01 4.996018463450302427e-02 3.842555001736802645e-02
