2.000000000000000000e+00 2.566753210485942516e-01 5.278927587366257779e-01 3.839626331942030957e-02 4.748885633166499698e-02
1.100000000000000000e+01 3.559243519988432580e-01 1.551887168611320866e-01 3.567463411623206238e-02 4.819188608041324873e-02
1.200000000000000000e+01 3.640175002006064697e-01 2.227998054664500072e-01 2.881199357109398562e-02 4.088691191499124744e-02
6.000000000000000000e+00 8.600896936245594482e-01 7.142555118020585958e-01 3.431106452400600748e-02 5.007246187483038735e-02
2.000000000000000000e+00 8.804601491835166716e-01 5.658263481069167877e-01 3.781579638774512642e-02 5.104775597141320009e-02
8.000000000000000000e+00 8.845947733332550911e-01 4.435533396007441675e-01 4.013229119739247786e-02 5.474125266592050343e-02
1.000000000000000000e+00 7.745545263158479798e-01 5.301034399757291737e-01 3.822841448718194979e-02 5.343985539959927866e-02
6.000000000000000000e+00 7.904774949580677390e-01 3.378175667027877860e-01 4.276436264540783849e-02 5.701958879935087321e-02
3.000000000000000000e+00 7.904223403197427889e-01 6.558063706995231890e-01 3.637563531466414535e-02 4.911504095130314607e-02
8.000000000000000000e+00 7.659329133438919079e-01 7.904474230702731585e-01 3.301920692673898650e-02 4.588454716003054212e-02
6.000000000000000000e+00 6.753068797141255075e-01 7.476985760934995451e-01 3.540785233681942312e-02 4.660243466920221955e-02
1.500000000000000000e+01 6.887096213041378201e-01 6.104178589174696912e-01 3.519425147109989105e-02 4.877857572724719759e-02
7.000000000000000000e+00 6.785544791188746760e-01 4.616096989737386025e-01 3.677695932315172556e-02 5.150557784748910350e-02
5.000000000000000000e+00 6.315209500946536991e-01 4.269029711931406901e-01 3.940069726716577403e-02 5.377209904597030077e-02
5.000000000000000000e+00 5.915236671446519878e-01 5.475896807649449638e-01 3.927169243219696959e-02 5.297652354225945714e-02
5.000000000000000000e+00 5.822380877239541341e-01 6.719884455253648525e-01 3.730887811145044974e-02 4.788562980836241767e-02
5.000000000000000000e+00 5.998953024094086928e-01 8.062735695541610736e-01 3.478766419692702616e-02 4.638378984053437293e-02
9.000000000000000000e+00 5.041296624253164271e-01 9.102768782436194694e-01 3.585692951626229252e-02 4.595039280677837290e-02
7.000000000000000000e+00 5.031634282730509389e-01 7.501300677757976043e-01 3.538463365955246687e-02 4.656619489193325467e-02
3.000000000000000000e+00 4.761077343766692005e-01 6.243915003572607647e-01 3.901362793657531247e-02 4.766978108958963567e-02
1.500000000000000000e+01 3.935159524573932366e-01 8.321271966176064794e-01 3.393909966941793810e-02 4.463227370677025352e-02
7.000000000000000000e+00 3.892482800784750063e-01 7.110026765444664720e-01 3.573488754318937533e-02 4.517680240243948653e-02
0.000000000000000000e+00 4.575458547823277877e-01 4.938003938669718318e-01 3.663953874565528679e-02 5.071183900419956592e-02
8.000000000000000000e+00 5.219890194084887414e-01 2.192248144883834349e-01 4.071854223875281953e-02 5.491839445163401723e-02
2.000000000000000000e+00 4.611404870617660245e-01 3.263609861319404226e-01 3.750296103358791155e-02 5.555544148942387350e-02
3.000000000000000000e+00 4.107127410467714679e-01 5.792707023912515574e-01 3.505332204981326250e-02 4.797631149006176265e-02
9.000000000000000000e+00 3.001028277574805392e-01 6.195764894663569056e-01 3.670850945640358187e-02 4.770574673843797076e-02
0.000000000000000000e+00 3.705420444575832639e-01 6.150094551451785740e-01 3.419869928419783101e-02 4.621207579755859385e-02
1.000000000000000000e+00 2.939944241501517008e-01 7.907683726256948820e-01 3.229652217019818305e-02 4.493222502513571914e-02
1.000000000000000000e+00 3.632814928028001988e-01 4.226558173265415608e-01 3.967312609205314589e-02 5.537317350223580625e-02
