7.000000000000000000e+00 5.705809305743128057e-01 7.724434823301391528e-01 3.898797633916473160e-02 3.898791781456512062e-02
1.500000000000000000e+01 7.818576616477024288e-01 5.445203652714784015e-01 3.762751349501247677e-02 4.089429812452882729e-02
1.500000000000000000e+01 4.469986740462997266e-01 7.845854347141694163e-01 4.134642991935366663e-02 4.044793100277233044e-02
1.400000000000000000e+01 1.274852315219396626e-01 1.406884689965600399e-01 3.770930162306472544e-02 4.029509401070911767e-02
1.100000000000000000e+01 2.684443195638251956e-01 1.677473469207292900e-01 3.699989568804828988e-02 3.910850775220495179e-02
1.000000000000000000e+00 7.682913375566695624e-01 3.434131173679670912e-01 3.693077813582668067e-02 3.868666243771429203e-02
2.000000000000000000e+00 6.570415748780937815e-01 3.483811682167200496e-01 3.810185537541566081e-02 3.769329514505237455e-02
7.000000000000000000e+00 5.376078784918199016e-01 3.554611085072116872e-01 3.808938963568408997e-02 3.887815492786600435e-02
0.000000000000000000e+00 4.184824019097588277e-01 3.531862426865152171e-01 4.202791962032298434e-02 4.025836982441016731e-02
6.000000000000000000e+00 4.735212179078551742e-01 2.499064477792086736e-01 3.888099337095046737e-02 4.084068959122233444e-02
8.000000000000000000e+00 6.975500203169349156e-01 2.455320412073058456e-01 3.653468364519496525e-02 3.789570247304424599e-02
8.000000000000000000e+00 8.126975213341729454e-01 2.406596634478791186e-01 3.581307533114552744e-02 3.816760776315580861e-02
7.000000000000000000e+00 8.749186517787506112e-01 3.369307571336540019e-01 3.571686088927206182e-02 3.709151594884674275e-02
3.000000000000000000e+00 9.389676810451212940e-01 4.320013649685008339e-01 3.544214641837595270e-02 3.516974366916730821e-02
0.000000000000000000e+00 8.296639198304924800e-01 4.436995253131605921e-01 3.598911732698162336e-02 3.680538918101311507e-02
5.000000000000000000e+00 7.171047277586848345e-01 4.473085618016033327e-01 3.925830146508479945e-02 3.680878360779449299e-02
0.000000000000000000e+00 6.085964329029012188e-01 4.490234935148651463e-01 3.871648072125111195e-02 3.926034982607368162e-02
9.000000000000000000e+00 4.863570379456868542e-01 4.574213638966919127e-01 3.980655991488352141e-02 3.953412790337496041e-02
5.000000000000000000e+00 3.641941053779539361e-01 4.633611864608250253e-01 4.225891621525840192e-02 3.980933983336831794e-02
1.000000000000000000e+00 3.084479464369799251e-01 5.752237455914961384e-01 4.362192487949673181e-02 4.035511098768063132e-02
8.000000000000000000e+00 4.339545064336085556e-01 5.619530585157450631e-01 4.116810546412996707e-02 3.871852908223982759e-02
9.000000000000000000e+00 5.441171600419856258e-01 5.562323374216624483e-01 3.817062178003938211e-02 3.871536875385717114e-02
3.000000000000000000e+00 6.689266920564300722e-01 5.521246420816496858e-01 3.817091440303765904e-02 3.898709847016956775e-02
5.000000000000000000e+00 8.922476394323848314e-01 5.397752199917551508e-01 3.763921841494843878e-02 3.898657174877240283e-02
6.000000000000000000e+00 8.430084649510392047e-01 6.408035442870870790e-01 3.735157000752309386e-02 3.680676450910547182e-02
2.000000000000000000e+00 7.289717315734203229e-01 6.497765651722653413e-01 3.735408656530925242e-02 3.925888671108168637e-02
3.000000000000000000e+00 4.975120461118700543e-01 6.680832940504471962e-01 4.144317108262418614e-02 4.198800584334128061e-02
2.000000000000000000e+00 3.725810609219404879e-01 6.818821071137071144e-01 4.171469596283772230e-02 4.089851189570570256e-02
1.000000000000000000e+00 7.938496447450535953e-01 7.539571121932406861e-01 3.871653924585072293e-02 3.926034982607373713e-02
6.000000000000000000e+00 6.830477123032261400e-01 7.616063651582658522e-01 3.926198851486473185e-02 4.035060459350525708e-02
