6.000000000000000000e+00 4.093736618297456054e-01 8.177992575815344889e-01 3.220160266051719233e-02 3.274171795203828506e-02
5.000000000000000000e+00 4.998725694755341564e-01 8.600189825312414271e-01 3.384082195340526455e-02 3.402125183258875030e-02
3.000000000000000000e+00 5.985024952433177781e-01 9.015792562643762942e-01 3.365871443703738475e-02 3.382608670680220531e-02
1.000000000000000000e+01 7.926767525874571785e-01 2.515969455080540595e-01 3.642088813993082930e-02 3.019889531100664049e-02
1.000000000000000000e+00 4.250501607554468819e-01 3.552631241231300474e-01 3.690868911191808044e-02 3.968487108530127649e-02
1.000000000000000000e+01 7.015128854830074978e-01 2.471056870804275718e-01 3.825040741077057049e-02 3.513981642529473426e-02
7.000000000000000000e+00 6.801525098355918342e-01 8.414203052561834983e-01 3.557865835211693195e-02 3.632308189207955618e-02
0.000000000000000000e+00 5.787728668210090355e-01 8.021198088104506407e-01 3.343491763663697380e-02 3.128815717422483988e-02
1.500000000000000000e+01 4.876038969034567350e-01 7.614517864138448111e-01 3.344926143456367074e-02 3.344923347394390678e-02
2.000000000000000000e+00 3.932291999917626457e-01 7.180588897810791238e-01 3.500560545054193229e-02 3.408075203139571130e-02
6.000000000000000000e+00 2.990399518904954257e-01 6.826531958226750296e-01 3.189417564647378800e-02 3.312695937081855391e-02
7.000000000000000000e+00 2.841864738068464735e-01 5.875654471863668293e-01 3.284318704107541675e-02 3.375506673266204238e-02
3.000000000000000000e+00 4.714381150929219944e-01 6.619221578043713583e-01 3.375277396184339640e-02 3.251993431625921360e-02
5.000000000000000000e+00 5.659999524325370901e-01 6.999650414954303734e-01 3.470656662242066481e-02 3.563139208094689980e-02
0.000000000000000000e+00 5.556216694004738610e-01 6.040395647310864424e-01 3.346259865017975343e-02 3.531292062210633631e-02
1.000000000000000000e+00 6.646078592122753870e-01 7.433232389990984679e-01 3.593588322991769779e-02 3.377726746473586061e-02
8.000000000000000000e+00 7.648595428659193951e-01 7.799581377225207612e-01 3.780499473830944979e-02 3.441197353283809157e-02
8.000000000000000000e+00 7.488444827760940559e-01 6.746116936247780194e-01 3.812374580334754182e-02 3.565588558383936402e-02
2.000000000000000000e+00 6.492238423493663646e-01 6.418477190194264992e-01 3.501446896699944578e-02 3.532337789388906302e-02
9.000000000000000000e+00 4.581027588580663945e-01 5.529105797498456987e-01 3.438309021264640553e-02 3.377916878687814428e-02
3.000000000000000000e+00 3.623851832818005825e-01 5.205512791939940209e-01 3.377055691599811782e-02 3.500334064034293924e-02
1.000000000000000000e+00 3.129642985801780464e-01 7.767769461722009439e-01 3.274963080742476773e-02 3.149098350982038053e-02
1.500000000000000000e+01 2.662335610249980666e-01 4.860906961237376755e-01 3.283907682997364019e-02 3.499777647701463046e-02
2.000000000000000000e+00 3.426143409059946299e-01 4.172384389305747732e-01 3.376390228849995845e-02 3.407186055431837834e-02
8.000000000000000000e+00 4.449388851040773640e-01 4.580965376201742156e-01 3.533008844262675030e-02 3.594600497426353458e-02
9.000000000000000000e+00 5.377721130494950152e-01 4.980067713005814078e-01 3.499595903673158315e-02 3.252888171457601896e-02
7.000000000000000000e+00 6.325474576814461569e-01 5.368163351849162268e-01 3.440269060708422977e-02 3.469773106658269324e-02
6.000000000000000000e+00 7.227339054016381770e-01 4.718518483832174759e-01 3.719534138549451807e-02 3.627051592696806104e-02
0.000000000000000000e+00 6.235836464807994473e-01 4.313612361188632338e-01 3.565549413516300170e-02 3.625944352155102690e-02
5.000000000000000000e+00 5.233403510130774094e-01 3.928429939316013808e-01 3.408522573055428051e-02 3.562708614550702535e-02
