6.000000000000000000e+00 1.642215417116691389e-01 5.756730598993320402e-01 3.871073563443652721e-02 2.956410854283209044e-02
1.600000000000000000e+01 5.880728336334835049e-01 2.456988756656010575e-01 3.411697423965087683e-02 2.558754671985116746e-02
1.100000000000000000e+01 9.058376992191990995e-01 3.721672508932061807e-01 3.753891115394414335e-02 2.707824443839934592e-02
3.000000000000000000e+00 6.681908738312613005e-01 7.798653930531582734e-01 5.411324415258200737e-02 3.745451601807125996e-02
7.000000000000000000e+00 6.559883616990668243e-01 8.747350350856655243e-01 5.452752181821285404e-02 3.554065395627159507e-02
2.000000000000000000e+00 5.442410509649413530e-01 9.143154764630203601e-01 5.186921654581400087e-02 3.577742448166232325e-02
0.000000000000000000e+00 5.542124975870242887e-01 7.945388260866530494e-01 5.171270913421821547e-02 3.922664406228093537e-02
8.000000000000000000e+00 5.722015953231411878e-01 6.806387318497351124e-01 4.856359888317685058e-02 3.598011997566741282e-02
1.000000000000000000e+00 6.101750480318126613e-01 5.714908026211109604e-01 5.028750113545898959e-02 3.860706716270501104e-02
3.000000000000000000e+00 6.734052309803818526e-01 4.474066465849646512e-01 5.373213586966185673e-02 3.940700965615057116e-02
6.000000000000000000e+00 5.660862592503044244e-01 3.918678972676519212e-01 4.887185905082602755e-02 3.799496186469547565e-02
3.000000000000000000e+00 5.066562630453194105e-01 5.127675520006410581e-01 4.678858408381642020e-02 3.732336676936687248e-02
0.000000000000000000e+00 4.859266724195751008e-01 6.019867387456410146e-01 4.603865037812676642e-02 3.676650604051356908e-02
2.000000000000000000e+00 4.473657367362373627e-01 7.115814640876216846e-01 4.679786698273208367e-02 3.732410260891505516e-02
1.500000000000000000e+01 1.542073456419882915e-01 6.612662274615002111e-01 3.771166363864239535e-02 3.310672314302853803e-02
9.000000000000000000e+00 4.112363120860900167e-01 8.342181529786760752e-01 4.639284391449582934e-02 3.479490887570235724e-02
6.000000000000000000e+00 3.739028416736961402e-01 9.050341907340969660e-01 4.080555762204857162e-02 3.283627380754761127e-02
1.000000000000000000e+00 2.939958034663616715e-01 8.244997219550859180e-01 4.112941192781532918e-02 2.977133228021067168e-02
7.000000000000000000e+00 3.307621396977489248e-01 7.122631345244563317e-01 4.507656847038965520e-02 3.488281340019006027e-02
9.000000000000000000e+00 3.522029475483397509e-01 6.117929893891554949e-01 4.149455815284397442e-02 3.219048969944782179e-02
5.000000000000000000e+00 3.912908009512235386e-01 5.342574063872708168e-01 4.787224932613132200e-02 3.751683596749866290e-02
8.000000000000000000e+00 4.283827461826847371e-01 4.242364459870012761e-01 4.267925982542952745e-02 3.469661769297688325e-02
1.000000000000000000e+00 4.665414181960918505e-01 2.981391886053735285e-01 4.747215072256366630e-02 3.988836192675104808e-02
8.000000000000000000e+00 2.233340373023708914e-01 7.330927427257122320e-01 4.202962671046228671e-02 3.044643676415370592e-02
0.000000000000000000e+00 2.492876783482070313e-01 6.394464905451127112e-01 4.239480123701203085e-02 3.286570738947525161e-02
5.000000000000000000e+00 2.775310539573621615e-01 5.406909364616574454e-01 4.238543343353307069e-02 3.286491494688492665e-02
1.500000000000000000e+01 3.096354504296718879e-01 4.365226457170418017e-01 4.480860966876426543e-02 3.306945003976063946e-02
5.000000000000000000e+00 3.249051399093689785e-01 3.497680261818586489e-01 4.388382916581617943e-02 3.719793442792163063e-02
2.000000000000000000e+00 2.112087034181730494e-01 3.771869360295487805e-01 3.989054114387449723e-02 3.206749128881586364e-02
7.000000000000000000e+00 1.911751321004530046e-01 4.797892470095321826e-01 4.098982882582788423e-02 3.395245749758823983e-02
