3.000000000000000000e+00 4.069910756977842547e-01 3.494619840039355774e-01 4.640541994895114319e-02 3.359684162858922463e-02
8.000000000000000000e+00 8.712619458997938882e-01 3.387055155711079513e-01 4.487460651582486637e-02 3.164186994640427741e-02
0.000000000000000000e+00 8.628628592180709322e-01 4.293471050991971572e-01 4.420846883136309025e-02 3.214477255439884829e-02
1.500000000000000000e+01 8.489107555371981917e-01 5.281465442261520371e-01 4.542735672254527568e-02 3.482612245541316653e-02
0.000000000000000000e+00 8.315284881928743932e-01 6.244027247728870522e-01 4.584417392976181116e-02 3.589214071123114635e-02
5.000000000000000000e+00 7.856660029003154078e-01 2.618399409505656195e-01 4.384268148803771581e-02 3.186375087399248573e-02
2.000000000000000000e+00 7.509860414128153305e-01 3.552904687866671463e-01 4.351626632418070795e-02 3.238119809297768104e-02
7.000000000000000000e+00 7.139645075339831060e-01 5.628740712656630230e-01 4.827969515995012006e-02 3.545431767642137633e-02
1.000000000000000000e+00 6.743344292927057060e-01 6.747714549858920829e-01 4.806402799811593241e-02 3.755028135323723593e-02
1.000000000000000000e+00 6.832076867894455452e-01 1.956774816104363546e-01 4.236342031503892436e-02 3.076102740896388688e-02
6.000000000000000000e+00 6.622165137853568417e-01 3.057945802003307900e-01 4.566216008333867649e-02 3.298706774853327195e-02
5.000000000000000000e+00 6.300396276097159909e-01 3.898837262462676589e-01 4.433950780297213345e-02 3.425959748478679678e-02
2.000000000000000000e+00 6.089566778353312504e-01 4.989900980977394207e-01 4.547926641167621131e-02 3.562516874011817380e-02
1.000000000000000000e+00 5.783681786569270233e-01 5.972111483606038496e-01 4.693240777287732701e-02 3.646661160355191278e-02
3.000000000000000000e+00 5.595719771636376016e-01 7.095200978311511086e-01 5.063922148507593590e-02 3.948919622480129288e-02
6.000000000000000000e+00 5.772302071932406964e-01 1.258662495293771388e-01 4.427352091000902323e-02 3.320471451715638345e-02
8.000000000000000000e+00 5.589145277534157685e-01 2.278637434237857362e-01 4.464706171325716344e-02 3.257924125548297689e-02
3.000000000000000000e+00 5.134657527851963499e-01 3.132255841732085599e-01 4.476479332811883483e-02 3.448727976004800633e-02
8.000000000000000000e+00 4.926455408229593602e-01 4.081897825975353555e-01 4.690645292831174817e-02 3.487712482476584830e-02
1.500000000000000000e+01 4.694513679027608744e-01 5.279076166845484419e-01 4.865466567921250540e-02 3.588620189086444423e-02
7.000000000000000000e+00 4.438462951118109512e-01 6.277043239732151836e-01 4.806696991376047112e-02 3.967351961247811420e-02
7.000000000000000000e+00 4.621881630997803914e-01 1.588412884172140660e-01 4.507080754423498092e-02 3.260118189739322214e-02
2.000000000000000000e+00 4.109739620734170762e-01 2.500630677016808523e-01 4.850479294857024115e-02 3.335934380299981905e-02
5.000000000000000000e+00 3.628734900642084926e-01 4.420047246546367492e-01 4.942500766547852642e-02 3.465433657739946938e-02
0.000000000000000000e+00 3.418615036942976859e-01 5.651337374261047319e-01 5.128803761013511764e-02 3.756578827308365565e-02
9.000000000000000000e+00 3.132227522357188265e-01 1.633831387653212897e-01 4.763863249481425921e-02 3.300540660586928632e-02
9.000000000000000000e+00 2.692497328868096451e-01 2.821092723347161102e-01 4.912578460042996142e-02 3.653523797223334757e-02
6.000000000000000000e+00 2.231726114776189374e-01 4.874567164838882194e-01 5.179789633642944979e-02 3.884802358151046020e-02
1.100000000000000000e+01 1.805647509659600580e-01 6.167059035995231531e-01 4.520665806012258425e-02 3.181206114117141048e-02
1.300000000000000000e+01 2.076107850374516728e-01 7.369779863456176194e-01 4.225657653751627163e-02 3.518987520287197857e-02
