1 0.235883 0.133714 0.033250 0.044323
11 0.770207 0.629984 0.031805 0.033740
12 0.727492 0.770484 0.030437 0.043781
15 0.487879 0.785943 0.042680 0.054177
2 0.326789 0.806953 0.035297 0.051990
0 0.171242 0.804276 0.034891 0.052531
5 0.103629 0.698156 0.032492 0.047875
15 0.221520 0.673443 0.035914 0.050156
8 0.260852 0.699708 0.037281 0.050625
8 0.364984 0.720990 0.037766 0.052250
3 0.398406 0.639286 0.038984 0.053073
2 0.231539 0.535359 0.033859 0.047885
0 0.147711 0.525464 0.033516 0.048344
6 0.168441 0.462531 0.034883 0.048792
8 0.218199 0.427646 0.035227 0.049250
2 0.294813 0.484422 0.035906 0.050615
9 0.406285 0.477422 0.037758 0.052531
5 0.518945 0.495474 0.039813 0.052531
1 0.656066 0.425380 0.041039 0.054177
3 0.500957 0.422266 0.038477 0.049406
7 0.504152 0.369526 0.039898 0.049781
3 0.543914 0.330948 0.037906 0.048646
6 0.628621 0.233620 0.039664 0.052885
7 0.451824 0.255177 0.038758 0.049396
6 0.354281 0.300458 0.036938 0.053188
1 0.222750 0.307672 0.035297 0.046510
7 0.174250 0.288880 0.034203 0.046510
0 0.521039 0.202094 0.038422 0.053188
9 0.558676 0.102297 0.038758 0.050156
5 0.438652 0.133542 0.038789 0.047813
