2.000000000000000000e+00 4.424934348447305821e-01 6.078474995092372213e-01 4.214540559240526063e-02 5.782800276442801035e-02
2.000000000000000000e+00 7.202755069672710508e-01 2.997157310442587486e-01 3.892715428258763932e-02 5.133604342329300962e-02
2.000000000000000000e+00 6.217057789836868409e-01 2.670686614818090776e-01 3.972597767698038407e-02 4.954833479491521642e-02
6.000000000000000000e+00 3.930255989012458873e-01 1.782312211500075017e-01 3.625771607584898915e-02 4.948210379242531931e-02
8.000000000000000000e+00 3.077498364161090905e-01 1.354227275532856323e-01 3.411953505929538055e-02 4.378180456349893557e-02
3.000000000000000000e+00 2.123901102247451322e-01 1.964688641966759186e-01 3.384733033629608312e-02 4.570356051340557224e-02
1.500000000000000000e+01 3.254667470130147566e-01 2.329349319678577224e-01 3.400586199119215447e-02 4.705219517314912503e-02
9.000000000000000000e+00 4.127515018948218484e-01 2.913733109613495520e-01 3.513516517061554545e-02 4.793139998811696278e-02
6.000000000000000000e+00 5.196283032738162611e-01 3.461578142077690323e-01 3.911275374967149165e-02 5.135823785497845018e-02
9.000000000000000000e+00 6.215452510042476231e-01 3.978595960304500134e-01 4.117707075812904183e-02 5.133974249524064781e-02
8.000000000000000000e+00 7.523967798743154134e-01 4.683267698431770598e-01 4.180972949201977595e-02 5.492379091987398265e-02
3.000000000000000000e+00 6.589775398543069596e-01 5.981689071161221394e-01 4.293201617782838042e-02 5.612772140795407871e-02
1.500000000000000000e+01 5.263098840888353891e-01 5.006259358174145468e-01 3.943498401710465728e-02 5.144228898978731035e-02
7.000000000000000000e+00 4.166176779497424709e-01 4.600903311073372137e-01 3.691465363910989561e-02 5.092940972848464254e-02
6.000000000000000000e+00 3.089171431561367198e-01 3.914226970816774842e-01 3.757244257607306182e-02 5.238132482562163350e-02
5.000000000000000000e+00 2.164762636296909126e-01 3.336283088996300772e-01 3.805176597042264630e-02 4.787926068828451953e-02
0.000000000000000000e+00 1.275306694799935858e-01 2.879910087464283008e-01 3.660149490526246052e-02 4.822855876790554941e-02
5.000000000000000000e+00 5.449584323776801575e-01 6.942903191938338825e-01 4.226001810735235953e-02 5.880449904316009668e-02
8.000000000000000000e+00 3.246988960067543895e-01 5.368139566805369967e-01 4.002272544877477634e-02 5.172142213325992000e-02
7.000000000000000000e+00 2.330475041216908405e-01 4.626119972613129683e-01 3.759187738265476475e-02 5.504051719021973987e-02
0.000000000000000000e+00 1.068771508012786309e-01 4.232173213853513416e-01 3.544236428854746768e-02 4.889089815051850252e-02
3.000000000000000000e+00 1.263889626664602139e-01 5.684161558486524601e-01 3.746875113068545704e-02 5.406469613890674264e-02
5.000000000000000000e+00 2.281598557703899965e-01 6.418970457786672412e-01 4.473995227106233874e-02 5.554808270531175207e-02
1.000000000000000000e+00 4.369679314441841100e-01 7.976037840153299419e-01 4.333797464521776943e-02 6.188946633200931302e-02
1.200000000000000000e+01 7.607684549190958379e-01 6.787281473641042506e-01 3.761738923600743689e-02 4.022940375441708127e-02
0.000000000000000000e+00 5.771511913179973030e-01 1.333918783386394413e-01 3.645053754054483619e-02 4.689061031601060581e-02
1.000000000000000000e+00 4.771313684155360502e-01 9.289841662682191137e-02 3.848731701339258571e-02 4.733065308920261782e-02
7.000000000000000000e+00 4.042074823907697567e-01 3.570123773916768911e-02 3.579456878184150703e-02 4.544885298787258027e-02
1.000000000000000000e+00 7.054010395849377169e-01 1.852735789107705644e-01 3.989402123117036236e-02 4.636813108227261226e-02
