2.000000000000000000e+00 3.475988827557591754e-01 7.470244627147637484e-01 3.794857076460311784e-02 4.631138994692030053e-02
1.100000000000000000e+01 2.194239562720571024e-01 3.981383069562786092e-01 3.500272145995203532e-02 4.739303364635838456e-02
1.200000000000000000e+01 2.605973434235433484e-01 4.369886199650696579e-01 2.813420722564505261e-02 4.037049511568385762e-02
6.000000000000000000e+00 8.601424640628858587e-01 3.099131630696509987e-01 3.340636195193624758e-02 4.954458073173534371e-02
2.000000000000000000e+00 7.959426330957302120e-01 1.889082156821409730e-01 3.710612248905187371e-02 5.019829538958731074e-02
8.000000000000000000e+00 7.343717976053663055e-01 1.010696808575931582e-01 3.933979791427499872e-02 5.387847976176257658e-02
1.000000000000000000e+00 7.043979424944886158e-01 2.635559697436886117e-01 3.738600510031808710e-02 5.270477153972297213e-02
6.000000000000000000e+00 6.140413931612398457e-01 1.165990593658857433e-01 4.200571075301062773e-02 5.600808107763954879e-02
3.000000000000000000e+00 7.815115259097791256e-01 3.350178712569621409e-01 3.569222253211734586e-02 4.829873420725361299e-02
8.000000000000000000e+00 8.356195880405679066e-01 4.504116892932121807e-01 3.231106609895639803e-02 4.522977317480664228e-02
6.000000000000000000e+00 7.508665610893966447e-01 5.059255193289241559e-01 3.482063889141406854e-02 4.572518209168952019e-02
1.500000000000000000e+01 6.877545671063234334e-01 3.991015242823907627e-01 3.444807242908176637e-02 4.807149451546244290e-02
7.000000000000000000e+00 6.023927672019571133e-01 3.064230990723888493e-01 3.595993399269181712e-02 5.080426790103031998e-02
5.000000000000000000e+00 5.518116460393878153e-01 3.266357586466123175e-01 3.862062293046675254e-02 5.292686811252700352e-02
5.000000000000000000e+00 5.879194918257766300e-01 4.469698521342007069e-01 3.853730978834069010e-02 5.209163635995228692e-02
5.000000000000000000e+00 6.470728998282578859e-01 5.410919589220780646e-01 3.676603038011450053e-02 4.687293237287271097e-02
5.000000000000000000e+00 7.299361671432278431e-01 6.167715815236520793e-01 3.417050556772593950e-02 4.556092541199685542e-02
9.000000000000000000e+00 7.189588393847214931e-01 7.778752600039282594e-01 3.533995927248811952e-02 4.497234795220639292e-02
7.000000000000000000e+00 6.339342234382421282e-01 6.688051625718965942e-01 3.479823535739690055e-02 4.568915333145517899e-02
3.000000000000000000e+00 5.491189943673840945e-01 6.077960849260813925e-01 3.859396487917243768e-02 4.642793140752843328e-02
1.500000000000000000e+01 6.018317363951708465e-01 8.277969848431676603e-01 3.337873451695838600e-02 4.378856891078897196e-02
7.000000000000000000e+00 5.350958900028596199e-01 7.486157868130907111e-01 3.525928500816699618e-02 4.415499594312621845e-02
0.000000000000000000e+00 4.675803898558237859e-01 5.355003653447715228e-01 3.586708857767872960e-02 4.997070564257710679e-02
8.000000000000000000e+00 3.671952701169031164e-01 2.865955271664086812e-01 3.995761844851558608e-02 5.400019126868232933e-02
2.000000000000000000e+00 3.818462523713837542e-01 4.171511657309833754e-01 3.645396961602309638e-02 5.502862657482987530e-02
3.000000000000000000e+00 4.804429265326840559e-01 6.380525153806795302e-01 3.434984154916070898e-02 4.723300455661849639e-02
9.000000000000000000e+00 4.257176497324570708e-01 7.693156559338745204e-01 3.613821980846965154e-02 4.675062846481303769e-02
0.000000000000000000e+00 4.716834274689093442e-01 7.002141094441214353e-01 3.355362748984408450e-02 4.544734595708799230e-02
1.000000000000000000e+00 5.117022382624414334e-01 8.925958679993594158e-01 3.160018473110637327e-02 4.429566428652198518e-02
1.000000000000000000e+00 3.653707149970749635e-01 5.749216722704284521e-01 3.880504817623969815e-02 5.460398266683774704e-02
