5.000000000000000000e+00 8.151130120231812048e-01 6.629475108466309496e-01 3.444455731862849923e-02 4.486343494342059923e-02
1.000000000000000000e+01 1.937400944280705806e-01 4.693698380961944250e-01 2.620809922348954490e-02 3.228601965514665828e-02
1.200000000000000000e+01 1.796277541676419287e-01 5.993927287666096504e-01 2.487097588044687169e-02 3.182376190531122084e-02
9.000000000000000000e+00 3.480291955197786224e-01 7.159949682446408170e-01 3.946076484689681196e-02 5.102130013972305811e-02
3.000000000000000000e+00 3.347546792946372030e-01 5.681407387823755872e-01 3.695772473482450415e-02 4.959349534858004116e-02
3.000000000000000000e+00 3.370895887474159025e-01 4.571512746888584111e-01 3.867367889545053616e-02 5.028421231150109749e-02
3.000000000000000000e+00 4.328247792408684291e-01 3.577784087866406892e-01 3.651946492341417994e-02 4.949367321051129087e-02
7.000000000000000000e+00 4.305543624339785991e-01 5.184987832679308628e-01 3.702580111154224474e-02 4.848442496573540650e-02
8.000000000000000000e+00 4.316868068668853753e-01 6.728747354233715061e-01 3.644825459585010474e-02 4.682244440301863708e-02
0.000000000000000000e+00 4.335762455195009135e-01 7.918367238164449873e-01 3.654369500634657708e-02 4.724076880487859675e-02
1.000000000000000000e+00 5.315274584600148122e-01 1.362116966991221145e-01 3.754966420995908827e-02 4.983704395462951187e-02
7.000000000000000000e+00 5.391091819908386817e-01 3.049945514764840770e-01 3.685891822897457981e-02 4.870194436892227863e-02
6.000000000000000000e+00 5.204546007405557173e-01 4.325645162303050073e-01 3.605169374153416317e-02 4.961328566781336713e-02
1.500000000000000000e+01 5.289973154767343422e-01 5.876791231893904177e-01 3.548125665137313867e-02 4.656749169805607380e-02
5.000000000000000000e+00 5.446269377267753953e-01 7.313623542558078672e-01 3.645875913479801333e-02 4.808037745106430449e-02
8.000000000000000000e+00 5.198539848644668782e-01 8.756462592344409490e-01 3.695171799570240445e-02 4.959117390350875620e-02
6.000000000000000000e+00 6.319228483710102040e-01 7.337487954354719732e-02 4.004492748104238053e-02 5.366034791491370443e-02
2.000000000000000000e+00 6.194554985971822969e-01 2.050132203120300090e-01 3.925755134896213860e-02 5.127456979700875661e-02
8.000000000000000000e+00 6.213117841123723117e-01 3.700614358218021760e-01 3.737218973425326940e-02 4.982941220395736837e-02
0.000000000000000000e+00 5.980712461597352814e-01 5.253418229770463466e-01 3.596440740685091786e-02 4.795293011664636396e-02
9.000000000000000000e+00 6.130636027196231241e-01 6.557588369844524756e-01 3.655382231047044073e-02 4.777829941115285806e-02
1.000000000000000000e+00 6.015591593433339268e-01 7.913013405468614092e-01 3.788482284213734452e-02 4.955281202370420690e-02
1.500000000000000000e+01 7.128798791395032364e-01 1.387433631307306570e-01 3.832589740569680714e-02 5.014071798802739732e-02
2.000000000000000000e+00 7.295927166779063722e-01 3.141134198613120820e-01 3.695171799570229343e-02 4.959117390350864518e-02
0.000000000000000000e+00 6.789667005977102487e-01 4.628408608871711905e-01 3.832752241724679543e-02 5.014814661225575065e-02
1.000000000000000000e+00 7.090441264300237911e-01 7.049063246986964071e-01 3.842693830242793762e-02 5.060024803990403885e-02
7.000000000000000000e+00 7.429010969830264211e-01 5.767614250548886989e-01 3.729622044429281580e-02 4.972813916271900947e-02
5.000000000000000000e+00 8.140286069942199720e-01 2.337141307802461376e-01 3.655382231047032970e-02 4.777832842921642120e-02
6.000000000000000000e+00 8.300137005208136909e-01 3.752078328914790761e-01 3.793641695884863996e-02 4.834789497747576936e-02
2.000000000000000000e+00 8.158329501759382651e-01 5.207495983729995004e-01 3.830918300118291153e-02 5.055318074108222648e-02
