8.000000000000000000e+00 6.477466523282839894e-01 7.657731887052754427e-01 3.497661004891794434e-02 4.474014542335513767e-02
2.000000000000000000e+00 8.457411141160400270e-01 2.288628068385548664e-01 3.092202160438295433e-02 4.393022939244048408e-02
2.000000000000000000e+00 8.476721316580859700e-01 3.733052888280538051e-01 3.356080284967999372e-02 4.663702825169258048e-02
7.000000000000000000e+00 8.308334773857535271e-01 4.913947226119438350e-01 3.279540184295381966e-02 4.345556101697961582e-02
9.000000000000000000e+00 8.130532086419940407e-01 6.465932627354975537e-01 3.367977072073569111e-02 4.436169776956888633e-02
6.000000000000000000e+00 7.745191458806476303e-01 1.530099610617002281e-01 3.248292931615481827e-02 4.601166350899135726e-02
3.000000000000000000e+00 7.577802936770017261e-01 3.027420925879591440e-01 3.561185147517564875e-02 4.721082719327535093e-02
2.000000000000000000e+00 7.523055332665579131e-01 4.228014071248301642e-01 3.409940386516030486e-02 4.547275472150230646e-02
6.000000000000000000e+00 7.466085055071802756e-01 5.581557314340306331e-01 3.299634898545678041e-02 4.318214755603044797e-02
5.000000000000000000e+00 7.487146453222592868e-01 6.921557469872152701e-01 3.313092929114291874e-02 4.552602725830612318e-02
8.000000000000000000e+00 7.019469538631748495e-01 7.523657598073726915e-02 3.392665983037712607e-02 4.739946345542434686e-02
9.000000000000000000e+00 6.965815084744182428e-01 2.055622973752260774e-01 3.566646701710907141e-02 4.754920852736457815e-02
5.000000000000000000e+00 6.747272336702929696e-01 3.494805457062032383e-01 3.412749505578560605e-02 4.712627382866335646e-02
1.500000000000000000e+01 6.704201322821365938e-01 4.793866619355409697e-01 3.482770435518356411e-02 4.535115679873469308e-02
1.000000000000000000e+00 6.053119710646461815e-01 1.241721015530376504e-01 3.546227427887671535e-02 4.883636702690495601e-02
7.000000000000000000e+00 5.844808423350182913e-01 2.732717755907551060e-01 3.678132915024290295e-02 4.826687689344605348e-02
1.500000000000000000e+01 5.858970412440857034e-01 4.149662872200003960e-01 3.612146596327736603e-02 4.854694942149578862e-02
1.000000000000000000e+00 5.720634728661240231e-01 5.491730975838559070e-01 3.501471781946763340e-02 4.824012870795013619e-02
0.000000000000000000e+00 5.675305227820219844e-01 6.779846086740967115e-01 3.402923184714345961e-02 4.653445623492635796e-02
3.000000000000000000e+00 5.659369912373122258e-01 8.188820747382519194e-01 3.342241736279338848e-02 4.494870292825858815e-02
5.000000000000000000e+00 4.960204239878026611e-01 3.409371025126515242e-01 3.566624318292088702e-02 4.794035877133412393e-02
1.000000000000000000e+00 4.824556664802943651e-01 4.680311338764383544e-01 3.590924317354143858e-02 4.943316493133054212e-02
0.000000000000000000e+00 4.873912383105138968e-01 5.969720491067621593e-01 3.566744629168266956e-02 4.794813700937572420e-02
6.000000000000000000e+00 4.823540877277384675e-01 7.558695051497192896e-01 3.708081929412326838e-02 4.788115462854158899e-02
3.000000000000000000e+00 4.199847476480568775e-01 2.352338413076682233e-01 3.686389598643413645e-02 4.875998361016412042e-02
7.000000000000000000e+00 4.148570561361336617e-01 3.852575028744879004e-01 3.571369603083013322e-02 5.034534520700262306e-02
8.000000000000000000e+00 3.982998034073436666e-01 5.452828593920444611e-01 3.604214472281574988e-02 4.805557741973665031e-02
0.000000000000000000e+00 3.945258610659656551e-01 6.547787670827615036e-01 3.636438201607733456e-02 5.003969962294507745e-02
1.200000000000000000e+01 2.859226880558162764e-01 4.256501308490704405e-01 2.787653363903264125e-02 3.529028568447883929e-02
1.600000000000000000e+01 2.199487501878057416e-01 4.824668022311597859e-01 3.165281224975050045e-02 4.204610511283329854e-02
