6.000000000000000000e+00 1.184869208543993524e-01 5.585876654123624885e-01 3.792447778747738696e-02 5.152825761157520112e-02
1.000000000000000000e+01 7.926226636411685122e-01 5.234735644780013075e-01 3.181109352584221561e-02 3.714103427347759112e-02
1.400000000000000000e+01 7.881352502291957274e-01 5.690257977617491081e-01 2.891319982812667888e-02 4.094053912851824961e-02
3.000000000000000000e+00 6.606470345211205020e-01 2.882515728406540578e-01 4.511581481469129074e-02 5.613093849853373341e-02
2.000000000000000000e+00 1.075201475260608025e-01 6.863345647631163837e-01 3.539493390190759370e-02 4.911429396424349392e-02
3.000000000000000000e+00 6.832892742744965942e-01 4.542225060920356827e-01 4.551967747248508722e-02 5.870751060404100219e-02
5.000000000000000000e+00 5.826480874837788315e-01 6.206414584858319650e-01 4.194757993489273140e-02 5.525622498090698720e-02
8.000000000000000000e+00 6.015613362789975493e-01 7.317886472516863527e-01 4.116987989152620653e-02 5.824351210273581714e-02
7.000000000000000000e+00 5.833736413630794537e-01 1.651339250367930556e-01 4.149049065816123871e-02 5.266117141049087014e-02
2.000000000000000000e+00 5.591666186254010684e-01 3.350292409799536797e-01 4.208303485616360362e-02 5.468142298921724320e-02
6.000000000000000000e+00 5.321519201717854752e-01 5.085274332080356174e-01 4.013975147052706305e-02 5.495608599078632972e-02
3.000000000000000000e+00 4.923074029949223718e-01 6.797115754313856062e-01 3.974001160105894437e-02 5.490627133460124210e-02
1.000000000000000000e+00 4.853871890579221082e-01 1.017302315498659626e-01 4.110584872387268440e-02 5.308462442108820289e-02
8.000000000000000000e+00 4.643853925628829149e-01 2.323255653549370359e-01 3.965519589363863950e-02 4.987564501942134965e-02
5.000000000000000000e+00 4.363461101277407717e-01 3.899330670745823069e-01 3.751379120417863700e-02 5.068425175872010024e-02
8.000000000000000000e+00 4.330808333406591659e-01 5.541534217532814166e-01 3.882637327503174474e-02 5.216356507607433635e-02
0.000000000000000000e+00 3.833475809001051227e-01 7.051822470074428084e-01 3.885793393049163935e-02 5.414966859425374146e-02
1.500000000000000000e+01 3.738343890033630768e-01 8.684409399843744382e-01 3.853894384616396440e-02 5.696595951614091824e-02
7.000000000000000000e+00 3.744449313048843764e-01 1.539331052801504729e-01 3.969241472066287191e-02 5.053455189295805172e-02
1.000000000000000000e+00 3.466561864513495461e-01 4.343683517017934426e-01 3.892281808883329974e-02 5.123042169631264464e-02
9.000000000000000000e+00 3.161198875088773175e-01 5.996273789248842689e-01 3.955022117295603490e-02 5.313677058515431373e-02
1.000000000000000000e+00 3.047527345680546840e-01 7.453137529013181828e-01 3.769326044495557859e-02 5.248212866505808094e-02
2.000000000000000000e+00 2.504163463121751310e-01 9.228377199809716380e-01 3.770548664481834789e-02 5.327051952504879839e-02
9.000000000000000000e+00 2.588250005668924492e-01 2.235053430932099627e-01 3.713196413916078353e-02 5.142942442384704216e-02
0.000000000000000000e+00 2.569265134088928315e-01 3.680469182671407546e-01 3.625454948435496982e-02 4.834756906773046703e-02
0.000000000000000000e+00 2.326865794471651705e-01 5.027147281639570142e-01 3.622244860145934497e-02 4.789337995933851122e-02
1.500000000000000000e+01 2.266459126416909275e-01 6.418931528194624647e-01 3.786783920578737361e-02 5.248468763712244023e-02
5.000000000000000000e+00 1.681296994159685310e-01 7.955159796221913382e-01 3.654831947733772068e-02 5.232728242214434999e-02
7.000000000000000000e+00 1.737467568292193065e-01 2.847581636940391681e-01 3.521316158627282866e-02 4.982480677441042394e-02
6.000000000000000000e+00 1.438541246599896462e-01 4.094414616894019865e-01 3.504153985982649822e-02 4.959677393045752725e-02
