1.400000000000000000e+01 2.289105392628673907e-01 7.480037954921876509e-01 3.522064926432033616e-02 2.641506871299814652e-02
6.000000000000000000e+00 4.622769795764780643e-01 1.696903807496706884e-01 4.419645155916657187e-02 3.286213708721741344e-02
2.000000000000000000e+00 5.734823985031576310e-01 2.167257852496852211e-01 4.252030412068197318e-02 3.274486392533990098e-02
8.000000000000000000e+00 6.987429055043991033e-01 2.735457892968431448e-01 4.333803766598465224e-02 3.085943157172144069e-02
8.000000000000000000e+00 7.944782628855326934e-01 3.209079331091404530e-01 4.214015616798616470e-02 3.159717065639017219e-02
7.000000000000000000e+00 3.329444924348812229e-01 2.086392486677111913e-01 4.635959211352208564e-02 3.476965226161737865e-02
6.000000000000000000e+00 4.658470774263447911e-01 2.561048917612470666e-01 4.581348841677151951e-02 3.250423924939999099e-02
5.000000000000000000e+00 5.887719078947004636e-01 2.982511402225928032e-01 4.343562588913518763e-02 3.172183264087768961e-02
3.000000000000000000e+00 6.933217681789871634e-01 3.676473385871645849e-01 4.224778203694656842e-02 3.436014419492816607e-02
1.000000000000000000e+00 8.024258477789150135e-01 4.119314940765941291e-01 4.827895728644759910e-02 3.477009837920891355e-02
1.500000000000000000e+01 3.380228720382389418e-01 2.974799004950339221e-01 4.805517354958843690e-02 3.431737267083861953e-02
2.000000000000000000e+00 4.616105217182333020e-01 3.562686354148566492e-01 4.673918241922836447e-02 3.431709384734399348e-02
0.000000000000000000e+00 5.802442586029110672e-01 4.132785600854403385e-01 4.472256361134607783e-02 3.414829410364295104e-02
2.000000000000000000e+00 6.838828679417672252e-01 4.578823030645131631e-01 4.463462268111262343e-02 3.406785352541741307e-02
3.000000000000000000e+00 8.005503694240578838e-01 5.304456017408640811e-01 4.477113466412563358e-02 3.382658755543976881e-02
0.000000000000000000e+00 1.817695443054039850e-01 3.467164770740831514e-01 5.072435086450391428e-02 3.377729156157394108e-02
1.000000000000000000e+00 3.578326121614171518e-01 4.116539671111285603e-01 4.859096077703461969e-02 3.377684544398240618e-02
3.000000000000000000e+00 4.494455223496517382e-01 4.718485161501342340e-01 4.740264292490486975e-02 3.520110373734086640e-02
1.500000000000000000e+01 5.515578379372580997e-01 5.087841529657531892e-01 4.550170798498009983e-02 3.413348857607356734e-02
1.000000000000000000e+00 6.772415432387794976e-01 5.747947928104359949e-01 4.645729186607061578e-02 3.590990094325796633e-02
5.000000000000000000e+00 8.101491470531478889e-01 6.133564446001897874e-01 4.582374912137698875e-02 3.495950317916940442e-02
7.000000000000000000e+00 3.259961551818617020e-01 4.985638917081162136e-01 4.805606578477161772e-02 3.678663354004285679e-02
8.000000000000000000e+00 4.367440944595862296e-01 5.715481162732649612e-01 4.607859379554735124e-02 3.882516787460965624e-02
9.000000000000000000e+00 5.805939869123333263e-01 6.193863093792655317e-01 4.882500521849930664e-02 3.697667963404116520e-02
7.000000000000000000e+00 6.715764911201900222e-01 6.440976828925011333e-01 4.977043992438190401e-02 3.661950673731018124e-02
5.000000000000000000e+00 1.829010936940095311e-01 5.768216723229238063e-01 5.546133898093150161e-02 4.017868864735862910e-02
0.000000000000000000e+00 3.257368772141253643e-01 6.048047886055054612e-01 5.024767421793757682e-02 3.732766264918951915e-02
9.000000000000000000e+00 4.338884957561037758e-01 6.816847350388248739e-01 4.823172458644264804e-02 3.881066905288454993e-02
1.600000000000000000e+01 3.555827853825545004e-01 8.095926990047433991e-01 2.894505733935143210e-02 2.493780607329454391e-02
3.000000000000000000e+00 5.805872115014116819e-01 7.034084311591309868e-01 5.017032858050340938e-02 3.792713316282880776e-02
