1.500000000000000000e+01 4.231526665830624978e-01 3.893520001724057877e-01 5.047548473028096172e-02 3.953517107102061390e-02
1.600000000000000000e+01 5.944344955364346816e-01 7.989090201479756015e-01 3.208623833499724132e-02 2.321603005126526842e-02
1.400000000000000000e+01 4.718358817984291687e-01 9.056829564345043604e-01 3.716885568571398624e-02 2.745308544202573753e-02
8.000000000000000000e+00 6.684674242456876136e-01 6.331709177663895627e-01 4.765587206311971968e-02 3.786853626392805428e-02
0.000000000000000000e+00 5.198675022861417583e-01 6.227719393106967427e-01 5.157176020009379691e-02 3.867869580272331742e-02
3.000000000000000000e+00 3.740729735088943464e-01 5.886587221859490571e-01 5.701562853764718941e-02 4.106493602175764757e-02
1.000000000000000000e+00 1.811061082993649651e-01 5.689277532868707299e-01 5.416962497471153326e-02 3.891200068399292000e-02
5.000000000000000000e+00 3.183711258947040657e-01 4.857029516507108680e-01 5.228861534130080368e-02 3.922266424422859998e-02
7.000000000000000000e+00 4.632614153932864132e-01 5.239686679702237893e-01 5.301398461850592714e-02 3.976048846387936209e-02
9.000000000000000000e+00 6.212366445602910403e-01 5.346833423964328924e-01 4.909765760854223338e-02 3.894927562990924130e-02
2.000000000000000000e+00 7.511029072314172605e-01 5.513056568774017396e-01 4.686104382076106134e-02 3.684836137051128446e-02
7.000000000000000000e+00 8.315208235171143158e-01 4.679104993757801090e-01 4.712764453284135069e-02 3.449673360125660171e-02
6.000000000000000000e+00 7.019263110011462192e-01 4.534930242781456955e-01 4.390011405094995656e-02 3.421585488791467622e-02
0.000000000000000000e+00 5.731014646761332099e-01 4.300566214697045253e-01 4.814547877031361001e-02 3.696981215583228231e-02
6.000000000000000000e+00 2.818420007368253044e-01 3.708408348606120342e-01 5.342681781071978442e-02 3.837344500935929714e-02
3.000000000000000000e+00 1.149081742659839589e-01 3.509548121343092908e-01 5.700573926628159371e-02 4.105709482434349855e-02
2.000000000000000000e+00 7.754389118939333247e-01 3.780803374059999999e-01 4.375247717724950469e-02 3.688262272189912760e-02
5.000000000000000000e+00 5.218097932179999177e-01 3.260006694950461359e-01 4.659947551896165274e-02 3.596821621897511312e-02
8.000000000000000000e+00 3.673476252999183789e-01 2.951340153108387154e-01 5.262280249377887520e-02 4.048565293368949769e-02
7.000000000000000000e+00 2.214858904388641303e-01 2.671707546475065032e-01 5.338155537639269199e-02 4.055078168534559380e-02
3.000000000000000000e+00 6.621106140594677780e-02 2.365127260534536924e-01 5.527681375286566667e-02 3.788986549122250191e-02
8.000000000000000000e+00 1.720812558031986905e-01 1.728731874838260185e-01 5.270106817692360446e-02 3.595812214021434916e-02
1.000000000000000000e+00 3.362874134981992946e-01 2.002210896993452394e-01 5.130770495135317244e-02 3.695389569540963315e-02
0.000000000000000000e+00 4.787018449132717790e-01 2.355383548710510977e-01 4.813570653174525926e-02 3.610157509141381782e-02
5.000000000000000000e+00 6.004620064337528040e-01 2.594676998214071051e-01 4.967574111043893126e-02 3.623768423458739729e-02
0.000000000000000000e+00 7.265172716124186358e-01 2.778664405023657524e-01 4.421323529992737811e-02 3.519530236789697453e-02
2.000000000000000000e+00 6.964346640241254605e-01 2.039344672098198086e-01 4.376482413735682808e-02 3.388473984636380942e-02
9.000000000000000000e+00 5.684557892738587581e-01 1.698843453918763569e-01 4.257799454069055578e-02 3.298829787781387690e-02
1.500000000000000000e+01 4.424552076696965930e-01 1.350419846822129011e-01 4.775769059670614824e-02 3.581791684913791796e-02
6.000000000000000000e+00 2.875322816289374583e-01 1.052618044710507128e-01 4.751238985372097101e-02 3.421582562971543784e-02
