5.000000000000000000e+00 6.912924520165188991e-01 2.019194740275825350e-01 4.341329590698761454e-02 3.427982568716711476e-02
8.000000000000000000e+00 2.740749564422411133e-01 1.487232362607893155e-01 4.441521281885557615e-02 2.931938777137188534e-02
8.000000000000000000e+00 4.623604590245333212e-01 1.569281192600880948e-01 4.313372036070006743e-02 3.316539836500739802e-02
0.000000000000000000e+00 5.694173899308925257e-01 1.760633635301975808e-01 4.318208645630383646e-02 3.071916111923708725e-02
2.000000000000000000e+00 7.480178257897852623e-01 2.876285999577724573e-01 4.403327398550360705e-02 3.273634788809909324e-02
1.000000000000000000e+00 6.114096983120587137e-01 2.657045136494033954e-01 4.533595274490342941e-02 3.296939720178590494e-02
0.000000000000000000e+00 4.766473576384569477e-01 2.398287361315870614e-01 4.545200349764000336e-02 3.359550815697789905e-02
5.000000000000000000e+00 3.408896371419896654e-01 2.126372196147223725e-01 4.838491238436049002e-02 3.347917863711960540e-02
8.000000000000000000e+00 1.643754944214123048e-01 1.956427535168518139e-01 4.695946458459274164e-02 3.245167090348566319e-02
1.500000000000000000e+01 1.050885016907309455e-01 2.558515594269992754e-01 4.922991128346008993e-02 3.350265082876127676e-02
6.000000000000000000e+00 2.217270349032949284e-01 2.802933031177015089e-01 4.956983991158170344e-02 3.409285657868665886e-02
1.000000000000000000e+00 3.726687126727507571e-01 3.057768413570214894e-01 4.791605396248277415e-02 3.622601047014872844e-02
7.000000000000000000e+00 5.211055424091125543e-01 3.378953437350852296e-01 5.079610860294136998e-02 3.563856451472763309e-02
6.000000000000000000e+00 6.440972619538717359e-01 3.437986696247421481e-01 4.627640150645095929e-02 3.388531445662945618e-02
6.000000000000000000e+00 7.991559816509725689e-01 3.652109394977895440e-01 4.800470190716266128e-02 3.312968829672591209e-02
3.000000000000000000e+00 1.207708248854222621e-01 3.582823499498277720e-01 5.380704440700739832e-02 3.579369841791751883e-02
7.000000000000000000e+00 2.767278995087036897e-01 3.715554422341458829e-01 4.848348443857058987e-02 3.362307822530752333e-02
3.000000000000000000e+00 4.281985657681738333e-01 3.883766406275642735e-01 5.024097175691760730e-02 3.528597985928388914e-02
5.000000000000000000e+00 5.781271341258280572e-01 4.336522960440580832e-01 4.606732616522457580e-02 3.455087095953263132e-02
9.000000000000000000e+00 6.936989370707440372e-01 4.526318628150904910e-01 4.527345315623299005e-02 3.600996595088179486e-02
1.500000000000000000e+01 8.364117021150162534e-01 4.743207533029362155e-01 4.438753124367722513e-02 3.671073074124758806e-02
2.000000000000000000e+00 3.175264852599609666e-01 4.746153404587238889e-01 5.242578119601876141e-02 3.503860191554508674e-02
1.000000000000000000e+00 4.559376087886415352e-01 4.953458435207449551e-01 4.753578773186067918e-02 3.651397690679764052e-02
0.000000000000000000e+00 6.193174573747628475e-01 5.128064500610572951e-01 4.705800876209054184e-02 3.615654170343735041e-02
7.000000000000000000e+00 7.686520287496376724e-01 5.389532449745270126e-01 4.673369109278069367e-02 3.675834416562273610e-02
9.000000000000000000e+00 2.149303858340029794e-01 5.642323772219082212e-01 5.166628017312452359e-02 3.751798457207777826e-02
2.000000000000000000e+00 5.290686646221735012e-01 6.229022352987143574e-01 5.237777749767325020e-02 3.962451620342388736e-02
3.000000000000000000e+00 6.873995806697366096e-01 6.051366854040456378e-01 5.484152131868225144e-02 3.907679456283563724e-02
1.000000000000000000e+01 4.797243333736383453e-01 9.373739892561405718e-01 3.180919631825374072e-02 2.926346708677174391e-02
1.300000000000000000e+01 5.789849563125230025e-01 7.345468227874625278e-01 3.515526595594931081e-02 2.842527010544027011e-02
