3.000000000000000000e+00 3.263405817704075895e-01 3.986897767301873508e-01 4.611090745768819943e-02 3.344350302872367564e-02
8.000000000000000000e+00 7.302564311724442092e-01 2.305632320763681409e-01 4.456541510067524303e-02 3.152055178111981548e-02
0.000000000000000000e+00 7.778843383644277187e-01 3.135664940712574733e-01 4.393267106066689465e-02 3.199428948609589485e-02
1.500000000000000000e+01 8.255578282839258764e-01 4.056790553646870690e-01 4.520466705259051921e-02 3.461667719866851067e-02
0.000000000000000000e+00 8.686541232879056995e-01 4.967150767767364861e-01 4.564452533381679888e-02 3.565879077294520361e-02
5.000000000000000000e+00 6.078972691978073994e-01 1.918521485866577780e-01 4.356872018890745046e-02 3.171502350162716533e-02
2.000000000000000000e+00 6.339971131789583492e-01 2.863175114435483337e-01 4.326990312455081256e-02 3.221080060574960102e-02
7.000000000000000000e+00 7.273481601868254653e-01 4.824847754280336964e-01 4.799032679035297733e-02 3.527982795313211462e-02
1.000000000000000000e+00 7.602758428365206100e-01 5.949496417385053970e-01 4.785196530191559994e-02 3.730778080460950274e-02
1.000000000000000000e+00 4.771313889688817422e-01 1.683644109110334908e-01 4.209765865630704651e-02 3.061819424783202015e-02
6.000000000000000000e+00 5.254558888323956900e-01 2.728874781781172598e-01 4.537031802036806116e-02 3.283845863057044401e-02
5.000000000000000000e+00 5.480827227329281293e-01 3.582215160094051054e-01 4.413047876963061000e-02 3.404690677681648792e-02
2.000000000000000000e+00 5.957122158866365869e-01 4.618823943255162545e-01 4.528188698210577900e-02 3.539325156064959677e-02
1.000000000000000000e+00 6.283266164072749405e-01 5.591673647043382545e-01 4.671827611009404801e-02 3.623517848337465264e-02
3.000000000000000000e+00 6.799229006214843052e-01 6.648783309756599591e-01 5.041318411139839029e-02 3.923559931405962153e-02
6.000000000000000000e+00 3.410381539284311758e-01 1.428531638111789903e-01 4.403160225931646021e-02 3.302330520405605263e-02
8.000000000000000000e+00 3.867963216231070089e-01 2.392838340314026313e-01 4.437241996522245380e-02 3.242367495110254350e-02
3.000000000000000000e+00 3.984628474826493738e-01 3.302773489348007629e-01 4.455043049678930611e-02 3.427564073942113154e-02
8.000000000000000000e+00 4.377350196209747746e-01 4.213457595134617595e-01 4.663993506970398606e-02 3.469427994653129232e-02
1.500000000000000000e+01 4.899431295869208780e-01 5.351092003468376213e-01 4.836835990846521938e-02 3.570546726716705699e-02
7.000000000000000000e+00 5.279202545999723828e-01 6.320846074034065509e-01 4.793104463483277566e-02 3.936942167066292964e-02
7.000000000000000000e+00 2.593608106241213629e-01 2.113093286027623863e-01 4.478386765623401655e-02 3.245320665219192380e-02
2.000000000000000000e+00 2.694894594773483698e-01 3.094531929603520637e-01 4.814296193431694126e-02 3.325496499260194305e-02
5.000000000000000000e+00 3.435454226950905299e-01 4.955769168135000236e-01 4.907796840380918013e-02 3.452693364035791523e-02
0.000000000000000000e+00 3.997546269798861740e-01 6.116105798239572788e-01 5.097737632304460975e-02 3.738330539572887190e-02
9.000000000000000000e+00 1.304232298063913720e-01 2.662183450587610190e-01 4.729113642289331509e-02 3.289517043432918508e-02
9.000000000000000000e+00 1.636590128653690468e-01 3.862041153116773096e-01 4.884688284278446146e-02 3.634348873153692150e-02
6.000000000000000000e+00 2.476461180132188411e-01 5.834882518248638572e-01 5.151493531537498782e-02 3.863577765193237923e-02
1.100000000000000000e+01 2.884802026812461895e-01 7.123107547129320372e-01 4.489305291776185536e-02 3.169183564743849324e-02
1.300000000000000000e+01 3.854409259197734139e-01 8.093997494420244188e-01 4.214846411984801700e-02 3.491336141794654235e-02
