1.600000000000000000e+01 7.747758726899629522e-01 6.395352647075638330e-01 3.151042640784906812e-02 3.769340378649554957e-02
2.000000000000000000e+00 3.548747726972982797e-01 4.860537444655929629e-02 3.531047345733223652e-02 4.624416310764890153e-02
1.000000000000000000e+01 6.508752281474535772e-01 8.916898436849221010e-01 3.056380075543674302e-02 4.865489518173382599e-02
9.000000000000000000e+00 6.909567008334878135e-01 4.579076829448832098e-01 3.915162906981939361e-02 4.960734256705723322e-02
5.000000000000000000e+00 6.060859933213269546e-01 5.686493695400119952e-01 4.146962925539376954e-02 5.529309643075586145e-02
9.000000000000000000e+00 5.049924329983516147e-01 6.540526765053704672e-01 3.936905297241288793e-02 5.310192685502768128e-02
3.000000000000000000e+00 4.248063937623123287e-01 7.390777490478290801e-01 3.924944012326747611e-02 5.665657004068169744e-02
1.000000000000000000e+00 4.000178114600019263e-01 5.824526091637802772e-01 3.534216625843428217e-02 4.712265072282773026e-02
5.000000000000000000e+00 4.910460411206830633e-01 5.120481950701414320e-01 3.812370707568585315e-02 4.867099405539593304e-02
1.500000000000000000e+01 5.782741791778027718e-01 4.189534135910177870e-01 3.690818270876805585e-02 4.921796962455732283e-02
5.000000000000000000e+00 6.573027183083608449e-01 3.314189068394580717e-01 3.662790785291103468e-02 5.172375039922971762e-02
3.000000000000000000e+00 6.328632617643954461e-01 1.829749501962320557e-01 3.969703039487726404e-02 5.076800601210473829e-02
0.000000000000000000e+00 5.536140611348798757e-01 2.695642570258883208e-01 3.644844402511460135e-02 4.739847017084464209e-02
1.000000000000000000e+00 4.782195605576852193e-01 3.555634450871322239e-01 3.664982845948411283e-02 4.886670527044911783e-02
7.000000000000000000e+00 3.831561422730835886e-01 4.463209047620150249e-01 3.847972386482345630e-02 5.130648660365116909e-02
6.000000000000000000e+00 3.056205063502042130e-01 5.398277817636227827e-01 3.938895379409834696e-02 5.324188606664248535e-02
7.000000000000000000e+00 2.174188765313967986e-01 6.226781103339233958e-01 4.096248503232233218e-02 5.533984851035722574e-02
8.000000000000000000e+00 5.416842313996887981e-01 1.455918507144354224e-01 3.887177005202746560e-02 5.212387572598363439e-02
2.000000000000000000e+00 3.803996556992524924e-01 3.074725302811490701e-01 3.667293717481440174e-02 4.806090020850067868e-02
6.000000000000000000e+00 2.872654438607445959e-01 4.021863772666217640e-01 3.562276784419965425e-02 4.849726285235350653e-02
0.000000000000000000e+00 2.003253627718425967e-01 4.924927120463418184e-01 3.700231062506853519e-02 4.883385406330864598e-02
8.000000000000000000e+00 4.406528388674413321e-01 9.492349732435272081e-02 3.482049740580439590e-02 4.591844309182355199e-02
8.000000000000000000e+00 3.608398509298480494e-01 1.833821744728110770e-01 3.536690862330599261e-02 4.665417943980765259e-02
2.000000000000000000e+00 2.654552125913395288e-01 2.538294050357926546e-01 3.599595280488082638e-02 4.799469284799781632e-02
1.000000000000000000e+00 1.964546232512976442e-01 3.603438749290955867e-01 3.637320703805582700e-02 4.749738022489335965e-02
7.000000000000000000e+00 1.126686887373091056e-01 4.362418662949330006e-01 3.662562074355316111e-02 4.933669139213464616e-02
0.000000000000000000e+00 1.139442274478321415e-01 5.688719320129811408e-01 3.539589847698514091e-02 5.032472263474030427e-02
6.000000000000000000e+00 1.047256470455361910e-01 3.064003066817262422e-01 3.573893517794873853e-02 4.931854303086624647e-02
1.500000000000000000e+01 1.790842058944854265e-01 2.167357139959251167e-01 3.657607660837200458e-02 5.001088370648848480e-02
3.000000000000000000e+00 2.737069100869105043e-01 1.340458098105846430e-01 3.415803766542929720e-02 4.596044273639560140e-02
