7.000000000000000000e+00 3.982429507559662740e-01 3.120746913183468640e-01 3.453052307454390624e-02 4.340540709729329150e-02
1.300000000000000000e+01 6.714634253730215052e-01 3.761469046805643313e-01 2.519478469479552452e-02 2.963196173513638065e-02
1.300000000000000000e+01 8.871926606276191452e-01 6.658424972120974283e-01 3.010991369673754470e-02 4.561311785923405360e-02
5.000000000000000000e+00 6.068292642314878638e-01 6.974113693126300362e-01 3.603790144830532061e-02 4.926547858914454014e-02
6.000000000000000000e+00 5.011539070146709962e-01 7.972084696571706264e-01 3.982626204777500734e-02 5.310164554144969351e-02
0.000000000000000000e+00 3.926568732589089672e-01 8.788834758161907512e-01 3.616282831782019480e-02 5.191022420673008231e-02
5.000000000000000000e+00 3.095365616772564610e-01 9.569140424846264148e-01 3.597553563445476943e-02 4.848981075230240911e-02
1.000000000000000000e+00 6.037684583074596212e-01 5.877259962536468541e-01 3.661922000477657591e-02 4.937687799009204959e-02
3.000000000000000000e+00 5.063364615189375195e-01 6.228485482927651473e-01 3.810155164292156060e-02 5.186169267001283778e-02
1.000000000000000000e+00 4.030333062926759746e-01 7.015432997220323319e-01 3.398677462149685136e-02 4.583859426315450847e-02
1.500000000000000000e+01 3.102847004182711643e-01 7.924630615752998875e-01 3.398680251318464407e-02 4.583859426315461949e-02
3.000000000000000000e+00 2.444212968134039377e-01 8.128589698227726146e-01 3.086321239998940369e-02 4.483996027429093534e-02
9.000000000000000000e+00 1.528107275833298084e-01 7.876171876340871680e-01 2.696108160611176974e-02 3.752926999328720647e-02
8.000000000000000000e+00 2.247016643734104646e-01 7.379215076528009565e-01 3.108693162758058293e-02 4.355833722132806951e-02
2.000000000000000000e+00 3.245378549183586259e-01 6.293601138275133344e-01 3.132660490057537217e-02 4.229746558406477508e-02
7.000000000000000000e+00 4.047588395023186125e-01 5.869615129835998868e-01 3.519557247769622421e-02 4.429194439301531450e-02
7.000000000000000000e+00 4.865207979979568886e-01 4.885671832378445933e-01 3.306579109138069184e-02 4.357632735993866024e-02
2.000000000000000000e+00 5.665748089930907616e-01 4.261415277713532235e-01 3.493852268322150678e-02 4.814674299274968039e-02
1.500000000000000000e+01 5.741098321188166098e-01 2.859753373516869535e-01 3.440116142667348775e-02 4.330234731098858703e-02
2.000000000000000000e+00 4.833282177950664060e-01 3.551100872857030355e-01 3.199282575461398492e-02 4.339056871940050186e-02
6.000000000000000000e+00 4.040822289945862344e-01 4.192640093472383978e-01 3.348137723913152675e-02 4.208244856305742854e-02
8.000000000000000000e+00 3.406648985153294396e-01 5.192304959115972007e-01 3.042349994231891008e-02 4.056463869807080957e-02
5.000000000000000000e+00 2.431803537870513565e-01 5.808464835738565979e-01 3.052340796790559141e-02 4.108674320140948133e-02
8.000000000000000000e+00 1.656656857214258427e-01 6.372761652998446547e-01 2.859394468314357951e-02 3.996226191733431854e-02
0.000000000000000000e+00 1.888697012017440668e-01 4.952772539144412178e-01 2.950025718549351139e-02 3.932831174604384250e-02
3.000000000000000000e+00 2.567164827238299085e-01 4.521844150161257181e-01 3.199059441959251071e-02 4.154996835186880455e-02
0.000000000000000000e+00 4.740762242078428446e-01 2.235772946560863617e-01 3.213019231687397337e-02 4.126009004089065124e-02
1.000000000000000000e+00 4.203001158186190356e-01 1.742171098411238184e-01 3.046943755207359716e-02 3.696479801622826189e-02
9.000000000000000000e+00 3.390229706397728804e-01 2.555508751461400552e-01 3.005454869651702499e-02 3.861484237292542310e-02
6.000000000000000000e+00 2.008213730856130974e-01 3.767782469790483812e-01 2.811281306913682165e-02 3.748372286716133983e-02
