1.600000000000000000e+01 8.449451974648587438e-01 2.878450097648831418e-01 2.707516292426559446e-02 3.514724306155947442e-02
1.600000000000000000e+01 8.335348276165032155e-01 6.381164903636671326e-01 2.770396222552062859e-02 3.960577286001021324e-02
0.000000000000000000e+00 5.354738021308342866e-01 8.039693871428460481e-01 3.932178606119984821e-02 5.380665776196003058e-02
8.000000000000000000e+00 4.907077722696306932e-01 8.818270602750659659e-01 3.731762776413449778e-02 5.295996167854311043e-02
6.000000000000000000e+00 3.448326000554086113e-01 9.614245030273609327e-01 3.728026258589084430e-02 5.107911419176114354e-02
2.000000000000000000e+00 2.798070475257943279e-01 9.242836589051617313e-01 3.849068264404847950e-02 5.407216224442612518e-02
9.000000000000000000e+00 3.530590905043263783e-01 8.007988687987219745e-01 3.935480245912720276e-02 5.018143438121547284e-02
0.000000000000000000e+00 4.532375080384749011e-01 7.472300492655058468e-01 3.932178606119984821e-02 5.380665776196003058e-02
0.000000000000000000e+00 6.164345875122763108e-01 5.910839734769786080e-01 3.915458690219841831e-02 5.128602458154518651e-02
7.000000000000000000e+00 5.295855249722229985e-01 6.354998979123265279e-01 3.982733177296493565e-02 5.401808859444123811e-02
1.000000000000000000e+00 4.566336622771001164e-01 6.091269485675492312e-01 3.983708791827966778e-02 5.219594964192875164e-02
6.000000000000000000e+00 5.409009369135413525e-01 5.112273634451124371e-01 3.745839091647662489e-02 4.993461248787101070e-02
5.000000000000000000e+00 5.433135944563668440e-01 3.887919883887399619e-01 3.630710854854068970e-02 4.681719504024017819e-02
8.000000000000000000e+00 5.004545333742395075e-01 3.863695890057980975e-01 3.489867593400913792e-02 4.620953882223349796e-02
1.500000000000000000e+01 3.479954508131856139e-01 5.587915044202652615e-01 3.390166082571316464e-02 4.615188887264620732e-02
2.000000000000000000e+00 2.239100998671499365e-01 3.119977350958293427e-01 3.320167885717639766e-02 4.333490920199578600e-02
1.000000000000000000e+00 2.877171069859104646e-01 6.468246082326105650e-01 3.521158784400207908e-02 4.632629785164554814e-02
2.000000000000000000e+00 1.753136099436315154e-01 8.719371613551792910e-01 3.290805035463845174e-02 4.387255577899007442e-02
9.000000000000000000e+00 1.482017541854472875e-01 7.465517539777567491e-01 3.320041999971642954e-02 4.347349796417976364e-02
6.000000000000000000e+00 2.870268811626884853e-01 5.366233392645644029e-01 3.238024575414932826e-02 4.416306574827499887e-02
5.000000000000000000e+00 3.662612865897661996e-01 4.285482948516054491e-01 3.813551317795615958e-02 4.626092309491769416e-02
3.000000000000000000e+00 3.169793773896911193e-01 4.361594471909708837e-01 3.359026526675157331e-02 4.399352053673460938e-02
3.000000000000000000e+00 2.182307358260999752e-01 5.458676731906612067e-01 3.368542344656655363e-02 4.545024750109405431e-02
3.000000000000000000e+00 1.681535148152922265e-01 6.047371695526508883e-01 3.309922502617293483e-02 4.519710271005272784e-02
7.000000000000000000e+00 1.442375405180107428e-01 4.804121493124751119e-01 2.944155745543747260e-02 4.234584778401512262e-02
7.000000000000000000e+00 2.637170181219856135e-01 4.184402988767790266e-01 3.379005166772811042e-02 4.584675899058759940e-02
0.000000000000000000e+00 5.151081348902306623e-01 2.839136265277946158e-01 3.581526721685113213e-02 4.743683901451339890e-02
1.500000000000000000e+01 4.131476901799078782e-01 2.109280607852206946e-01 3.511499914434623726e-02 4.586489798216988878e-02
1.000000000000000000e+00 2.867497751643126591e-01 2.984772769561917505e-01 3.311195665275667999e-02 4.287705702172556199e-02
5.000000000000000000e+00 3.316195749347733424e-01 2.013131649995437145e-01 3.489089390607474916e-02 4.492916634385699104e-02
