3.000000000000000000e+00 3.189647549666478898e-01 1.541777439787065940e-01 3.965136028648447164e-02 5.203796310383818069e-02
1.000000000000000000e+01 8.011949929186301667e-01 6.880494294432610847e-01 3.230242854615961168e-02 4.481714120781521427e-02
1.000000000000000000e+01 7.202862407520953525e-01 7.855882028752376733e-01 3.426373061038689993e-02 4.975490933087312051e-02
2.000000000000000000e+00 4.891695057049570972e-01 8.233693866807585415e-01 4.747384395903897492e-02 6.468456357194463102e-02
8.000000000000000000e+00 2.273874779800610924e-01 6.684032593135589284e-01 3.806157677073240819e-02 6.326921964684839583e-02
3.000000000000000000e+00 5.821559909788642795e-01 7.276177313739278230e-01 4.449604283087771339e-02 6.421490322478573542e-02
1.000000000000000000e+00 4.722028055194293916e-01 6.462868416472665745e-01 4.333947511012520293e-02 5.847751378973309322e-02
2.000000000000000000e+00 3.382062428575814961e-01 6.281723085030977982e-01 3.876586845135765458e-02 5.377426337721979976e-02
6.000000000000000000e+00 2.323423889614418258e-01 5.234372131176062704e-01 3.935883807437345894e-02 5.387172343837276500e-02
1.500000000000000000e+01 1.240725981024368568e-01 4.720847371008394244e-01 3.665668615443948286e-02 5.027658057047473816e-02
5.000000000000000000e+00 1.131550686493139196e-01 3.449352337338340013e-01 3.582368810917299640e-02 4.776522994193221905e-02
7.000000000000000000e+00 2.397714532673488330e-01 3.705509817392371730e-01 3.717898232011088155e-02 4.957149352939699272e-02
7.000000000000000000e+00 3.231603097589378359e-01 4.411944000236402985e-01 4.055204918739857556e-02 5.406917167068803209e-02
7.000000000000000000e+00 4.506031022927762253e-01 4.758122790783362865e-01 4.251005618689468468e-02 5.597988312899493391e-02
0.000000000000000000e+00 5.705834111788403717e-01 5.585474202923552678e-01 4.371062438410477924e-02 5.618579626898256851e-02
5.000000000000000000e+00 6.877120261770489629e-01 6.035794792567088507e-01 4.641956527361479345e-02 5.979059708523137839e-02
9.000000000000000000e+00 2.190902635374633589e-01 2.569053353794037986e-01 3.636618074918998578e-02 4.615706791858298352e-02
6.000000000000000000e+00 3.381549421083998586e-01 2.893036616715419229e-01 3.862179458654635411e-02 4.916506433820611033e-02
8.000000000000000000e+00 4.188554660679159047e-01 3.431239849406763631e-01 3.667773480069841385e-02 4.948783865323980180e-02
5.000000000000000000e+00 5.294394149747220224e-01 3.768423823380019910e-01 4.112411219280764918e-02 5.482504815779931651e-02
2.000000000000000000e+00 6.563630643789681862e-01 4.613543161941503490e-01 4.318869749292897353e-02 5.583720114497531251e-02
1.000000000000000000e+00 7.731835340133215162e-01 4.985203597040440693e-01 4.678526064734922496e-02 6.091719676036566611e-02
3.000000000000000000e+00 7.308296809381378267e-01 3.449317966404503721e-01 4.200468983656757693e-02 5.432769222345762428e-02
1.500000000000000000e+01 6.083580332606287611e-01 2.828230931108861590e-01 3.831058140380338983e-02 5.275941184565163811e-02
0.000000000000000000e+00 5.159398898414426782e-01 2.097200652359440531e-01 3.948143720696922765e-02 5.012659831373109109e-02
6.000000000000000000e+00 4.160237272056969138e-01 2.002129087050897316e-01 4.370730091364272152e-02 4.906879731773189368e-02
1.000000000000000000e+00 4.149085892427967770e-01 8.660606457304265149e-02 4.141987265818936059e-02 4.769691416021472341e-02
9.000000000000000000e+00 4.944396066713430127e-01 1.208870800704047732e-01 3.818042634690949066e-02 4.338563442209641963e-02
0.000000000000000000e+00 6.118766510907109879e-01 1.679784834776127389e-01 4.166393469416285189e-02 5.052282984769262963e-02
8.000000000000000000e+00 7.040121148833849984e-01 2.260256504511210796e-01 4.158439864892016224e-02 4.957697583537262753e-02
