1.600000000000000000e+01 3.319974661649016667e-01 8.521198291811935555e-01 4.141299743293447300e-02 3.223708892910748247e-02
9.000000000000000000e+00 8.046411317089098292e-01 2.100622925821674092e-01 4.422296351316901131e-02 3.336789649933316615e-02
6.000000000000000000e+00 8.262146065393431993e-01 3.236253318517506306e-01 4.612389767544289310e-02 3.662995508392563604e-02
2.000000000000000000e+00 8.665840998771041637e-01 4.205006842495973007e-01 4.673283498078328879e-02 3.504986267018478374e-02
7.000000000000000000e+00 8.713478432521086781e-01 5.055089852256868799e-01 4.371652060575714760e-02 3.388722509229763480e-02
3.000000000000000000e+00 8.425733685547514007e-01 5.427886034743374388e-01 4.183905257726505678e-02 3.645839222926150480e-02
2.000000000000000000e+00 7.580148696228584670e-01 5.958919913533606838e-01 4.558825509526487352e-02 3.825564982062035213e-02
3.000000000000000000e+00 7.131104424916281381e-01 3.890154277855721321e-01 4.598014544028583561e-02 3.673794658624129905e-02
6.000000000000000000e+00 7.112784290144664734e-01 3.004181382854766436e-01 5.049143577402570582e-02 3.364103756786140931e-02
9.000000000000000000e+00 6.857576785821469789e-01 1.818540048595267966e-01 4.522414581542633094e-02 3.320555459396362652e-02
1.000000000000000000e+00 5.577707250469794431e-01 1.382370084420696255e-01 4.657797031955313027e-02 3.459280503928352513e-02
8.000000000000000000e+00 5.591111318877097780e-01 2.322189924554851070e-01 4.657808853685196926e-02 3.493380283723615531e-02
7.000000000000000000e+00 6.114211339211756968e-01 3.480517890819643800e-01 4.830246516359359976e-02 3.581659051489671786e-02
2.000000000000000000e+00 6.179216076306308647e-01 4.411361787010635860e-01 5.101980799033678515e-02 3.825695021090541603e-02
0.000000000000000000e+00 6.601920646849903651e-01 6.928228763272477053e-01 5.236411600192247828e-02 4.278083068695137658e-02
1.500000000000000000e+01 5.947275805159939477e-01 5.905725084574079409e-01 5.001856657943015705e-02 4.044066015154745841e-02
7.000000000000000000e+00 5.114788110358319262e-01 6.371718465536919673e-01 5.002028073026054678e-02 4.219139923588810515e-02
0.000000000000000000e+00 4.610530893026927313e-01 5.061719921679967982e-01 5.079421983019011266e-02 4.150955141160606043e-02
1.500000000000000000e+01 4.410301525613379292e-01 3.953227492061972548e-01 5.274557367033777533e-02 4.004676011244939771e-02
6.000000000000000000e+00 4.555840615239490909e-01 2.998661226094357368e-01 5.014183766759627847e-02 3.907761469812587318e-02
8.000000000000000000e+00 4.293303786171689396e-01 1.610139944813979707e-01 5.404410203302167925e-02 3.516763665396369087e-02
3.000000000000000000e+00 4.380065678224449033e-01 6.476102660661287036e-02 4.883949679703092350e-02 3.516633626367855758e-02
5.000000000000000000e+00 3.029998563163448511e-01 1.098813333023384714e-01 5.404516598870950927e-02 3.760737570915453909e-02
1.000000000000000000e+00 3.338890907149070220e-01 2.509070637919837976e-01 5.157737987941424240e-02 3.927222992602671936e-02
5.000000000000000000e+00 3.201671064372126896e-01 3.411834526934386380e-01 5.729868337347460150e-02 3.956011860256136714e-02
0.000000000000000000e+00 1.503670490218335376e-01 1.556435747068898034e-01 5.729761941778677148e-02 3.712043865601982739e-02
8.000000000000000000e+00 1.698918771753312740e-01 2.726096171353795117e-01 5.924956434442765763e-02 3.712094107953911593e-02
5.000000000000000000e+00 1.985656602885642608e-01 4.403422756548247552e-01 5.665759096290171049e-02 3.809573136987309816e-02
1.000000000000000000e+00 2.191124622117191501e-01 5.689016225728877885e-01 6.191834941575066753e-02 4.641548064256051376e-02
1.300000000000000000e+01 1.269621665778940256e-01 7.851818550475129221e-01 3.822334694376451625e-02 3.340608068679684628e-02
