3.000000000000000000e+00 7.341167710750013953e-01 1.371681961283269802e-01 4.601006046305655683e-02 3.423049292819491107e-02
1.500000000000000000e+01 6.009687691610672289e-01 1.209412562280552939e-01 5.031347279793663141e-02 3.634035142898471571e-02
7.000000000000000000e+00 8.304118745846205130e-01 2.254072470628455394e-01 4.478517578255714060e-02 3.470571317593132421e-02
8.000000000000000000e+00 6.838992233301204315e-01 2.386655094336932736e-01 4.689952624202498033e-02 3.540854531693032881e-02
9.000000000000000000e+00 8.699909861810815048e-01 3.032135790661996122e-01 4.563296777714687114e-02 3.450606734798544739e-02
5.000000000000000000e+00 9.090237307004247480e-01 4.074635066885859969e-01 4.368224053506675197e-02 3.375993852140785068e-02
2.000000000000000000e+00 7.451852180805937920e-01 3.128328187709974451e-01 4.856607189188033580e-02 3.542129668349974780e-02
2.000000000000000000e+00 8.132891946534207550e-01 4.049774538936221635e-01 4.433313983767428468e-02 3.224727868174148693e-02
9.000000000000000000e+00 8.859160519680133739e-01 4.842527867963318799e-01 4.884932611199099828e-02 3.743957718801876888e-02
0.000000000000000000e+00 4.354977773263861707e-01 1.389358108484335941e-01 5.357362048479491490e-02 3.777528589333516151e-02
6.000000000000000000e+00 5.430592783173974203e-01 2.241454703604310039e-01 5.146752943321875051e-02 3.739764258023275945e-02
5.000000000000000000e+00 6.326088509510797708e-01 3.206014874220416422e-01 4.698687310302496201e-02 3.564117081568501932e-02
8.000000000000000000e+00 6.875906859911866675e-01 4.017084527011116624e-01 4.767701183821171362e-02 3.575758499638742594e-02
8.000000000000000000e+00 7.008047532847201389e-01 4.772727032264655334e-01 4.648603420063557312e-02 3.605341670079603711e-02
1.000000000000000000e+00 8.397668277270795567e-01 5.769075200522978397e-01 4.528531915586098133e-02 3.436533862966562047e-02
0.000000000000000000e+00 3.746818732966428200e-01 2.176723115724530366e-01 5.482192131117596956e-02 3.978443757860575247e-02
5.000000000000000000e+00 4.618417528940955141e-01 3.066134121777492894e-01 5.257165287623066785e-02 3.798191599251560246e-02
2.000000000000000000e+00 5.445185852801224247e-01 4.078518872319473187e-01 4.882434502566646017e-02 3.628392663191543077e-02
7.000000000000000000e+00 6.238952046059226264e-01 5.122824930245076791e-01 4.856607189188033580e-02 3.542126770312115092e-02
3.000000000000000000e+00 7.189111431859872559e-01 5.764328214513756432e-01 4.682620588425123742e-02 3.511963992299904636e-02
3.000000000000000000e+00 7.799029001528731131e-01 6.883739386827081308e-01 4.496728848147024671e-02 3.439397124368948067e-02
6.000000000000000000e+00 3.212318541264347349e-01 3.325171613048416019e-01 5.294283356491269465e-02 4.010823534833118931e-02
6.000000000000000000e+00 3.949195092180819433e-01 4.168531928147571897e-01 5.232688459885653787e-02 3.803694973141374946e-02
7.000000000000000000e+00 5.004409944206491545e-01 5.200883290110636104e-01 4.740569753407047893e-02 3.522008591511127662e-02
1.000000000000000000e+00 5.690446217003441998e-01 6.266139988211554268e-01 4.709410050372153655e-02 3.598957292681370657e-02
1.000000000000000000e+00 6.578642655390675165e-01 6.902536350169214963e-01 4.453571268385525528e-02 3.640677445665962964e-02
1.500000000000000000e+01 4.345597114525613369e-01 6.258098222963087709e-01 5.295123787469696586e-02 3.904926333512626080e-02
0.000000000000000000e+00 2.457115958157451430e-01 4.219321780408388234e-01 5.450331102921401882e-02 4.115448497534540673e-02
1.100000000000000000e+01 1.663808524292160196e-01 7.437739605855323566e-01 3.547838802927605339e-02 2.994241121357643642e-02
1.200000000000000000e+01 2.704380025733768567e-01 7.241912232589430287e-01 3.838372894134256530e-02 2.711740391089678681e-02
