7 0.299207 0.815380 0.039992 0.054469
8 0.582602 0.151578 0.036594 0.045385
2 0.470691 0.160651 0.034039 0.049927
3 0.373676 0.166328 0.035742 0.049927
2 0.268996 0.185620 0.039148 0.045385
15 0.648559 0.244620 0.035742 0.047656
15 0.523457 0.272990 0.035742 0.049938
9 0.323891 0.295115 0.038297 0.044250
2 0.223465 0.288875 0.034898 0.043125
6 0.703875 0.370578 0.040844 0.054469
7 0.586859 0.373411 0.041703 0.051052
8 0.498352 0.382490 0.040000 0.053333
6 0.372398 0.392698 0.038297 0.051062
6 0.265164 0.404620 0.034891 0.049927
5 0.154531 0.421073 0.038297 0.048792
5 0.668555 0.510714 0.041703 0.057865
3 0.545582 0.523198 0.040852 0.051062
8 0.434098 0.513547 0.039148 0.052198
1 0.314098 0.522630 0.039148 0.054469
1 0.203465 0.519792 0.044258 0.051062
3 0.098820 0.539651 0.037516 0.047656
5 0.137508 0.672979 0.040000 0.055604
9 0.252824 0.654823 0.040852 0.051062
0 0.365586 0.681484 0.041703 0.059010
5 0.482180 0.659927 0.041703 0.054458
1 0.622176 0.651984 0.039148 0.059010
13 0.766000 0.606026 0.025531 0.039719
11 0.724297 0.682620 0.028937 0.043115
0 0.554090 0.817089 0.042555 0.064677
0 0.190699 0.813115 0.037445 0.056729
