7.000000000000000000e+00 5.556566795958328697e-01 1.182228608431088041e-01 3.779287315210699827e-02 5.095100627304446905e-02
8.000000000000000000e+00 5.526278534835306067e-01 8.362932784699408373e-01 3.384138742162368096e-02 4.345748935825310966e-02
2.000000000000000000e+00 6.412201837339001065e-01 7.601463323190120747e-01 3.279738199534865117e-02 4.594951927169332873e-02
3.000000000000000000e+00 7.187761813821396117e-01 6.959286233091528384e-01 3.399178785982459594e-02 4.643417403696903367e-02
2.000000000000000000e+00 7.979126164219660922e-01 6.158455452727734647e-01 3.571069003635740646e-02 4.428855824758204385e-02
1.500000000000000000e+01 4.664343794027044354e-01 8.005289340298658018e-01 3.360146958400911377e-02 4.480195944534559604e-02
1.500000000000000000e+01 5.591741110065304721e-01 7.004666371270614755e-01 3.399374911740171701e-02 4.644213113913919777e-02
9.000000000000000000e+00 7.151036985509866550e-01 5.598040109043758150e-01 3.491189784315551492e-02 4.322376349098944193e-02
2.000000000000000000e+00 7.995711118651233074e-01 5.032596100932004157e-01 3.224755744258112067e-02 4.133344740221472913e-02
6.000000000000000000e+00 3.775947205628752412e-01 7.312522731716453173e-01 3.839963021054204617e-02 5.120462489573351927e-02
7.000000000000000000e+00 4.725263816528740834e-01 6.570855247424549628e-01 3.846006496188331125e-02 4.905452623188455430e-02
8.000000000000000000e+00 5.419340124902991551e-01 5.953031092661256185e-01 3.760442431690946830e-02 5.013904563611004672e-02
6.000000000000000000e+00 6.416444878017308895e-01 5.096038720947378975e-01 3.600330966686626777e-02 4.800410469153582049e-02
6.000000000000000000e+00 7.254195771911384760e-01 4.339933859270867500e-01 3.339377240659036072e-02 4.618887675000005189e-02
5.000000000000000000e+00 8.104156614941748771e-01 3.525822283133668300e-01 3.562624388867918768e-02 4.639032592113728759e-02
5.000000000000000000e+00 3.581467363291830353e-01 5.947067748908146934e-01 3.959383994926030104e-02 5.389703929762612589e-02
3.000000000000000000e+00 4.546278749590156876e-01 5.089723331459172773e-01 3.784330548980469056e-02 4.879244618364830810e-02
8.000000000000000000e+00 5.493367792151998552e-01 4.484343496112637162e-01 3.680361483019933821e-02 4.907181331652876732e-02
1.000000000000000000e+00 6.445557225133009549e-01 3.673127856877905772e-01 3.719384905211875481e-02 5.070290718953679443e-02
1.000000000000000000e+00 7.362141427699384622e-01 3.017131745890812011e-01 4.033455090021387246e-02 4.989968815780326805e-02
3.000000000000000000e+00 8.151260698531136439e-01 2.211868103133208807e-01 3.487687538642081364e-02 4.534455536304296541e-02
5.000000000000000000e+00 7.373699398781101699e-01 1.356603739434614209e-01 3.799460250289810048e-02 5.176991536539500560e-02
9.000000000000000000e+00 6.491236595182436897e-01 2.213425761918935697e-01 3.784330548980474607e-02 4.879241816568299916e-02
0.000000000000000000e+00 5.474926647513493894e-01 2.687232531355885357e-01 3.979520506650147116e-02 5.472567062396624382e-02
5.000000000000000000e+00 4.593734318555332541e-01 3.579777039439993036e-01 3.901358788608183525e-02 5.145776721301109635e-02
1.000000000000000000e+00 3.473714190926043832e-01 4.504418928672203615e-01 3.801088094078830526e-02 5.400813053038827638e-02
1.300000000000000000e+01 2.453607528767420831e-01 5.764146858281731234e-01 2.502102371996897667e-02 3.613185609206481796e-02
1.100000000000000000e+01 2.530893405211357416e-01 4.880312715367166598e-01 2.800437667444705125e-02 3.955265354014048107e-02
0.000000000000000000e+00 3.461561958798453631e-01 2.733135484769104728e-01 4.141786553192777776e-02 5.909983538028773520e-02
0.000000000000000000e+00 6.453755281805440003e-01 5.345829718481322212e-02 3.641024259615655012e-02 5.186932310659042589e-02
