1.400000000000000000e+01 3.312340999933958141e-01 1.158838134378941814e-01 2.750124631905953576e-02 3.666885094656727184e-02
6.000000000000000000e+00 8.327651298098408539e-01 6.221827471882104277e-01 3.425178420146246516e-02 4.596258637499117672e-02
2.000000000000000000e+00 7.567201006702526378e-01 7.081315842331046273e-01 3.397618332139407116e-02 4.442492273298259686e-02
8.000000000000000000e+00 6.673141765800414404e-01 8.030947240045541724e-01 3.235671608974632907e-02 4.482894770125667172e-02
8.000000000000000000e+00 5.951393745452957518e-01 8.737796440539788989e-01 3.289746742679255931e-02 4.387145671450920492e-02
7.000000000000000000e+00 8.297547693227051990e-01 4.771376674620221303e-01 3.619939471816324694e-02 4.826585962421764409e-02
6.000000000000000000e+00 7.474139989078378843e-01 5.840668319620416771e-01 3.409880161899347950e-02 4.736938749673957894e-02
5.000000000000000000e+00 6.729695972093807654e-01 6.838134787296162864e-01 3.314340071686416866e-02 4.506814627422528474e-02
3.000000000000000000e+00 5.768913972941359658e-01 7.524980136257313212e-01 3.542188324020290047e-02 4.448675440293692329e-02
1.000000000000000000e+00 5.041019942658354624e-01 8.377194141366423041e-01 3.639888168338661911e-02 5.000701622696790416e-02
1.500000000000000000e+01 7.416260320789627158e-01 4.393265997860998917e-01 3.596768561507646123e-02 4.972529023780986046e-02
2.000000000000000000e+00 6.507506333574107904e-01 5.317083544238172532e-01 3.582852081424969803e-02 4.852868776495278258e-02
0.000000000000000000e+00 5.629538131626152797e-01 6.201090348995464963e-01 3.547082605501172825e-02 4.667089282892744606e-02
2.000000000000000000e+00 4.913323900594840365e-01 6.998394638000340340e-01 3.538902246537278806e-02 4.657666484739153567e-02
3.000000000000000000e+00 3.888800271523490948e-01 7.788322089461185982e-01 3.518404902802663159e-02 4.665661058403669514e-02
0.000000000000000000e+00 7.358598659938131448e-01 2.630403576061620119e-01 3.577603646717120167e-02 5.207628708581801824e-02
1.000000000000000000e+00 6.247697494243538152e-01 4.037046054581834298e-01 3.553979884741154116e-02 5.012156447562482464e-02
3.000000000000000000e+00 5.411803856817525293e-01 4.641860662346479760e-01 3.669578981497922943e-02 4.928881090004810783e-02
1.500000000000000000e+01 4.774602517025698933e-01 5.461176590420784294e-01 3.553605411247068302e-02 4.737397407131849203e-02
1.000000000000000000e+00 3.789649995566968244e-01 6.370694909969587538e-01 3.724281140587998307e-02 4.856323221905878285e-02
5.000000000000000000e+00 3.053176167926363593e-01 7.482900636813356599e-01 3.631731032537183212e-02 4.781445940459827515e-02
7.000000000000000000e+00 5.485229690612059006e-01 3.307753989920895199e-01 3.819902511869410766e-02 5.016708187397617147e-02
8.000000000000000000e+00 4.472625785089197059e-01 4.037850446870300258e-01 3.987068640788987706e-02 4.878524565183361972e-02
9.000000000000000000e+00 3.615934354264712103e-01 5.212249544423106506e-01 3.844884828847183744e-02 5.089686975315488304e-02
7.000000000000000000e+00 3.128243443869989093e-01 5.981733065422919493e-01 3.822140644148031008e-02 5.168976657622126325e-02
5.000000000000000000e+00 5.108540997117019256e-01 1.533667813721928119e-01 4.202626034409895350e-02 5.748737101750243939e-02
0.000000000000000000e+00 4.448481824274936880e-01 2.793751236499617541e-01 3.891075698908802449e-02 5.224958993540812502e-02
9.000000000000000000e+00 3.404867159098524665e-01 3.479739505622553297e-01 4.005925848677399648e-02 5.070632370546473977e-02
1.600000000000000000e+01 2.367889964032462990e-01 2.099296673225431453e-01 2.554960077788762107e-02 3.075716271987743999e-02
3.000000000000000000e+00 2.795470766532360818e-01 4.807679122121641946e-01 3.944639923040088592e-02 5.228706631377005865e-02
