14 0.748698 0.270051 0.038500 0.030398
2 0.550016 0.925098 0.049031 0.038742
1 0.647620 0.871582 0.051635 0.042023
10 0.656583 0.213570 0.041958 0.032813
8 0.791229 0.827258 0.056917 0.040062
3 0.386120 0.858590 0.051073 0.039398
6 0.509432 0.824117 0.052531 0.041594
5 0.626484 0.766277 0.057156 0.041039
15 0.770589 0.711098 0.054719 0.038305
1 0.524682 0.693277 0.051073 0.036664
8 0.272380 0.805402 0.049615 0.037758
0 0.371422 0.734812 0.050469 0.037391
0 0.168292 0.745641 0.047125 0.036859
7 0.260734 0.700457 0.049906 0.036117
1 0.647286 0.633148 0.052531 0.040719
5 0.378057 0.624941 0.046406 0.038742
7 0.141130 0.647988 0.049906 0.038086
2 0.525193 0.595270 0.051802 0.038852
5 0.657474 0.553137 0.050344 0.038852
0 0.808281 0.493578 0.055937 0.041047
9 0.658714 0.442262 0.057156 0.040617
3 0.506542 0.480930 0.051937 0.038312
3 0.366812 0.515313 0.050167 0.036859
6 0.260656 0.552363 0.050667 0.037242
7 0.128922 0.537355 0.050677 0.037617
8 0.170448 0.403809 0.046021 0.040508
2 0.393427 0.423359 0.052354 0.038000
6 0.504984 0.340738 0.054719 0.041039
9 0.269979 0.333629 0.053708 0.038383
15 0.378156 0.283469 0.055229 0.042188
