1.500000000000000000e+01 7.750055002089150102e-01 5.742677288506639055e-01 5.432858721987576800e-02 3.978827495625747446e-02
0.000000000000000000e+00 9.938367978887398257e-02 5.934996952539862702e-01 4.125436292172693364e-02 3.212456268894836597e-02
1.400000000000000000e+01 7.188734089787592874e-01 2.223646775264301323e-01 3.940861716201982112e-02 3.219457234586667327e-02
1.500000000000000000e+01 1.506114693805067350e-01 4.774094979918552806e-01 4.172356862074452777e-02 3.340205908374671573e-02
7.000000000000000000e+00 1.783491630863800470e-01 4.297375256358840767e-01 4.231017645713427977e-02 3.291696956614359459e-02
7.000000000000000000e+00 2.410747511440858859e-01 3.398761600266069216e-01 4.422806122625111414e-02 3.502977641333870906e-02
1.000000000000000000e+00 3.677291121298440491e-01 3.122953765793343162e-01 4.782180395628915504e-02 3.719613359819307075e-02
6.000000000000000000e+00 2.194037409493385105e-01 5.568913204935297401e-01 4.166981685784956757e-02 3.217572469881302410e-02
2.000000000000000000e+00 1.749502561093192465e-01 6.459716022013606285e-01 4.146879447263326912e-02 3.190115332753717947e-02
3.000000000000000000e+00 1.828810294641165513e-01 7.495170645598984160e-01 4.501123131763837271e-02 3.283024161466330249e-02
1.000000000000000000e+00 2.734521025038222364e-01 7.096969356413684871e-01 4.501782080034871791e-02 3.376353105670515387e-02
3.000000000000000000e+00 3.145112124345836868e-01 6.014824363195909740e-01 4.781691220056538683e-02 3.641877606360710562e-02
5.000000000000000000e+00 3.346128610680212390e-01 5.197432124265313202e-01 4.541796641855910810e-02 3.489818818436740688e-02
9.000000000000000000e+00 4.742062324687145725e-01 2.657004825086523025e-01 4.921963754189417894e-02 3.774901709512204495e-02
8.000000000000000000e+00 4.235390524705510695e-01 4.216100029883703693e-01 5.066025960256592686e-02 3.732844120300621293e-02
0.000000000000000000e+00 5.593573696540536933e-01 4.028326245669613392e-01 4.799859776315540394e-02 3.901287412396103882e-02
8.000000000000000000e+00 4.555042014729695499e-01 5.602444463920220885e-01 4.806751396879443972e-02 3.527784597860494920e-02
0.000000000000000000e+00 4.088590518059833645e-01 6.413853797850221916e-01 4.562552073641840122e-02 3.479718781618679202e-02
5.000000000000000000e+00 3.631601547337074409e-01 7.197216681963073404e-01 4.873074971984653336e-02 3.822590572812933907e-02
0.000000000000000000e+00 2.731161971482794493e-01 8.813005033596903459e-01 4.626098857997928970e-02 3.269074025143281492e-02
9.000000000000000000e+00 5.694972886687721392e-01 4.946748059439908252e-01 4.853093588604440178e-02 3.606208074623795667e-02
6.000000000000000000e+00 6.461309295627895022e-01 4.278619977163289900e-01 4.832139609086183452e-02 3.858058679314169126e-02
1.000000000000000000e+00 4.058669374799106500e-01 8.422139939245684159e-01 4.754533343279104818e-02 3.426876309787707520e-02
8.000000000000000000e+00 3.980875639647663000e-01 9.006499294504523023e-01 4.653150267150774066e-02 3.406376975801439499e-02
6.000000000000000000e+00 5.817989320879242143e-01 5.910508535635967675e-01 5.147318307876758148e-02 3.749116401840824064e-02
5.000000000000000000e+00 5.081112072034229543e-01 7.731566179705380293e-01 5.021430413075345101e-02 3.654279645872327009e-02
7.000000000000000000e+00 5.374961996493003991e-01 9.257539018746083759e-01 5.149827490812752817e-02 3.545176228210433766e-02
2.000000000000000000e+00 6.093477464727898862e-01 7.359763106408632183e-01 4.929537343051271225e-02 3.663481901639897842e-02
2.000000000000000000e+00 6.788896939938173780e-01 7.062955827864458858e-01 5.215906478131770996e-02 3.814303363116078316e-02
1.200000000000000000e+01 9.110401337080292761e-01 3.693921076507150625e-01 3.447720944178023217e-02 2.786119615038346042e-02
