1.000000000000000000e+00 7.830904931135469482e-01 2.233426184016630844e-01 4.320099979765101850e-02 3.444127160985874236e-02
1.300000000000000000e+01 5.050976000168114766e-01 8.083027850979220830e-01 3.858277654365216414e-02 3.687390639253562696e-02
1.000000000000000000e+01 4.125782189151773194e-01 7.358209720742254767e-01 3.010126962806169981e-02 2.867800046960822247e-02
5.000000000000000000e+00 2.426620002194130321e-01 6.243066263149713579e-01 5.857069130557127079e-02 4.318763494957122973e-02
3.000000000000000000e+00 1.364079860293516688e-01 3.662584156020184389e-01 5.831800851480908876e-02 4.006981927066061155e-02
2.000000000000000000e+00 1.235694078966446258e-01 2.515429853495126378e-01 4.971630512855237938e-02 3.655312098460117287e-02
1.500000000000000000e+01 4.356011018249205669e-01 6.542580353204331400e-01 5.454223555412296420e-02 4.456915348478385219e-02
2.000000000000000000e+00 3.955017636724139640e-01 5.501626910544199500e-01 5.641255888084800718e-02 4.231566577441248089e-02
8.000000000000000000e+00 3.245072548618838093e-01 4.095037373034647876e-01 5.524011305603265809e-02 4.069636915944840894e-02
2.000000000000000000e+00 2.835266502485975781e-01 2.753108713776559746e-01 5.073923897897858470e-02 3.856607048355237266e-02
7.000000000000000000e+00 2.426328880938130039e-01 1.700122985552174337e-01 5.274408240702924133e-02 3.650750617702416823e-02
6.000000000000000000e+00 3.504070230098804140e-01 1.031392038253345911e-01 4.690108704258055816e-02 3.568728220714852128e-02
1.500000000000000000e+01 4.205738409680206957e-01 2.364190763031830400e-01 5.138633005818471489e-02 3.751681369321246962e-02
3.000000000000000000e+00 4.399512000778215137e-01 3.070163004775302573e-01 5.122005391566059052e-02 3.535873937652417309e-02
9.000000000000000000e+00 4.731590850610224441e-01 4.302448484167372689e-01 5.219327634203324573e-02 3.864079741672937773e-02
0.000000000000000000e+00 5.518570632507717733e-01 5.402690136150858358e-01 5.002276690582729834e-02 3.854021240791949410e-02
3.000000000000000000e+00 5.950615204765131727e-01 6.889466147278047181e-01 5.573682054032280675e-02 4.637979985943052608e-02
8.000000000000000000e+00 7.277592376044130784e-01 6.749617829671170632e-01 5.184974163834543681e-02 4.296020010007295387e-02
6.000000000000000000e+00 6.842239713346772723e-01 5.803669571747493983e-01 4.662379549894080100e-02 4.056742742949526193e-02
6.000000000000000000e+00 6.293744023827525513e-01 4.682827168609591251e-01 5.011562354596488245e-02 3.962700698895349483e-02
1.000000000000000000e+00 5.614380613530720598e-01 2.698922825747870347e-01 4.826842721722146567e-02 3.467216388744726041e-02
0.000000000000000000e+00 4.990331258764653111e-01 1.600985012087195181e-01 4.695515656926896320e-02 3.623216125256129017e-02
5.000000000000000000e+00 6.416243606466027760e-01 1.736609456620480940e-01 4.013469689188320366e-02 3.214176233566454211e-02
9.000000000000000000e+00 6.975980876461500557e-01 2.831628067866319709e-01 4.493848815606926728e-02 3.777667282631319567e-02
1.000000000000000000e+00 7.259080318212456362e-01 3.915680675992536663e-01 4.847854587225108869e-02 3.738203210572854651e-02
8.000000000000000000e+00 7.805838577481323259e-01 4.995344238955307103e-01 4.994147376468049959e-02 3.744252257029884179e-02
0.000000000000000000e+00 8.306020631732018433e-01 6.053876379132838714e-01 5.300963612757281229e-02 3.975705277157415285e-02
7.000000000000000000e+00 9.185189392443398049e-01 5.121766695045426587e-01 4.575147767557141698e-02 3.889655993335361384e-02
5.000000000000000000e+00 8.816998868369669839e-01 4.151410447505625712e-01 4.709667868882772002e-02 3.786781527941435188e-02
7.000000000000000000e+00 8.283537470779571699e-01 2.980295732505030548e-01 4.310686478074077232e-02 3.335325676008710216e-02
