2.000000000000000000e+00 7.416293415234762598e-01 2.118104127662246705e-01 4.076691381116315238e-02 3.369935942315810395e-02
6.000000000000000000e+00 6.578530734154733883e-01 1.283042626835403655e-01 4.498774682518247303e-02 3.374606522404027809e-02
7.000000000000000000e+00 5.300136759676221665e-01 1.394168569824248971e-01 4.953737518837242337e-02 3.665517340786852984e-02
1.500000000000000000e+01 6.350509473374930103e-01 1.914740129386077183e-01 4.675003369240371409e-02 3.481094062285408630e-02
0.000000000000000000e+00 4.951075252043415920e-01 2.135431783074370204e-01 4.711642974047947074e-02 3.634144081999335363e-02
0.000000000000000000e+00 4.026962903153707973e-01 1.423518613127711663e-01 4.777635291864806844e-02 3.583208905044486803e-02
3.000000000000000000e+00 9.016957415800328501e-01 3.360200641211487094e-01 4.321663587765023351e-02 3.178450589348841282e-02
1.000000000000000000e+00 8.154379397529565310e-01 3.042264531256833049e-01 4.290616314109996221e-02 3.322429229685647245e-02
6.000000000000000000e+00 6.759502223533222498e-01 2.914127784784231734e-01 4.875315612735076076e-02 3.719279595701241448e-02
6.000000000000000000e+00 5.565474325435225689e-01 3.043832491642043947e-01 4.708815896088403008e-02 3.427174435238089512e-02
7.000000000000000000e+00 3.551408063750822741e-01 2.459274968447457133e-01 5.281195204877886518e-02 3.781489361894313506e-02
8.000000000000000000e+00 8.723656227126864726e-01 4.295146375323867227e-01 4.424922188704538684e-02 3.419002325192049829e-02
0.000000000000000000e+00 7.775767899677967776e-01 4.030594686653713454e-01 4.384365141873514116e-02 3.413744409821967141e-02
8.000000000000000000e+00 6.545137210610636469e-01 3.858630503712502935e-01 4.505389932534897834e-02 3.429391696182504390e-02
5.000000000000000000e+00 4.545647823761129747e-01 3.405593227848648374e-01 4.793358454075147268e-02 3.512130095073784375e-02
2.000000000000000000e+00 8.042156486467653131e-01 5.194629142344037165e-01 4.584289575469202571e-02 3.455605397183036942e-02
2.000000000000000000e+00 7.274624491970463902e-01 4.693373325970150445e-01 4.479007618534769364e-02 3.359254308792758437e-02
8.000000000000000000e+00 6.204647144811208381e-01 4.736146790680585417e-01 4.456745082157598237e-02 3.467037358554198034e-02
5.000000000000000000e+00 5.000119153186366461e-01 4.446203670404482722e-01 4.502574095441996826e-02 3.522969100729778091e-02
1.000000000000000000e+00 3.952676792909433079e-01 4.095711481470285520e-01 4.692097917180582112e-02 3.498565179258000812e-02
1.000000000000000000e+00 6.777782401882109786e-01 5.875255186643785210e-01 4.517546929804239220e-02 3.312970040409513039e-02
5.000000000000000000e+00 7.623789977619672698e-01 6.537138490932481449e-01 4.572722723698385838e-02 3.759519088049734226e-02
9.000000000000000000e+00 6.266430039093691118e-01 6.461737005696017722e-01 4.389901268692908420e-02 3.459073204540963342e-02
7.000000000000000000e+00 4.588496602278041570e-01 5.282043460735196261e-01 4.937404539611783827e-02 3.523089940046131296e-02
3.000000000000000000e+00 2.522188272381254981e-01 4.511310348441081031e-01 4.825734960210142921e-02 3.619317378903402771e-02
9.000000000000000000e+00 3.319520366379938858e-01 5.289789260913990709e-01 4.953403103054759837e-02 3.715033358328623248e-02
3.000000000000000000e+00 5.319704579298527580e-01 6.407963790936663795e-01 4.527601885012189076e-02 3.520678774152219415e-02
1.500000000000000000e+01 5.743325069213254253e-01 7.010420286590266503e-01 4.505389932534897834e-02 3.429391696182493288e-02
1.300000000000000000e+01 1.916447898050102627e-01 5.875613208246216468e-01 3.411558061260816510e-02 2.458405635965199565e-02
1.600000000000000000e+01 1.662539483445601152e-01 6.096746627993394618e-01 3.544633060958457538e-02 2.334053548778891596e-02
