2.000000000000000000e+00 6.122009964961195871e-01 9.689390597175646658e-01 3.238341235410291397e-02 4.269986017988969262e-02
1.000000000000000000e+01 1.767791858061798504e-01 7.209613710223926331e-02 2.665380802365810431e-02 2.980652412316493055e-02
1.000000000000000000e+00 7.906333165052015222e-01 3.751065488613660182e-01 3.898307854937310690e-02 5.246081552169368223e-02
5.000000000000000000e+00 8.732781628147082698e-01 4.339033289184986986e-01 3.642187343518066278e-02 5.049378401151682905e-02
0.000000000000000000e+00 8.818130846530176647e-01 5.754322218815816070e-01 3.521702384311131695e-02 4.868987447122163914e-02
6.000000000000000000e+00 7.884621411414167724e-01 5.407669160409975806e-01 3.620435796897425451e-02 4.827883636666618905e-02
9.000000000000000000e+00 6.702474008620235013e-01 4.690279657445871608e-01 3.590842691904017059e-02 4.961748986335795530e-02
7.000000000000000000e+00 5.638625584339110874e-01 4.105391277810903072e-01 3.744022267998103892e-02 5.223621924531485217e-02
1.000000000000000000e+00 4.595619612579208146e-01 3.441153788627598908e-01 3.930036906800937757e-02 5.066700052482625560e-02
7.000000000000000000e+00 3.731674455880057417e-01 4.466165724685648430e-01 4.102504375728383001e-02 5.122673564300317395e-02
2.000000000000000000e+00 4.920467433097197585e-01 5.000432309794619057e-01 3.812574458713036130e-02 4.944398075458683595e-02
1.000000000000000000e+00 5.879275403317949511e-01 5.683670655663386473e-01 3.724746078983220965e-02 5.174860890843990813e-02
9.000000000000000000e+00 6.941212301447976518e-01 6.068482843798534976e-01 3.593341457146692619e-02 4.790472380937338404e-02
3.000000000000000000e+00 7.869880452055175724e-01 6.732498984515083995e-01 3.881173464701836995e-02 4.966357364857110213e-02
8.000000000000000000e+00 8.900769460556350321e-01 7.344581478953232656e-01 3.577149224297804242e-02 4.699949197005515167e-02
6.000000000000000000e+00 2.817180068329403486e-01 5.323846997741342735e-01 3.999835554182584740e-02 5.159745409294069773e-02
5.000000000000000000e+00 3.859915096691798331e-01 5.689079282772379065e-01 3.899358272644709578e-02 5.198496752237780072e-02
3.000000000000000000e+00 4.974033469456261014e-01 6.431869436657349226e-01 3.744341197051326287e-02 4.922901086889708289e-02
2.000000000000000000e+00 5.972391860826566923e-01 6.979829050479338104e-01 3.791756291615133723e-02 5.194119524131191046e-02
0.000000000000000000e+00 6.953376957766955746e-01 7.473350108275560455e-01 3.457594718658962840e-02 4.749122790293969221e-02
1.500000000000000000e+01 7.892069136295545295e-01 8.032508520797549956e-01 3.174625647676776463e-02 4.580219134089669186e-02
6.000000000000000000e+00 6.971258051620603524e-01 8.847771644583852790e-01 3.470574253338698512e-02 4.579042900333751831e-02
3.000000000000000000e+00 6.117598503185579517e-01 8.381547110002396384e-01 3.469930543323018757e-02 4.578843935419818489e-02
0.000000000000000000e+00 5.216520349041202653e-01 7.871947638991881879e-01 3.539778931933157402e-02 4.719687686849849406e-02
1.500000000000000000e+01 4.089058160247226459e-01 7.195612058957129298e-01 3.814853777359461517e-02 4.748631229918354180e-02
8.000000000000000000e+00 2.934980903068716840e-01 6.807009881806955764e-01 3.814075473431410845e-02 4.747630553439441403e-02
7.000000000000000000e+00 3.401280780981553731e-01 8.110837496268770153e-01 3.650839391319687932e-02 4.578486968956563263e-02
5.000000000000000000e+00 4.286192011784482059e-01 8.683031329203673154e-01 3.375679693209504562e-02 4.790138822111034145e-02
8.000000000000000000e+00 5.323026267471355766e-01 9.030683015920197843e-01 3.428838436685921476e-02 4.330746391559603392e-02
