1.000000000000000000e+00 2.130382519332182367e-01 2.320279869617825064e-01 3.056732416567128907e-02 4.074758263351097032e-02
1.100000000000000000e+01 7.610305528633671823e-01 5.533721902903734335e-01 2.903892096994820093e-02 3.135071813493384152e-02
1.200000000000000000e+01 7.411833119959618799e-01 6.902110859671742871e-01 2.806661707804491979e-02 4.014287909433722490e-02
1.500000000000000000e+01 5.270923405227000424e-01 7.608051486670561747e-01 3.916756141106492173e-02 4.990120677049225684e-02
2.000000000000000000e+00 3.845725303093105452e-01 8.178422462528656123e-01 3.258193410355270103e-02 4.763505484569807713e-02
0.000000000000000000e+00 2.439028318212520530e-01 8.522016323116488046e-01 3.223880025712019814e-02 4.809890473551770018e-02
5.000000000000000000e+00 1.687990002117921717e-01 7.724593702992503808e-01 2.999316951173969237e-02 4.386419908458372152e-02
1.500000000000000000e+01 2.718580208129475206e-01 7.222949499498154680e-01 3.307564792603062687e-02 4.603286855763677465e-02
8.000000000000000000e+00 3.108309460977702887e-01 7.366888723252116300e-01 3.429661700399427859e-02 4.650981474086068879e-02
8.000000000000000000e+00 4.075951017632807316e-01 7.312679109932662680e-01 3.476764519689329314e-02 4.797062681560415598e-02
3.000000000000000000e+00 4.268785033626679715e-01 6.496638930616103202e-01 3.586677490923212419e-02 4.875437696021023282e-02
2.000000000000000000e+00 2.625326516650782760e-01 5.953653454986619353e-01 3.119961759492459463e-02 4.392924218195126684e-02
0.000000000000000000e+00 1.855983664694453306e-01 6.062579272556583021e-01 3.090963606900307137e-02 4.432295292717913782e-02
6.000000000000000000e+00 1.959290268256586587e-01 5.445872350321525612e-01 3.212822151197478049e-02 4.477858338599205457e-02
8.000000000000000000e+00 2.361748405943049911e-01 5.013549458033752515e-01 3.244439562470477489e-02 4.519963743836935555e-02
2.000000000000000000e+00 3.128360899909422010e-01 5.344576630555217811e-01 3.308126453721860205e-02 4.643901804178829362e-02
9.000000000000000000e+00 4.124603199667499220e-01 5.017891235472602407e-01 3.476835754758056396e-02 4.821907281683762703e-02
5.000000000000000000e+00 5.164877539291319319e-01 4.914382844879251477e-01 3.658707104646558017e-02 4.831178799859497941e-02
1.000000000000000000e+00 6.308584924724260912e-01 3.957908892142633084e-01 3.771447560146778955e-02 4.982462907161178123e-02
3.000000000000000000e+00 4.905257632575450444e-01 4.296525339293752466e-01 3.532475823053737862e-02 4.548487909241027971e-02
7.000000000000000000e+00 4.863942251647985771e-01 3.813221974148081617e-01 3.659342740644405678e-02 4.588560375209738140e-02
3.000000000000000000e+00 5.171318696399833659e-01 3.371217962039411153e-01 3.479986536644019690e-02 4.478622745682830919e-02
6.000000000000000000e+00 5.805999596379629590e-01 2.292991906637162347e-01 3.646413575670637286e-02 4.861856456187388376e-02
7.000000000000000000e+00 4.239841403260203867e-01 2.905431711265015204e-01 3.557334122228766882e-02 4.548989294532440608e-02
6.000000000000000000e+00 3.420156043282625014e-01 3.544506171099003344e-01 3.406302077477968426e-02 4.876665131051399760e-02
1.000000000000000000e+00 2.243253252813882104e-01 3.920545002671710355e-01 3.243540904680397574e-02 4.277652177944762935e-02
7.000000000000000000e+00 1.780760528043928703e-01 3.865691944894936727e-01 3.146669430644041809e-02 4.272717779530321724e-02
0.000000000000000000e+00 4.793613786162038704e-01 2.262950571259722543e-01 3.537240353227377732e-02 4.883087246478071131e-02
9.000000000000000000e+00 5.000408916692590244e-01 1.273734652097847919e-01 3.559262948705049778e-02 4.616120127375693272e-02
5.000000000000000000e+00 3.959264413306178843e-01 1.839344522545226512e-01 3.556279295249564765e-02 4.409464453191228039e-02
