0.000000000000000000e+00 5.466063874286608559e-01 7.007696145105765106e-01 4.511206643206311373e-02 3.346878665399000141e-02
1.100000000000000000e+01 3.103072148221603932e-01 7.507975048798002371e-01 3.096546056560861571e-02 2.401433265628560854e-02
1.300000000000000000e+01 1.971437933927867175e-02 6.991696379299263686e-01 3.184603848437750351e-02 2.124268038864418617e-02
2.000000000000000000e+00 5.752426069751600535e-01 1.286786695319937779e-01 4.372041834287787587e-02 3.264006142142268641e-02
9.000000000000000000e+00 6.945976535142652786e-01 2.023909196144209888e-01 4.431207814173809822e-02 3.279054319382307403e-02
1.000000000000000000e+00 7.748386529462620853e-01 2.803553767612106951e-01 4.367906238408214570e-02 3.220527894198882413e-02
3.000000000000000000e+00 8.769522224500035934e-01 3.353723243829800360e-01 4.209394182746550861e-02 3.267398936820176125e-02
8.000000000000000000e+00 4.561763208182565421e-01 1.667057604405176585e-01 4.821063726718910480e-02 3.394561340221338708e-02
1.500000000000000000e+01 5.441895589628369390e-01 2.121709585789968711e-01 4.452184061235675561e-02 3.284374382042920537e-02
0.000000000000000000e+00 6.577180900837826805e-01 2.856717110760292888e-01 4.331247995320319788e-02 3.226975064474396637e-02
1.000000000000000000e+00 7.434968302119455696e-01 3.592438900747128017e-01 4.460902654490805919e-02 3.257573311658296111e-02
0.000000000000000000e+00 8.845177243879830398e-01 4.067086144054669061e-01 4.315611886627235272e-02 3.218451492384177826e-02
6.000000000000000000e+00 4.147854016107356268e-01 2.509679528951989647e-01 4.553683973700334287e-02 3.441297588802172402e-02
5.000000000000000000e+00 5.128152279211036779e-01 3.236842184165589775e-01 4.393978847382706832e-02 3.348309776594493581e-02
9.000000000000000000e+00 6.376282428960489135e-01 4.191675415262245963e-01 4.475202294612556919e-02 3.409222343089834961e-02
6.000000000000000000e+00 7.373129671886577974e-01 4.417456006620585907e-01 4.319334496510518484e-02 3.257708105698753354e-02
2.000000000000000000e+00 8.296410342672474458e-01 5.273016438276355577e-01 4.370774196715832005e-02 3.299608976572954155e-02
8.000000000000000000e+00 3.087772164242160722e-01 2.940886811559553782e-01 4.692117453250405079e-02 3.364315851909271959e-02
1.500000000000000000e+01 3.853423680331393708e-01 3.709248404851563929e-01 4.275325676280228304e-02 3.295209528529080556e-02
7.000000000000000000e+00 5.018811942325028808e-01 4.237933575193196800e-01 4.466090791069277088e-02 3.323550692524884775e-02
1.000000000000000000e+00 6.076137112664948825e-01 4.714879487084288057e-01 4.319328760593910133e-02 3.257710973657074183e-02
5.000000000000000000e+00 7.092117079052773221e-01 5.607838525265051999e-01 4.463082302804599610e-02 3.281472008235619686e-02
3.000000000000000000e+00 7.983282926301702442e-01 6.262189598362938314e-01 4.438004875362833168e-02 3.350658634448433482e-02
7.000000000000000000e+00 3.559407621132963939e-01 4.591259585784683295e-01 4.561676973503658861e-02 3.675113625746773138e-02
2.000000000000000000e+00 4.493982024938401598e-01 5.181750548236572218e-01 4.650549265539893895e-02 3.432521636380869712e-02
3.000000000000000000e+00 5.788827917366783371e-01 5.777875758181678645e-01 4.552333165337452137e-02 3.506274052219393589e-02
5.000000000000000000e+00 6.832969513560362973e-01 6.554702130418601502e-01 4.539243803621517692e-02 3.426584962684120494e-02
7.000000000000000000e+00 2.088542508349939264e-01 4.699408572789710581e-01 4.799625738369520112e-02 3.511003315468652630e-02
8.000000000000000000e+00 3.406805280359965216e-01 5.604106737915187653e-01 4.800922055524559084e-02 3.535481339624113595e-02
6.000000000000000000e+00 4.165364048758645188e-01 6.380773364874378073e-01 4.857618723307727260e-02 3.797968355769909543e-02
