1.000000000000000000e+00 4.253338868802007955e-01 5.147121072821877474e-01 4.928900701294897102e-02 4.061587734023269780e-02
1.600000000000000000e+01 6.419697509174016048e-01 2.317172167999727583e-01 3.232807723394437449e-02 2.898406751903492840e-02
1.000000000000000000e+01 6.008923161447767836e-01 2.239440695899448386e-01 3.794018166404244941e-02 2.950646948299484595e-02
9.000000000000000000e+00 3.812245002189565968e-01 2.822893259227313156e-01 5.228628899867499014e-02 4.868340302209539505e-02
7.000000000000000000e+00 5.399470753972508419e-01 3.207758312097249709e-01 5.269974481082784212e-02 4.303797760088895474e-02
1.000000000000000000e+00 6.864329255695112986e-01 4.095244542112400632e-01 5.270881409006156204e-02 4.259453002671337307e-02
8.000000000000000000e+00 8.135917398913038445e-01 4.178682628568463064e-01 6.265804301140698307e-02 4.830699923364711879e-02
6.000000000000000000e+00 2.762953359562940192e-01 3.371654250972587197e-01 5.199724877347777774e-02 4.215820011472115603e-02
8.000000000000000000e+00 4.107109082266844347e-01 4.149478257924752445e-01 5.200250091936314822e-02 3.902398923271710451e-02
6.000000000000000000e+00 5.374117813476779748e-01 4.719524934132209304e-01 5.057426164156419990e-02 4.267557953480161093e-02
7.000000000000000000e+00 6.135717712187175321e-01 5.446662002258406687e-01 5.648014183823124590e-02 3.797605697746675446e-02
5.000000000000000000e+00 6.864738521270656868e-01 6.063089431670880547e-01 5.480978724519391942e-02 3.984582091264188275e-02
1.500000000000000000e+01 8.326903217458856421e-01 6.871642940591052851e-01 5.396634427646218590e-02 3.858203407157989595e-02
8.000000000000000000e+00 1.717253983820120067e-01 4.030486444353885700e-01 4.146683977465800974e-02 3.635612872497867576e-02
1.500000000000000000e+01 2.461102346944390451e-01 4.643766747771522208e-01 4.733061670349028582e-02 3.732238006662458307e-02
1.000000000000000000e+00 1.698722088416389220e-01 5.061576961966551824e-01 4.496146840544840151e-02 3.477988225411621226e-02
5.000000000000000000e+00 3.119100941542960470e-01 5.529419749270689799e-01 4.777891462004085765e-02 3.530831127073130737e-02
2.000000000000000000e+00 4.124367260542757818e-01 5.881157968228352129e-01 5.059914475895510577e-02 3.847452293230990694e-02
3.000000000000000000e+00 5.492435458157776118e-01 6.340696911986036799e-01 4.918890053836977305e-02 4.057830871201473233e-02
9.000000000000000000e+00 6.747993650330184057e-01 7.323590668028148176e-01 5.504357948771754216e-02 4.258956488333542900e-02
0.000000000000000000e+00 7.439671989171525723e-01 8.120272318229935227e-01 5.396364645289264406e-02 3.668110166410165629e-02
0.000000000000000000e+00 7.362553267424534198e-01 8.483263618500036518e-01 5.328069528629619800e-02 3.601198401836158691e-02
6.000000000000000000e+00 6.093804153009757529e-01 8.819460938684782203e-01 5.362073585705751100e-02 3.492235029878709707e-02
7.000000000000000000e+00 5.632372714718310025e-01 7.785967205576446171e-01 4.857540397856285885e-02 3.869907369409553155e-02
3.000000000000000000e+00 4.532891652112285286e-01 8.079973435159122364e-01 4.805902906725806334e-02 3.541341158893918095e-02
3.000000000000000000e+00 3.055916191529982617e-01 7.724085159944532597e-01 4.300411130501641255e-02 3.224536311131331878e-02
5.000000000000000000e+00 4.170044283599643187e-01 7.107522552351075440e-01 4.637555845963287071e-02 3.541209137740519708e-02
2.000000000000000000e+00 1.855647453893377596e-01 7.241772567225075452e-01 4.131013640562047895e-02 3.162067345371788463e-02
2.000000000000000000e+00 3.005455123677335250e-01 6.567457306076101009e-01 4.385289252038554464e-02 3.730424150815714324e-02
0.000000000000000000e+00 1.766436742504831625e-01 6.171407047986723349e-01 4.216592048217004951e-02 3.477770103505983812e-02
