0.000000000000000000e+00 7.497549257410770496e-01 5.609704345909236611e-01 3.872761677427294380e-02 3.929424239549705877e-02
1.600000000000000000e+01 8.394961774931721799e-01 3.008240578404150489e-01 4.124730973072221474e-02 4.069062797046185675e-02
1.600000000000000000e+01 9.083991963275336312e-01 4.405800662911684706e-01 3.731553036620760544e-02 3.451080913775173009e-02
3.000000000000000000e+00 2.775087713583461735e-01 3.306667766924757945e-01 4.369219112501021574e-02 4.200060081214057606e-02
6.000000000000000000e+00 2.396292903276647790e-01 4.430940604267149530e-01 4.758907974930173812e-02 4.421688970673293140e-02
7.000000000000000000e+00 2.047238523801807042e-01 5.456173167924400769e-01 4.207445287894626129e-02 4.173281438092779627e-02
6.000000000000000000e+00 1.728646958859643146e-01 6.713151627302842428e-01 4.607470532114890660e-02 4.203008348762915514e-02
8.000000000000000000e+00 4.001249944306383144e-01 3.067985592047203225e-01 4.353265321533977827e-02 4.589798372191861153e-02
1.500000000000000000e+01 3.637598878281096404e-01 4.223613719981563208e-01 4.139036176563742897e-02 4.240850264096618361e-02
3.000000000000000000e+00 2.955318303633653887e-01 6.403992628601927750e-01 4.066754193068083945e-02 4.033573099115850269e-02
1.000000000000000000e+00 2.441844363796916717e-01 7.486763657339284839e-01 4.206352044700964465e-02 4.173106984391661278e-02
1.000000000000000000e+00 5.540209551045074399e-01 2.817196766446462552e-01 4.240463558392482124e-02 4.381302938864972685e-02
2.000000000000000000e+00 4.963297412712662782e-01 3.985450980999081239e-01 4.063640194503159719e-02 4.288516830364835775e-02
9.000000000000000000e+00 4.578965005798180110e-01 5.056668377245790991e-01 4.035236224399824101e-02 4.119445025928430981e-02
2.000000000000000000e+00 4.124383001006038940e-01 6.286653906206749465e-01 4.124733880633929539e-02 4.069056981922813954e-02
5.000000000000000000e+00 3.778835431679795076e-01 7.371275888712944813e-01 4.001601550824696041e-02 3.917381119049323512e-02
1.500000000000000000e+01 3.203780643751930057e-01 8.304783458507096761e-01 4.239198769059387972e-02 3.957679924007095895e-02
5.000000000000000000e+00 6.186014473594715346e-01 3.877777720536140782e-01 4.113379852252974089e-02 4.394919050237061642e-02
7.000000000000000000e+00 5.689281983185559000e-01 4.998444890632637305e-01 4.001706223045353727e-02 4.114202692209900647e-02
0.000000000000000000e+00 5.268670620721280784e-01 6.075971404980200496e-01 3.951719422552313343e-02 4.204921524351812323e-02
0.000000000000000000e+00 4.826350530446318898e-01 7.176452391942499398e-01 3.773038126746108833e-02 3.913845524040038271e-02
3.000000000000000000e+00 4.371523999716447895e-01 8.145663656207016157e-01 3.795574637368587245e-02 3.852170325572246146e-02
5.000000000000000000e+00 4.013678171351958701e-01 9.187508718931107765e-01 3.951978195542288352e-02 3.812150646536283105e-02
6.000000000000000000e+00 6.925351003460593624e-01 4.690077475600534784e-01 3.799025913088993622e-02 4.249256024928715902e-02
9.000000000000000000e+00 6.414683732918642356e-01 5.918620272453265496e-01 3.806620464210908050e-02 3.919102395567009012e-02
8.000000000000000000e+00 5.926087181617190058e-01 6.935295445936533465e-01 3.800886752567567139e-02 3.885043217985839625e-02
7.000000000000000000e+00 5.489819471746273383e-01 8.057052224774581273e-01 3.683171210177971222e-02 3.768374397802942699e-02
1.000000000000000000e+00 5.160704859552802670e-01 8.849770424157228366e-01 4.054213879519530384e-02 3.829340151219551291e-02
2.000000000000000000e+00 6.306498886977180973e-01 8.797407564254976498e-01 3.694417658776572022e-02 3.835225056070523664e-02
8.000000000000000000e+00 6.708187547237591808e-01 7.745869272384553472e-01 3.677641027852607269e-02 3.734321035345133932e-02
