0.000000000000000000e+00 5.507813920275383968e-01 5.521533283019102178e-01 3.377065535781464956e-02 3.522964342624568257e-02
1.200000000000000000e+01 6.289723471915054098e-01 1.855515231014454314e-01 2.868095458866226632e-02 2.941063904867730061e-02
6.000000000000000000e+00 3.268124551902512609e-01 6.795203315962227153e-01 3.037473766788217899e-02 3.175279477152392893e-02
7.000000000000000000e+00 2.944732713728392959e-01 5.909900172223673254e-01 3.242733736073960538e-02 3.158609058590067242e-02
1.500000000000000000e+01 2.586540424676425642e-01 4.977205895780900669e-01 3.130529414268870547e-02 3.163965464293272412e-02
2.000000000000000000e+00 3.149254102948912948e-01 4.174831691523782640e-01 3.172597193747944688e-02 3.208076240564172732e-02
3.000000000000000000e+00 3.528468448137164204e-01 5.123824648164561069e-01 3.025814267121429424e-02 3.227445264742329067e-02
2.000000000000000000e+00 4.217785223007409767e-01 6.964780482826272712e-01 3.229627000330936859e-02 3.214349410473560376e-02
6.000000000000000000e+00 4.592276056238955295e-01 7.899654998654941362e-01 3.449672172763906808e-02 3.500396165014740824e-02
5.000000000000000000e+00 5.540937944025452477e-01 8.173142355608240539e-01 3.416353098587776582e-02 3.532866484198793344e-02
1.500000000000000000e+01 5.187393676702529710e-01 7.200931597344465418e-01 3.277706794337220675e-02 3.312168423310390963e-02
3.000000000000000000e+00 4.829975196488690559e-01 6.257152771130972679e-01 3.298640030439875526e-02 3.484090275840023843e-02
9.000000000000000000e+00 4.476977043155060398e-01 5.246141123997047906e-01 3.246803407446224865e-02 3.508230826480063236e-02
8.000000000000000000e+00 4.162511414332707993e-01 4.367943310911714949e-01 3.332696324496947637e-02 3.419813407401617322e-02
1.000000000000000000e+00 3.777745204959908065e-01 3.422728810188387927e-01 3.456473094174772331e-02 3.368330432321342549e-02
5.000000000000000000e+00 4.749105439992038491e-01 3.566016199228148054e-01 3.336485797907084994e-02 3.452996463149543560e-02
9.000000000000000000e+00 5.113169780608579629e-01 4.546935945413825286e-01 3.241901303293270864e-02 3.475907407198475241e-02
5.000000000000000000e+00 5.830958068891718415e-01 6.448751865597127653e-01 3.314295751527696066e-02 3.255475942429364444e-02
0.000000000000000000e+00 6.180501762203911564e-01 7.432585942625791198e-01 3.354682343234005604e-02 3.325253396104888015e-02
3.000000000000000000e+00 6.614516435918240678e-01 8.426843927919323018e-01 3.387783787924991685e-02 3.329034708409339682e-02
7.000000000000000000e+00 7.263944038474168252e-01 7.651987203819582417e-01 3.751823509206031471e-02 3.694021117950740951e-02
1.000000000000000000e+00 6.874509132571233749e-01 6.692962888097770957e-01 3.600048706263925258e-02 3.483535320652908496e-02
2.000000000000000000e+00 6.508097521938946972e-01 5.722450455928718149e-01 3.864180171650721807e-02 3.513769496877072740e-02
7.000000000000000000e+00 6.094983439904502198e-01 4.715535955889557651e-01 3.318017215723723101e-02 3.289611127174807415e-02
0.000000000000000000e+00 5.799531283088945610e-01 3.709763738610566963e-01 3.577529495288256367e-02 3.577529495288256367e-02
6.000000000000000000e+00 6.808443893838620475e-01 3.884674732118729712e-01 4.120019953653375477e-02 3.768542894402504562e-02
8.000000000000000000e+00 7.555663849619439487e-01 5.834404231789034334e-01 3.653574678136028986e-02 3.683003625265146574e-02
1.200000000000000000e+01 7.122157612789787873e-01 1.702614467523573538e-01 3.413436863486785100e-02 3.219896241976261120e-02
8.000000000000000000e+00 7.983787021133958994e-01 6.863242998198844091e-01 3.730795060203628832e-02 3.788526721876206427e-02
1.000000000000000000e+00 3.590640567417339724e-01 7.684282603304950499e-01 3.143600785220557192e-02 3.278343360581259525e-02
