6.000000000000000000e+00 7.569686987651093046e-01 5.217475534573159379e-01 5.155187187273013727e-02 3.792332573983825394e-02
7.000000000000000000e+00 5.815925581769163522e-01 1.479229780907454495e-01 4.906488596978952899e-02 3.791299126936500952e-02
5.000000000000000000e+00 6.959504813818436775e-01 2.124501456793035370e-01 4.855193114191358461e-02 3.641352143386578089e-02
3.000000000000000000e+00 8.156802682273389671e-01 2.103136190414421347e-01 4.656117647930269055e-02 3.566160773886536961e-02
6.000000000000000000e+00 2.931652013184744554e-01 1.645304279768095290e-01 5.303991784913081320e-02 3.717924386576632045e-02
2.000000000000000000e+00 4.289887765916980955e-01 2.013357907220509890e-01 5.088072015068706433e-02 3.723798252272947362e-02
3.000000000000000000e+00 5.781907802580128486e-01 2.659019113147004787e-01 4.833022583518042925e-02 3.805543619286774759e-02
8.000000000000000000e+00 7.211005193885227094e-01 3.013661777762245975e-01 5.004928108603368120e-02 3.679613238486156845e-02
5.000000000000000000e+00 8.347710383708337734e-01 3.446527550979031629e-01 4.954439362257267998e-02 3.641776121662404497e-02
1.500000000000000000e+01 1.419105097740488985e-01 2.212676866560843447e-01 5.548639027238140564e-02 4.001262590864257396e-02
0.000000000000000000e+00 4.516518728598404309e-01 3.105472212386533037e-01 5.287014988118599046e-02 4.053815287011425239e-02
3.000000000000000000e+00 5.882771056681344035e-01 3.762621021367684726e-01 4.986220067182622895e-02 3.783961947329872455e-02
8.000000000000000000e+00 7.266067017023067898e-01 4.305401101586462387e-01 4.925467513409265141e-02 3.738416669908151135e-02
9.000000000000000000e+00 8.755991158299788468e-01 4.417921255623306065e-01 4.974148463495953187e-02 3.676418679949561286e-02
6.000000000000000000e+00 1.764992316530595851e-01 3.479049481813673572e-01 5.943483518067607663e-02 3.968042126377258061e-02
2.000000000000000000e+00 3.315503836710710917e-01 3.972330981618016899e-01 5.403829835988993580e-02 3.786723694709903665e-02
2.000000000000000000e+00 4.778264955901595501e-01 4.443579007615284793e-01 4.987003249275451244e-02 3.873768790171533416e-02
9.000000000000000000e+00 6.201641584776647065e-01 4.808264804853797925e-01 4.985572322594544747e-02 3.694149215901054717e-02
5.000000000000000000e+00 3.813304238304883187e-01 7.558459962883745664e-02 4.904775018114165830e-02 3.567244273924755071e-02
7.000000000000000000e+00 8.881818488825035107e-01 6.202020515360664454e-01 4.706523954056074377e-02 3.716010595748253653e-02
1.000000000000000000e+00 3.732335428723338455e-01 5.142617017462576268e-01 5.338437075530233500e-02 3.942700591515990727e-02
0.000000000000000000e+00 4.730489376091414622e-01 5.533133838370374313e-01 5.285348517951121705e-02 3.829783988348334223e-02
1.000000000000000000e+00 6.428217341953406105e-01 5.929296783865917186e-01 5.165998633306523313e-02 3.874501919273476425e-02
0.000000000000000000e+00 7.576343741010895805e-01 6.570242409191295874e-01 5.005846728200991080e-02 3.807819558225744583e-02
7.000000000000000000e+00 2.110734234432425915e-01 5.544036557504945506e-01 5.454259696463456542e-02 3.830643722074311697e-02
8.000000000000000000e+00 3.894883399946001412e-01 6.105376139533261748e-01 5.047481983745671918e-02 4.008337728342081796e-02
1.000000000000000000e+00 4.954292639216575367e-01 6.599788100858458018e-01 5.334167849836163322e-02 4.059409444817441148e-02
1.500000000000000000e+01 6.717424112208905118e-01 7.014605207202202486e-01 4.869001851091470101e-02 4.052113485320951725e-02
1.200000000000000000e+01 3.402928746044437958e-01 9.467986120913890469e-01 3.337901469639520391e-02 2.689470861169707128e-02
0.000000000000000000e+00 1.822998874894588284e-01 8.859675928940742295e-01 3.604139216802232371e-02 2.748127077912576599e-02
