9.000000000000000000e+00 6.241419451843557287e-01 4.896666245871809653e-01 3.318464130023646153e-02 4.498737427323573623e-02
1.100000000000000000e+01 6.852520811211866292e-01 6.984480621878633722e-01 2.526603123705284393e-02 3.739849573948594852e-02
1.000000000000000000e+01 7.603970284694436810e-01 4.101235768741421372e-01 2.318152156821862153e-02 3.029143327038935629e-02
2.000000000000000000e+00 1.704182300197348565e-01 5.982738656228340224e-01 3.408846641454399418e-02 4.453448061224052346e-02
1.500000000000000000e+01 2.215700813261290703e-01 6.756400858274820287e-01 3.314875709123715763e-02 4.491332109286660934e-02
1.000000000000000000e+00 2.084632328714684513e-01 4.783625880408209352e-01 3.304613094145494867e-02 4.048483338855390912e-02
6.000000000000000000e+00 2.528048795396184434e-01 5.515490774042155486e-01 2.860347771044371989e-02 3.992678689938988779e-02
5.000000000000000000e+00 2.366998583838431924e-01 3.602886088391279995e-01 3.117644269458491602e-02 4.114518347281237443e-02
7.000000000000000000e+00 2.748307951802739235e-01 2.484169530872757936e-01 2.875980921571696936e-02 3.705881877385019951e-02
7.000000000000000000e+00 2.801727040008512581e-01 4.544267185764558348e-01 3.151109318300510109e-02 4.115053250471567559e-02
1.000000000000000000e+00 3.417335025954213457e-01 3.359958057333385928e-01 2.916875480052216751e-02 4.074279649998913122e-02
1.500000000000000000e+01 6.646083660761570311e-01 3.584882832898778071e-01 3.603796006704607091e-02 4.434129723390506372e-02
8.000000000000000000e+00 3.595092495149111445e-01 2.405062321741605613e-01 3.010195927096170898e-02 4.014445755442822006e-02
0.000000000000000000e+00 2.763418966929456211e-01 8.092457317879023782e-01 3.265075953308765877e-02 4.649383906227266827e-02
5.000000000000000000e+00 3.101940649192403976e-01 6.900711287931091675e-01 3.672731319363442548e-02 4.819348722964511555e-02
0.000000000000000000e+00 3.528104068825725359e-01 5.503494158822328508e-01 3.082921257334703125e-02 4.259544310752916285e-02
2.000000000000000000e+00 3.688090253107645378e-01 4.274052640906272904e-01 3.318458754112185716e-02 4.498737427323590277e-02
3.000000000000000000e+00 4.471097670841600591e-01 2.081866691063796737e-01 3.085520510525885385e-02 4.336073098349796373e-02
9.000000000000000000e+00 4.700571139491564465e-01 3.972531878850744658e-01 3.316039593954933640e-02 4.422208639726704638e-02
3.000000000000000000e+00 4.375522432133298611e-01 5.586244219956948420e-01 3.314843453654947592e-02 4.345725547377232711e-02
1.000000000000000000e+00 4.049713436496722441e-01 6.678754418685290961e-01 3.611464744403108940e-02 4.740344328140044805e-02
2.000000000000000000e+00 3.762053924551115314e-01 7.786211532843018146e-01 3.436884707676979289e-02 4.656576875761508916e-02
5.000000000000000000e+00 5.374779517108732030e-01 1.839059752411552062e-01 3.005134506456053067e-02 4.753590573978874745e-02
0.000000000000000000e+00 5.134634192220612903e-01 2.987972535808496310e-01 3.238010927060547273e-02 4.210599324860192505e-02
3.000000000000000000e+00 5.180278771669903914e-01 6.405382869821788505e-01 3.434987010931400686e-02 4.576486546822011725e-02
7.000000000000000000e+00 5.743849547450770032e-01 7.153229945034634829e-01 3.442674564319991859e-02 4.887069079633254987e-02
6.000000000000000000e+00 6.126368764289277236e-01 5.922884064413124205e-01 3.553407588584733823e-02 4.737903664336950982e-02
