1.000000000000000000e+00 4.635153723370974976e-01 6.138405912585832569e-01 4.888613246331441342e-02 3.576003944736849682e-02
7.000000000000000000e+00 3.245230138860836222e-01 5.563469598301200580e-01 4.617218677724915787e-02 3.462961454393886918e-02
5.000000000000000000e+00 2.135871303915405361e-01 5.088920030350138068e-01 5.019429333357605660e-02 3.503655830750562750e-02
3.000000000000000000e+00 7.019686743085236103e-01 6.266952350710194297e-01 4.279523216265390673e-02 3.389802443422529343e-02
2.000000000000000000e+00 5.892212124430997733e-01 5.885701369276475914e-01 4.550408817615314572e-02 3.462553130380130462e-02
1.500000000000000000e+01 4.587330642348820819e-01 5.088781861555342623e-01 4.644648274677032340e-02 3.513182432564410096e-02
0.000000000000000000e+00 3.405094597511953980e-01 4.625059493667578181e-01 4.983856260300195684e-02 3.434697956286902887e-02
3.000000000000000000e+00 8.015062792247575896e-01 5.765404513990559643e-01 4.352952526231745889e-02 3.445668069755025709e-02
7.000000000000000000e+00 6.959049189282140446e-01 5.289240340872433110e-01 4.642764808275556820e-02 3.337450704025290982e-02
1.500000000000000000e+01 4.845574733519421029e-01 4.309245167183117786e-01 4.351307728091841076e-02 3.299798629123207316e-02
5.000000000000000000e+00 3.575334655618200852e-01 3.478470279007505050e-01 4.767283503822000723e-02 3.605132974732122575e-02
7.000000000000000000e+00 2.344845783112309012e-01 3.137261505716946730e-01 4.847737712137673016e-02 3.574991761266133050e-02
9.000000000000000000e+00 8.179068145236767506e-01 4.665475375793747270e-01 4.301618721347677532e-02 3.226950174444004338e-02
2.000000000000000000e+00 6.988097704683153832e-01 4.179144653613450222e-01 4.643995531359279560e-02 3.452595200382729823e-02
3.000000000000000000e+00 5.826229839329557514e-01 3.755810131519924377e-01 4.692459566062179288e-02 3.411061171828749794e-02
1.000000000000000000e+00 4.781103103492809758e-01 3.243229207417379634e-01 4.596857111940461094e-02 3.518921972926758457e-02
1.000000000000000000e+00 3.511598296368469430e-01 2.428240930759443805e-01 4.684804928564900717e-02 3.437912789014926918e-02
6.000000000000000000e+00 2.379792423871152085e-01 1.889914746261519285e-01 4.844824809138148503e-02 3.393368089739817739e-02
0.000000000000000000e+00 8.104647355552492272e-01 3.768745376192258467e-01 4.130904777343769041e-02 3.203523303035166192e-02
9.000000000000000000e+00 7.116594971394591962e-01 3.359725198749915487e-01 4.517265559991867629e-02 3.344153543997557820e-02
0.000000000000000000e+00 5.802050156464377828e-01 2.693711781869246868e-01 4.254149616988156524e-02 3.262554878234874556e-02
2.000000000000000000e+00 4.914933886969818921e-01 1.857720410641864606e-01 4.691013178886688229e-02 3.374395400706370340e-02
6.000000000000000000e+00 8.301155587588633367e-01 2.780175398214106974e-01 4.303832872689861144e-02 3.335400457392856399e-02
5.000000000000000000e+00 7.203444051359477740e-01 2.335760717582341661e-01 4.399340434611198614e-02 3.226872535370972628e-02
6.000000000000000000e+00 5.978422551132117624e-01 1.630362292934171842e-01 4.481281287399485613e-02 3.335705262642557622e-02
8.000000000000000000e+00 3.645059144040060373e-01 1.312006868344398058e-01 4.506324201735995016e-02 3.536269992468857315e-02
8.000000000000000000e+00 4.972497077256682330e-01 1.125217898044093279e-01 4.496113225870917995e-02 3.228129138145691135e-02
1.300000000000000000e+01 3.285242729135391948e-01 8.013287157891990642e-01 3.125461528377548870e-02 2.570077608205056929e-02
8.000000000000000000e+00 5.700483871324879548e-01 6.794246741809759627e-01 4.651489139668019135e-02 3.588736752715038225e-02
1.200000000000000000e+01 3.852456439637232111e-02 7.894621585796233187e-01 3.171751669035387938e-02 2.172766840737405669e-02
