6.000000000000000000e+00 4.460391380137977424e-01 4.251381292840039627e-01 4.920586070456089978e-02 3.798418535999581458e-02
1.400000000000000000e+01 4.289732010105436477e-01 7.287172026456933960e-01 4.073318871219355763e-02 3.139783228813786131e-02
1.200000000000000000e+01 4.527430749033862778e-01 7.591894947660444704e-01 3.330175643942928643e-02 2.584897852742618074e-02
8.000000000000000000e+00 7.386894409488040658e-01 6.622139214641301619e-01 5.290776826536169875e-02 3.932086110094812348e-02
3.000000000000000000e+00 8.028749906855841001e-01 5.647346866956436395e-01 4.710844775489886338e-02 3.858284757669827592e-02
9.000000000000000000e+00 6.799786117645227890e-01 5.899705194698614541e-01 5.136970105854710145e-02 3.997281710731803717e-02
3.000000000000000000e+00 5.669899561315343561e-01 6.322477937904467105e-01 5.274667759136941747e-02 4.101062577555469879e-02
0.000000000000000000e+00 4.361015336431279810e-01 6.518762761904921543e-01 5.423940992275172457e-02 4.248530290220542405e-02
5.000000000000000000e+00 2.275082909628421135e-01 6.007041980659783009e-01 5.617497286738143414e-02 4.103486812209466983e-02
9.000000000000000000e+00 5.032757119220062636e-01 5.307775713218497726e-01 4.996485426421554132e-02 3.638337491057019868e-02
2.000000000000000000e+00 3.527295727885098597e-01 5.232723995680786944e-01 5.388668659293149865e-02 3.861434575317712614e-02
6.000000000000000000e+00 8.984101973745122205e-01 4.787238536130166144e-01 4.713522120490609701e-02 3.644119656310645938e-02
7.000000000000000000e+00 7.386215511291432945e-01 4.533559675462480731e-01 4.565070089810574494e-02 3.496193532684327421e-02
8.000000000000000000e+00 6.114515446208171889e-01 4.536125511293779278e-01 4.898872015045929729e-02 3.710687677494223236e-02
8.000000000000000000e+00 8.089477828639761725e-01 3.659197435461483683e-01 4.816937383480157653e-02 3.699567696262295868e-02
5.000000000000000000e+00 6.542487638402794126e-01 3.639112004515518972e-01 4.606664556785855513e-02 3.610799085335447689e-02
1.500000000000000000e+01 2.868417997233909666e-01 3.905856280663289049e-01 4.932788801504489617e-02 3.612728348644783649e-02
3.000000000000000000e+00 7.427588084862777329e-01 2.749943371699680172e-01 4.590566738735391006e-02 3.312885394925751958e-02
1.000000000000000000e+00 6.265732285575380534e-01 2.739257896562925509e-01 4.804461855724739827e-02 3.646642322766141531e-02
0.000000000000000000e+00 5.065392323623127968e-01 3.100214202877161762e-01 5.004275600425706072e-02 3.622554654771326099e-02
6.000000000000000000e+00 3.721191471446370080e-01 3.099899221112372705e-01 4.887909524696404384e-02 3.708657170046214535e-02
2.000000000000000000e+00 4.771052973159497501e-01 2.493993548754608602e-01 4.747332038136103938e-02 3.690590715965796909e-02
1.500000000000000000e+01 6.666577798212406369e-01 1.830231632113157036e-01 4.391616381550411674e-02 3.337051808361768401e-02
1.000000000000000000e+00 5.356050887178223086e-01 1.492076208914458468e-01 4.623471083807129123e-02 3.503671537260888424e-02
2.000000000000000000e+00 2.042761921866332875e-01 2.632712783519508548e-01 5.470659537602659550e-02 3.705341424504363101e-02
7.000000000000000000e+00 3.142984789263476020e-01 1.970104768825315933e-01 4.750740590805069274e-02 3.563054036935206503e-02
0.000000000000000000e+00 4.120888144343071713e-01 1.382372138127296868e-01 4.496280322250356676e-02 3.444581520653869355e-02
7.000000000000000000e+00 7.665566332285708717e-02 2.722690277585591012e-01 5.420355262363509702e-02 3.631661002578362440e-02
1.000000000000000000e+00 1.713501499335166045e-01 1.940824120217255477e-01 5.085940247621686949e-02 3.684327641053422586e-02
5.000000000000000000e+00 2.836754877179052947e-01 9.727886938545557416e-02 4.719683951264286303e-02 3.489151440371540680e-02
