6.000000000000000000e+00 7.646135101569474513e-01 3.071590837181394362e-01 4.066263156758465058e-02 3.116550714271404399e-02
1.600000000000000000e+01 5.822495411061977544e-01 7.695218568417216964e-01 3.590322843288817900e-02 2.692724262814527592e-02
1.100000000000000000e+01 2.037021373522274192e-01 7.670410130436068341e-01 3.964811185355823775e-02 2.838242796243783950e-02
3.000000000000000000e+00 1.619052891844408593e-01 2.998479985062117992e-01 5.735914098751324075e-02 3.907672972833514669e-02
7.000000000000000000e+00 1.119338197593900963e-01 2.068151052012570101e-01 5.806683877534496441e-02 3.679858735030192007e-02
2.000000000000000000e+00 1.906850041867230172e-01 1.291935806128458042e-01 5.499614754485873669e-02 3.731201223728244920e-02
0.000000000000000000e+00 2.588511150964910579e-01 2.446738096611402180e-01 5.435784357260012301e-02 4.132562544246576319e-02
8.000000000000000000e+00 3.157287732001148317e-01 3.575835190406371211e-01 5.116635349406040145e-02 3.781706817053931413e-02
1.000000000000000000e+00 3.508702928217627970e-01 4.733268489330400008e-01 5.279490423627186679e-02 4.071775944424815830e-02
3.000000000000000000e+00 3.720876604125111786e-01 6.122079830337348039e-01 5.666472630772684260e-02 4.137604764408175928e-02
6.000000000000000000e+00 5.082316105560191755e-01 6.250236805461797385e-01 5.124191233960079250e-02 4.011850066178201946e-02
3.000000000000000000e+00 4.855254180109397910e-01 4.904990782740625277e-01 4.891683234210708608e-02 3.950071700666069052e-02
0.000000000000000000e+00 4.471718433194846742e-01 3.996402217324044881e-01 4.812675545819156131e-02 3.891497959426748476e-02
2.000000000000000000e+00 4.122899101770363117e-01 2.832658995337185015e-01 4.892752435060088168e-02 3.950086592042795219e-02
1.500000000000000000e+01 7.185990071399898094e-01 2.235851482394902168e-01 3.895649675259749145e-02 3.529991919595085181e-02
9.000000000000000000e+00 3.667010771639750422e-01 1.555971828695721926e-01 4.882176579304725594e-02 3.661682320590595174e-02
6.000000000000000000e+00 3.557570023361448230e-01 7.588249658489794325e-02 4.262025195282920231e-02 3.477729143814961565e-02
1.000000000000000000e+00 4.824711519689894312e-01 1.220140904971025869e-01 4.342629239260198393e-02 3.121649521664585092e-02
7.000000000000000000e+00 5.207378801513410371e-01 2.402025695575927822e-01 4.728530332454922158e-02 3.681648678513430029e-02
9.000000000000000000e+00 5.657049832944469614e-01 3.418267746235383875e-01 4.351653413560041539e-02 3.398283648947475477e-02
5.000000000000000000e+00 5.793573081344728370e-01 4.284547974476172749e-01 5.015016594583987519e-02 3.964310835097606400e-02
8.000000000000000000e+00 6.158867785244663828e-01 5.446926550699271452e-01 4.452605034704482101e-02 3.677896051576856618e-02
1.000000000000000000e+00 6.618190811418609432e-01 6.763313532054309185e-01 4.932613672297447849e-02 4.239336693693407376e-02
8.000000000000000000e+00 6.075846572996193018e-01 1.816628402227329353e-01 4.437356264930480965e-02 3.192705214881016995e-02
0.000000000000000000e+00 6.439235180674377501e-01 2.785566952299869947e-01 4.446392352331729469e-02 3.469330407337867239e-02
5.000000000000000000e+00 6.814289990712278922e-01 3.810548900877353540e-01 4.445320173206968040e-02 3.469309559410449495e-02
1.500000000000000000e+01 7.188301808723840391e-01 4.900125769962142552e-01 4.722704825877199752e-02 3.474411345078981528e-02
5.000000000000000000e+00 7.606882325985409032e-01 5.765833126940034248e-01 4.554742009436840711e-02 3.955947837924678190e-02
2.000000000000000000e+00 8.491263022644458536e-01 5.096095394278239432e-01 4.166916950368282357e-02 3.396029094510188973e-02
7.000000000000000000e+00 8.014659149427603158e-01 4.065062334765534580e-01 4.266629608968586229e-02 3.604561977720371901e-02
