1.600000000000000000e+01 3.903983934422936564e-01 7.524633667737199438e-01 4.509095475837576750e-02 3.488745195291376167e-02
1.000000000000000000e+01 5.005905342824732429e-01 9.116035107557467487e-01 3.857860738207369300e-02 3.141468009177028620e-02
5.000000000000000000e+00 8.827941683527191774e-01 3.882939483275283932e-01 4.794523602662881245e-02 3.657813177087160250e-02
1.000000000000000000e+00 7.919717781276987001e-01 2.905576902636046732e-01 4.793130994544181345e-02 3.543140230355296127e-02
7.000000000000000000e+00 6.447958340106154651e-01 1.618138072950861539e-01 4.476163864620275046e-02 3.511669667399283656e-02
8.000000000000000000e+00 5.072560090386653009e-01 1.267873623395555371e-01 4.411999743116795658e-02 3.288679780220925275e-02
8.000000000000000000e+00 6.046676227740619414e-01 2.261565129358277249e-01 4.713805893628741917e-02 3.473483043494718370e-02
9.000000000000000000e+00 8.150987735444887861e-01 4.621022530103210402e-01 5.115799485911332045e-02 3.955066570287968375e-02
3.000000000000000000e+00 6.425082966361410630e-01 3.660619565579676937e-01 5.081323507998281030e-02 3.860351364265829366e-02
3.000000000000000000e+00 8.413539595827941309e-01 5.502270303804428497e-01 5.314430633645861324e-02 4.088756949683591824e-02
1.500000000000000000e+01 8.337842417601236678e-01 6.081102809724677760e-01 5.149745796633942163e-02 3.800814391532836289e-02
7.000000000000000000e+00 7.770373058311107473e-01 6.042444246402113306e-01 5.188012763314575615e-02 4.199266950351199235e-02
1.000000000000000000e+00 6.555724783753587026e-01 4.837361820817240865e-01 5.371622787580676572e-02 4.176681703297857595e-02
2.000000000000000000e+00 5.361523745708198785e-01 3.902708269678303310e-01 5.198766792675679760e-02 4.135692009205654829e-02
7.000000000000000000e+00 5.245067189347379921e-01 3.047396631924605970e-01 4.819394155346912179e-02 3.643869241949881932e-02
3.000000000000000000e+00 4.340084969329047748e-01 1.957244398737967295e-01 4.780692742543790619e-02 3.674360813301086326e-02
0.000000000000000000e+00 3.619714975316945527e-01 1.140709904293010502e-01 4.701117686325001488e-02 3.496139706349027376e-02
2.000000000000000000e+00 6.277799481950716576e-01 6.043469658277551559e-01 5.488625674818847777e-02 4.204956409160953701e-02
6.000000000000000000e+00 5.210319980173601095e-01 5.061027926360928131e-01 5.350593809856574179e-02 4.013731675117571118e-02
6.000000000000000000e+00 4.528411709682669262e-01 4.456551642928335832e-01 5.311133604168244426e-02 3.923804303418076955e-02
1.500000000000000000e+01 3.655199255069792041e-01 3.281073447367749418e-01 5.049939239135087243e-02 3.688804659045080703e-02
3.000000000000000000e+00 2.934909752616687850e-01 2.391872929098051159e-01 5.093255898075216281e-02 3.796469930307821983e-02
2.000000000000000000e+00 1.976338603387758630e-01 1.441241282757841635e-01 4.885084789595894872e-02 3.614422126687705239e-02
5.000000000000000000e+00 1.324902413685687397e-01 2.108531036358261834e-01 5.135206729822001936e-02 3.762553376168947805e-02
1.000000000000000000e+00 4.621156137164171285e-01 6.312193034126829527e-01 5.684983419556166595e-02 4.293404878648920953e-02
5.000000000000000000e+00 2.886748424278990921e-01 4.231399791158858559e-01 5.622131563395321718e-02 4.192348544633284213e-02
8.000000000000000000e+00 1.803798772184924681e-01 3.172695208358766172e-01 5.296329703761074037e-02 3.848895079528624752e-02
9.000000000000000000e+00 1.144105428062783258e-01 4.203633327745921466e-01 5.595270295259542614e-02 4.090408440080772756e-02
0.000000000000000000e+00 1.946020215353879701e-01 5.205578268555747234e-01 6.030481161963280323e-02 4.203650095135080811e-02
0.000000000000000000e+00 2.935075496788080995e-01 6.302365029651495476e-01 6.067968506150117625e-02 4.444116023939814752e-02
