1.500000000000000000e+01 2.605289102722050387e-01 6.023692781282568021e-01 5.135784625870376541e-02 3.742458519496094649e-02
0.000000000000000000e+00 6.560563988923601153e-01 2.273100334702971015e-01 3.874435726379554801e-02 3.041027723227815449e-02
1.400000000000000000e+01 6.313010665627214468e-01 7.877765221221391112e-01 3.679595949081948536e-02 3.061037590888771032e-02
1.500000000000000000e+01 7.356427575614316039e-01 3.259760885925523932e-01 3.905630930967340930e-02 3.170228947657083296e-02
7.000000000000000000e+00 7.642191496889318980e-01 3.700960693964052139e-01 3.974012903445822698e-02 3.115754023152905727e-02
7.000000000000000000e+00 8.116894808122344651e-01 4.588756244655132210e-01 4.145402005895837405e-02 3.321268986154085612e-02
1.000000000000000000e+00 7.604606648230287647e-01 5.438737921350785820e-01 4.491832676468732188e-02 3.520710978742291886e-02
6.000000000000000000e+00 6.175214749871316133e-01 3.142716320925023066e-01 3.917071343505806880e-02 3.043214860918985742e-02
2.000000000000000000e+00 5.596036538471764743e-01 2.357953950480713989e-01 3.899829317588010547e-02 3.016122574679899748e-02
3.000000000000000000e+00 4.557660356741647378e-01 1.766238637091225028e-01 4.256669243971528127e-02 3.086558719903065295e-02
1.000000000000000000e+00 4.383427703936069175e-01 2.497186023337177319e-01 4.245207122870370275e-02 3.183921623574795245e-02
3.000000000000000000e+00 5.166305092746165117e-01 3.380920444662730562e-01 4.501897308846608547e-02 3.439990401943987530e-02
5.000000000000000000e+00 5.824498809023108681e-01 3.989770733620233711e-01 4.271789257886204894e-02 3.299118111497656436e-02
9.000000000000000000e+00 7.397687955294065532e-01 6.296715675756848762e-01 4.630327879300333294e-02 3.567992228284544431e-02
8.000000000000000000e+00 6.217757020178003025e-01 5.069121420395155120e-01 4.786249630832595248e-02 3.513503735928680261e-02
0.000000000000000000e+00 5.565176188463483165e-01 5.914444168180161832e-01 4.484625433655120563e-02 3.707686829204848156e-02
8.000000000000000000e+00 4.696722288738015560e-01 4.391669224083409873e-01 4.542997045162439074e-02 3.319014009204490634e-02
0.000000000000000000e+00 4.206863144461864268e-01 3.643761751877628852e-01 4.294917017863747466e-02 3.287254381986709495e-02
5.000000000000000000e+00 3.738016260728959095e-01 2.918124415744552946e-01 4.572640087517793051e-02 3.621161925456900521e-02
0.000000000000000000e+00 2.745129965083495382e-01 1.444071762717230034e-01 4.388179716757112381e-02 3.062247843258833480e-02
9.000000000000000000e+00 4.625136675120332108e-01 5.406306142760667344e-01 4.581090145545485548e-02 3.397476895482864911e-02
6.000000000000000000e+00 4.794313267996525574e-01 6.227680275541358501e-01 4.524732003227815991e-02 3.660752916665654944e-02
1.000000000000000000e+00 2.305476349422675431e-01 2.397321750529308737e-01 4.501864746002573470e-02 3.217526478621360320e-02
8.000000000000000000e+00 1.794547688269178543e-01 1.997491950412122741e-01 4.398879324593724105e-02 3.203869079118021324e-02
6.000000000000000000e+00 3.628515285585265371e-01 4.882015182877920134e-01 4.868468098456613102e-02 3.524208770905973287e-02
5.000000000000000000e+00 2.339208063882468047e-01 3.370153404603258296e-01 4.749828089776794715e-02 3.434717934780273652e-02
7.000000000000000000e+00 7.005093950126847768e-02 2.593285895695809362e-01 4.896493852891439791e-02 3.310061940664549285e-02
2.000000000000000000e+00 2.074400639280298275e-01 4.142275286027811143e-01 4.653184282244224312e-02 3.451479658748501933e-02
2.000000000000000000e+00 1.932078488203205491e-01 4.698033078889036207e-01 4.931379513136804893e-02 3.587112044875162553e-02
1.200000000000000000e+01 3.730292489801812494e-01 8.010286498957304158e-01 3.223591308323325855e-02 2.646550576277795219e-02
