2.000000000000000000e+00 7.275268429884711452e-01 8.343312170979724218e-01 3.362042535479525807e-02 4.756675372172658456e-02
1.300000000000000000e+01 2.183975793598778581e-01 2.194426974792096918e-01 3.569869719831952892e-02 4.474472995008529908e-02
1.600000000000000000e+01 2.758553994836159262e-01 1.741259477193290162e-01 3.441720063209058322e-02 4.703295763089376802e-02
9.000000000000000000e+00 4.849402258328107118e-01 1.779283393725876183e-01 3.915061817013865131e-02 5.391043634156997277e-02
3.000000000000000000e+00 5.399150331727395891e-01 3.271280726451882837e-01 3.734547892036654826e-02 5.177189719746783103e-02
6.000000000000000000e+00 6.429805486453550323e-01 3.368498413715616535e-01 3.685538404453392314e-02 5.110747247484059841e-02
1.000000000000000000e+00 7.189397917475104371e-01 2.060120404804496319e-01 3.560550554486441310e-02 5.044088050445857951e-02
3.000000000000000000e+00 7.627891811799463184e-01 3.432758645619237159e-01 3.461136228025774031e-02 4.977431822240202530e-02
5.000000000000000000e+00 8.193555054241754565e-01 2.110259978494390953e-01 3.486044733042958921e-02 5.010608525883447628e-02
5.000000000000000000e+00 8.613834864045155637e-01 3.554610814656625761e-01 3.387230110755534707e-02 4.877821552831840268e-02
0.000000000000000000e+00 4.278542074523176142e-01 3.106299139561524703e-01 4.122921658524253408e-02 5.417825472507403761e-02
5.000000000000000000e+00 3.578545839483672220e-01 4.438132261519473487e-01 4.092636597775728413e-02 5.417653280220036116e-02
1.000000000000000000e+00 2.935397552143216293e-01 5.834474700431214744e-01 4.241992625237439585e-02 5.259405599298672129e-02
6.000000000000000000e+00 4.215510493966558858e-01 5.822925644964315195e-01 3.973405314105338260e-02 5.178326782609898871e-02
7.000000000000000000e+00 4.812632821985628473e-01 4.614387841541828794e-01 3.735349476822663606e-02 5.178285218954326030e-02
1.500000000000000000e+01 5.898625530855707844e-01 4.429426605418508300e-01 3.674850607306590078e-02 4.899802788963808498e-02
8.000000000000000000e+00 5.403357761204192755e-01 5.702135724210017909e-01 3.734144130811101192e-02 4.740934622041426127e-02
9.000000000000000000e+00 6.443108528185543804e-01 5.878169680883205128e-01 3.560651494792821392e-02 5.077148969620015606e-02
0.000000000000000000e+00 6.868481073329406605e-01 4.732159201810284266e-01 3.685009952261142363e-02 4.946315488380248482e-02
1.500000000000000000e+01 7.567044698226355059e-01 5.899855518177354874e-01 3.560075541279916767e-02 4.614967057336005762e-02
8.000000000000000000e+00 8.103254449914790714e-01 4.784445538310418966e-01 3.436500855602364624e-02 4.779832265990768825e-02
2.000000000000000000e+00 8.953293254941060431e-01 4.823754810891536793e-01 3.113497812830234857e-02 4.578768082166229103e-02
8.000000000000000000e+00 8.461562849261887731e-01 6.029235459005152231e-01 3.360795625812407206e-02 4.613981404932454566e-02
1.000000000000000000e+00 3.450189403674309707e-01 7.218264470035644642e-01 3.833377358486772524e-02 5.045311209452651990e-02
6.000000000000000000e+00 4.106761712672796771e-01 8.349227866700488221e-01 3.833540644276511866e-02 5.112472139190260556e-02
3.000000000000000000e+00 4.665440628121267919e-01 7.144157956568890633e-01 3.816805335244116693e-02 4.924307532755423100e-02
0.000000000000000000e+00 5.228223360790864582e-01 8.471812743608941876e-01 3.651527458866199449e-02 4.896531135503867649e-02
7.000000000000000000e+00 6.784244903233499491e-01 7.060322578865990684e-01 3.548461468380370576e-02 4.895088282889048514e-02
7.000000000000000000e+00 6.318777977743110785e-01 8.305576824970102301e-01 3.360979693429921866e-02 4.673957759921354427e-02
2.000000000000000000e+00 7.895987484262805278e-01 7.247826323177237740e-01 3.340851008803413791e-02 4.674967162985232960e-02
