8.000000000000000000e+00 4.644044263508767534e-01 4.924156669189076463e-01 5.170639557270345632e-02 3.723721246939837304e-02
1.100000000000000000e+01 3.755365928670683084e-01 9.013280722619685381e-01 4.015081009655147026e-02 3.165543527214420561e-02
1.100000000000000000e+01 4.336051395967440714e-01 7.420082157944493106e-01 4.434349336003606812e-02 3.325761308731367549e-02
1.500000000000000000e+01 1.730143954085248958e-01 4.806009504784478636e-01 5.804325619091510458e-02 4.120813209421103629e-02
2.000000000000000000e+00 1.968364190698091987e-01 2.240818305109945063e-01 6.016816060217874962e-02 4.357670751873091164e-02
5.000000000000000000e+00 2.417399924861485250e-01 1.213635447361916531e-01 6.122431790397431239e-02 4.436856205196550162e-02
6.000000000000000000e+00 3.630239185646936262e-01 9.365581836414230144e-02 5.174161375716174183e-02 3.958815107083514528e-02
5.000000000000000000e+00 3.522636262476603330e-01 2.026974875621594951e-01 5.696533016880478417e-02 3.963326917013729189e-02
9.000000000000000000e+00 3.548443427045474552e-01 3.112114247449526694e-01 5.695218574405408463e-02 3.806209444963282174e-02
2.000000000000000000e+00 3.403353103641819644e-01 4.279142969510846828e-01 5.697442588888529391e-02 3.962597595556049956e-02
2.000000000000000000e+00 3.287842727480703164e-01 5.424643120452177225e-01 5.596685304312992715e-02 4.275010622555430739e-02
7.000000000000000000e+00 5.081193305800393301e-01 7.024717854200801526e-02 4.855969238763152562e-02 3.642677826404790847e-02
1.000000000000000000e+00 4.948953182787407812e-01 1.667472778878822948e-01 5.379605406865478612e-02 3.725609718090705513e-02
5.000000000000000000e+00 4.691479968925953981e-01 2.654240828801132657e-01 4.752449961138749401e-02 3.641807077592204567e-02
9.000000000000000000e+00 4.791065208961233224e-01 3.892682600453640784e-01 5.170639557270340081e-02 3.723721246939826202e-02
8.000000000000000000e+00 4.340908870991570523e-01 6.193991015349571416e-01 5.488485058549552598e-02 3.961468949802149364e-02
0.000000000000000000e+00 5.513054906178103121e-01 6.984808137339600931e-01 5.071812340126524710e-02 4.036247970440220989e-02
6.000000000000000000e+00 5.829816962995286733e-01 5.656334404821812267e-01 4.654668197187128431e-02 4.032276912161147919e-02
7.000000000000000000e+00 5.689268398844062880e-01 4.593803443564901667e-01 4.751276946018589964e-02 3.563503465422890315e-02
8.000000000000000000e+00 5.866276380474380048e-01 3.501043633084093831e-01 4.540051031830272255e-02 3.405038273872695864e-02
1.000000000000000000e+00 6.071023257956533747e-01 2.362707470940376697e-01 4.540051031830272255e-02 3.405041046958087736e-02
0.000000000000000000e+00 6.242939300192962282e-01 1.416824405471732717e-01 4.852283808279278521e-02 3.329468923898351584e-02
6.000000000000000000e+00 7.203043024852220366e-01 2.260825422930482498e-01 4.400980799500675555e-02 3.462754500103529254e-02
3.000000000000000000e+00 7.044295810517823275e-01 3.271295726956063854e-01 4.548270456927472338e-02 3.572554816137224476e-02
1.500000000000000000e+01 6.912093124157610013e-01 5.124462450418472148e-01 4.837530994002237072e-02 3.498818475605952605e-02
3.000000000000000000e+00 6.783403659678519659e-01 6.182597516714488650e-01 4.675139113539206193e-02 4.216093650350560829e-02
7.000000000000000000e+00 8.199040180262389121e-01 2.831794692290553472e-01 3.964646905659574561e-02 3.295950640784334196e-02
0.000000000000000000e+00 7.825160051733095479e-01 3.747551235386208379e-01 3.886035481011929082e-02 3.753332252738750263e-02
3.000000000000000000e+00 8.004810506431945250e-01 4.783983303491176620e-01 4.400431728593379166e-02 3.365039290201277122e-02
1.000000000000000000e+00 7.915375174888412690e-01 5.473689849826928189e-01 4.225971380511239772e-02 3.363569554944356721e-02
