1.000000000000000000e+00 6.130883412781391595e-01 4.893307075212347534e-01 3.465961511998583156e-02 4.729302057947487592e-02
7.000000000000000000e+00 5.904714025239373720e-01 6.400414699210584812e-01 3.353161657906533755e-02 4.470824667172546008e-02
5.000000000000000000e+00 5.709734721760197917e-01 7.609407110483132897e-01 3.402450338226870041e-02 4.847910079882067347e-02
3.000000000000000000e+00 5.727003858190138352e-01 2.641922697712636436e-01 3.275884625163860697e-02 4.152943028593172881e-02
2.000000000000000000e+00 5.622123827976917010e-01 3.831290824535303896e-01 3.350995428481085003e-02 4.408494060594142505e-02
1.500000000000000000e+01 5.172392602837518893e-01 5.346371732058867732e-01 3.400729605855501436e-02 4.498796313455344364e-02
0.000000000000000000e+00 5.003378816719508126e-01 6.618423137593245631e-01 3.337279687928718097e-02 4.811652188393444884e-02
3.000000000000000000e+00 5.045867541380695265e-01 1.918426293516370396e-01 3.329951261389180184e-02 4.224083339415943272e-02
7.000000000000000000e+00 4.837707372249702154e-01 3.078801472059767841e-01 3.237115244032889860e-02 4.488666824188308757e-02
1.500000000000000000e+01 4.396163686875076415e-01 5.411666007789526223e-01 3.193876970578224395e-02 4.215070377140672786e-02
5.000000000000000000e+00 3.907587346105517723e-01 6.907956684879139608e-01 3.489764976469184043e-02 4.617537984506159265e-02
7.000000000000000000e+00 3.862247301080414252e-01 8.176823900219508667e-01 3.463817557425852289e-02 4.691128529126342706e-02
9.000000000000000000e+00 3.994516907831721086e-01 2.195537433885009493e-01 3.124607747382573963e-02 4.165261022138372349e-02
2.000000000000000000e+00 3.806546108320136845e-01 3.484459952075078526e-01 3.344209951476195819e-02 4.495304730294036322e-02
3.000000000000000000e+00 3.670353482354202779e-01 4.721973920056552476e-01 3.306960829042254746e-02 4.538517944539416371e-02
1.000000000000000000e+00 3.426189215837588398e-01 5.886485677964874430e-01 3.404800335187124771e-02 4.454569593411961126e-02
1.000000000000000000e+00 2.952024843985219804e-01 7.375947720522477713e-01 3.331674778117121871e-02 4.532654089565135713e-02
6.000000000000000000e+00 2.703088747148132409e-01 8.630508076406853135e-01 3.294879505807035702e-02 4.679768354247404449e-02
0.000000000000000000e+00 3.183000587869400100e-01 2.613590894905181150e-01 3.098184203362686073e-02 4.005213421104961147e-02
9.000000000000000000e+00 3.021931824057347282e-01 3.685068806921653062e-01 3.239687989520179112e-02 4.371949380376966010e-02
0.000000000000000000e+00 2.695165442823560520e-01 5.158071543162927597e-01 3.156538748733472843e-02 4.122780093675637580e-02
2.000000000000000000e+00 2.117815182523923312e-01 6.302710234360233699e-01 3.272858029552735970e-02 4.535427308726747153e-02
6.000000000000000000e+00 2.227329356624342116e-01 2.817312799634941189e-01 3.225805187572533539e-02 4.172759294429789767e-02
5.000000000000000000e+00 2.057616975438407159e-01 4.003813039171993937e-01 3.127222258218681494e-02 4.256387444549636356e-02
6.000000000000000000e+00 1.674873750142134021e-01 5.409515370760973330e-01 3.230844872996774253e-02 4.337994151786606079e-02
8.000000000000000000e+00 1.892315850394801768e-01 7.687608549613009767e-01 3.418555056731720221e-02 4.371361881136903715e-02
8.000000000000000000e+00 1.428984157065780192e-01 6.534941166194274675e-01 3.131237300418540648e-02 4.346692481767444605e-02
1.300000000000000000e+01 8.157518842252440283e-01 5.409067646221628056e-01 2.480716933343518615e-02 3.037777587186563100e-02
8.000000000000000000e+00 6.502871782320951421e-01 3.654332155329163001e-01 3.471374301205620849e-02 4.508975921140995213e-02
1.200000000000000000e+01 8.683478789879135462e-01 8.132458519218026538e-01 2.111678311173237343e-02 3.061600542153275484e-02
