1.600000000000000000e+01 3.334025563789159152e-01 7.452615218262315100e-01 3.581024939992616396e-02 2.914052239387221466e-02
2.000000000000000000e+00 9.395372508669298517e-01 3.988571321664406977e-01 4.338912315537335473e-02 3.298390301681913828e-02
1.000000000000000000e+01 1.152653260506709687e-01 6.109831662711702194e-01 4.469992835824654343e-02 2.935412850253493744e-02
9.000000000000000000e+00 5.136571103757324730e-01 6.808998490975374240e-01 4.674642614417096054e-02 3.643104736686253453e-02
5.000000000000000000e+00 4.219255491749871467e-01 5.935801354925978046e-01 5.176163731090549502e-02 3.882108895290803385e-02
9.000000000000000000e+00 3.559462036288398301e-01 4.930656010666736311e-01 4.964120322675991126e-02 3.690889440895700480e-02
3.000000000000000000e+00 2.875245967267865965e-01 4.120394541660449272e-01 5.255488842623112777e-02 3.713139845497620550e-02
1.000000000000000000e+00 4.366184906832249468e-01 4.007417152985324194e-01 4.411308158353577369e-02 3.308495021792301483e-02
5.000000000000000000e+00 4.899826604150505083e-01 4.907602567218397605e-01 4.581878836870900695e-02 3.550557846363117109e-02
1.500000000000000000e+01 5.649740732672504651e-01 5.789475609281125035e-01 4.607374208002501526e-02 3.455146932453367903e-02
5.000000000000000000e+00 6.358859903869343855e-01 6.590849707231594135e-01 4.809585395638205085e-02 3.454474025940801329e-02
3.000000000000000000e+00 7.773184544128903806e-01 6.474971869038813610e-01 4.778214605245933999e-02 3.697832612639140315e-02
0.000000000000000000e+00 7.073157674607624124e-01 5.672253904486983522e-01 4.451170917710378649e-02 3.401798236790731789e-02
1.000000000000000000e+00 6.373471429250769926e-01 4.905858154405723370e-01 4.574568625211505868e-02 3.430911175578804650e-02
7.000000000000000000e+00 5.655784378561317105e-01 3.952814404276510651e-01 4.802967554729364874e-02 3.602210372717185027e-02
6.000000000000000000e+00 4.889080815459633245e-01 3.160845565142059721e-01 4.975921212094958079e-02 3.693739561455183784e-02
7.000000000000000000e+00 4.235819697290220676e-01 2.277613085087595024e-01 5.172329276211012905e-02 3.841047694996296835e-02
8.000000000000000000e+00 8.242991743700780471e-01 5.654414096208426610e-01 4.876147528275132093e-02 3.641497546751248926e-02
2.000000000000000000e+00 6.951817893180709529e-01 4.031539461158604176e-01 4.508979704472937389e-02 3.425936672475476952e-02
6.000000000000000000e+00 6.194727717211021556e-01 3.093477613053279285e-01 4.528594095133009478e-02 3.343572359214608269e-02
0.000000000000000000e+00 5.470382784894618489e-01 2.216381790139055896e-01 4.577477138484897790e-02 3.459629268396682833e-02
8.000000000000000000e+00 8.849619745397045989e-01 4.752141698574457451e-01 4.304633011871683568e-02 3.255329846087640089e-02
8.000000000000000000e+00 8.132946503445139808e-01 3.942771274576254426e-01 4.373414067636882674e-02 3.306545817390155184e-02
2.000000000000000000e+00 7.604729072157526693e-01 3.002006121877829337e-01 4.492941172387965310e-02 3.369701708382838445e-02
1.000000000000000000e+00 6.705548846785187589e-01 2.279699790427949235e-01 4.458122431270084007e-02 3.396470596798578656e-02
7.000000000000000000e+00 6.111096003997942283e-01 1.442793030917021713e-01 4.612868684320092783e-02 3.433127318101639180e-02
0.000000000000000000e+00 4.874919192035791493e-01 1.354958571636012410e-01 4.676005111074804654e-02 3.341481343935839843e-02
6.000000000000000000e+00 7.330229373074935717e-01 1.466473083797632526e-01 4.597970200458911805e-02 3.360317165077233992e-02
1.500000000000000000e+01 8.065415885939062335e-01 2.225981969395286475e-01 4.667507580899410424e-02 3.434923589205463035e-02
3.000000000000000000e+00 8.708602453566929302e-01 3.168858991913151568e-01 4.297792722528936959e-02 3.201372197837176747e-02
