9.000000000000000000e+00 6.709181052838661952e-01 8.857426447478955467e-01 3.056210789413948969e-02 4.119724415905912096e-02
1.400000000000000000e+01 2.484204293853708168e-01 4.227912467493120108e-01 2.736744911373295563e-02 3.649013293582054063e-02
1.200000000000000000e+01 9.381564600656959463e-02 2.810087964302023789e-01 2.510988659162438630e-02 3.602927849125597826e-02
8.000000000000000000e+00 5.277440563431167186e-01 1.968008710620099688e-01 4.023643711481827978e-02 5.493142943012074841e-02
7.000000000000000000e+00 6.363321729724860099e-01 2.799227685089287210e-01 3.906360198011227247e-02 5.144268571690369107e-02
3.000000000000000000e+00 7.484539359581978690e-01 3.058019277301698979e-01 3.698477388137100252e-02 5.058742726366782794e-02
2.000000000000000000e+00 8.710434085852245545e-01 3.385302459093522121e-01 3.291615633964661836e-02 5.027362897533887987e-02
0.000000000000000000e+00 8.727436854986907466e-01 4.535028749691267791e-01 3.104820638563177138e-02 4.904430960114036786e-02
5.000000000000000000e+00 7.683816468382493881e-01 4.155162108630212625e-01 3.456895692190598002e-02 4.685993291139400885e-02
1.000000000000000000e+00 5.477927853223233390e-01 3.758896693743852824e-01 3.672390047667684065e-02 5.356507485540867863e-02
0.000000000000000000e+00 4.527547257475411646e-01 3.365368971105117679e-01 3.851940384916135995e-02 5.289523146268804155e-02
0.000000000000000000e+00 3.692392046122738303e-01 4.310891867497267382e-01 3.840276649567719858e-02 5.041003444366226605e-02
9.000000000000000000e+00 4.679928346972072051e-01 4.810645280143769353e-01 3.579855009270876964e-02 4.696230546178764564e-02
3.000000000000000000e+00 6.326568094936942943e-01 5.396369320697738114e-01 3.373360348181164703e-02 4.353453625237568847e-02
1.500000000000000000e+01 7.072905056797849088e-01 5.551578866016388947e-01 3.208463605201417046e-02 4.584335349883228439e-02
2.000000000000000000e+00 8.002820451551475589e-01 5.714325484261593147e-01 3.311876582691963833e-02 4.185430125035316529e-02
6.000000000000000000e+00 8.801599046040522456e-01 5.824349828359123293e-01 3.077890004552152892e-02 4.411044003011876935e-02
3.000000000000000000e+00 8.052123279906512332e-01 6.848243717208075676e-01 3.162257690239012042e-02 4.127691897094620810e-02
2.000000000000000000e+00 7.387238617488585124e-01 6.731437705015594908e-01 3.065437734982989770e-02 4.309219045826995220e-02
6.000000000000000000e+00 6.193918020839718208e-01 6.503963926705189635e-01 3.349430524954599697e-02 4.331697747050111680e-02
6.000000000000000000e+00 5.285971244235171396e-01 6.091959998505089846e-01 3.673726175097269397e-02 4.455251202762000595e-02
7.000000000000000000e+00 4.088927972054268167e-01 5.904725011960301195e-01 3.318099979510491515e-02 4.424131480703297203e-02
5.000000000000000000e+00 2.727345398360702666e-01 5.776545215023489721e-01 3.730054350525191520e-02 4.929499777214985112e-02
1.000000000000000000e+00 7.555380397823940886e-01 7.682182450247297956e-01 3.077890004552152892e-02 4.065885051612183609e-02
1.000000000000000000e+00 6.462192147751411042e-01 7.840593499261465649e-01 3.079138517068313874e-02 4.105432233155037469e-02
5.000000000000000000e+00 5.494381660166027803e-01 7.468966356315611677e-01 3.187304603611629261e-02 4.274227839781752358e-02
8.000000000000000000e+00 4.632804939588242021e-01 7.093311391522092446e-01 3.373259043437537574e-02 4.759329711634074922e-02
8.000000000000000000e+00 3.615005763153742446e-01 6.986654198065753718e-01 3.489858065397061226e-02 4.392436785775288843e-02
1.500000000000000000e+01 3.862725020683292487e-01 7.953516528010020625e-01 3.420617642104561984e-02 4.338016972680203143e-02
7.000000000000000000e+00 4.849311521111883128e-01 8.153484973236705402e-01 3.295933406416406974e-02 3.945918331418241110e-02
