9.000000000000000000e+00 3.113989609381442314e-01 8.010971362999335099e-01 4.075583231777873960e-02 3.027910064143801705e-02
1.400000000000000000e+01 3.762107983351917206e-01 2.618792278865254008e-01 3.612556829025825866e-02 2.709397969731711098e-02
1.200000000000000000e+01 3.773238219822452333e-01 7.611114525403783748e-02 3.550242250595636584e-02 2.499302778772244382e-02
8.000000000000000000e+00 7.686995188931773360e-01 3.959559459878935761e-01 5.429719761772944242e-02 3.990098223297600111e-02
7.000000000000000000e+00 7.813858443645136376e-01 5.195511210519783152e-01 5.097147650904398919e-02 3.864121885373250631e-02
3.000000000000000000e+00 8.435349119782731275e-01 6.221086813828360373e-01 4.999706071653087225e-02 3.668154476517304641e-02
2.000000000000000000e+00 9.078590942257933616e-01 7.360942675437635030e-01 4.936396693523747992e-02 3.293312865625241947e-02
0.000000000000000000e+00 8.150505167341395296e-01 7.855467364140893416e-01 4.807609436558435423e-02 3.115891559062544669e-02
5.000000000000000000e+00 7.685746674649944765e-01 6.842770215466257300e-01 4.634064325008802054e-02 3.426241958940168253e-02
1.000000000000000000e+00 6.370660505379415195e-01 4.872235462180454224e-01 5.273110640741907051e-02 3.660174393916987290e-02
0.000000000000000000e+00 5.986370736908681600e-01 3.930117861316647643e-01 5.226444505535754459e-02 3.821489161481378405e-02
0.000000000000000000e+00 4.592082789955269639e-01 3.642034575413524711e-01 4.995970829185958362e-02 3.797947375685295501e-02
9.000000000000000000e+00 4.917069756414698678e-01 4.658958538559216933e-01 4.654497022916792570e-02 3.540250883589940445e-02
3.000000000000000000e+00 5.661529873184358852e-01 6.251106995485431472e-01 4.320011210174679039e-02 3.332438039624185944e-02
1.500000000000000000e+01 6.089179355408846916e-01 6.926650804486227386e-01 4.518461552339680942e-02 3.192450476509256507e-02
2.000000000000000000e+00 6.647088235515828947e-01 7.755551525583339600e-01 4.159536736634095178e-02 3.267437230943670556e-02
6.000000000000000000e+00 7.150680238861168991e-01 8.455115545848616021e-01 4.346862670174223009e-02 3.063267468165009610e-02
3.000000000000000000e+00 5.755941243760782644e-01 8.269896852870148862e-01 4.092540907303543474e-02 3.126240728684825942e-02
2.000000000000000000e+00 5.357401172896590902e-01 7.677051800004222049e-01 4.251578749125961565e-02 3.046315213891137574e-02
6.000000000000000000e+00 4.656702620167876283e-01 6.605572018425278635e-01 4.297770524802552172e-02 3.309262188322337206e-02
6.000000000000000000e+00 4.319065027179993521e-01 5.690450896045767815e-01 4.442152012474231970e-02 3.615546649375045440e-02
7.000000000000000000e+00 3.582675527915142322e-01 4.632746108611652813e-01 4.379926884698182032e-02 3.284945163523644851e-02
5.000000000000000000e+00 2.675688045092227130e-01 3.465099690665582322e-01 4.883173554306002861e-02 3.690598458830673945e-02
1.000000000000000000e+00 4.704445415974856104e-01 8.212062125837215065e-01 4.027792186830175813e-02 3.045241806041354415e-02
1.000000000000000000e+00 3.762423906798610385e-01 7.383820900017499245e-01 4.064426295642387110e-02 3.048369868310629727e-02
5.000000000000000000e+00 3.347262006955700198e-01 6.436597293177401813e-01 4.229888320808145030e-02 3.156681057353794007e-02
8.000000000000000000e+00 3.014343207036684347e-01 5.574611214674434212e-01 4.694603443485467764e-02 3.353114693861658502e-02
8.000000000000000000e+00 2.345230086881325837e-01 4.697249517442573796e-01 4.366558077841961594e-02 3.442156043500765872e-02
1.500000000000000000e+01 1.738224588869972109e-01 5.304108370593643151e-01 4.310093030067835285e-02 3.375455672391469708e-02
7.000000000000000000e+00 2.307793632807665640e-01 6.194937676995171394e-01 3.938371349567409974e-02 3.241474856233850232e-02
