1.500000000000000000e+01 3.713267214411083428e-01 1.775606981341182333e-01 2.958236572310107837e-02 3.798303108624542790e-02
1.100000000000000000e+01 8.838006001646629972e-01 6.027294744185469622e-01 2.419736420282980749e-02 3.226243394607031245e-02
1.200000000000000000e+01 7.445628422185153195e-01 6.056390472776027600e-01 3.286118493599055057e-02 3.594196764575408043e-02
6.000000000000000000e+00 5.373468719733854870e-01 7.621325866252512959e-01 3.835238795152062785e-02 5.331801312344175425e-02
0.000000000000000000e+00 2.793726236819453757e-01 7.396675168954270907e-01 3.506011397063124591e-02 4.674716858040639522e-02
5.000000000000000000e+00 1.805687228735995686e-01 7.264408445108605505e-01 3.288555270883614101e-02 5.039260950039448073e-02
0.000000000000000000e+00 1.328546620638542120e-01 6.315750603613234926e-01 3.272509009581213435e-02 4.565100559239998468e-02
8.000000000000000000e+00 2.352389125531583747e-01 6.369178188830901810e-01 3.347687180431702103e-02 4.616394444801363850e-02
1.000000000000000000e+00 5.562693869352361986e-01 1.593325541869252127e-01 2.959065408121175356e-02 4.236525178655792256e-02
3.000000000000000000e+00 3.437942186320263049e-01 6.476283391402573031e-01 3.271577950686771485e-02 4.463938385712340473e-02
3.000000000000000000e+00 4.727104289671438808e-01 6.375362961653138205e-01 3.538380198271617871e-02 4.970550461301370682e-02
1.500000000000000000e+01 5.540468360799799541e-01 6.424561826562702471e-01 3.766218874377846859e-02 4.718954588063717370e-02
1.000000000000000000e+00 1.162491299840015119e-01 4.972605733190274546e-01 3.196449509984952697e-02 4.443435750532398476e-02
7.000000000000000000e+00 1.991284978427336483e-01 5.034386463851250326e-01 3.104683571768834804e-02 4.079071239625992051e-02
2.000000000000000000e+00 3.151173974743146644e-01 4.745532625094865953e-01 3.242063107454412618e-02 4.504338605930147121e-02
8.000000000000000000e+00 4.363349525643375193e-01 4.910952643244205218e-01 3.287441868110735355e-02 4.442814123674093674e-02
7.000000000000000000e+00 5.261980357114617313e-01 5.025980963612540764e-01 3.423815749678871256e-02 4.383530260893975239e-02
2.000000000000000000e+00 6.559304559254649503e-01 5.047446982283556594e-01 3.788426148542578531e-02 4.627478742381474497e-02
7.000000000000000000e+00 6.718785001842526583e-01 3.861369537123833240e-01 3.812103224878937713e-02 4.472489208496593927e-02
3.000000000000000000e+00 5.619762806566681590e-01 4.041654172987583782e-01 3.550561321908363155e-02 4.907989934281486999e-02
6.000000000000000000e+00 4.404368886212050582e-01 3.885264182860599380e-01 4.008871609214026410e-02 4.561818369428155551e-02
0.000000000000000000e+00 2.814838895156347442e-01 3.885242356850907575e-01 3.156739986276374532e-02 4.470303844741391197e-02
9.000000000000000000e+00 1.993022080148046937e-01 3.859348973555736251e-01 3.549003110583556775e-02 3.946650904876675137e-02
6.000000000000000000e+00 2.248628137318294529e-01 3.006190423048166194e-01 2.959059882549103238e-02 4.235599645333426588e-02
1.000000000000000000e+00 3.302105528496999121e-01 2.689207968953445937e-01 3.286643422946067261e-02 4.017997091493960560e-02
5.000000000000000000e+00 4.117382138259413904e-01 2.975088911794807611e-01 3.560534979501639441e-02 4.456296519534236333e-02
8.000000000000000000e+00 4.803838461617911948e-01 1.801034835189133654e-01 3.286043898376050931e-02 4.092158557082856141e-02
5.000000000000000000e+00 5.299714488806797075e-01 2.735755664381986918e-01 3.561822437794848195e-02 4.749063430294006571e-02
2.000000000000000000e+00 6.223895979965330394e-01 2.739691943788080675e-01 3.612762686743486995e-02 4.092318798672994751e-02
9.000000000000000000e+00 2.833207554401377948e-01 1.690418684121749726e-01 2.739360374107613350e-02 3.798496503647130762e-02
