9.000000000000000000e+00 5.419689859577658808e-01 6.338368508583032135e-01 4.965286733556928400e-02 3.673654488032973564e-02
1.100000000000000000e+01 3.295812825738182461e-01 7.294781119093586286e-01 4.098909914550369349e-02 2.821663999969326042e-02
1.000000000000000000e+01 6.623505766140852513e-01 7.712429201177652960e-01 3.354475225770814362e-02 2.557801695471551007e-02
2.000000000000000000e+00 3.113846983066266283e-01 1.545365070280978192e-01 4.931846387674543308e-02 3.761184704798398171e-02
1.500000000000000000e+01 2.397338771320696171e-01 2.210406792164985312e-01 4.957356721725736382e-02 3.669503784950101100e-02
1.000000000000000000e+00 4.514605134563014488e-01 1.793081823151972398e-01 4.511579529858739113e-02 3.627304475081824520e-02
6.000000000000000000e+00 3.826796197182764647e-01 2.378098464983020577e-01 4.396120459135571812e-02 3.175252204538367429e-02
5.000000000000000000e+00 5.871079562628287452e-01 1.936475690142240302e-01 4.552260579687394948e-02 3.442914615867201378e-02
7.000000000000000000e+00 7.184444021916981393e-01 2.196315645439167741e-01 4.109237648205388282e-02 3.169627808736025232e-02
7.000000000000000000e+00 4.952816281046669156e-01 2.541178460070151468e-01 4.557275888781092688e-02 3.476696644537363712e-02
1.000000000000000000e+00 6.395614042847839187e-01 3.047201161078669784e-01 4.485724541865099280e-02 3.238219885594367797e-02
1.500000000000000000e+01 6.949212358111500620e-01 6.596793302907610901e-01 4.939176226261110525e-02 3.957001624898282000e-02
8.000000000000000000e+00 7.480114022802482054e-01 3.108030353556364700e-01 4.437294720640505563e-02 3.327399093205180014e-02
0.000000000000000000e+00 1.076957038917385895e-01 2.993149023860008362e-01 5.110876283853024726e-02 3.631678014765415963e-02
5.000000000000000000e+00 2.459316017965334500e-01 3.196202339731890607e-01 5.334892432986193533e-02 4.053834526955385487e-02
0.000000000000000000e+00 4.087251775728632519e-01 3.466167098819434300e-01 4.693889580799914807e-02 3.418928484164984738e-02
2.000000000000000000e+00 5.466522090932774969e-01 3.469429278096338720e-01 4.965292675866284089e-02 3.673660430342318151e-02
3.000000000000000000e+00 8.048989718296495344e-01 4.017622468772774069e-01 4.771597160205309773e-02 3.427482438478213211e-02
9.000000000000000000e+00 6.045539228683592947e-01 4.530751726093934506e-01 4.888024827352976942e-02 3.665463014590253366e-02
3.000000000000000000e+00 4.206706158145101515e-01 4.401093952845659407e-01 4.811006555832492149e-02 3.658531310730323005e-02
1.000000000000000000e+00 2.935627172210298896e-01 4.198084758620720391e-01 5.247290908508533969e-02 3.986309094625856142e-02
2.000000000000000000e+00 1.657698189169158898e-01 4.038726431881193846e-01 5.139746993843166689e-02 3.804554649609170891e-02
5.000000000000000000e+00 8.537113886419183117e-01 4.968558646983871063e-01 5.186150487578500279e-02 3.381589983347221828e-02
0.000000000000000000e+00 7.225765652693862950e-01 4.866743861323191145e-01 4.664926765014798526e-02 3.571313065205916626e-02
3.000000000000000000e+00 3.513181164840745163e-01 5.391997806647622626e-01 5.058993980894499476e-02 3.796618695468612081e-02
7.000000000000000000e+00 2.837679195803161081e-01 6.110168379434612884e-01 5.373535270706869538e-02 3.828035685016395462e-02
6.000000000000000000e+00 4.272983111279627932e-01 6.355793439413452983e-01 5.237064194112522886e-02 3.927777347501659744e-02
