3.000000000000000000e+00 5.005865589692289896e-01 1.183275081452085375e-01 3.904328410860685716e-02 5.110953774869769761e-02
8.000000000000000000e+00 3.950842184710455784e-01 1.177955922240591369e-01 3.446494581810283231e-02 4.405656343503450145e-02
7.000000000000000000e+00 2.971626093869792484e-01 9.091305787346679046e-02 3.149725543671788586e-02 4.246679225497003440e-02
2.000000000000000000e+00 2.379608741332567001e-01 1.862048050175512670e-01 3.369451739878365215e-02 4.549573573057325016e-02
2.000000000000000000e+00 3.345195743291090040e-01 2.246787713606075709e-01 3.548633565581971183e-02 4.674624629257123631e-02
1.000000000000000000e+00 4.297020491479638382e-01 2.492584758039280146e-01 3.463311640861382878e-02 4.788449623764770569e-02
5.000000000000000000e+00 5.425841756576490482e-01 2.453921083372044287e-01 3.727812637099681137e-02 4.799634372668551419e-02
9.000000000000000000e+00 6.342113958480396496e-01 2.620381049026037079e-01 3.638174903087731948e-02 4.737103336196873959e-02
6.000000000000000000e+00 1.501256997033181273e-01 3.002965286578219706e-01 3.265459189001970741e-02 4.496684941390410861e-02
3.000000000000000000e+00 2.793591248880541444e-01 3.350138956128447809e-01 3.524159869753601404e-02 4.556087222689791938e-02
0.000000000000000000e+00 3.837028206946374032e-01 3.236168953733634668e-01 3.416253620725939744e-02 4.882565664035659614e-02
7.000000000000000000e+00 4.946134458597508110e-01 3.678599860478731776e-01 3.475512684358983417e-02 4.716204573655158327e-02
6.000000000000000000e+00 5.750942278721034029e-01 3.635558958174760491e-01 3.863004605750541831e-02 4.987053968372445745e-02
0.000000000000000000e+00 6.981501793542412848e-01 3.991591466643732433e-01 3.986750177837938836e-02 4.822750254852609109e-02
3.000000000000000000e+00 6.334089362468069417e-01 5.212749292507229404e-01 4.043326664413049443e-02 5.458950670582846110e-02
8.000000000000000000e+00 5.221006066390176947e-01 4.969120205498209764e-01 3.764713219668724964e-02 4.884105253948783920e-02
1.500000000000000000e+01 4.072202218688286135e-01 4.557879765423420437e-01 3.660750964837133914e-02 4.949621827926425910e-02
8.000000000000000000e+00 3.043227077608769982e-01 4.596974470182614292e-01 3.818648441974265006e-02 4.886526183347067454e-02
2.000000000000000000e+00 1.851878356481896359e-01 4.419686009569853136e-01 3.713961836253307225e-02 4.951863735241784914e-02
6.000000000000000000e+00 8.928391560608897604e-02 4.124086949597894902e-01 3.284110535856545054e-02 4.651299428945343539e-02
5.000000000000000000e+00 1.182728375552700439e-01 5.577405432419844100e-01 3.469436950283205645e-02 5.023893958851899377e-02
0.000000000000000000e+00 2.380055332574810001e-01 5.745071456075552252e-01 3.611145322752412623e-02 5.060381413537273776e-02
7.000000000000000000e+00 3.587676472492813406e-01 5.900333452733483863e-01 3.420701630940076177e-02 5.053809926001096020e-02
5.000000000000000000e+00 4.440176877181095660e-01 6.121686546545941354e-01 3.860969262377006439e-02 4.901508954594679945e-02
9.000000000000000000e+00 5.632521925054077006e-01 6.117890727550817642e-01 3.994395797871652665e-02 5.161371901792355388e-02
1.500000000000000000e+01 1.494134672318780388e-01 7.011659027375671815e-01 3.545444218320067953e-02 4.972770760341171936e-02
1.000000000000000000e+00 2.635616516829164535e-01 7.088973156617865978e-01 3.554282400844632761e-02 5.313182628110157957e-02
1.000000000000000000e+00 5.043867846617775541e-01 7.575375329660949397e-01 4.002421495558333708e-02 5.500098207795978134e-02
1.100000000000000000e+01 6.189590999691170214e-01 8.374567915589687939e-01 2.695769608356068936e-02 3.922015792653377186e-02
1.100000000000000000e+01 8.486957979248068717e-01 6.117804246113835998e-01 3.001787202716910130e-02 3.429374562311171548e-02
