1.000000000000000000e+01 9.855444654210084032e-02 5.061479814315460457e-01 3.028330416614596898e-02 3.294132883066708262e-02
6.000000000000000000e+00 6.489143945103621469e-01 9.103441868063129050e-01 3.468736705578157054e-02 5.106194884477799345e-02
3.000000000000000000e+00 7.278409728382992938e-01 9.033882285961460923e-01 3.299690518207520906e-02 4.530448274765574990e-02
1.000000000000000000e+00 8.622824027246147605e-01 7.937826331882755770e-01 3.082896288906145088e-02 4.256358718087827064e-02
9.000000000000000000e+00 7.536163786745613269e-01 7.781045851075218955e-01 3.399309821452423108e-02 4.638319824128644964e-02
9.000000000000000000e+00 6.630001830269507401e-01 7.799577108895814348e-01 3.561909848941879897e-02 5.168554222139210008e-02
1.500000000000000000e+01 4.978752498818658223e-01 8.156145281253320833e-01 3.561163604306982755e-02 5.062901080951465183e-02
1.000000000000000000e+00 5.923463217303157613e-01 7.299910575262367196e-01 3.561898234239391225e-02 5.274300280946875308e-02
6.000000000000000000e+00 8.234908643974536702e-01 6.241973784383758606e-01 3.241506666090765432e-02 4.742288833455543529e-02
3.000000000000000000e+00 7.355838561788266006e-01 6.139010027557250115e-01 3.360377338710562878e-02 4.690196892794074035e-02
5.000000000000000000e+00 3.569224871150260547e-01 6.872027548889598769e-01 3.957500808353098254e-02 5.172747129737598204e-02
3.000000000000000000e+00 4.474917158094482428e-01 6.811212095556486990e-01 3.999548935037539055e-02 5.384674798696253983e-02
7.000000000000000000e+00 5.604983719551712706e-01 6.238235592387795236e-01 3.665576876004084106e-02 4.975372682997214469e-02
8.000000000000000000e+00 4.419054359086301842e-01 5.336031926519810842e-01 3.791393140712079335e-02 5.181132944934374596e-02
8.000000000000000000e+00 4.961598163978088727e-01 5.591630296100544850e-01 3.886607568038169536e-02 5.182143424050889013e-02
1.000000000000000000e+00 6.343031568531883879e-01 5.890337505070482038e-01 3.741949352218010283e-02 4.863383721601910459e-02
2.000000000000000000e+00 8.078270733640047219e-01 5.194811517452500027e-01 3.399995088899254725e-02 4.624210864280586808e-02
7.000000000000000000e+00 8.772130156634694309e-01 5.039515395623007654e-01 3.167399056862096884e-02 4.701297644697571831e-02
8.000000000000000000e+00 9.165117099747961404e-01 5.063378818172349360e-01 3.036361983385482688e-02 4.620357686729986701e-02
6.000000000000000000e+00 9.253428038282386359e-01 3.808248479544605325e-01 2.883437003069033722e-02 4.420404776037123451e-02
5.000000000000000000e+00 8.348187708448753241e-01 3.834719693170204335e-01 3.280061671001743839e-02 4.530247921147639856e-02
0.000000000000000000e+00 7.563575936456572446e-01 4.317718693181136214e-01 3.479340928950269696e-02 4.638099144781360206e-02
2.000000000000000000e+00 6.548222129311996875e-01 4.408554087301462809e-01 3.599274346847791684e-02 4.861873810278399821e-02
5.000000000000000000e+00 4.793752065742079016e-01 4.356686745949367445e-01 3.885475134545524067e-02 4.991810390694234600e-02
2.000000000000000000e+00 6.179345275992174091e-01 3.114970082041951804e-01 3.509382356937085223e-02 5.623496311267284220e-02
0.000000000000000000e+00 8.315046026000156854e-01 1.918948561400395381e-01 3.044707147123559832e-02 4.845227037936575276e-02
0.000000000000000000e+00 7.334339747481827265e-01 1.785933939641294876e-01 3.363699143622311816e-02 5.166475190393746142e-02
1.500000000000000000e+01 5.988112974295323188e-01 1.916635493399786450e-01 3.559726284874020763e-02 4.957146311116936155e-02
7.000000000000000000e+00 5.128750864475527527e-01 2.446123791959238236e-01 3.719919165272717043e-02 5.222620662223750876e-02
1.300000000000000000e+01 2.763727541143039534e-01 1.936633107409571064e-01 2.599771124189426130e-02 3.519263565079289169e-02
