1.000000000000000000e+00 4.455883972534746551e-02 6.280696141168953250e-01 4.449948177193827070e-02 3.282798261987274202e-02
3.000000000000000000e+00 2.865220336130435141e-01 3.155148774917083676e-01 4.790948817700746432e-02 3.752912416806414297e-02
6.000000000000000000e+00 2.491213772179779462e-01 4.261122663835913982e-01 4.724663327072745056e-02 3.634999473799471748e-02
2.000000000000000000e+00 1.705705949994794635e-01 6.174985681998722553e-01 4.228676084194485374e-02 3.114812858015780783e-02
3.000000000000000000e+00 1.150670876247834873e-01 7.115190536459257142e-01 4.106312448815190030e-02 3.119834003476817941e-02
5.000000000000000000e+00 4.406832743403478192e-01 3.029511549604850251e-01 4.875242672586116432e-02 4.049715973592438178e-02
1.500000000000000000e+01 3.864083260110731666e-01 4.145237001069609351e-01 4.913011300180414320e-02 3.721777840106738067e-02
2.000000000000000000e+00 3.284959718805030571e-01 5.208807837796025630e-01 4.630619647062017563e-02 3.590588108207681817e-02
6.000000000000000000e+00 2.764130402193727409e-01 6.134703875543039420e-01 4.646102960084080857e-02 3.406079834570219234e-02
1.000000000000000000e+00 2.304113990970028947e-01 6.924598105539098158e-01 4.656246600539709624e-02 3.688752370681536163e-02
0.000000000000000000e+00 1.899813617092834250e-01 7.960108296917730586e-01 4.470522132499929469e-02 3.182329021550889259e-02
2.000000000000000000e+00 5.233716367866051433e-01 3.892473870582670026e-01 5.309702061510251925e-02 4.038457488267993556e-02
0.000000000000000000e+00 4.595190561894401116e-01 5.032268388409752990e-01 4.944253017815525286e-02 3.651423889632854358e-02
5.000000000000000000e+00 4.139815814521218829e-01 6.177299636634204782e-01 4.927191547771403446e-02 3.582068955989448078e-02
9.000000000000000000e+00 3.795576911633047335e-01 7.025082403620455107e-01 4.537661854910518544e-02 3.459934080985826998e-02
7.000000000000000000e+00 3.198946396690838800e-01 7.831444195394171581e-01 4.538976503145419894e-02 3.462018985675530125e-02
7.000000000000000000e+00 2.844267043998846001e-01 8.770372624872451173e-01 4.534412878435717387e-02 3.063680570500615374e-02
6.000000000000000000e+00 6.729423517423108736e-01 4.944604371964492207e-01 5.682679927695599709e-02 4.091318509255026381e-02
9.000000000000000000e+00 5.741723375850589228e-01 5.971187406859919111e-01 5.258106461841849377e-02 3.830236319486057806e-02
8.000000000000000000e+00 5.067272055944367359e-01 6.860612091041792260e-01 4.878833341773952670e-02 3.375790802550260317e-02
0.000000000000000000e+00 4.351055317196665939e-01 7.885108194256837955e-01 4.868423296830193259e-02 3.707510721486995120e-02
8.000000000000000000e+00 4.108810386084267852e-01 8.941584997991465222e-01 4.613089073462706136e-02 3.007422892289945970e-02
7.000000000000000000e+00 5.538466017650727213e-01 9.047921218138705868e-01 5.175509487717822044e-02 3.473926108014546710e-02
8.000000000000000000e+00 5.957442672693002983e-01 8.070300142890455275e-01 5.403644391987461049e-02 3.509601143816265534e-02
3.000000000000000000e+00 7.450031731458559570e-01 5.992174868262811760e-01 5.363486811102868845e-02 3.818769343692640650e-02
1.000000000000000000e+01 8.570268974585871780e-01 2.796581074978781167e-01 4.236514746687602972e-02 2.893624740344213908e-02
5.000000000000000000e+00 1.413684208985657997e-01 4.363768892252462561e-01 4.359246136088552881e-02 3.433296527873819226e-02
1.500000000000000000e+01 1.699390860560690830e-01 3.420273797578477493e-01 4.606712739953339186e-02 3.564231438088583115e-02
1.000000000000000000e+00 7.836833466341565357e-02 5.160884855652553282e-01 4.483379044753141307e-02 3.417164577837183970e-02
