6 0.623965 0.170299 0.034319 0.034903
5 0.531507 0.117563 0.036069 0.036264
3 0.430354 0.064819 0.035875 0.036056
10 0.167444 0.738375 0.038861 0.032139
1 0.567007 0.660285 0.039319 0.042319
10 0.263896 0.751090 0.040792 0.037431
7 0.338375 0.121611 0.037917 0.038722
0 0.442646 0.172194 0.035653 0.033333
15 0.535951 0.223340 0.035653 0.035653
2 0.632424 0.277660 0.037319 0.036319
6 0.729396 0.323479 0.033986 0.035319
7 0.736889 0.425785 0.035000 0.035986
3 0.544451 0.330479 0.035986 0.034653
5 0.447313 0.281826 0.036986 0.037986
0 0.449979 0.384632 0.035653 0.037653
1 0.346340 0.227174 0.038319 0.035986
8 0.243035 0.179521 0.040319 0.036653
8 0.250868 0.292826 0.040653 0.037986
2 0.353840 0.336312 0.037319 0.037653
9 0.549118 0.447444 0.036653 0.036000
3 0.647979 0.490160 0.035986 0.037319
1 0.722806 0.222278 0.034917 0.033556
15 0.747118 0.535146 0.034986 0.037319
2 0.659979 0.601632 0.035986 0.036319
8 0.554840 0.549312 0.037653 0.038319
9 0.459701 0.498826 0.037319 0.034653
7 0.362403 0.449340 0.036667 0.036986
6 0.260937 0.510493 0.039653 0.038653
0 0.362736 0.562146 0.038000 0.038653
5 0.465868 0.611799 0.036319 0.037986
