1.600000000000000000e+01 2.614620936219387293e-01 3.631135073298549093e-02 3.516559790898279858e-02 3.653915226147839979e-02
5.000000000000000000e+00 7.975527134375295368e-01 6.404442927010645104e-01 3.589457942996732154e-02 3.592892979644013440e-02
6.000000000000000000e+00 7.203309031510728433e-01 7.117140533061407925e-01 3.333389482442661311e-02 3.425318428026713491e-02
1.000000000000000000e+00 6.410513793286274353e-01 7.901989156355266886e-01 3.412015572535054275e-02 3.479387170697634257e-02
7.000000000000000000e+00 8.520154208642929383e-01 4.535494867838779087e-01 3.548985501159196421e-02 3.688593560943798089e-02
0.000000000000000000e+00 7.721175904453361216e-01 5.385286253709400395e-01 3.566931697646447130e-02 3.591287661009856524e-02
1.500000000000000000e+01 6.935725430517449830e-01 6.147186012822583034e-01 3.415680762391526404e-02 3.530895458916216700e-02
2.000000000000000000e+00 6.144918716020466576e-01 6.899259668360553377e-01 3.507299001143160400e-02 3.436423320370518564e-02
6.000000000000000000e+00 5.425963531903112980e-01 7.677464919270902133e-01 3.538962328898609400e-02 3.513357784375303883e-02
7.000000000000000000e+00 4.415821528268899510e-01 7.459995741123002233e-01 3.578914049100329065e-02 3.441567244596122066e-02
3.000000000000000000e+00 5.877608134271599116e-01 5.907181383196027369e-01 3.605062330580377505e-02 3.742423519660176279e-02
5.000000000000000000e+00 6.645079327196450336e-01 5.123915350906917965e-01 3.521666315227367505e-02 3.638037531628268706e-02
1.000000000000000000e+00 7.453089418697983470e-01 4.318152417801693344e-01 3.474191461999964758e-02 3.683584851728616272e-02
2.000000000000000000e+00 6.373529035642636620e-01 4.075279072268236380e-01 3.702624275959554012e-02 3.749152624114110433e-02
0.000000000000000000e+00 5.621412801760963251e-01 4.858465270162906080e-01 3.590108125812718765e-02 3.568013417729681835e-02
9.000000000000000000e+00 4.744867112241326623e-01 5.623795175167677352e-01 3.815186456748226318e-02 3.533749358710269739e-02
3.000000000000000000e+00 4.065332282103951700e-01 6.431909410996374810e-01 3.688596437858915333e-02 3.548979747328984136e-02
1.500000000000000000e+01 3.345407721438604653e-01 7.240373767394563398e-01 3.684853571294333108e-02 3.474295030944118956e-02
2.000000000000000000e+00 2.950688782295967094e-01 6.221325553793152219e-01 3.594325683371280000e-02 3.591983874467685744e-02
8.000000000000000000e+00 3.751208681449896831e-01 5.387137836277400282e-01 3.718760892839473309e-02 3.625776119408230524e-02
9.000000000000000000e+00 4.488905816775294877e-01 4.620862289274333956e-01 3.535179185522424605e-02 3.513087354354493819e-02
7.000000000000000000e+00 5.242474461252766282e-01 3.832518357961530731e-01 3.595464941756809640e-02 3.643167071278274882e-02
0.000000000000000000e+00 4.151364127085311329e-01 3.513110583470038795e-01 3.819001246190689702e-02 3.981895056915929487e-02
6.000000000000000000e+00 4.934051324053286836e-01 2.688052899917428018e-01 3.763442261490212992e-02 3.903156767134061123e-02
5.000000000000000000e+00 3.380519751188146294e-01 4.366153027266341802e-01 3.798368010986064025e-02 3.656400880807181286e-02
1.000000000000000000e+00 2.628620436706142760e-01 5.185538009595236364e-01 3.923226126976153694e-02 3.690644801420772669e-02
3.000000000000000000e+00 8.798291772735511440e-01 5.590119732980800560e-01 3.465077394915727638e-02 3.508087275884663736e-02
1.400000000000000000e+01 1.770979819481569018e-01 1.671423740390448054e-01 3.739264666863928444e-02 3.791569860569363182e-02
