1.500000000000000000e+01 2.135720109692869073e-01 5.049334898995062604e-01 3.134331238937448916e-02 4.701693068490664373e-02
1.100000000000000000e+01 7.950305937893993313e-01 4.952760569823466685e-01 2.720706659824834173e-02 4.063788013907193575e-02
1.000000000000000000e+01 6.843913769213885168e-01 6.862098190541782161e-01 2.938464179059907533e-02 3.120234299020241409e-02
1.000000000000000000e+00 5.197516596685847201e-01 7.801485665564560357e-01 3.809038719300505971e-02 5.296393485726169637e-02
7.000000000000000000e+00 2.945601931242803895e-01 7.933809197712503591e-01 3.700527682079096659e-02 5.513997329930031555e-02
1.000000000000000000e+00 1.933373177472219040e-01 7.619077245385272867e-01 3.863634518337474844e-02 4.716248289304547647e-02
6.000000000000000000e+00 1.556352069857695475e-01 6.468806190157718738e-01 3.680245322155384358e-02 4.701742464036418045e-02
2.000000000000000000e+00 2.577453635743195415e-01 6.291276677799886308e-01 3.604744230478876266e-02 5.224440640752592291e-02
3.000000000000000000e+00 3.573869914850754670e-01 6.427593290982194230e-01 3.447918861121507250e-02 4.910751483280040297e-02
3.000000000000000000e+00 4.576777180299207992e-01 6.407071637081300786e-01 3.447965512470263505e-02 5.224402221994783879e-02
0.000000000000000000e+00 5.832455723166826145e-01 6.612533507300788482e-01 4.074391591061199414e-02 4.910916135099208102e-02
7.000000000000000000e+00 6.513564317419486827e-01 5.160228996879135943e-01 3.839202932570884297e-02 5.119919665948852172e-02
1.000000000000000000e+00 5.185934576096479232e-01 5.243108273782123296e-01 3.918342829450871534e-02 4.910874972144413375e-02
7.000000000000000000e+00 4.138645275583190952e-01 5.118028049578793315e-01 3.369563804579522870e-02 4.806238741067275777e-02
5.000000000000000000e+00 3.252813137310133218e-01 5.084524560205960775e-01 3.369544595200624215e-02 4.700743576333510365e-02
1.500000000000000000e+01 5.856454274649014469e-01 1.629541587203028608e-01 3.211956339081145639e-02 4.231749334633855275e-02
8.000000000000000000e+00 1.180936180270147490e-01 5.199719363606530864e-01 3.135036497562856961e-02 4.492623676913343189e-02
8.000000000000000000e+00 1.770018265806302393e-01 4.074332961067951286e-01 3.174594097116406610e-02 4.282549909239152797e-02
7.000000000000000000e+00 2.877522931944545004e-01 3.913848067819868382e-01 3.136405851858881100e-02 4.434070745822527027e-02
6.000000000000000000e+00 3.746211934436054491e-01 4.066892070940343329e-01 3.476691766519984794e-02 4.636512901678602194e-02
9.000000000000000000e+00 4.867004551220027730e-01 3.878486482667797830e-01 3.401094627948958449e-02 4.534856868528280849e-02
5.000000000000000000e+00 5.785035450408914093e-01 3.834220664345320828e-01 3.703255413883210778e-02 4.635651223824988065e-02
0.000000000000000000e+00 6.931836742967338871e-01 4.028441206031253552e-01 3.703985370281481782e-02 4.635651223824993616e-02
5.000000000000000000e+00 6.334072155377249436e-01 2.807967829087503753e-01 3.589574309540122243e-02 4.736335811242253779e-02
2.000000000000000000e+00 5.277050011413624286e-01 2.815013966478671636e-01 3.514026566514860672e-02 4.384367850011650081e-02
0.000000000000000000e+00 3.309476688776074593e-01 2.983621133965991268e-01 3.136501898753396578e-02 4.434073490019513342e-02
9.000000000000000000e+00 2.320156903074376553e-01 2.865134529070832436e-01 3.325522187150814490e-02 3.980542798336117460e-02
6.000000000000000000e+00 2.829388619130869253e-01 1.874739018150612946e-01 3.098964028181555586e-02 3.980482426002432406e-02
3.000000000000000000e+00 3.619476547820602574e-01 1.892906151037496987e-01 3.098994214348399501e-02 4.181911973170648888e-02
2.000000000000000000e+00 4.595130232531895453e-01 1.966230408454843759e-01 3.250073235217026957e-02 4.232764687518686397e-02
