1.600000000000000000e+01 7.146092218072382929e-01 1.393686652196388098e-01 3.625664187060984034e-02 2.835337114337058151e-02
1.600000000000000000e+01 9.424917886197748951e-01 3.527178026340356265e-01 4.191933293745142564e-02 2.819061458022581457e-02
0.000000000000000000e+00 7.450948169531966814e-01 6.540837084784358879e-01 5.633429387963251322e-02 4.057278412043929805e-02
8.000000000000000000e+00 7.516942505638397609e-01 7.304158227487649313e-01 5.595512343610742345e-02 3.806599992054116033e-02
6.000000000000000000e+00 6.540084871063245320e-01 8.769852463063955161e-01 5.349735656370613324e-02 3.845147599114717707e-02
2.000000000000000000e+00 5.607486789891231727e-01 8.997058186245110445e-01 5.698960319966273058e-02 3.939452416202959828e-02
9.000000000000000000e+00 5.526305707882737117e-01 7.770991461764094055e-01 5.148021025534477157e-02 4.139959459966047195e-02
0.000000000000000000e+00 6.204643356473652505e-01 6.770858924814662227e-01 5.633429387963229118e-02 4.057284360748714125e-02
0.000000000000000000e+00 6.838172683644248018e-01 4.737399483298689873e-01 5.304584986989424600e-02 4.090305621056344876e-02
7.000000000000000000e+00 6.236227707138457532e-01 5.592573981844899400e-01 5.641953881932038062e-02 4.120245452281023901e-02
1.000000000000000000e+00 5.294657194526704025e-01 5.937226470936444178e-01 5.399187239317326803e-02 4.161255823126075448e-02
6.000000000000000000e+00 5.503534958239690855e-01 4.785885591457468835e-01 5.190952828027750598e-02 3.894438567032032505e-02
5.000000000000000000e+00 4.690546443323292403e-01 4.050923262962435878e-01 4.819941033126590169e-02 3.808554141578707197e-02
8.000000000000000000e+00 4.226860073882504065e-01 4.330109660933195714e-01 4.794486525316044023e-02 3.635214832606631363e-02
1.500000000000000000e+01 3.816768857712223850e-01 6.385566074316226803e-01 4.825247277802224843e-02 3.503376662625046212e-02
2.000000000000000000e+00 8.328394924960942636e-02 5.786842618891251400e-01 4.477494918642881822e-02 3.471789040172601482e-02
1.000000000000000000e+00 3.790598571997423338e-01 7.314788860388521385e-01 4.797880261400627733e-02 3.673961721277807513e-02
2.000000000000000000e+00 4.159069526363735614e-01 9.405222319497599237e-01 4.560886836787808596e-02 3.421254792953498658e-02
9.000000000000000000e+00 3.017887993648384337e-01 8.855066469487070657e-01 4.496114364645920070e-02 3.468594585698592248e-02
6.000000000000000000e+00 3.028992143450804364e-01 6.672857285132623995e-01 4.619651117088463543e-02 3.344302347747318827e-02
5.000000000000000000e+00 3.115709387575186784e-01 5.496261179453678647e-01 4.666907627966465633e-02 4.059229587216117707e-02
3.000000000000000000e+00 2.653707542614242576e-01 5.878292652549186315e-01 4.550191065569444970e-02 3.509111214045790295e-02
3.000000000000000000e+00 2.374599667546754556e-01 7.198061292887641960e-01 4.740430644859297549e-02 3.490176486688700841e-02
3.000000000000000000e+00 2.255201280311301126e-01 7.886319596462348924e-01 4.729351182181767976e-02 3.417358391313873867e-02
7.000000000000000000e+00 1.154617873198808264e-01 7.320507052871083609e-01 4.488062792708186199e-02 2.989795234295178350e-02
7.000000000000000000e+00 1.976777655012662560e-01 6.138936640243979337e-01 4.788983973382235360e-02 3.495292372810954173e-02
0.000000000000000000e+00 3.678341456148711552e-01 3.628587678998479449e-01 4.922226037695048850e-02 3.730408981061472673e-02
1.500000000000000000e+01 2.115058718438259655e-01 3.898303144067820636e-01 4.739910133189881303e-02 3.671142035205793297e-02
1.000000000000000000e+00 1.395821939781944909e-01 5.277322073888538467e-01 4.419798430852631133e-02 3.469724839609322764e-02
5.000000000000000000e+00 1.198742391003137231e-01 4.400001439702578843e-01 4.623562390490054685e-02 3.661267185248906486e-02
