6.000000000000000000e+00 1.290123492291494756e-01 4.435981047390120668e-01 3.680438736913743680e-02 5.019208341864828116e-02
1.000000000000000000e+01 7.732640104147645577e-01 6.080507039407145875e-01 3.128417987715270687e-02 3.556312718349163848e-02
1.400000000000000000e+01 7.614994071941988407e-01 6.498761684532434746e-01 2.793338556575508669e-02 4.002829116267048182e-02
3.000000000000000000e+00 6.870769850219835551e-01 3.465718093313208126e-01 4.414507294007852245e-02 5.417274125053028744e-02
2.000000000000000000e+00 9.755182194165748499e-02 5.613680694482838796e-01 3.427149782060211203e-02 4.793520148021290783e-02
3.000000000000000000e+00 6.811409968352970523e-01 5.103996593362434275e-01 4.440073383533127416e-02 5.688532325355771802e-02
5.000000000000000000e+00 5.583721539120117816e-01 6.384956094754168365e-01 4.083325806880933051e-02 5.366070069020667521e-02
8.000000000000000000e+00 5.579487431992422586e-01 7.493074123818717069e-01 3.977854629591937030e-02 5.694138729935926957e-02
7.000000000000000000e+00 6.342035584423963979e-01 2.073073511331179897e-01 4.052778089617270485e-02 5.093769652481872079e-02
2.000000000000000000e+00 5.832503254315124508e-01 3.611120666064407403e-01 4.101925358170510627e-02 5.302688393572341230e-02
6.000000000000000000e+00 5.290436361295796086e-01 5.175055698041424179e-01 3.892232557276087412e-02 5.357049507805161648e-02
3.000000000000000000e+00 4.630678236507256296e-01 6.679447976522887576e-01 3.849684148551651974e-02 5.356764764377275334e-02
1.000000000000000000e+00 5.518623662506423333e-01 1.185219728483804524e-01 4.009027123697384010e-02 5.144426337652857617e-02
8.000000000000000000e+00 5.104279678090741790e-01 2.360465744222914053e-01 3.876568904242966296e-02 4.819484325445760886e-02
5.000000000000000000e+00 4.578723618914977700e-01 3.770898635174979585e-01 3.642650795983692902e-02 4.934321626362730973e-02
8.000000000000000000e+00 4.276887568306199094e-01 5.316616446115582928e-01 3.772211820171827990e-02 5.075565424592165531e-02
0.000000000000000000e+00 3.556725410265230147e-01 6.601121141409480586e-01 3.760725325580827061e-02 5.286950099058118635e-02
1.500000000000000000e+01 3.197303042315423616e-01 8.119407655147172775e-01 3.704288072373801421e-02 5.589502431435511287e-02
7.000000000000000000e+00 4.381796308212629332e-01 1.354253517700301779e-01 3.876093410363401492e-02 4.889719194658487256e-02
1.000000000000000000e+00 3.655986278102006937e-01 3.928695564087257841e-01 3.789185845873088709e-02 4.974702667636077269e-02
9.000000000000000000e+00 3.094158882312106895e-01 5.404270701866780158e-01 3.842526859864259237e-02 5.170271641607426805e-02
1.000000000000000000e+00 2.746167027842476571e-01 6.750696864078813419e-01 3.648337371043541832e-02 5.123761705386264964e-02
2.000000000000000000e+00 1.938700737886637770e-01 8.272631134642695061e-01 3.643665367226750496e-02 5.207349106217407098e-02
9.000000000000000000e+00 3.172013402720129660e-01 1.674070286430388854e-01 3.596074511779329130e-02 5.018647148506955036e-02
0.000000000000000000e+00 2.915585773586482077e-01 3.037423339630617170e-01 3.524924593298339737e-02 4.700854131489345944e-02
0.000000000000000000e+00 2.463855668213990602e-01 4.241742074031940590e-01 3.524744900843845841e-02 4.652762901668638928e-02
1.500000000000000000e+01 2.177045777099775592e-01 5.542154251197204395e-01 3.667072382798824970e-02 5.121942664846934612e-02
5.000000000000000000e+00 1.369422878258598764e-01 6.825467723742786319e-01 3.526489299902067776e-02 5.121008264083581896e-02
7.000000000000000000e+00 2.265209115397047168e-01 2.004667358405319844e-01 3.402247172366901218e-02 4.871161110858399090e-02
6.000000000000000000e+00 1.776414400336320809e-01 3.097846862603110818e-01 3.385555125594227888e-02 4.848989826473371068e-02
