2.000000000000000000e+00 6.628693894173581791e-01 8.991627629619434181e-01 2.995990927991143415e-02 3.933229763278955904e-02
1.000000000000000000e+01 1.511569308549457480e-01 1.869544118022362644e-01 2.531188276082596555e-02 2.635361940166097705e-02
1.100000000000000000e+01 2.857644800736935942e-01 3.825343484682078299e-02 2.457932305280730034e-02 3.328840992374943603e-02
1.000000000000000000e+00 7.472226943831007384e-01 3.193981141622045383e-01 3.592222138724743274e-02 4.851806153792803666e-02
5.000000000000000000e+00 8.298197198630148375e-01 3.535508202871882055e-01 3.335491294739034718e-02 4.695764453155554241e-02
0.000000000000000000e+00 8.560107282970405018e-01 4.798915061327750919e-01 3.227022756261166414e-02 4.525825187261101057e-02
6.000000000000000000e+00 7.668532146502744506e-01 4.700995031492105070e-01 3.342249644257699881e-02 4.457153116992085273e-02
9.000000000000000000e+00 6.503188750480218827e-01 4.324573466377550357e-01 3.290770577460433444e-02 4.611598420920487440e-02
7.000000000000000000e+00 5.462378073759881492e-01 4.040864868601784510e-01 3.424133180352384453e-02 4.863164610917503072e-02
1.000000000000000000e+00 4.430118924147327664e-01 3.680382689848022970e-01 3.651364449960237124e-02 4.645290224895837206e-02
7.000000000000000000e+00 3.780454073590200359e-01 4.809976118659482491e-01 3.832781024849418738e-02 4.663493469262852686e-02
2.000000000000000000e+00 4.927947134264329954e-01 5.018826811507867136e-01 3.538284999160890010e-02 4.538842168208523375e-02
1.000000000000000000e+00 5.886344303596797722e-01 5.416052586117956480e-01 3.409557619200198619e-02 4.814251664041380163e-02
9.000000000000000000e+00 6.899335809310818135e-01 5.518802188704161615e-01 3.317420408136362298e-02 4.422386243828702046e-02
3.000000000000000000e+00 7.827900348911465134e-01 5.905586151237176562e-01 3.610709006872525606e-02 4.546100235817107649e-02
8.000000000000000000e+00 8.842372910996820767e-01 6.221589773397528944e-01 3.311623678293418305e-02 4.326186459752834335e-02
6.000000000000000000e+00 3.063141574848369242e-01 5.799573524582806172e-01 3.715801071769919695e-02 4.731195816319588854e-02
5.000000000000000000e+00 4.056170018165222713e-01 5.889021712087167959e-01 3.599931303203662836e-02 4.799065636465871254e-02
3.000000000000000000e+00 5.163146071168436269e-01 6.304241794879121841e-01 3.465974440961550052e-02 4.532021691575971456e-02
2.000000000000000000e+00 6.139764312648435807e-01 6.569648015023539234e-01 3.481284722764832473e-02 4.819778275997910200e-02
0.000000000000000000e+00 7.093533011996795423e-01 6.789723861819666473e-01 3.172664232794486505e-02 4.409091041458257365e-02
1.500000000000000000e+01 8.017513921182484182e-01 7.079113849100873157e-01 2.881228642759270375e-02 4.288461795732978477e-02
6.000000000000000000e+00 7.288944664700196530e-01 8.031716179415597789e-01 3.210475334538009928e-02 4.218431032495184585e-02
3.000000000000000000e+00 6.454175859986125419e-01 7.806876803692143207e-01 3.209810844537375196e-02 4.218371606560156195e-02
0.000000000000000000e+00 5.570759364160423610e-01 7.553701791563505186e-01 3.267880787763721706e-02 4.357158176611775069e-02
1.500000000000000000e+01 4.460349437525872873e-01 7.201826784202133291e-01 3.565882943618214895e-02 4.319871103567929360e-02
8.000000000000000000e+00 3.363323717105358712e-01 7.116997612555853170e-01 3.565159027682562876e-02 4.318958105111780910e-02
7.000000000000000000e+00 3.956095393008408068e-01 8.191046835438102747e-01 3.408293467491685380e-02 4.172251678629823601e-02
5.000000000000000000e+00 4.833015013429513562e-01 8.504721231063704368e-01 3.075448805465608171e-02 4.472698401356578479e-02
8.000000000000000000e+00 5.818401551621161794e-01 8.579597368948419511e-01 3.197115303874797920e-02 3.952959173704351237e-02
