8.000000000000000000e+00 8.109326970421196767e-01 5.998975414313698629e-01 3.877807563207258390e-02 4.024145998638795074e-02
1.400000000000000000e+01 6.107809954495211358e-01 2.889012909909313004e-02 3.785166031481634885e-02 3.713002912068710804e-02
1.400000000000000000e+01 8.017615935897381974e-01 1.796672690231038150e-01 3.621896398896584657e-02 3.369969383865148438e-02
3.000000000000000000e+00 2.215068442993903819e-01 5.236211759541047339e-01 4.451346836291458775e-02 4.161671012937440128e-02
6.000000000000000000e+00 2.699809336141023586e-01 6.275307212148814040e-01 4.279393138069587099e-02 4.423567024866725816e-02
7.000000000000000000e+00 3.085051562715351858e-01 7.268313014046769993e-01 4.196783843706591854e-02 4.088013118903133236e-02
6.000000000000000000e+00 3.658773801962349470e-01 8.386422253139838023e-01 4.021852094508310271e-02 3.985138130154342040e-02
8.000000000000000000e+00 2.963626277187096925e-01 4.286939613584305753e-01 4.039093744852423340e-02 4.437405188380660892e-02
1.500000000000000000e+01 3.464213074875636122e-01 5.357243660632889926e-01 4.129573602510216990e-02 4.201834457186848226e-02
3.000000000000000000e+00 4.359038773890837604e-01 7.397658736599976859e-01 4.326265820715669008e-02 4.145343474765605940e-02
1.000000000000000000e+00 4.691321998000212989e-01 8.519559529011466736e-01 4.196783843706597406e-02 4.088001620636805278e-02
1.000000000000000000e+00 3.950732031180533843e-01 3.060187855357238140e-01 4.012664979720076408e-02 4.229234825823086075e-02
2.000000000000000000e+00 4.287882471422396757e-01 4.307868183023348951e-01 3.825846897715379225e-02 4.330408071156793826e-02
9.000000000000000000e+00 4.685118539593222664e-01 5.370284131921001514e-01 4.191876958555301735e-02 4.047636956726841095e-02
2.000000000000000000e+00 5.165096707103021823e-01 6.570409354835049509e-01 3.769154695633564200e-02 3.914452537963308831e-02
5.000000000000000000e+00 5.598621016317382182e-01 7.610219137237833609e-01 3.822127208561443279e-02 3.677950447197719797e-02
1.500000000000000000e+01 5.793702039954992111e-01 8.662562604840755576e-01 3.710772248402971485e-02 4.360010357792953872e-02
5.000000000000000000e+00 5.110076065487219044e-01 3.435766938917763635e-01 3.790593213183818255e-02 4.079090464240225922e-02
7.000000000000000000e+00 5.491490519204222931e-01 4.606657675989497269e-01 3.779790591977882919e-02 3.997375160083477263e-02
0.000000000000000000e+00 5.872126252834828364e-01 5.684690426472178704e-01 4.047826678121091426e-02 3.867896057640973773e-02
0.000000000000000000e+00 6.278078869244811955e-01 6.785702031006763946e-01 3.631072015418479459e-02 3.775260275048519798e-02
3.000000000000000000e+00 6.555905154244632271e-01 7.794254063880221572e-01 3.812526156185758186e-02 3.594967459179387870e-02
5.000000000000000000e+00 6.966163871390778084e-01 8.802974546355241126e-01 3.937684785059203385e-02 3.611501966144947673e-02
6.000000000000000000e+00 6.218290471500174110e-01 3.581618997684040684e-01 3.904311067070664887e-02 4.012026825939413177e-02
9.000000000000000000e+00 6.660123715412711309e-01 4.826999097173199083e-01 3.582859784746328380e-02 4.015441811035919129e-02
8.000000000000000000e+00 6.966695378751335266e-01 5.896650905064884096e-01 3.560271440564255485e-02 3.848814684685941678e-02
7.000000000000000000e+00 7.365073799680874611e-01 7.032130575084833968e-01 3.702579733651278904e-02 3.701521893150017117e-02
1.000000000000000000e+00 7.654785842573802457e-01 7.815812163400186474e-01 3.461311611496808993e-02 3.715354307530782663e-02
2.000000000000000000e+00 8.489054341012665095e-01 7.062065161617596676e-01 3.728629055995114072e-02 3.908582673007887642e-02
0.000000000000000000e+00 7.276614474871840876e-01 3.864295107688541786e-01 3.813026330770596939e-02 4.063967369465237844e-02
