1.500000000000000000e+01 8.131358235817136570e-01 3.357043002686924127e-01 4.425319212732869989e-02 3.670737470242968481e-02
8.000000000000000000e+00 7.679338527567456385e-01 5.542518353147531940e-01 6.333330635869904857e-02 4.398217902203982455e-02
6.000000000000000000e+00 6.474462049631841687e-01 7.887950516119850430e-01 5.488178362488815853e-02 3.920755208891424370e-02
0.000000000000000000e+00 6.956448612906402929e-01 4.368649912994714835e-01 5.512357667458112065e-02 4.037329843044601407e-02
1.000000000000000000e+00 6.285006950715862351e-01 5.599385121505358054e-01 5.198416691647245180e-02 3.997390916456555754e-02
5.000000000000000000e+00 5.522008144203136570e-01 6.715312432391657982e-01 5.263090802748282560e-02 3.947321012425308862e-02
2.000000000000000000e+00 4.723831766775182794e-01 7.831595680807774684e-01 4.950884403942917844e-02 3.908013634847640194e-02
0.000000000000000000e+00 4.274610810165333508e-01 8.805281274442056105e-01 5.197820067006092559e-02 3.653950490095780879e-02
7.000000000000000000e+00 5.938281596391822292e-01 3.417801073368917919e-01 5.135069706577244375e-02 4.046718677641486517e-02
7.000000000000000000e+00 5.261341528819333258e-01 4.658063940844166528e-01 5.248780542452902154e-02 3.888170772392118835e-02
3.000000000000000000e+00 4.612709263214703759e-01 5.712174245069525647e-01 5.342273078903708727e-02 3.957722653730100237e-02
6.000000000000000000e+00 4.224022133732698858e-01 6.802191457454376255e-01 5.148533050918602250e-02 4.105807800028504762e-02
2.000000000000000000e+00 3.499819790379313234e-01 7.757746064798618502e-01 4.687924276127608536e-02 3.760335939523706816e-02
9.000000000000000000e+00 2.934165352275285299e-01 8.526468393356672060e-01 4.815162484354856831e-02 3.660330008209944364e-02
0.000000000000000000e+00 5.034034670931908373e-01 2.712446975538801430e-01 4.917112538889539808e-02 4.078837455884265495e-02
8.000000000000000000e+00 4.452575209529108791e-01 3.843653261412219857e-01 5.250683920576393326e-02 3.889067164535903176e-02
6.000000000000000000e+00 3.797067208730698917e-01 4.891867750037342533e-01 5.198419602011344898e-02 3.997396737184766291e-02
1.000000000000000000e+00 3.251357786862227317e-01 5.940531889916407238e-01 5.078922962298559884e-02 3.809224235729058439e-02
0.000000000000000000e+00 2.788253956925558219e-01 6.921165104737818652e-01 4.682176307023805384e-02 3.414136487993113533e-02
5.000000000000000000e+00 2.112417644939202366e-01 7.906738371587980208e-01 4.538421782510945746e-02 3.452821047652687714e-02
2.000000000000000000e+00 3.637486997333940764e-01 2.777706651897400292e-01 4.675782237089098903e-02 3.710315511682221734e-02
3.000000000000000000e+00 3.008259729905520263e-01 3.778465325528764240e-01 4.712834082486777598e-02 3.860117772801496816e-02
5.000000000000000000e+00 2.497457506127092608e-01 4.956722012676367806e-01 4.534280334392112866e-02 3.644468523847593788e-02
9.000000000000000000e+00 1.775801585845790953e-01 5.891180845818653200e-01 4.255682820250358822e-02 3.273111885009050148e-02
1.500000000000000000e+01 1.142465466376490768e-01 6.921928202205673841e-01 4.332094429779557998e-02 3.330911716098361453e-02
1.500000000000000000e+01 2.133931929499197078e-01 3.318620957869460320e-01 4.494952584265735074e-02 3.737402270390588477e-02
7.000000000000000000e+00 1.699026035285493286e-01 4.239304455638537861e-01 4.341617141125186929e-02 3.622285728653096282e-02
3.000000000000000000e+00 1.099186460425422146e-01 4.908637267999909626e-01 4.332091519415451342e-02 3.330911716098350350e-02
8.000000000000000000e+00 6.417253899302186038e-02 5.937872981271734574e-01 4.149247894632683564e-02 3.356127110688378323e-02
1.300000000000000000e+01 7.630800348163722102e-01 2.386675078612072176e-01 3.614672216159153795e-02 2.944971242738736450e-02
