1.400000000000000000e+01 8.069993818861793677e-01 3.318706246608633670e-01 3.720143728487657064e-02 2.917637855112370504e-02
2.000000000000000000e+00 4.070017156379396317e-01 9.049522008520473060e-01 4.737973693536257080e-02 3.718341589091767041e-02
1.000000000000000000e+00 5.154284941618714200e-01 8.731592479019281150e-01 5.000672815921014536e-02 4.026323768271422576e-02
1.000000000000000000e+01 7.397935863051199323e-01 2.622830493390440054e-01 4.051519284029303503e-02 3.151215782290892053e-02
8.000000000000000000e+00 6.636628101518490253e-01 8.584184650557027396e-01 5.459099198873107461e-02 3.874548047493098224e-02
3.000000000000000000e+00 2.762681101949692186e-01 8.127751812570420675e-01 4.927051978020330347e-02 3.786719578781794215e-02
6.000000000000000000e+00 4.023742922916762610e-01 8.034563413980688740e-01 5.076965296779634151e-02 3.991578061574807545e-02
5.000000000000000000e+00 5.303244102178769070e-01 7.712296123474986498e-01 5.488438487382052422e-02 3.963248889415171838e-02
1.500000000000000000e+01 6.825840685562638566e-01 7.464757355275732920e-01 5.246607450486029389e-02 3.706139842736144718e-02
1.000000000000000000e+00 4.595242791778447744e-01 6.844759418676180651e-01 4.904261227889467056e-02 3.540790683514227766e-02
8.000000000000000000e+00 1.878509330488382922e-01 7.422595615393123847e-01 4.782019931733011431e-02 3.632188995232688011e-02
0.000000000000000000e+00 3.032216158031795228e-01 6.948382720904902055e-01 4.855692423310659089e-02 3.603274414734258801e-02
0.000000000000000000e+00 1.105765157913551622e-01 6.674076443379199919e-01 4.550485194442828452e-02 3.539751870677754209e-02
7.000000000000000000e+00 2.114627614195907224e-01 6.424175667318864358e-01 4.794505773311880104e-02 3.486026307349865405e-02
1.000000000000000000e+00 5.933940950099513278e-01 6.511437093443186441e-01 5.069372206267641623e-02 3.912547935837717983e-02
5.000000000000000000e+00 3.454680677159920332e-01 5.937866342583020263e-01 4.503081467244168801e-02 3.706765426157010435e-02
7.000000000000000000e+00 1.173508381306812981e-01 5.714883732406914607e-01 4.810974687313521181e-02 3.663077894050204009e-02
2.000000000000000000e+00 4.921750992644374767e-01 5.933373907512525802e-01 4.987966011390748688e-02 3.741011813976413691e-02
5.000000000000000000e+00 6.291450683495187768e-01 5.785442655123822497e-01 4.856863239988251646e-02 3.734141874941743211e-02
0.000000000000000000e+00 7.890814674600765688e-01 5.509507564984887917e-01 5.378421894770990530e-02 3.958146653991778674e-02
9.000000000000000000e+00 6.666990419795952860e-01 4.755617558427407965e-01 5.485092476975028664e-02 3.925421179993737741e-02
3.000000000000000000e+00 5.123504085075500925e-01 4.834561594702914133e-01 4.995516057171939250e-02 3.693105898251825003e-02
3.000000000000000000e+00 3.709905655972118854e-01 4.896593643214477432e-01 4.824014371095269871e-02 3.553996806921716489e-02
6.000000000000000000e+00 2.600085657639089609e-01 5.045451792139603597e-01 4.872230208881567215e-02 3.590825878588738140e-02
7.000000000000000000e+00 1.423067956134390355e-01 4.662477369936164351e-01 4.876316588658242968e-02 3.624590165423252630e-02
8.000000000000000000e+00 2.248050209623311813e-01 3.496006488370518861e-01 4.485628263731714083e-02 3.865342214400713239e-02
2.000000000000000000e+00 4.259539375520386972e-01 4.089759335193019485e-01 5.030574555578992690e-02 3.667046618229369281e-02
6.000000000000000000e+00 5.569243320591047430e-01 3.526662945641737545e-01 5.268830010170422185e-02 3.951603854911134306e-02
9.000000000000000000e+00 3.404962865233797098e-01 3.026513161648948236e-01 5.155915072352590389e-02 3.707967808970508150e-02
1.500000000000000000e+01 4.576635415550979746e-01 2.759348578891650527e-01 5.324452411301938692e-02 4.057353279876191321e-02
