2.000000000000000000e+00 6.201238829503923355e-01 5.303800788731087845e-01 5.566453318473429945e-02 4.016998477287836433e-02
2.000000000000000000e+00 2.350773180500098647e-01 3.394936763055990125e-01 4.908658244395228132e-02 3.736069471035247114e-02
2.000000000000000000e+00 2.414749315275024621e-01 4.366758299943048760e-01 4.688164158815771865e-02 3.846504951077633905e-02
6.000000000000000000e+00 2.443044434384851471e-01 6.648530929888316621e-01 4.758842191043782810e-02 3.459218584429701870e-02
8.000000000000000000e+00 2.364802052710801017e-01 7.519490161667237160e-01 4.165599532234096070e-02 3.289355057392606696e-02
3.000000000000000000e+00 3.276327324992737156e-01 8.267555398506813980e-01 4.387651740768366837e-02 3.235462003132605346e-02
1.500000000000000000e+01 3.193893901944847569e-01 7.154751296673467209e-01 4.535245922036246213e-02 3.236238252113687874e-02
9.000000000000000000e+00 3.408091933288514008e-01 6.232949162880940808e-01 4.609405824693951770e-02 3.352354974698890100e-02
6.000000000000000000e+00 3.516539540940185060e-01 5.139020708146420091e-01 4.906979184099169444e-02 3.756592256597035551e-02
9.000000000000000000e+00 3.614998427328051100e-01 4.096979013430338545e-01 4.857313311790595334e-02 3.987222578871690848e-02
8.000000000000000000e+00 3.778898477817846935e-01 2.750622124408378388e-01 5.248056236401432706e-02 4.015330666977007246e-02
3.000000000000000000e+00 5.314288587464802704e-01 3.338210118765382317e-01 5.358446716502873741e-02 4.126427083651845740e-02
1.500000000000000000e+01 4.908737166666594653e-01 4.757378740339662793e-01 4.909181368708576132e-02 3.791697835517454651e-02
7.000000000000000000e+00 4.941365076964199798e-01 5.847580074966400865e-01 4.906771059372350141e-02 3.514911636327011646e-02
6.000000000000000000e+00 4.708613710598640867e-01 6.977856810115168340e-01 5.054795552575408468e-02 3.570604688224321421e-02
5.000000000000000000e+00 4.519333412172958919e-01 7.945616821083387737e-01 4.538170918196898773e-02 3.679498920289769881e-02
0.000000000000000000e+00 4.428674562421763827e-01 8.856103719728293244e-01 4.610834572818583998e-02 3.513353513372208248e-02
5.000000000000000000e+00 6.616333472150699446e-01 4.184681367062229596e-01 5.672956928676786692e-02 4.017558164053181002e-02
8.000000000000000000e+00 5.984003020897643577e-01 6.531569614661738576e-01 4.927381032319699816e-02 3.854177441006734206e-02
7.000000000000000000e+00 5.641316095708498457e-01 7.526116121720001217e-01 5.349750477917569746e-02 3.537006607325154928e-02
0.000000000000000000e+00 5.745163865647917589e-01 8.765094151687450319e-01 4.710261942310223215e-02 3.374809945224499508e-02
3.000000000000000000e+00 7.005035649440225498e-01 8.284992875618382158e-01 5.244186241481185728e-02 3.536455358048717912e-02
5.000000000000000000e+00 7.303798132284592404e-01 7.199122363432004512e-01 5.251037482488252195e-02 4.334956809935730515e-02
1.000000000000000000e+00 7.962118299423548429e-01 4.960941035643796626e-01 5.994205882005421149e-02 4.098991182164213321e-02
1.200000000000000000e+01 9.123726524696601503e-01 2.416274532023025279e-01 3.963763547163989820e-02 3.210804847997589251e-02
1.200000000000000000e+01 5.677902453935244065e-01 2.237475985463995842e-01 3.665723313371616054e-02 3.712548564408790774e-02
0.000000000000000000e+00 1.352894427815740097e-01 5.052663993373243123e-01 4.463428828803359116e-02 3.512717889206534716e-02
1.000000000000000000e+00 1.350246743791090054e-01 6.054059491441521335e-01 4.465493201093666265e-02 3.734185098508679967e-02
7.000000000000000000e+00 1.094485360753479075e-01 6.841564364012633348e-01 4.315497147978485104e-02 3.456451088062328925e-02
1.000000000000000000e+00 1.355914064477165004e-01 3.768715553683952280e-01 4.319679329988951322e-02 3.899942380935667030e-02
