1.400000000000000000e+01 2.381551303389840002e-01 7.497903769805367435e-01 3.489651935319934561e-02 2.617198893704497653e-02
6.000000000000000000e+00 4.537124139583125215e-01 1.733678506311411294e-01 4.378987261542810483e-02 3.255968628107430707e-02
2.000000000000000000e+00 5.651426889558791578e-01 2.182721308374385161e-01 4.212874531848531667e-02 3.244382258995390234e-02
8.000000000000000000e+00 6.907601469436432939e-01 2.726555058202660975e-01 4.293984640844583645e-02 3.057505783415054301e-02
8.000000000000000000e+00 7.868746315658570190e-01 3.181183987510031730e-01 4.175247839596252231e-02 3.130645774412010862e-02
7.000000000000000000e+00 3.266471985396924294e-01 2.139150593284388224e-01 4.593296413633052300e-02 3.444975072830686047e-02
6.000000000000000000e+00 4.595823575190481902e-01 2.589159478627877098e-01 4.539259842380910515e-02 3.220463617180416294e-02
5.000000000000000000e+00 5.824898925089407875e-01 2.987989984775328289e-01 4.303626135408478159e-02 3.142972521903175664e-02
3.000000000000000000e+00 6.879309346233449807e-01 3.659549502904086982e-01 4.185806519316392915e-02 3.404466982632819994e-02
1.000000000000000000e+00 7.972053410477575319e-01 4.081657588169228523e-01 4.783507354525318167e-02 3.444975072830686047e-02
1.500000000000000000e+01 3.340767850699196684e-01 3.018435973662193517e-01 4.761362305693156438e-02 3.400113115746661308e-02
2.000000000000000000e+00 4.580902464505923755e-01 3.582026361398503722e-01 4.630939681520668261e-02 3.400113115746655756e-02
0.000000000000000000e+00 5.771483387641838103e-01 4.128748277556818502e-01 4.431081720852703132e-02 3.383426976157544175e-02
2.000000000000000000e+00 6.810173199956106593e-01 4.554852057854196223e-01 4.422368461868597667e-02 3.375454095552549161e-02
3.000000000000000000e+00 7.985476359986773964e-01 5.255944385492141713e-01 4.435905230740566640e-02 3.351538216343463716e-02
0.000000000000000000e+00 1.806215006051213323e-01 3.529906900505275780e-01 5.025917733751397720e-02 3.346532374466726356e-02
1.000000000000000000e+00 3.567832782975665640e-01 4.146436552433335754e-01 4.814476166577297267e-02 3.346532374466720805e-02
3.000000000000000000e+00 4.491605234817922510e-01 4.728809759500667842e-01 4.696659313091083865e-02 3.487709823377682650e-02
1.500000000000000000e+01 5.513104317576867919e-01 5.079184848949763742e-01 4.508296555540725059e-02 3.381943456793412572e-02
1.000000000000000000e+00 6.775953353290151693e-01 5.713997150412055692e-01 4.602943433408746010e-02 3.557971179034957743e-02
5.000000000000000000e+00 8.102949545299988898e-01 6.075802659870574995e-01 4.540188077960705115e-02 3.463793944168602756e-02
7.000000000000000000e+00 3.275927832844870435e-01 5.012202844616892028e-01 4.761362305693156438e-02 3.644830270892746027e-02
8.000000000000000000e+00 4.392705877699981665e-01 5.718364277806502471e-01 4.565308453338806638e-02 3.846906604092170667e-02
9.000000000000000000e+00 5.830602048693340755e-01 6.170400639614304072e-01 4.837560501412829783e-02 3.663646379624763139e-02
7.000000000000000000e+00 6.738548222030449342e-01 6.401373001664752982e-01 4.931273618489273591e-02 3.628235297298076922e-02
5.000000000000000000e+00 1.879557910450959102e-01 5.809159806800159309e-01 5.495149107153657342e-02 3.980854313383141996e-02
0.000000000000000000e+00 3.302047166513610299e-01 6.064665766737201702e-01 4.978547330517213432e-02 3.698411012172675427e-02
9.000000000000000000e+00 4.394157765226646140e-01 6.809812403626580579e-01 4.778694895061041947e-02 3.845425847333938663e-02
1.600000000000000000e+01 3.652998259291238003e-01 8.088764669085710679e-01 2.867753435100900417e-02 2.470918911710595633e-02
3.000000000000000000e+00 5.853222541999563155e-01 7.002726001863222027e-01 4.970856235713227989e-02 3.757823614491118125e-02
