8.000000000000000000e+00 8.542966208283727658e-01 7.229232861677163946e-01 3.324525671317712927e-02 4.576860450526842872e-02
8.000000000000000000e+00 7.361211811940548966e-01 8.120273168552304410e-01 3.376134170307942828e-02 4.625531790187809023e-02
5.000000000000000000e+00 6.514028179863600165e-01 8.781785578414770255e-01 3.384323792256394015e-02 4.574223114645148414e-02
5.000000000000000000e+00 5.593208741898161307e-01 9.506676778500351421e-01 3.330311153399223567e-02 4.475020419490893797e-02
5.000000000000000000e+00 4.699668240607172143e-01 8.922720366103791267e-01 3.632322201712945287e-02 4.826208065497616939e-02
8.000000000000000000e+00 5.590148877046785536e-01 8.102089709298068154e-01 3.459690523326175438e-02 4.686379293193099205e-02
1.000000000000000000e+00 6.390878197289224794e-01 7.363504350857502656e-01 3.353014451126090645e-02 4.643032595870155710e-02
2.000000000000000000e+00 7.251015867988463981e-01 6.557543944297292704e-01 3.568415389084889089e-02 4.840516306691589055e-02
0.000000000000000000e+00 8.422436904732848451e-01 5.958501137814515847e-01 3.504358664733031592e-02 4.967996794783702263e-02
3.000000000000000000e+00 8.655752571300245890e-01 4.430317404623788091e-01 3.746443889528505711e-02 4.995241862513161157e-02
0.000000000000000000e+00 7.394357571687411035e-01 5.104558430294232618e-01 3.857156473699119292e-02 5.241780020734171375e-02
1.500000000000000000e+01 6.594222068439807849e-01 6.076643791199609623e-01 3.725556189345480274e-02 4.991938252303451673e-02
1.500000000000000000e+01 5.427466062448687012e-01 6.843216835631042994e-01 3.641877686033789807e-02 4.944510624721443204e-02
7.000000000000000000e+00 4.543318085882483426e-01 7.546598479494113221e-01 3.665480454103453578e-02 4.798568785457457686e-02
3.000000000000000000e+00 3.700131544544972284e-01 8.303209334650316631e-01 3.715978495880367660e-02 5.013991932560502018e-02
1.000000000000000000e+00 2.736644731456836510e-01 7.666849335898744400e-01 3.697994641310231589e-02 4.812305141186534740e-02
1.000000000000000000e+00 3.652295407515605552e-01 6.801346213558923104e-01 3.695493336437166709e-02 4.927326299344902960e-02
6.000000000000000000e+00 4.574519296241623678e-01 6.027473023406952901e-01 3.825122559237104092e-02 5.001238331465218678e-02
0.000000000000000000e+00 5.568670413626247706e-01 5.422440965943993163e-01 3.777847619521934597e-02 5.111106968153678043e-02
9.000000000000000000e+00 7.504670668875504935e-01 3.597526408489015726e-01 3.821061061979302842e-02 5.266232288572048059e-02
3.000000000000000000e+00 2.570335857635708265e-01 5.965585577221359515e-01 3.815133996603065070e-02 5.061813772453238602e-02
7.000000000000000000e+00 3.650314351846996042e-01 5.494132083637610631e-01 3.845055266216679257e-02 5.067921287126653240e-02
6.000000000000000000e+00 4.590635222971762852e-01 4.702900365133767524e-01 3.843420117970025585e-02 5.067224475225279301e-02
9.000000000000000000e+00 5.575702661544064132e-01 3.806788044936669779e-01 3.875084805408590682e-02 5.433164545311308657e-02
7.000000000000000000e+00 5.445473791848911560e-01 2.415526323487385274e-01 3.821161003128514810e-02 5.213729871525052406e-02
2.000000000000000000e+00 4.705169306834936505e-01 3.167112498560349376e-01 4.015332775311136748e-02 5.294918174535806488e-02
6.000000000000000000e+00 3.633202622610789412e-01 3.826940761251624856e-01 4.226144748835786169e-02 5.463316234796689042e-02
2.000000000000000000e+00 2.525399818426146137e-01 4.761247118494605912e-01 4.285990064206035566e-02 5.543538440031836600e-02
1.300000000000000000e+01 3.722937143142610594e-01 1.530303840760116885e-01 2.317105006655051369e-02 3.385153859023370959e-02
1.200000000000000000e+01 2.976811780223426740e-01 1.793372126251844556e-01 2.855587918550794857e-02 3.955970508828704491e-02
