8.000000000000000000e+00 8.090004112873252495e-01 5.645888876221085706e-01 3.761784148646729609e-02 3.876716423520099042e-02
1.400000000000000000e+01 5.588536103952532752e-01 3.592124849709180806e-02 3.652220047911625134e-02 3.595634713374429303e-02
1.400000000000000000e+01 7.576895856967880150e-01 1.615504022300149611e-01 3.478687983920192295e-02 3.281032479003037627e-02
3.000000000000000000e+00 2.346741171275729121e-01 5.508688681482842853e-01 4.276948259647808670e-02 4.049820589573005503e-02
6.000000000000000000e+00 2.917796671942864961e-01 6.458549306860206229e-01 4.149754208132516720e-02 4.262880420278214455e-02
7.000000000000000000e+00 3.388543865498440111e-01 7.374165593641763827e-01 4.046764175726158541e-02 3.961490229399289298e-02
6.000000000000000000e+00 4.053127019157922173e-01 8.390984466440887246e-01 3.884210194560955287e-02 3.855415997565680986e-02
8.000000000000000000e+00 2.970334480979426317e-01 4.520460615230281753e-01 3.942140351190753789e-02 4.254433603828761123e-02
1.500000000000000000e+01 3.559778478772374077e-01 5.498719493081860588e-01 3.998297787789389934e-02 4.054960921951766828e-02
3.000000000000000000e+00 4.626303115323157633e-01 7.369676555268167562e-01 4.165686459948680920e-02 4.023641015695778034e-02
1.000000000000000000e+00 5.059175228488682619e-01 8.414554974316115210e-01 4.046764175726158541e-02 3.961501343631468330e-02
1.000000000000000000e+00 3.795183890039748320e-01 3.241369619882640274e-01 3.898928216512520528e-02 4.068734234168852604e-02
2.000000000000000000e+00 4.245453805461001373e-01 4.406667132370654660e-01 3.746788270890916150e-02 4.142360465181205154e-02
9.000000000000000000e+00 4.734749541085638835e-01 5.387794454617493844e-01 4.038981434648886149e-02 3.925746858739520562e-02
2.000000000000000000e+00 5.317510273218762906e-01 6.492934240492969078e-01 3.656660183663662522e-02 3.770781119588617614e-02
5.000000000000000000e+00 5.839404051798977591e-01 7.448660679754028902e-01 3.681644977582565481e-02 3.568385394650819276e-02
1.500000000000000000e+01 6.133350207826010481e-01 8.440547829092864829e-01 3.650586255782584111e-02 4.159323562031169708e-02
5.000000000000000000e+00 4.947636545480610937e-01 3.485176973887077478e-01 3.691033725208459071e-02 3.917413963169819047e-02
7.000000000000000000e+00 5.432692340460170133e-01 4.572180694634911391e-01 3.673937257572446047e-02 3.844529607154834050e-02
0.000000000000000000e+00 5.907609871781855926e-01 5.569999231827249542e-01 3.896638684685427290e-02 3.755460150541811704e-02
0.000000000000000000e+00 6.409187667522120435e-01 6.587347142077681905e-01 3.523083784324565482e-02 3.636337810140222171e-02
3.000000000000000000e+00 6.778248250249111484e-01 7.528769842391331846e-01 3.665851653668528165e-02 3.495275975434397608e-02
5.000000000000000000e+00 7.274632643151984768e-01 8.456963550008442798e-01 3.777694171998557948e-02 3.521866775901905111e-02
6.000000000000000000e+00 6.027708597479614072e-01 3.513318765453961601e-01 3.783840342388744560e-02 3.868277942744791087e-02
9.000000000000000000e+00 6.578376845293008035e-01 4.665819212093156310e-01 3.504678615850487233e-02 3.843857196108529939e-02
8.000000000000000000e+00 6.981249145128575195e-01 5.663070645589002305e-01 3.468540689948662603e-02 3.694948713490453507e-02
7.000000000000000000e+00 7.479031152726867138e-01 6.714318075382157414e-01 3.578816101542670047e-02 3.577982534129908743e-02
1.000000000000000000e+00 7.836778280671874430e-01 7.438371957178151472e-01 3.369512881311031993e-02 3.568791064125031998e-02
2.000000000000000000e+00 8.562537085682795368e-01 6.629434794316090285e-01 3.620883470307378893e-02 3.762045333102737033e-02
0.000000000000000000e+00 7.073656483518151461e-01 3.678033909064681861e-01 3.709191602016725930e-02 3.905921847105692235e-02
