0.000000000000000000e+00 2.596241169713163210e-01 4.147659402060189793e-01 3.847974702794920709e-02 3.892244247473203300e-02
1.600000000000000000e+01 1.449522810027526198e-01 6.625107929606066648e-01 4.086083588821547152e-02 4.042598596928814736e-02
1.600000000000000000e+01 9.097179000217074651e-02 5.176662250361370177e-01 3.673103078791142839e-02 3.454282076870829332e-02
3.000000000000000000e+00 7.025953542489220549e-01 6.894462495632455168e-01 4.316690188836436182e-02 4.184816095619670051e-02
6.000000000000000000e+00 7.512609039413937762e-01 5.822878189115268110e-01 4.686312619924704048e-02 4.423331679965258889e-02
7.000000000000000000e+00 7.959974305901844627e-01 4.846056609989064512e-01 4.170238412611837475e-02 4.143655918231142765e-02
6.000000000000000000e+00 8.400527808204698577e-01 3.637458812632767269e-01 4.529748189045290641e-02 4.214265668929884079e-02
8.000000000000000000e+00 5.791854318340534657e-01 7.006997939562670252e-01 4.344172611412322471e-02 4.528900179784467461e-02
1.500000000000000000e+01 6.266709506805951957e-01 5.902948146527315920e-01 4.116883054424536059e-02 4.196422861829307571e-02
3.000000000000000000e+00 7.158854765290293409e-01 3.819499720372220297e-01 4.030784154981836842e-02 4.004966022689981919e-02
1.000000000000000000e+00 7.774266046547771980e-01 2.802388903981001267e-01 4.169246184088959417e-02 4.143384786018489141e-02
1.000000000000000000e+00 4.247827611611995069e-01 7.100095799792567330e-01 4.221788145638322165e-02 4.331602460532202326e-02
2.000000000000000000e+00 4.934426097493453955e-01 6.004983562864858460e-01 4.055601405595066211e-02 4.231214316605769188e-02
9.000000000000000000e+00 5.421222929294976511e-01 4.986317197513188693e-01 4.012110644931832226e-02 4.077848668958605760e-02
2.000000000000000000e+00 5.993282765696372749e-01 3.818005031940353566e-01 4.086083588821554091e-02 4.042595712543567421e-02
5.000000000000000000e+00 6.443146198241478384e-01 2.782217821113908141e-01 3.960941650757188182e-02 3.895194973574706010e-02
1.500000000000000000e+01 7.104357767424613890e-01 1.918600142197511016e-01 4.176353309322700103e-02 3.956889089493637046e-02
5.000000000000000000e+00 3.716871995525447003e-01 5.988565930511828839e-01 4.111333497220925892e-02 4.330846751599071176e-02
7.000000000000000000e+00 4.319562993651021587e-01 4.932373857394509731e-01 3.981839021827959790e-02 4.069636824177580436e-02
0.000000000000000000e+00 4.842798119982349991e-01 3.911121063797269870e-01 3.947823466681293914e-02 4.145314439744696156e-02
0.000000000000000000e+00 5.389762074156235760e-01 2.869391875155181681e-01 3.758117449383258091e-02 3.867853885875627284e-02
3.000000000000000000e+00 5.935897344450393742e-01 1.958473306891516663e-01 3.771397159032641166e-02 3.815617669161816550e-02
5.000000000000000000e+00 6.393606593289438145e-01 9.661384944045857404e-02 3.905786436179525811e-02 3.796808593005507326e-02
6.000000000000000000e+00 3.068694097930645404e-01 5.112690335417653387e-01 3.818787608541640566e-02 4.169973049169672930e-02
9.000000000000000000e+00 3.695962077378881494e-01 3.951429338004874836e-01 3.788319847241355953e-02 3.876088805738581167e-02
8.000000000000000000e+00 4.280188827603702562e-01 2.997055198577929791e-01 3.779614772584133364e-02 3.845318183988000182e-02
7.000000000000000000e+00 4.823313953460391934e-01 1.933720522288417953e-01 3.662918314505309025e-02 3.729458197629048621e-02
1.000000000000000000e+00 5.227670584278107935e-01 1.184376129409914491e-01 3.998767478807152553e-02 3.823290133902775001e-02
2.000000000000000000e+00 4.091584789686965040e-01 1.121089400180189238e-01 3.680129441238128019e-02 3.789851455804307823e-02
8.000000000000000000e+00 3.589632676733119920e-01 2.118591733045564474e-01 3.654409378044470857e-02 3.698687575878473188e-02
