6.000000000000000000e+00 7.738206775081798439e-01 5.691859004648940346e-01 4.294861590171783483e-02 4.126039281710092155e-02
1.100000000000000000e+01 9.378036986932881680e-01 4.139141626197776480e-01 4.238765477110240099e-02 3.648984675019695256e-02
0.000000000000000000e+00 7.032025071439977904e-01 4.770311061748830905e-01 4.106816387736278440e-02 4.148823926795658368e-02
5.000000000000000000e+00 6.246167523529726484e-01 3.775285425650050097e-01 4.208018235222943382e-02 4.376864014861653329e-02
1.000000000000000000e+00 5.448941417643419216e-01 2.755689721369283252e-01 4.622953438050791952e-02 4.454075385543693200e-02
2.000000000000000000e+00 4.139064464703344770e-01 2.901359914130297035e-01 4.574329960970818787e-02 4.447576803408165302e-02
8.000000000000000000e+00 5.015565351120871984e-01 4.011724967799927821e-01 4.197529552995177271e-02 4.113136002147088632e-02
9.000000000000000000e+00 5.761974158350757769e-01 4.970951924633607577e-01 3.960596822738304823e-02 3.939557846443103584e-02
7.000000000000000000e+00 6.487578847750425926e-01 5.870352024819494030e-01 3.967080735388195389e-02 3.989178848546115486e-02
8.000000000000000000e+00 6.823284452062802208e-01 7.812006903574688632e-01 3.827022354356190981e-02 3.827016486561929387e-02
2.000000000000000000e+00 6.037022906518210164e-01 7.028775193592788906e-01 3.843299615614836906e-02 3.757817588932754749e-02
0.000000000000000000e+00 5.316650822643922414e-01 6.163143515860360910e-01 3.957451685018542609e-02 3.915344393456854366e-02
9.000000000000000000e+00 4.586920340409904595e-01 5.096742763938723053e-01 4.018397530030431986e-02 4.018397530030437537e-02
3.000000000000000000e+00 3.715923004917404127e-01 4.177050657666076527e-01 4.341416669777459214e-02 4.489238142606599702e-02
1.500000000000000000e+01 2.811157540361157725e-01 3.171520936379607081e-01 4.465526386029006201e-02 4.465529319926136997e-02
7.000000000000000000e+00 2.374196398244700634e-01 4.429470550685390418e-01 4.396186661337761481e-02 4.237855969000975387e-02
3.000000000000000000e+00 4.068703597117170334e-01 6.310707979301196646e-01 4.090216397793694503e-02 4.039671218095763905e-02
5.000000000000000000e+00 4.860478375447306876e-01 7.196370839665824359e-01 3.974060476652502283e-02 3.885377568205250487e-02
1.000000000000000000e+00 5.608449189507420662e-01 8.092962466827225976e-01 3.834932141009628204e-02 3.729311844450222679e-02
8.000000000000000000e+00 6.376812495630883593e-01 8.906012253476407459e-01 3.718732211411535094e-02 3.753487156773838151e-02
7.000000000000000000e+00 5.201523525835329842e-01 9.142556829143418939e-01 3.779246773545819060e-02 3.761391075633024883e-02
0.000000000000000000e+00 4.394281828632921050e-01 8.282794412612854984e-01 3.908300106455769862e-02 3.837607855189129058e-02
1.500000000000000000e+01 3.651526896884564888e-01 7.422057355456819216e-01 4.091970868275435214e-02 3.881094078400337821e-02
2.000000000000000000e+00 2.857258159301920841e-01 6.482261159208372314e-01 4.055162194924483154e-02 4.054176405489928747e-02
6.000000000000000000e+00 1.958367677046934374e-01 5.581185363678600186e-01 4.318400246818895893e-02 4.247819483643067162e-02
1.000000000000000000e+00 1.548535694881184033e-01 6.692702558749867858e-01 4.232630698218411980e-02 4.039600804564735803e-02
6.000000000000000000e+00 2.437492001465333402e-01 7.625304252464342181e-01 4.080147262855035595e-02 3.958689789605973619e-02
5.000000000000000000e+00 3.195147903330232131e-01 8.504819131400077614e-01 3.881249574948059111e-02 3.774652290645486019e-02
3.000000000000000000e+00 4.030644203421129834e-01 9.373488566217437201e-01 3.860322086743667169e-02 3.614520185472924751e-02
