8.000000000000000000e+00 5.035956705234272412e-01 1.624461795996250957e-01 3.597235149464961257e-02 4.526263266076491210e-02
2.000000000000000000e+00 9.364791673088504464e-02 4.344576011439629237e-01 3.112994811424754649e-02 4.535248445165257491e-02
2.000000000000000000e+00 1.591646334496791826e-01 3.157067676180216331e-01 3.395381259659613349e-02 4.796358263412986433e-02
7.000000000000000000e+00 2.276662883331519449e-01 2.338278741794824478e-01 3.350706618032064932e-02 4.428862440072650619e-02
9.000000000000000000e+00 3.141660820717924740e-01 1.226274462451058256e-01 3.445049570885583279e-02 4.515841943015165560e-02
6.000000000000000000e+00 1.161875682456828957e-01 5.547856376742030804e-01 3.272355399552925870e-02 4.747663560725079446e-02
3.000000000000000000e+00 1.993040009356468745e-01 4.471591810700301650e-01 3.638103866807368414e-02 4.812064482087063944e-02
2.000000000000000000e+00 2.595032875276477857e-01 3.542999391047441105e-01 3.479519881384041113e-02 4.640343919292461150e-02
6.000000000000000000e+00 3.269862366681985377e-01 2.492184980742117584e-01 3.379246767435073462e-02 4.390097973441528523e-02
5.000000000000000000e+00 3.875111539164033392e-01 1.387929026473371241e-01 3.360074388159250969e-02 4.672507262932408534e-02
8.000000000000000000e+00 1.389304641117465877e-01 6.777862867445525463e-01 3.428384019458473320e-02 4.879292008882119003e-02
9.000000000000000000e+00 2.038090960677023666e-01 5.765097849699898358e-01 3.639622810333018044e-02 4.851968156362418405e-02
5.000000000000000000e+00 2.883744352820307721e-01 4.778224109447655188e-01 3.457449517750060819e-02 4.841178518047700718e-02
1.500000000000000000e+01 3.521997712679719728e-01 3.760124373599582071e-01 3.570156840447535895e-02 4.605836491752957063e-02
1.000000000000000000e+00 2.400375265939602154e-01 7.178813992969721447e-01 3.594808266012319842e-02 5.014300962930806627e-02
7.000000000000000000e+00 3.261794264022618295e-01 6.141466358943081794e-01 3.764944216670196298e-02 4.909722272221173078e-02
1.500000000000000000e+01 3.908374403765878524e-01 4.980496993543207518e-01 3.680120357265032061e-02 4.961794625643767276e-02
1.000000000000000000e+00 4.643870128415459320e-01 4.006169384193998262e-01 3.549111478177668921e-02 4.953471842979723094e-02
0.000000000000000000e+00 5.278871749964038074e-01 2.998812462085796993e-01 3.454774235638147228e-02 4.771669720807164561e-02
3.000000000000000000e+00 5.946161913787151310e-01 1.869157744906701502e-01 3.404694781803729864e-02 4.594590028317738217e-02
5.000000000000000000e+00 4.293547503417378675e-01 6.323007805281255500e-01 3.633658387353544406e-02 4.899906242444507232e-02
1.000000000000000000e+00 4.993829149169194404e-01 5.404152042040373249e-01 3.640410833665880252e-02 5.075224303063030629e-02
0.000000000000000000e+00 5.552633054408222524e-01 4.317568938589432248e-01 3.633695504394574005e-02 4.900819892685498447e-02
6.000000000000000000e+00 6.331451361086529728e-01 3.070349562861333093e-01 3.807106320135011934e-02 4.853989607520620142e-02
3.000000000000000000e+00 4.419354714718638499e-01 7.808147985109291644e-01 3.767745125690247221e-02 4.967710510954193026e-02
7.000000000000000000e+00 5.157695032290410264e-01 6.633650314797315817e-01 3.601789124884907656e-02 5.190544094418325649e-02
8.000000000000000000e+00 6.035190562910797141e-01 5.472398288854134485e-01 3.677881914174585543e-02 4.903754994084696950e-02
0.000000000000000000e+00 6.574329003259553605e-01 4.615442186682667258e-01 3.686875658734367622e-02 5.137115541419279285e-02
1.200000000000000000e+01 6.391068752405513198e-01 7.370571762096396196e-01 2.872145187271035738e-02 3.562185242094872972e-02
1.600000000000000000e+01 7.190051605418232850e-01 7.454446852829439418e-01 3.232357505096472572e-02 4.287343728056869363e-02
