6.000000000000000000e+00 3.907489079219083061e-01 1.087856741304560199e-01 5.356084783601294808e-02 3.952646949381669050e-02
1.000000000000000000e+01 5.128943510692922647e-01 8.049584718249311877e-01 3.906928670048037677e-02 3.283501085584383805e-02
1.400000000000000000e+01 4.651124606457666122e-01 8.035670073325580365e-01 4.243993335469808947e-02 3.022892984656355697e-02
3.000000000000000000e+00 7.398944562781695211e-01 6.513461186131680458e-01 5.872808762787384840e-02 4.674136972985620808e-02
2.000000000000000000e+00 2.569548768911783521e-01 1.065601151580787276e-01 5.097888515002649279e-02 3.694604564563558347e-02
3.000000000000000000e+00 5.707596389734871378e-01 6.866884881144776909e-01 6.125101220960060822e-02 4.726954621347767560e-02
5.000000000000000000e+00 3.854783588458517984e-01 5.942899782607111714e-01 5.756087915258273346e-02 4.362202712645146807e-02
8.000000000000000000e+00 2.726894490604285792e-01 6.218448223042156719e-01 6.038008919789186746e-02 4.304010969178484469e-02
7.000000000000000000e+00 8.576661228770307011e-01 5.624493821504482627e-01 5.500877583862529008e-02 4.303981376143783955e-02
2.000000000000000000e+00 6.785046231427135366e-01 5.495172555723402130e-01 5.701968173368610060e-02 4.372252507234908325e-02
6.000000000000000000e+00 4.952518567657951398e-01 5.339329420368634782e-01 5.709455211151903686e-02 4.185822307127440300e-02
3.000000000000000000e+00 3.127654612089320052e-01 5.048860171829493426e-01 5.700743021731335958e-02 4.146866036226537489e-02
1.000000000000000000e+00 9.109145570455406959e-01 4.563579679820799484e-01 5.537922144720752726e-02 4.268972816074056986e-02
8.000000000000000000e+00 7.728918737085379576e-01 4.439357441886558897e-01 5.213760042435422459e-02 4.111215307303478506e-02
5.000000000000000000e+00 6.059781616245080160e-01 4.261525498015987234e-01 5.270353762027379929e-02 3.908165658899187545e-02
8.000000000000000000e+00 4.353621389496742378e-01 4.345186782741824461e-01 5.426246909610821234e-02 4.043175001883136943e-02
0.000000000000000000e+00 2.725071411700571433e-01 3.937807587181734181e-01 5.619010019147635537e-02 4.057344146905428328e-02
1.500000000000000000e+01 1.020930465676119225e-01 3.956026391039819678e-01 5.889904658943152793e-02 4.043479810140720998e-02
7.000000000000000000e+00 8.426982914407695757e-01 3.451108405088728071e-01 5.277420578717695321e-02 4.118270286779912581e-02
1.000000000000000000e+00 5.485157976844967642e-01 3.363758792480990856e-01 5.337038706457708503e-02 4.047433439578862480e-02
9.000000000000000000e+00 3.733542996737145847e-01 3.165522155242995184e-01 5.527481722072741244e-02 4.118551420609728453e-02
1.000000000000000000e+00 2.209166419750257515e-01 3.151952713069230971e-01 5.446266597596577386e-02 3.935485948549521940e-02
2.000000000000000000e+00 3.001605885719915712e-02 2.715823440386467835e-01 5.522942150547222040e-02 3.941395677582432144e-02
9.000000000000000000e+00 7.558851413663743024e-01 2.302584971917669421e-01 5.338826125754581042e-02 3.875406169467937589e-02
0.000000000000000000e+00 6.058384825006457586e-01 2.386331336618316423e-01 5.031833902211801934e-02 3.773330914820061111e-02
0.000000000000000000e+00 4.631831427474195628e-01 2.231462256001245092e-01 4.987660379290365098e-02 3.767788139417643789e-02
1.500000000000000000e+01 3.181679508302723280e-01 2.268440972357207708e-01 5.448133918087194605e-02 3.952410205103928931e-02
5.000000000000000000e+00 1.515072148035170319e-01 1.771889973076706815e-01 5.420591680676481450e-02 3.824520946272788602e-02
7.000000000000000000e+00 6.815794874149391225e-01 1.464647836355731925e-01 5.165203791072436879e-02 3.681329129189706006e-02
6.000000000000000000e+00 5.485532624664479773e-01 1.244049370399331056e-01 5.141464258622818750e-02 3.663469732738251772e-02
