3.000000000000000000e+00 4.769543544827168358e-01 1.597657192213942645e-01 3.578990192704462059e-02 4.518691072888936233e-02
1.000000000000000000e+01 8.419505669179507823e-01 4.740732906074887065e-01 3.434820153942297338e-02 4.261977042229847523e-02
1.000000000000000000e+01 7.594751893073719007e-01 4.205565275965486016e-01 3.225244735007681829e-02 4.279787558770226097e-02
8.000000000000000000e+00 2.717500374749473036e-01 8.770331671072220114e-01 3.278667938557333628e-02 4.686975694183392882e-02
1.000000000000000000e+00 3.673347564821030087e-01 8.500277001555579526e-01 3.452310737742581015e-02 4.919157838736110122e-02
0.000000000000000000e+00 5.752524369688098993e-01 7.678198419561823584e-01 3.643911500731034092e-02 5.364493084864940808e-02
6.000000000000000000e+00 2.109935860387996409e-01 7.841618393992418889e-01 3.006341190181191503e-02 4.514184194289216911e-02
9.000000000000000000e+00 2.880912698614545020e-01 7.523824473807059210e-01 3.214678608512799851e-02 4.538844053491630781e-02
7.000000000000000000e+00 3.884417904259074295e-01 7.095604238261854491e-01 3.367027797326277438e-02 4.489413054133728487e-02
1.000000000000000000e+00 4.958723390681371579e-01 6.657697552155844578e-01 3.662773622277992747e-02 4.947189510816829561e-02
5.000000000000000000e+00 5.867050831764155649e-01 6.200641361441532329e-01 3.673601259012626574e-02 5.088110145749069613e-02
2.000000000000000000e+00 1.513545205626423418e-01 6.985349573772134946e-01 2.936064486287665032e-02 4.294565669339178715e-02
3.000000000000000000e+00 2.401857237184756855e-01 6.431226902519937560e-01 3.220417923667870386e-02 4.610097247748434768e-02
5.000000000000000000e+00 3.241427793990697692e-01 6.133097717755637834e-01 3.261235777257426305e-02 4.475553011427668704e-02
3.000000000000000000e+00 4.191354559156041937e-01 5.735634146629691177e-01 3.541235347348398177e-02 4.720910820824986143e-02
1.000000000000000000e+00 5.170381154450484074e-01 5.281234232265388240e-01 3.510557970608213507e-02 4.996971045176956672e-02
8.000000000000000000e+00 6.132347405929499118e-01 4.793346540690871516e-01 4.028186887905138569e-02 4.928371901651090736e-02
2.000000000000000000e+00 1.645615805461421166e-01 5.581578186198352665e-01 2.988603006260323602e-02 4.300953196045931293e-02
2.000000000000000000e+00 2.574348278505628196e-01 5.274217133566577731e-01 3.372472217955693741e-02 4.560176612196964463e-02
1.500000000000000000e+01 3.423482459520411636e-01 4.862483449422483339e-01 3.430068457245816216e-02 4.636999418155401953e-02
1.500000000000000000e+01 4.387600467328410803e-01 4.499827725812655110e-01 3.364142838617695253e-02 4.423601498482504502e-02
7.000000000000000000e+00 5.324138881927571454e-01 3.994123258144155475e-01 3.557579737331939551e-02 4.933521427754850031e-02
0.000000000000000000e+00 6.338576606605011987e-01 3.573415043336581887e-01 3.757829812398494340e-02 4.821227818002332688e-02
7.000000000000000000e+00 1.911422185493059644e-01 4.458255943765982998e-01 3.046176989359825060e-02 4.377748181766100144e-02
6.000000000000000000e+00 2.760695885002766303e-01 3.944970322067751223e-01 3.098840700404698056e-02 4.385170621336509367e-02
0.000000000000000000e+00 4.615047190024016421e-01 3.035282610434759665e-01 3.336319818324007258e-02 4.764619197170799625e-02
6.000000000000000000e+00 5.559502270726441875e-01 2.384294598967368062e-01 3.926949040841065663e-02 4.983247321638417660e-02
9.000000000000000000e+00 2.210526608709909580e-01 2.975768861221889661e-01 3.151429296806237956e-02 4.391942067331389143e-02
5.000000000000000000e+00 2.862697397607345540e-01 2.606702659208726125e-01 3.198125566742221482e-02 4.326906696327909030e-02
8.000000000000000000e+00 3.916812902510046213e-01 2.006827658705042372e-01 3.377855434060911266e-02 4.630214062041376755e-02
