3.000000000000000000e+00 5.223781568651177931e-01 1.717694380503255736e-01 4.443919420341380100e-02 3.137224130682139678e-02
1.600000000000000000e+01 5.554445089283955861e-01 7.466242617176517271e-01 3.759194671260934761e-02 3.063982636041073793e-02
1.300000000000000000e+01 3.831579605876582750e-01 7.966364453482590591e-01 3.448677633010344135e-02 2.872332622670670244e-02
5.000000000000000000e+00 7.115930579629522468e-01 5.831215519073025266e-01 5.136741665926924938e-02 3.955035152966868139e-02
2.000000000000000000e+00 6.036197224012679330e-01 6.048755290658422989e-01 4.944330254463702445e-02 3.844371219947706475e-02
7.000000000000000000e+00 4.617484018776944477e-01 5.962492499218088327e-01 5.102870566098427485e-02 3.826670103702922709e-02
0.000000000000000000e+00 2.977985096290892697e-01 6.112240330176184067e-01 5.000573675624497838e-02 3.852496504704339131e-02
2.000000000000000000e+00 7.982201255930092554e-01 4.958836707196686566e-01 4.705829248960313738e-02 3.529385830846015759e-02
9.000000000000000000e+00 6.494013948258769986e-01 4.998728965373570032e-01 4.687905826703031575e-02 3.629167884553607948e-02
6.000000000000000000e+00 5.131305602044171632e-01 4.931395391955777363e-01 4.771487329750206952e-02 3.606856697374766219e-02
5.000000000000000000e+00 3.863937218583780586e-01 4.992767968589820748e-01 4.866292507603103834e-02 3.620995359769335620e-02
7.000000000000000000e+00 8.371840338617206889e-01 4.249417789424692060e-01 4.450888713833056620e-02 3.423165239251585446e-02
0.000000000000000000e+00 7.398062752557413857e-01 4.214773759379001339e-01 4.480466528795279402e-02 3.530369534951299793e-02
8.000000000000000000e+00 5.903452746302645382e-01 4.103153771564880814e-01 4.490714835971232333e-02 3.566724904469420476e-02
1.000000000000000000e+00 4.557774568998865794e-01 3.939286313164532816e-01 4.772429351478141291e-02 3.607593086041138708e-02
6.000000000000000000e+00 3.073366324598670318e-01 4.110631312177607244e-01 4.877855199077907322e-02 3.487845173586506808e-02
9.000000000000000000e+00 1.691948704372638890e-01 4.037964895402615939e-01 5.020842426313570916e-02 3.510517608035651493e-02
5.000000000000000000e+00 7.930453973871977036e-01 3.529176320258236021e-01 4.587695833921401345e-02 3.392131319907526477e-02
3.000000000000000000e+00 6.441296856221151446e-01 3.271685101520128702e-01 4.343731658160998599e-02 3.355973246975496593e-02
1.000000000000000000e+00 5.306184571949599249e-01 3.221488126016636144e-01 4.850333714731247525e-02 3.490435038632044851e-02
8.000000000000000000e+00 3.941065178088252186e-01 3.244319926088498063e-01 4.768049923032019466e-02 3.478372158629128297e-02
3.000000000000000000e+00 2.347895801194599952e-01 3.190649835963572101e-01 4.686569211802935064e-02 3.465809090098104228e-02
1.000000000000000000e+00 9.643794732693744542e-02 3.038540559387766238e-01 4.692874366082272486e-02 3.176972445715930959e-02
7.000000000000000000e+00 7.377897096281633704e-01 2.547472274381739066e-01 5.083877296156036341e-02 3.470697043547793514e-02
0.000000000000000000e+00 5.892554471922679671e-01 2.449628312279309439e-01 4.588479462615424609e-02 3.392253588214397264e-02
8.000000000000000000e+00 4.451138543043585694e-01 2.578485213595868020e-01 4.310483015167465570e-02 3.232876850207674901e-02
2.000000000000000000e+00 3.556015186205289114e-01 2.435790040884119878e-01 4.620886121586648132e-02 3.514321819674445790e-02
1.500000000000000000e+01 1.883949961242812055e-01 2.231523744480920501e-01 4.414286028876041046e-02 3.017037163852817616e-02
3.000000000000000000e+00 2.940281162924490710e-01 1.636178656077198479e-01 4.000079908748294111e-02 2.951442996041525602e-02
0.000000000000000000e+00 3.967479439551443443e-01 1.505285431686201880e-01 4.441813070873018576e-02 3.429528748859209109e-02
