6.000000000000000000e+00 7.280325535572350626e-01 4.423564525781077394e-01 4.775376145275744832e-02 3.545630073931910209e-02
7.000000000000000000e+00 3.837187086544099346e-01 1.791069314828354353e-01 4.599205758055369131e-02 3.503445730733018015e-02
5.000000000000000000e+00 5.140286571711120134e-01 1.996867785218832125e-01 4.517889182998979791e-02 3.388394284090734399e-02
3.000000000000000000e+00 6.138272321802722420e-01 1.624868427382746006e-01 4.354990274537795525e-02 3.302154330147005767e-02
6.000000000000000000e+00 1.493292565001326788e-01 2.783813460958731723e-01 4.860320184798938570e-02 3.519100815297443452e-02
2.000000000000000000e+00 2.831618319248578874e-01 2.692476700257002142e-01 4.707585848219802971e-02 3.485960475274463288e-02
3.000000000000000000e+00 4.428626948340391722e-01 2.795584500960197616e-01 4.552002143781563870e-02 3.501673095151430770e-02
8.000000000000000000e+00 5.819633815604086102e-01 2.671992622115565430e-01 4.635548897143071390e-02 3.440745938948464033e-02
5.000000000000000000e+00 7.005295234569133278e-01 2.700784388421245130e-01 4.588567204789084641e-02 3.405528848120475960e-02
1.500000000000000000e+01 5.165688526700045607e-02 3.709254031379491945e-01 5.116256433413914062e-02 3.759480611312349119e-02
0.000000000000000000e+00 3.596678521020176822e-01 3.546026897659160237e-01 4.946423149903284022e-02 3.752751719521962848e-02
3.000000000000000000e+00 5.093714065020342741e-01 3.696001594068962781e-01 4.653193059655308383e-02 3.511363685649221411e-02
8.000000000000000000e+00 6.545002049120481891e-01 3.744534685028957366e-01 4.596660505419691845e-02 3.468982078521620771e-02
9.000000000000000000e+00 7.860017919447551682e-01 3.398871294574973279e-01 4.612732036055833262e-02 3.433282786979008350e-02
6.000000000000000000e+00 1.473743983644020816e-01 4.674429310573341434e-01 5.391447833292245528e-02 3.806256820407288854e-02
2.000000000000000000e+00 3.039962590230107509e-01 4.631800849557173860e-01 4.951467078969284952e-02 3.584510246324940086e-02
2.000000000000000000e+00 4.520634680377407788e-01 4.596544305943439657e-01 4.680771652799425864e-02 3.575331994086444753e-02
9.000000000000000000e+00 5.912098268431597026e-01 4.483109601583529225e-01 4.626041871690045326e-02 3.447707711765790606e-02
5.000000000000000000e+00 1.768935206116576953e-01 1.773411727409859862e-01 4.531437379213734684e-02 3.344582513479998909e-02
7.000000000000000000e+00 8.903825751367804298e-01 4.865506549317450413e-01 4.435983555933253886e-02 3.417246873441104338e-02
1.000000000000000000e+00 4.006433098900301637e-01 5.495008349169153705e-01 4.949686224057336936e-02 3.682638091750134457e-02
0.000000000000000000e+00 5.053049065039019183e-01 5.529067610326701132e-01 4.878865733874293564e-02 3.594055628652992329e-02
1.000000000000000000e+00 6.692311353682454111e-01 5.361050798826261232e-01 4.807113719583455680e-02 3.605332549910811313e-02
0.000000000000000000e+00 7.996969497863948284e-01 5.561858080853903097e-01 4.674212627169871404e-02 3.531561320127518666e-02
7.000000000000000000e+00 2.850558944136712958e-01 6.312808158191609564e-01 5.000095377172647515e-02 3.623952072959435444e-02
8.000000000000000000e+00 4.649485834743545265e-01 6.258469891185179934e-01 4.764504710982492286e-02 3.681394233088552959e-02
1.000000000000000000e+00 5.802343358275130480e-01 6.361992631082860061e-01 4.981347084615017629e-02 3.764502622164034307e-02
1.500000000000000000e+01 7.506539863662254897e-01 6.190362875932593489e-01 4.654458836531172317e-02 3.684934024698149901e-02
1.200000000000000000e+01 6.002246239985180587e-01 9.238300989331886814e-01 3.162781884961085588e-02 2.462325071886051209e-02
0.000000000000000000e+00 4.350769752444884064e-01 9.192668363068099424e-01 3.367347318808283640e-02 2.547334866052142210e-02
