9.000000000000000000e+00 2.671077126280848590e-01 8.170254641357126424e-01 4.436454083099578005e-02 3.292984934137122011e-02
1.400000000000000000e+01 3.878210988822738958e-01 2.349489423476859851e-01 3.930525707046095274e-02 2.947875847175771002e-02
1.200000000000000000e+01 4.063727841878754798e-01 3.330133476385793712e-02 3.874438918228145790e-02 2.710082845018488631e-02
8.000000000000000000e+00 8.014660917413412022e-01 4.011401554721544249e-01 5.913836786060622241e-02 4.336915295561810657e-02
7.000000000000000000e+00 8.037020720786415273e-01 5.360053471860086738e-01 5.543039318671016957e-02 4.206553400807511167e-02
3.000000000000000000e+00 8.616085184117061591e-01 6.506256324590520279e-01 5.445936650792670974e-02 3.986636090243322883e-02
2.000000000000000000e+00 9.208097652930622434e-01 7.777684870638292836e-01 5.399455723634294380e-02 3.559353678885612826e-02
0.000000000000000000e+00 8.154218131628003796e-01 8.265899176596682718e-01 5.264236336048178089e-02 3.361054718325906521e-02
5.000000000000000000e+00 7.744130124162003082e-01 7.141911906595976856e-01 5.045658006507436344e-02 3.725292948278935423e-02
1.000000000000000000e+00 6.500184606015586564e-01 4.933253418093540010e-01 5.758296739329726854e-02 3.965563360259405368e-02
0.000000000000000000e+00 6.170879919077317810e-01 3.890126297818057299e-01 5.693901779711962874e-02 4.152504576498855515e-02
0.000000000000000000e+00 4.683864220920543886e-01 3.504106474248950276e-01 5.432257809411938920e-02 4.135106671085958530e-02
9.000000000000000000e+00 4.941793993529152162e-01 4.625343819345946184e-01 5.060814445889866287e-02 3.854640284724714094e-02
3.000000000000000000e+00 5.601483547581562750e-01 6.393185570682942132e-01 4.693505997334546098e-02 3.630998011533559389e-02
1.500000000000000000e+01 6.002754630444773198e-01 7.149145648349869431e-01 4.930222505937720268e-02 3.462422070256976347e-02
2.000000000000000000e+00 6.531143970772372853e-01 8.078460118954658986e-01 4.514613413722945445e-02 3.562963618913639330e-02
6.000000000000000000e+00 7.012630929341914232e-01 8.864488873560998350e-01 4.743573270141687725e-02 3.321811367008065119e-02
3.000000000000000000e+00 5.515521850663940295e-01 8.590135495938397980e-01 4.448767399780184650e-02 3.404633536834289487e-02
2.000000000000000000e+00 5.138137127512386604e-01 7.925498348018313877e-01 4.636018292247534589e-02 3.306480919078547132e-02
6.000000000000000000e+00 4.477354416375505797e-01 6.725294154667498248e-01 4.669811341954432926e-02 3.605409907217160814e-02
6.000000000000000000e+00 4.196184180187707558e-01 5.713929050438532053e-01 4.811545727516003401e-02 3.948902779198637525e-02
7.000000000000000000e+00 3.495362544757020240e-01 4.526807350532457974e-01 4.765445259723322113e-02 3.574082470143802315e-02
5.000000000000000000e+00 2.619570743803208979e-01 3.211352725024292920e-01 5.311094773274843694e-02 4.017022701443362376e-02
1.000000000000000000e+00 4.379212563555278659e-01 8.472119949995685628e-01 4.380682869104346455e-02 3.314644574305325442e-02
1.000000000000000000e+00 3.433694505523172125e-01 7.523350144105807047e-01 4.422158838560452665e-02 3.316679589517212978e-02
5.000000000000000000e+00 3.071345300560288649e-01 6.473057263381698512e-01 4.603369569935150674e-02 3.433737203661646475e-02
8.000000000000000000e+00 2.790338602913793875e-01 5.519633761110906978e-01 5.119791546168173113e-02 3.638878534209111226e-02
8.000000000000000000e+00 2.145728659046309550e-01 4.531860824177098568e-01 4.738459188435306668e-02 3.754063344499131150e-02
1.500000000000000000e+01 1.429989329858423752e-01 5.158908586766028925e-01 4.678806699050445939e-02 3.680289619122256717e-02
7.000000000000000000e+00 1.965257169067060605e-01 6.156077395383922068e-01 4.262946916555962473e-02 3.541917432606411786e-02
