1.000000000000000000e+00 2.345113450612610340e-01 8.101984458611024564e-01 4.507413985623431874e-02 3.308577984629290647e-02
3.000000000000000000e+00 1.784529735939646145e-01 4.474387053385791013e-01 4.807568455658609019e-02 3.815781544858654062e-02
6.000000000000000000e+00 2.373265678173535065e-01 5.539374232486342642e-01 4.755010335609458072e-02 3.686804509291841114e-02
2.000000000000000000e+00 3.280093966442451103e-01 7.445020246818372378e-01 4.284246057632074001e-02 3.138518247753685486e-02
3.000000000000000000e+00 3.588641555403584427e-01 8.457884242380675488e-01 4.140873545216089413e-02 3.158449546187946932e-02
5.000000000000000000e+00 2.931346276902501158e-01 3.673649772107917544e-01 4.840841903367726351e-02 4.148761798383848731e-02
1.500000000000000000e+01 3.391328576792640992e-01 4.823045941559405136e-01 4.956626011066045390e-02 3.766202001116919496e-02
2.000000000000000000e+00 3.779820071258026548e-01 5.946710927620466602e-01 4.654601884586434535e-02 3.645730585712836369e-02
6.000000000000000000e+00 4.104525997800378967e-01 6.932480997243055665e-01 4.710448727395433188e-02 3.429435620143983510e-02
1.000000000000000000e+00 4.368834413821630069e-01 7.780568864078987179e-01 4.663303540714369699e-02 3.756318277377779236e-02
0.000000000000000000e+00 4.876242934041484789e-01 8.802244529982548027e-01 4.550805229865978463e-02 3.188563011174105899e-02
2.000000000000000000e+00 4.296433357818058574e-01 3.997368789231321440e-01 5.353490581974384988e-02 4.089093717207975542e-02
0.000000000000000000e+00 4.698276949652050449e-01 5.209679483220068796e-01 5.007302771031035826e-02 3.680724468460017107e-02
5.000000000000000000e+00 5.252621600288562842e-01 6.343182841416368234e-01 5.001404136614795437e-02 3.601853640422114644e-02
9.000000000000000000e+00 5.657327902396789288e-01 7.185639794594524954e-01 4.573279144028286058e-02 3.504613949851875798e-02
7.000000000000000000e+00 5.824307826481456285e-01 8.109005764666914473e-01 4.574379286161478486e-02 3.506890307776389104e-02
7.000000000000000000e+00 6.294034869389113496e-01 9.029988873693373108e-01 4.646502965903798188e-02 3.040705078837413478e-02
6.000000000000000000e+00 6.355491559304402571e-01 4.170970486371112784e-01 5.775839828361639672e-02 4.107354321072959058e-02
9.000000000000000000e+00 6.383381917926709281e-01 5.449952865836558136e-01 5.335876604203626528e-02 3.852592417671563130e-02
8.000000000000000000e+00 6.554315331507027942e-01 6.475853253086163441e-01 4.984931263716230188e-02 3.365574710040275530e-02
0.000000000000000000e+00 6.800317353172911083e-01 7.630045720388265451e-01 4.907599464300826941e-02 3.754709026917002479e-02
8.000000000000000000e+00 7.455828265503978702e-01 8.595214750793904734e-01 4.746721232781470068e-02 2.963455204900022899e-02
7.000000000000000000e+00 8.698999116692660571e-01 8.033049142917991770e-01 5.307518685174728024e-02 3.443491691441424862e-02
8.000000000000000000e+00 8.250137030077517863e-01 7.051585427528457295e-01 5.562388847243493473e-02 3.455534736707932542e-02
3.000000000000000000e+00 7.783351404421176012e-01 4.692337498792296113e-01 5.459654297827154501e-02 3.826385042440244577e-02
1.200000000000000000e+01 8.019055100911030021e-01 1.371790640713179965e-01 4.548748315186101898e-02 3.411581717759078203e-02
1.000000000000000000e+01 6.114309096473067306e-01 1.597221174852392900e-01 4.335630887799812871e-02 2.877971820423261273e-02
5.000000000000000000e+00 1.583638808372397899e-01 6.111066310499093657e-01 4.370285364995277200e-02 3.493349196626382991e-02
1.500000000000000000e+01 1.054389979785296527e-01 5.217661072914556719e-01 4.632177710892913802e-02 3.617905182290936938e-02
1.000000000000000000e+00 1.716148587587108254e-01 7.042078268397147234e-01 4.518857219354555088e-02 3.461088113752597284e-02
