1.500000000000000000e+01 5.388128187858743923e-01 7.039293581461555371e-01 4.496992596263971187e-02 3.549896943466834820e-02
1.300000000000000000e+01 6.036084601590536725e-01 2.547841162618950106e-01 3.549273999075908126e-02 2.609433500348731783e-02
1.200000000000000000e+01 5.850569345384288855e-01 2.911457294227106640e-01 3.481614719929226887e-02 3.300311051124421580e-02
5.000000000000000000e+00 8.006502819790560777e-01 4.555580194086525925e-01 6.210148743566756835e-02 4.128273959371159263e-02
1.000000000000000000e+00 8.227584441570321427e-01 6.981054993674733478e-01 6.034140102084639690e-02 4.393293836019285248e-02
6.000000000000000000e+00 8.213547248954911062e-01 8.150040753407237215e-01 5.737135253089686859e-02 3.772755299313235167e-02
3.000000000000000000e+00 7.286569209347348863e-01 8.731178057388513380e-01 5.148307808006891140e-02 4.036958904000853554e-02
1.000000000000000000e+00 6.844771408596457274e-01 7.610362009703796060e-01 5.146476566306046330e-02 3.771595333895683133e-02
9.000000000000000000e+00 6.559006141178623794e-01 6.608100603434289289e-01 5.146782668291227658e-02 3.860112509717184004e-02
1.500000000000000000e+01 6.676615894097457371e-01 5.481897429320805593e-01 5.324493666427776439e-02 4.081606832155915132e-02
7.000000000000000000e+00 6.501530660270660178e-01 4.051197560124939478e-01 5.502790017483405460e-02 4.214592034088554540e-02
8.000000000000000000e+00 5.346308212429978779e-01 3.693214913341520411e-01 4.794233734510644496e-02 4.214009366274651391e-02
2.000000000000000000e+00 5.331134146301165222e-01 4.891101130899079275e-01 4.556247496343712733e-02 3.637804600423089063e-02
7.000000000000000000e+00 5.588890008032403323e-01 6.049948873435369023e-01 4.969759057068767749e-02 3.550101011456952005e-02
2.000000000000000000e+00 5.881958761412574566e-01 8.100411149698523161e-01 4.669848924319675021e-02 3.461095146501225184e-02
9.000000000000000000e+00 5.959632677174617754e-01 8.908297258353718995e-01 4.673774548024434150e-02 3.505308087624703361e-02
3.000000000000000000e+00 4.800206831503148752e-01 8.265257540631352207e-01 4.023981790892056098e-02 3.194458836562907855e-02
2.000000000000000000e+00 4.636858057958369583e-01 7.411736727684634651e-01 4.141447085154703611e-02 3.327425242759607382e-02
0.000000000000000000e+00 4.542012357848401738e-01 6.431192720243067429e-01 4.379095000074856303e-02 3.548946416249676439e-02
8.000000000000000000e+00 4.324308329815710339e-01 5.384131140357442113e-01 4.496836860166231187e-02 3.504964394167642272e-02
5.000000000000000000e+00 4.128573026451426431e-01 4.489612933939521877e-01 4.380174412338400103e-02 3.859411697277420616e-02
3.000000000000000000e+00 4.150867588627750182e-01 3.220808793645595358e-01 5.324184879337479082e-02 3.993809264510123080e-02
6.000000000000000000e+00 3.099640739404228018e-01 4.061577908059427200e-01 4.379551467947495613e-02 3.681668477879246337e-02
7.000000000000000000e+00 3.234259827810425647e-01 4.927341055095257882e-01 4.260638902018021312e-02 3.416076673837770139e-02
1.000000000000000000e+00 3.551058734826394447e-01 6.797020572949451500e-01 3.611154931975946170e-02 3.193728487966662755e-02
0.000000000000000000e+00 3.788120491295958181e-01 7.734439106846486833e-01 3.905157833431971426e-02 2.928869717626547686e-02
8.000000000000000000e+00 2.727305131641732938e-01 7.103246072971853842e-01 3.433011631912935568e-02 3.105012614365298962e-02
0.000000000000000000e+00 2.698174426051506147e-01 6.397961859114424943e-01 3.314501831753446925e-02 2.927784935152721868e-02
6.000000000000000000e+00 2.392516960020034666e-01 5.454159756273688764e-01 3.550997836571448407e-02 3.105162980252773597e-02
5.000000000000000000e+00 2.227263238638497456e-01 4.482978441921121604e-01 3.434759635354656115e-02 3.281993263905641500e-02
