9.000000000000000000e+00 3.479963450335294417e-01 8.463071921758109628e-01 4.461770272925091874e-02 3.322140046853583328e-02
1.400000000000000000e+01 3.232704657600744547e-01 2.532415816388625118e-01 3.959209444566957892e-02 2.969392972472784109e-02
1.200000000000000000e+01 2.916711861155129037e-01 5.102992505030374409e-02 3.863810493913105715e-02 2.760637027484851014e-02
8.000000000000000000e+00 7.739477728573904702e-01 3.601134644519892181e-01 5.936712377619057790e-02 4.383604508605210004e-02
7.000000000000000000e+00 8.095787298567813650e-01 4.933149140025722135e-01 5.593284473300286219e-02 4.229649561428500126e-02
3.000000000000000000e+00 8.953056475159113514e-01 5.987151135983361794e-01 5.465578868383003108e-02 4.030705927156141843e-02
2.000000000000000000e+00 9.793489639507708677e-01 7.163319222540571740e-01 4.130207209845815353e-02 3.664516313874954800e-02
0.000000000000000000e+00 8.931831820257933874e-01 7.793526538352071320e-01 5.190477681127059206e-02 3.481810672448937272e-02
5.000000000000000000e+00 8.247349028211228283e-01 6.737965504954668283e-01 5.070341488169627375e-02 3.761367949948113409e-02
1.000000000000000000e+00 6.468605247295412530e-01 4.724829446272599265e-01 5.730597408781945568e-02 4.050333519314158748e-02
0.000000000000000000e+00 5.884132568086261061e-01 3.738058117714302409e-01 5.711370864745823894e-02 4.200934515901127986e-02
0.000000000000000000e+00 4.316375748006823221e-01 3.563166379066122769e-01 5.484110262341174158e-02 4.155880472815259852e-02
9.000000000000000000e+00 4.849544123418612074e-01 4.637212760155852709e-01 5.109599643212464626e-02 3.873655482623805657e-02
3.000000000000000000e+00 5.940661934766491292e-01 6.295384245415760471e-01 4.750530862139945576e-02 3.640590079995653650e-02
1.500000000000000000e+01 6.525224329925871647e-01 6.987836903398821908e-01 4.919339443460746253e-02 3.524636670413183737e-02
2.000000000000000000e+00 7.278584908862157921e-01 7.834188064748847102e-01 4.584366227696790030e-02 3.562412432768446990e-02
6.000000000000000000e+00 7.950010168205473571e-01 8.545227372209096561e-01 4.731274610835534133e-02 3.383135010102866769e-02
3.000000000000000000e+00 6.399930063975556305e-01 8.482288959468372580e-01 4.495042413407845938e-02 3.418961975658429964e-02
2.000000000000000000e+00 5.861642680628688096e-01 7.876914543364335053e-01 4.635724153113418566e-02 3.357176799072669748e-02
6.000000000000000000e+00 4.910093774716283166e-01 6.780842302347693806e-01 4.725027172314538726e-02 3.615962754584745031e-02
6.000000000000000000e+00 4.381142940183367918e-01 5.818805690975168421e-01 4.918644293382806731e-02 3.927425638225423565e-02
7.000000000000000000e+00 3.393198323064028354e-01 4.741265289525723459e-01 4.800225180532430302e-02 3.600167400035919618e-02
5.000000000000000000e+00 2.200238797252286604e-01 3.561065332516440973e-01 5.356565076672664683e-02 4.041142090505789319e-02
1.000000000000000000e+00 5.245770904202335938e-01 8.523833980024040358e-01 4.418451134307255224e-02 3.334343792666361050e-02
1.000000000000000000e+00 4.074642507173876771e-01 7.716360423610084673e-01 4.454453372745709183e-02 3.340885333143417402e-02
5.000000000000000000e+00 3.455681026309211368e-01 6.727101259868993877e-01 4.633103972050389707e-02 3.461603788559308725e-02
8.000000000000000000e+00 2.941249173543124540e-01 5.822402944092184285e-01 5.116987840835734991e-02 3.696831880318851571e-02
8.000000000000000000e+00 2.058347674654725512e-01 4.934377684105780704e-01 4.814781741993645614e-02 3.751460575973997180e-02
1.500000000000000000e+01 1.505156006271330948e-01 5.654897323558498723e-01 4.748400851003684031e-02 3.681419749530945307e-02
7.000000000000000000e+00 2.282139656414044482e-01 6.567464203486799157e-01 4.367544759368613416e-02 3.517091024267993138e-02
