1.400000000000000000e+01 1.121271551045384812e-01 1.513856621202354091e-01 3.635880912157926637e-02 4.164900207214791705e-02
3.000000000000000000e+00 9.225878015678059541e-01 4.541365344044884234e-01 3.635880912157929412e-02 3.801147151308209571e-02
6.000000000000000000e+00 8.125184818840345269e-01 6.591724789487483083e-01 3.718511075376607078e-02 3.828718131708108707e-02
1.000000000000000000e+00 7.583471816026341461e-01 7.675579466803028605e-01 3.746093881202372522e-02 4.076720962909841095e-02
6.000000000000000000e+00 6.478623755811614426e-01 7.727436324298060377e-01 3.911454723759544283e-02 3.911448811046625007e-02
2.000000000000000000e+00 6.983010393159916340e-01 6.666800575029138143e-01 3.856295024820954875e-02 3.911454723759555385e-02
1.500000000000000000e+01 7.550582054708843138e-01 5.627251038252424342e-01 3.802530726134201178e-02 3.995474374517149485e-02
0.000000000000000000e+00 8.101395313995825020e-01 4.630325953363743641e-01 3.801141238595273641e-02 3.938931100752551817e-02
7.000000000000000000e+00 8.619582223326408554e-01 3.565638369740641300e-01 3.856300937533863049e-02 3.966505037508927245e-02
8.000000000000000000e+00 7.998351213745260591e-01 2.563641064063614250e-01 3.554539720358340649e-02 3.828721088064579448e-02
1.000000000000000000e+00 7.496889004212912155e-01 3.606377405292620630e-01 3.663457805270764478e-02 3.856300937533885254e-02
5.000000000000000000e+00 6.944439992893414182e-01 4.637815439016338415e-01 3.746093881202383624e-02 3.773667817958731296e-02
3.000000000000000000e+00 6.401641711620820185e-01 5.667788006839966641e-01 3.966507993865386883e-02 3.994078974265302673e-02
7.000000000000000000e+00 5.341906172895729554e-01 7.786014753853699455e-01 3.718516988089526354e-02 3.938931100752562919e-02
1.500000000000000000e+01 4.129493299940784068e-01 7.856512621408089370e-01 3.994081930621762311e-02 3.995468461804219107e-02
3.000000000000000000e+00 4.664215554437970424e-01 6.752026419224772535e-01 3.824656097924117315e-02 4.159445729535427017e-02
9.000000000000000000e+00 5.150947717879548193e-01 5.681652136121909669e-01 3.801147151308198469e-02 4.076715050196910717e-02
0.000000000000000000e+00 5.835601738356814838e-01 4.637293050828834584e-01 3.883871917933789941e-02 3.828721088064573896e-02
2.000000000000000000e+00 6.372683313131521921e-01 3.644350621553035241e-01 3.718511075376607078e-02 3.690934182263766461e-02
8.000000000000000000e+00 6.813610280763527927e-01 2.598537452332263520e-01 3.883877830646720319e-02 3.994084886978233051e-02
7.000000000000000000e+00 5.163115489821423765e-01 3.697027276696028819e-01 3.718511075376601527e-02 3.938931100752551817e-02
9.000000000000000000e+00 4.613581889430656835e-01 4.699474983280618190e-01 3.911451767403095747e-02 3.775057305497658833e-02
8.000000000000000000e+00 4.050217270950364767e-01 5.711489459388486845e-01 3.994084886978227500e-02 4.131868836422580848e-02
2.000000000000000000e+00 3.428415684571320954e-01 6.852771952323188920e-01 3.966507993865392434e-02 4.049138157084064549e-02
1.000000000000000000e+00 2.823895775548666554e-01 5.804023416767538635e-01 4.269652785866928646e-02 3.966502081152467607e-02
5.000000000000000000e+00 3.399997412408321540e-01 4.730008232859240214e-01 3.994084886978233051e-02 3.911451767403095747e-02
0.000000000000000000e+00 3.969120126377022051e-01 3.647820792772573095e-01 4.352285905442065950e-02 4.076715050196899615e-02
6.000000000000000000e+00 4.540810731571903736e-01 2.626129866316546657e-01 3.994084886978227500e-02 4.021658823734602928e-02
1.100000000000000000e+01 2.508226970651127319e-01 1.779178527669760812e-01 3.503554396749411493e-02 4.032671251569647231e-02
5.000000000000000000e+00 8.678742463834514531e-01 5.609962856911809848e-01 3.773664861602277210e-02 4.023051267629995653e-02
