1.000000000000000000e+01 1.162866550083797024e-01 5.214627244633879277e-01 3.130943776369489451e-02 4.287210208422176372e-02
7.000000000000000000e+00 8.064688756604454500e-01 6.601870849219713122e-01 3.594486802131624525e-02 4.830503832657428998e-02
9.000000000000000000e+00 7.169862889099434256e-01 7.156701754058114595e-01 3.694005043801718013e-02 4.903729701925896300e-02
1.000000000000000000e+00 6.055322481359612929e-01 8.018560738437315871e-01 3.862053460137426786e-02 4.909539231702941819e-02
8.000000000000000000e+00 4.944345466833688363e-01 9.109365904843852446e-01 3.913260566698933962e-02 5.173869905413153170e-02
9.000000000000000000e+00 4.176477170515326964e-01 8.073693234644349070e-01 3.985483984310600469e-02 5.226700866412858915e-02
8.000000000000000000e+00 5.140309377222930243e-01 7.259774888621044475e-01 3.813991472370442670e-02 5.006472203310796676e-02
1.000000000000000000e+00 6.290059433834738201e-01 6.515557416654347289e-01 3.961460318290077609e-02 5.055838550689673028e-02
6.000000000000000000e+00 7.244936259184466820e-01 5.707467066622815555e-01 3.778123048615822377e-02 5.037524755509592556e-02
7.000000000000000000e+00 7.953325464085717611e-01 4.951669519333130043e-01 3.883937390165370651e-02 5.027605760168751825e-02
8.000000000000000000e+00 8.331889021460849865e-01 3.805696536419958531e-01 3.644316270451353201e-02 5.047024597087479414e-02
3.000000000000000000e+00 7.272665185846320934e-01 4.241820164452852482e-01 3.972604532322565607e-02 5.360281946397282837e-02
5.000000000000000000e+00 6.293301573535236004e-01 5.116192061113438161e-01 3.922646093614212681e-02 5.104442800317787743e-02
2.000000000000000000e+00 5.132213114521790853e-01 6.072281794344972505e-01 3.858201935350819012e-02 5.081403999082900746e-02
5.000000000000000000e+00 4.219432370565834867e-01 6.632180649226011582e-01 3.955641995077463502e-02 5.274173693995598544e-02
6.000000000000000000e+00 3.244707002411758578e-01 7.147812176909873472e-01 4.197373539332088788e-02 5.439578217365137469e-02
5.000000000000000000e+00 8.192932807417319108e-01 2.172437958548383841e-01 3.747691899198446475e-02 5.122610038238123442e-02
2.000000000000000000e+00 7.686725204650795007e-01 2.584249788988079444e-01 3.836376628226778607e-02 5.114555251241495459e-02
1.000000000000000000e+00 6.316209645694415009e-01 3.514494735689284721e-01 3.890696610985688864e-02 5.093046507798537625e-02
1.500000000000000000e+01 5.218839886508533921e-01 4.191460745081810879e-01 3.829588095954528093e-02 5.294718090669292554e-02
1.500000000000000000e+01 4.244974809469270749e-01 5.004517480974962629e-01 4.010926324605612603e-02 5.347921307108788325e-02
2.000000000000000000e+00 3.202679363258295608e-01 5.563937972960131262e-01 4.093089255574466900e-02 5.548347153271548926e-02
3.000000000000000000e+00 7.768058914643903856e-01 1.117568339121443183e-01 3.647417422067955606e-02 5.224303189643117462e-02
3.000000000000000000e+00 6.391747602292899844e-01 1.852812256630055887e-01 4.115058188813081053e-02 5.441720884502901368e-02
0.000000000000000000e+00 4.377577766302034878e-01 3.180358985710768915e-01 4.056634602780795351e-02 5.363822769793180623e-02
6.000000000000000000e+00 3.104905885765688600e-01 4.124311286360434758e-01 4.428614514932810442e-02 5.723899301307172616e-02
0.000000000000000000e+00 6.645591517837967643e-01 2.498161115724258780e-02 3.911583951647246149e-02 4.996322231448517559e-02
7.000000000000000000e+00 5.353530698063894144e-01 1.004804105756623156e-01 4.417411677996452291e-02 5.889857811118642816e-02
0.000000000000000000e+00 3.136548330935019502e-01 2.574552388224019550e-01 4.672265959290333726e-02 6.094483988346230396e-02
1.600000000000000000e+01 1.567287791028117161e-01 4.038332590576369507e-01 2.899055017680612911e-02 4.126741733561467562e-02
