1.600000000000000000e+01 3.697369311195543018e-01 8.639058741661320706e-01 4.173936557475105280e-02 3.246671687555846564e-02
9.000000000000000000e+00 7.742602652893992854e-01 1.901451231877450132e-01 4.455714167747670817e-02 3.361595694721306038e-02
6.000000000000000000e+00 8.083212564917410248e-01 3.028572987902579117e-01 4.649723614604106547e-02 3.688466298167075719e-02
2.000000000000000000e+00 8.594350456274555405e-01 3.976579175650423181e-01 4.708311156447497758e-02 3.531257188251191170e-02
7.000000000000000000e+00 8.734989737320243419e-01 4.827284218451928233e-01 4.405916543749466285e-02 3.413004208134901019e-02
3.000000000000000000e+00 8.486741256757646124e-01 5.219306068145557198e-01 4.222376389285853460e-02 3.668611565039836542e-02
2.000000000000000000e+00 7.695600115576431977e-01 5.804481151661624594e-01 4.598514601358405507e-02 3.850531897244702240e-02
3.000000000000000000e+00 7.018836887071220332e-01 3.754656975452437262e-01 4.635538259382421256e-02 3.699164866872262092e-02
6.000000000000000000e+00 6.903719632728224642e-01 2.866111961626488513e-01 5.081864799180746406e-02 3.393634826162389428e-02
9.000000000000000000e+00 6.518012261109924488e-01 1.691194431795331743e-01 4.555345147117439986e-02 3.346171651890000875e-02
1.000000000000000000e+00 5.185184988683690932e-01 1.331798005827243558e-01 4.692243948895813421e-02 3.485556761730947140e-02
8.000000000000000000e+00 5.301244360237462594e-01 2.274716492651592537e-01 4.692726322436102659e-02 3.519567073935414570e-02
7.000000000000000000e+00 5.952980441560939973e-01 3.405756044884306055e-01 4.865892468169141782e-02 3.608922305851353096e-02
2.000000000000000000e+00 6.119876029031752207e-01 4.336492813247815881e-01 5.140220087097335799e-02 3.854378975109196137e-02
0.000000000000000000e+00 6.819108336147967631e-01 6.837905718385367537e-01 5.280424040910969286e-02 4.306881087268932262e-02
1.500000000000000000e+01 6.050105460612786867e-01 5.851335106018319410e-01 5.043322557789164939e-02 4.071613814645980156e-02
7.000000000000000000e+00 5.265016023032023096e-01 6.370393451802349727e-01 5.045877350984007137e-02 4.246506976757835616e-02
0.000000000000000000e+00 4.615643423175216364e-01 5.085893755122234960e-01 5.122137034565565905e-02 4.178885352684696963e-02
1.500000000000000000e+01 4.293565587942043127e-01 3.985070885408811270e-01 5.314752957861196281e-02 4.034197111515064327e-02
6.000000000000000000e+00 4.335503054205900320e-01 3.017584101788887141e-01 5.053768029266431094e-02 3.935548744912537034e-02
8.000000000000000000e+00 3.920287374545059489e-01 1.639390491183277676e-01 5.438490703787374203e-02 3.548703031291461363e-02
3.000000000000000000e+00 3.902332954957378752e-01 6.675163415576038095e-02 4.918569445336828938e-02 3.544483751621198275e-02
5.000000000000000000e+00 2.595889281973843832e-01 1.203506296367047312e-01 5.441346236041269546e-02 3.791905646413527842e-02
1.000000000000000000e+00 3.060027018104985452e-01 2.600680263617775601e-01 5.197199717139755482e-02 3.956058553217944862e-02
5.000000000000000000e+00 3.020788312694440148e-01 3.515638057507996517e-01 5.768562242762803605e-02 3.989145804944094209e-02
0.000000000000000000e+00 1.113149990474296136e-01 1.756766563845158502e-01 5.765700755280010747e-02 3.745975943580931444e-02
8.000000000000000000e+00 1.436903775998511490e-01 2.919318656404146228e-01 5.960701747747038093e-02 3.747774422706440234e-02
5.000000000000000000e+00 1.907949875406276252e-01 4.586036556094508221e-01 5.702870112850794149e-02 3.842611442817833733e-02
1.000000000000000000e+00 2.254622359322873693e-01 5.864377950576997733e-01 6.238218391747088476e-02 4.676361353439795199e-02
1.300000000000000000e+01 1.565384563976041643e-01 8.092792741636605225e-01 3.857630530084446563e-02 3.361405127396743797e-02
