1.600000000000000000e+01 7.513706289299422192e-01 3.498251897076075367e-02 3.696990849503600796e-02 3.572295911373301464e-02
5.000000000000000000e+00 5.528454441347954162e-01 8.293388833578010377e-01 3.641946124499595427e-02 3.638808044383867735e-02
6.000000000000000000e+00 4.490120455641913866e-01 8.055345333423582499e-01 3.467692268705141467e-02 3.384151093133469512e-02
1.000000000000000000e+00 3.379643874591263808e-01 7.841391556090662185e-01 3.523743162519499261e-02 3.462492271636041785e-02
7.000000000000000000e+00 7.403833530139545260e-01 7.679094777123799398e-01 3.732028855554159197e-02 3.605286582627154068e-02
0.000000000000000000e+00 6.235485181370961083e-01 7.497146792183138064e-01 3.639292171985364366e-02 3.617138959569843326e-02
1.500000000000000000e+01 5.148412815956684430e-01 7.276200287439910097e-01 3.573462483907030585e-02 3.468855924807545676e-02
2.000000000000000000e+00 4.066494805461123851e-01 7.045146889907587529e-01 3.487424843113168249e-02 3.551875059170361837e-02
6.000000000000000000e+00 3.003847989936501151e-01 6.889165642995200844e-01 3.562899169614114347e-02 3.586195623112675701e-02
7.000000000000000000e+00 2.607498409631532343e-01 5.919568298299979769e-01 3.496267462918836721e-02 3.620959484617813917e-02
3.000000000000000000e+00 4.743452180493994419e-01 6.253565014141828637e-01 3.786726525229383578e-02 3.662034503530420260e-02
5.000000000000000000e+00 5.838107413199077333e-01 6.447237927975868477e-01 3.682035389621196586e-02 3.576355583790691295e-02
1.000000000000000000e+00 6.974791483684652516e-01 6.661947352667514366e-01 3.723396218804564395e-02 3.533227397218718924e-02
2.000000000000000000e+00 6.559955374259243133e-01 5.619730576104522424e-01 3.798231846843280746e-02 3.755920261044931596e-02
0.000000000000000000e+00 5.474157197694933252e-01 5.438857587753689327e-01 3.618107214772847691e-02 3.638213092391662240e-02
9.000000000000000000e+00 4.332064459478289775e-01 5.143663115885606096e-01 3.597689279001248241e-02 3.853334900473981417e-02
3.000000000000000000e+00 3.266963029521134931e-01 5.037783826151818189e-01 3.605283666195824299e-02 3.732034688416824286e-02
1.500000000000000000e+01 2.178446009845401710e-01 4.898314246881834144e-01 3.533396550236103661e-02 3.724626952827642112e-02
2.000000000000000000e+00 2.805028303905214848e-01 3.984700572258706996e-01 3.641313258900052974e-02 3.643459752362115944e-02
8.000000000000000000e+00 3.961204926500002665e-01 4.176871086490871465e-01 3.680603421836048383e-02 3.765136184061390612e-02
9.000000000000000000e+00 5.024600681591279150e-01 4.355361496263127075e-01 3.562432540600618536e-02 3.582529668925438227e-02
7.000000000000000000e+00 6.115545192888136583e-01 4.534496729003402171e-01 3.690738020722805768e-02 3.647359021056101325e-02
0.000000000000000000e+00 5.758126617000340897e-01 3.438802225992334538e-01 4.028122463202621351e-02 3.880230230239106737e-02
6.000000000000000000e+00 6.896456429687873868e-01 3.621280418149576685e-01 3.949553803055960710e-02 3.822729870051588819e-02
5.000000000000000000e+00 4.603164396413165771e-01 3.282252274969755801e-01 3.714314451629485703e-02 3.843191552293206970e-02
1.000000000000000000e+00 3.487205945204956414e-01 3.122284266423349663e-01 3.753931254874914858e-02 3.965168376419925256e-02
3.000000000000000000e+00 6.680747252334824360e-01 8.515541574321112694e-01 3.554039051220447831e-02 3.514918041301828833e-02
1.400000000000000000e+01 5.936185249113551388e-01 3.930049971141904436e-02 3.840945900165770865e-02 3.793384737965643794e-02
