9.000000000000000000e+00 3.738420526748627015e-01 5.129329883556925651e-01 3.376082450707895699e-02 4.575932301843421701e-02
1.100000000000000000e+01 3.093921261378254073e-01 3.017627559257769487e-01 2.571870487437649677e-02 3.802396958316917042e-02
1.000000000000000000e+01 2.361228423210443572e-01 5.964991739417283556e-01 2.357883359839377246e-02 3.081809476874153297e-02
2.000000000000000000e+00 8.341564349274350754e-01 3.936093456643091626e-01 3.467253725519858776e-02 4.530883963285792237e-02
1.500000000000000000e+01 7.812779978704418316e-01 3.159141822118471388e-01 3.372421162372318815e-02 4.568421055347648974e-02
1.000000000000000000e+00 7.967750364860590739e-01 5.163198577985466109e-01 3.360231451095241351e-02 4.120456001778138866e-02
6.000000000000000000e+00 7.508694533383716285e-01 4.427432472435449684e-01 2.910426183149428248e-02 4.060546496600730970e-02
5.000000000000000000e+00 7.693499907805139149e-01 6.369701091197517151e-01 3.171266317192922291e-02 4.185806854071150163e-02
7.000000000000000000e+00 7.317929106546264828e-01 7.515047511217088916e-01 2.925027586967199333e-02 3.770640272185921127e-02
7.000000000000000000e+00 7.240981895902849352e-01 5.420655506608784702e-01 3.205101105739938117e-02 4.186621688965841415e-02
1.000000000000000000e+00 6.627813442385463993e-01 6.637291503444178176e-01 2.967962276620128570e-02 4.143528407286434234e-02
1.500000000000000000e+01 3.341213261407461332e-01 6.471510336337760183e-01 3.664536737776791231e-02 4.512818143992913811e-02
8.000000000000000000e+00 6.457488066851190256e-01 7.612034738448598681e-01 3.062160471661723449e-02 4.083733744610973382e-02
0.000000000000000000e+00 7.241002130057954123e-01 1.810855713035223746e-01 3.322688890342806456e-02 4.728136897744603107e-02
5.000000000000000000e+00 6.909754518987329952e-01 3.029649381734399460e-01 3.735766432430887019e-02 4.903020153433151895e-02
0.000000000000000000e+00 6.491617070950790325e-01 4.459148690256248271e-01 3.136808097921106597e-02 4.332143544992367312e-02
2.000000000000000000e+00 6.342380880290168221e-01 5.712800339507799752e-01 3.376085185053179227e-02 4.575932301843421701e-02
3.000000000000000000e+00 5.570003805426060328e-01 7.957867620699812239e-01 3.139684629160111040e-02 4.409700514634173896e-02
9.000000000000000000e+00 5.315842309739290394e-01 6.039249721473661792e-01 3.373279746791557621e-02 4.498533924228120817e-02
3.000000000000000000e+00 5.628754768506533113e-01 4.391514522933644415e-01 3.371715701288979794e-02 4.421192967863762924e-02
1.000000000000000000e+00 5.948161023889284582e-01 3.273906805367171602e-01 3.673450703403358109e-02 4.822630402076893974e-02
2.000000000000000000e+00 6.228598757453882584e-01 2.141840826958559818e-01 3.496549500895052009e-02 4.736493056933202550e-02
5.000000000000000000e+00 4.653486402490277785e-01 8.222472948199683884e-01 3.060435099787373048e-02 4.831905301281003151e-02
0.000000000000000000e+00 4.885140134969936376e-01 7.049167027345312198e-01 3.293406786694025312e-02 4.283942506322024890e-02
3.000000000000000000e+00 4.801203527628247203e-01 3.574028270329331347e-01 3.494263588237450646e-02 4.655501749614415763e-02
7.000000000000000000e+00 4.219757307491285303e-01 2.824350226124963670e-01 3.503347083271646234e-02 4.969915910811750770e-02
6.000000000000000000e+00 3.844181037541841706e-01 4.083264396310536393e-01 3.614744310151030149e-02 4.819685512205790223e-02
