1.500000000000000000e+01 3.278107106987174779e-01 2.509713315514687793e-01 4.501444802276355350e-02 3.154221722986189080e-02
1.100000000000000000e+01 6.770478028274257154e-01 7.566259862658084590e-01 3.893647552358681097e-02 2.735031189346481817e-02
1.000000000000000000e+01 4.451160556016473535e-01 7.227507881785295574e-01 3.235969574322145048e-02 2.764592528137865823e-02
1.000000000000000000e+00 2.664162845407254121e-01 6.096426293420628140e-01 5.142589929745178257e-02 3.764437627895911298e-02
7.000000000000000000e+00 1.228545853972228541e-01 4.169384024572445613e-01 5.285395382657535890e-02 3.717776398310906893e-02
1.000000000000000000e+00 9.107147013015537418e-02 3.179816864833282519e-01 4.711550674038979258e-02 3.718625614952558722e-02
6.000000000000000000e+00 1.696357399589097925e-01 2.470667893020682404e-01 4.647485878089155364e-02 3.572847903794446056e-02
2.000000000000000000e+00 2.450169791963285881e-01 3.305713769435848493e-01 5.032791055290630755e-02 3.596994142798143335e-02
3.000000000000000000e+00 2.914865706841264226e-01 4.222624667584357061e-01 4.746153564791527613e-02 3.426390281844143848e-02
3.000000000000000000e+00 3.520616237156818373e-01 5.093510173671323971e-01 4.993146612576937482e-02 3.478646666644014118e-02
0.000000000000000000e+00 4.076753435099887968e-01 6.260098557906944583e-01 4.921301809736100541e-02 3.912561434396288895e-02
7.000000000000000000e+00 5.746863999691269598e-01 6.377353876962457147e-01 5.013753553108979411e-02 3.759895931299783722e-02
1.000000000000000000e+00 4.896228413785574385e-01 5.242859297664600460e-01 4.875567731231378321e-02 3.789957125456200338e-02
7.000000000000000000e+00 4.391883218883916307e-01 4.285133462155978901e-01 4.643839083840073378e-02 3.349681295074902199e-02
5.000000000000000000e+00 3.902026976711973072e-01 3.498890399951526398e-01 4.561322637695541804e-02 3.332538405970325579e-02
1.500000000000000000e+01 8.451469046716978406e-01 4.638335025430001535e-01 4.154668799097804843e-02 3.137699621996242749e-02
8.000000000000000000e+00 2.586917454708678177e-01 1.723753370314023425e-01 4.336973575424346583e-02 3.119957443932533381e-02
8.000000000000000000e+00 3.917004497750076752e-01 1.868252016090518886e-01 4.183762531257417816e-02 3.116595513493619629e-02
7.000000000000000000e+00 4.706541096205056340e-01 2.784529361000838144e-01 4.291537797701971968e-02 3.111435716177302080e-02
6.000000000000000000e+00 5.081739251673755842e-01 3.595179608208683986e-01 4.540363648492445892e-02 3.404875001992868633e-02
9.000000000000000000e+00 5.903497171932468035e-01 4.513880579790732206e-01 4.440983802264630853e-02 3.330710977754119950e-02
5.000000000000000000e+00 6.480281083845221834e-01 5.302662423518478274e-01 4.603630288294890960e-02 3.581082080345077134e-02
0.000000000000000000e+00 6.982443576986301359e-01 6.370265336659723943e-01 4.603839905060880255e-02 3.581662557543152658e-02
5.000000000000000000e+00 7.700146122178190833e-01 5.444798983955820848e-01 4.648558148468950879e-02 3.507667839153860712e-02
2.000000000000000000e+00 7.074472055735566700e-01 4.522114487601910371e-01 4.357432709262432091e-02 3.395971664227781517e-02
0.000000000000000000e+00 5.773751918498148950e-01 2.855863021420022574e-01 4.291564671646330709e-02 3.111505588432628144e-02
9.000000000000000000e+00 5.297612003155691696e-01 1.951040157812481690e-01 3.995859912321564344e-02 3.189488400164330884e-02
6.000000000000000000e+00 6.462768409266312908e-01 2.070164425328218649e-01 3.929846755405941305e-02 3.011687696911832801e-02
3.000000000000000000e+00 6.909930956628227428e-01 2.767564914886787020e-01 4.085178153782542676e-02 3.042590045526583076e-02
2.000000000000000000e+00 7.417583259122311201e-01 3.645539364385652625e-01 4.166170847282102407e-02 3.167403392692719200e-02
