1.300000000000000000e+01 7.890807574025797688e-01 4.399991956770813450e-01 3.308717012348783015e-02 4.020242792343858840e-02
6.000000000000000000e+00 5.900788496849904696e-01 7.664070817133010749e-01 3.717160959361165418e-02 5.092428509146629256e-02
9.000000000000000000e+00 3.720407048275664041e-01 8.979582473095755191e-01 3.813581019387712878e-02 5.367308703195217134e-02
8.000000000000000000e+00 2.697869360089282242e-01 9.444821403561408646e-01 3.746371669104703317e-02 5.052054044828113710e-02
2.000000000000000000e+00 5.972350519143277969e-01 6.303388847921043148e-01 3.792373084478839473e-02 5.056514893882024797e-02
5.000000000000000000e+00 4.976628233421618308e-01 6.782599483317890421e-01 3.708605667368564118e-02 5.170397404083781900e-02
8.000000000000000000e+00 3.958502540140453885e-01 7.196878883913373492e-01 3.556878639834565314e-02 4.968135412495688907e-02
5.000000000000000000e+00 2.892130612432244896e-01 7.654956610415417639e-01 3.703630104962285507e-02 5.107561663303439303e-02
1.000000000000000000e+00 1.737675236214936692e-01 8.309661816688829195e-01 3.649090845505820191e-02 4.978673950286682803e-02
7.000000000000000000e+00 6.225280660500375207e-01 4.764588723727920527e-01 3.501656003893294233e-02 4.838270616504919408e-02
1.500000000000000000e+01 5.289937740594359283e-01 5.065089865385387080e-01 3.594583573884813088e-02 4.848893485862126873e-02
6.000000000000000000e+00 4.372390380550075228e-01 5.717419393279008499e-01 3.649809117811120274e-02 4.978755373867849165e-02
2.000000000000000000e+00 3.068026921442316701e-01 6.385872389635405266e-01 3.675047519987739708e-02 4.674434739257415927e-02
8.000000000000000000e+00 2.173174930655722981e-01 6.796975979766883835e-01 3.589677803119525890e-02 4.787136607532249677e-02
6.000000000000000000e+00 9.966802266061253190e-02 7.210756951726224884e-01 3.556884455804647238e-02 4.968135412495688907e-02
3.000000000000000000e+00 6.476316540401330091e-01 3.205385740284706353e-01 3.924128070746679686e-02 4.949614455765311005e-02
1.000000000000000000e+00 5.443344711086943732e-01 3.801472511084456607e-01 3.649096661475914605e-02 4.978673950286682803e-02
2.000000000000000000e+00 4.453114155116472683e-01 4.187099680463647333e-01 3.826768731551677405e-02 4.876705454800639439e-02
1.500000000000000000e+01 3.376095803372216597e-01 5.011571744876305301e-01 3.932098857745885967e-02 5.073381207123706105e-02
0.000000000000000000e+00 2.263714027133258144e-01 5.322571439530449089e-01 3.640710032615740444e-02 4.855142745716678476e-02
0.000000000000000000e+00 1.306850127728629851e-01 5.881382640271348716e-01 3.738031568005205363e-02 4.927063031767187073e-02
3.000000000000000000e+00 5.581405953716147561e-01 2.410185744099971328e-01 3.632614202259720759e-02 4.730372739518920455e-02
7.000000000000000000e+00 4.566396602604884114e-01 3.122215477902754999e-01 3.679720651949697219e-02 4.736054942290335301e-02
9.000000000000000000e+00 2.612410658878790981e-01 3.728245231156973594e-01 3.695243476102122449e-02 4.983946127167232509e-02
3.000000000000000000e+00 1.462444193771051948e-01 4.592201480267628644e-01 3.556166183499354094e-02 4.968051080929480889e-02
1.000000000000000000e+00 4.793808302825841583e-01 1.350854338976142377e-01 3.603031270430873123e-02 4.973407589376234450e-02
7.000000000000000000e+00 3.723744978905741410e-01 1.958004975064671083e-01 3.834730794595753167e-02 5.000579801605567476e-02
5.000000000000000000e+00 2.738466430662724882e-01 2.566778557604953992e-01 3.687685622978825739e-02 4.859932197080299443e-02
0.000000000000000000e+00 1.841965903156010387e-01 3.077057814388465262e-01 3.632611294274695757e-02 4.730369831533881575e-02
1.100000000000000000e+01 9.125800032169826270e-01 4.256268576466980535e-01 3.655715235430723187e-02 4.417316517843311585e-02
