3.000000000000000000e+00 5.956688912240140077e-01 5.636308936058420649e-01 3.460389695479004768e-02 4.738065465912155716e-02
8.000000000000000000e+00 6.835120197246806750e-01 4.758452873229122027e-01 3.359659342494158984e-02 4.562121763750465187e-02
6.000000000000000000e+00 7.767690894704982751e-01 4.007611130095792285e-01 3.383117771819410535e-02 4.718258196654812053e-02
5.000000000000000000e+00 4.548431677100223669e-01 8.562301741485809359e-01 3.453424532016102777e-02 4.438741609233209928e-02
0.000000000000000000e+00 6.198610611851319563e-01 6.943042951809870189e-01 3.382542138475375104e-02 4.469080227575339404e-02
7.000000000000000000e+00 6.889890887598948410e-01 6.221673772946991754e-01 3.359659342494181189e-02 4.562119022639310462e-02
2.000000000000000000e+00 7.810028453048073471e-01 5.378736039933886826e-01 3.491227196052615334e-02 4.695994891796240189e-02
1.500000000000000000e+01 8.702921292323744229e-01 4.434844553376239840e-01 3.290939685660332348e-02 4.594047485455443613e-02
8.000000000000000000e+00 5.605799820602022088e-01 9.004498342377926789e-01 3.337555022082994149e-02 4.656287155502070174e-02
7.000000000000000000e+00 6.272389811668155346e-01 8.258278249719454012e-01 3.313137203851013179e-02 4.500652345940392429e-02
5.000000000000000000e+00 7.140152143809699314e-01 7.435026902961431317e-01 3.251538953816324184e-02 4.335324967309528432e-02
7.000000000000000000e+00 7.863882515827609332e-01 6.563481837416191844e-01 3.436887408375155495e-02 4.582540300796955623e-02
5.000000000000000000e+00 8.733778528897730986e-01 5.741499076903987531e-01 3.121692518067664679e-02 4.452134678371222343e-02
6.000000000000000000e+00 6.366618523087602677e-01 9.375447159611405290e-01 3.151110123059308599e-02 4.408803193120769404e-02
1.000000000000000000e+00 7.189891250512689957e-01 8.746140117905449873e-01 3.096863533161375859e-02 4.294345355436135492e-02
0.000000000000000000e+00 7.986846569670461582e-01 7.982543573368197087e-01 3.235678884632409158e-02 4.480044672223737479e-02
1.000000000000000000e+00 2.318112326279960778e-01 2.123664753218530987e-01 3.556451936154780835e-02 4.082317665936582851e-02
1.000000000000000000e+00 3.516713207186654699e-01 2.812593977922426824e-01 3.182117572524989502e-02 4.118577084388830301e-02
8.000000000000000000e+00 3.282953166060627037e-01 5.480744024831372130e-01 3.622301649601888940e-02 4.829689847616480680e-02
3.000000000000000000e+00 4.116201071115710985e-01 4.494622979710420907e-01 3.630163156414789594e-02 4.882489130820849565e-02
3.000000000000000000e+00 4.921032424975541608e-01 3.654297799745912512e-01 3.622915658502201541e-02 4.829854314286208261e-02
2.000000000000000000e+00 5.814501994039718014e-01 2.822624525997897149e-01 3.793029017222093735e-02 4.974867318094755575e-02
1.000000000000000000e+00 8.675760170040733854e-01 7.063127468376937390e-01 3.127624282622443186e-02 4.252680465772218366e-02
0.000000000000000000e+00 3.379271974741174800e-01 6.850085567747404847e-01 3.678132601751521458e-02 4.697409305155875181e-02
1.500000000000000000e+01 4.273783988380297494e-01 5.954619921534987093e-01 3.622427740715339350e-02 4.830528627632080241e-02
1.000000000000000000e+00 5.020412095435248245e-01 5.052579857255833362e-01 3.499069515087382953e-02 4.747980064985463100e-02
2.000000000000000000e+00 5.857317602169478388e-01 4.238092391105274803e-01 3.398012969874264488e-02 4.572982046174706161e-02
9.000000000000000000e+00 3.602549458561101758e-01 8.159269862766653780e-01 3.530326405668804401e-02 4.707079945335779225e-02
6.000000000000000000e+00 4.380570552366670478e-01 7.262308940415311831e-01 3.429267119344520109e-02 4.531347308733579826e-02
9.000000000000000000e+00 5.209863034014844407e-01 6.470466067685973766e-01 3.529602752322014148e-02 4.706153449762984220e-02
