0.000000000000000000e+00 9.072847409906501515e-01 3.362845890224524514e-01 3.605858536402528625e-02 5.033471936139388703e-02
2.000000000000000000e+00 8.471316819438767798e-01 2.216363302003472868e-01 3.546846147094118162e-02 5.029958891784455655e-02
6.000000000000000000e+00 7.652472063815327630e-01 5.130317196678751968e-01 3.845314170294289458e-02 5.128006045571925631e-02
7.000000000000000000e+00 7.104999569334919940e-01 7.839143361792384468e-01 3.676688041257381023e-02 5.354802897040500387e-02
6.000000000000000000e+00 5.798775363770114488e-01 8.517654662663394216e-01 3.802617169672772857e-02 5.383526538545124751e-02
0.000000000000000000e+00 6.243249507575323598e-01 6.947017570601959902e-01 3.856714674811512200e-02 5.443101915730896856e-02
1.000000000000000000e+00 6.804174878879988286e-01 3.972833966080400736e-01 3.803619288094517437e-02 5.597456302075876078e-02
5.000000000000000000e+00 7.295275960184863795e-01 2.638298507631170464e-01 3.856033459479846215e-02 5.444058995122474931e-02
1.000000000000000000e+00 7.751052930110562400e-01 1.042311338173431551e-01 3.683590272634229557e-02 5.512442317650070867e-02
8.000000000000000000e+00 6.514267367849533308e-01 1.163670412494066941e-01 3.862648567039228542e-02 5.602694904275018484e-02
8.000000000000000000e+00 6.139531939886750944e-01 2.902991621343772866e-01 3.972645138524377728e-02 5.371357555575262399e-02
7.000000000000000000e+00 5.683457149373911665e-01 4.268248624527519741e-01 4.080355979227290319e-02 5.079468045722440595e-02
3.000000000000000000e+00 5.452426066079452127e-01 5.802013951534821246e-01 3.962241122550147487e-02 5.734470661797130830e-02
1.500000000000000000e+01 5.030994453108083020e-01 7.405813281526242298e-01 3.869680285627885574e-02 5.160403182976525116e-02
1.000000000000000000e+00 4.661945624947883005e-01 8.933668361796667234e-01 4.012180962214334512e-02 5.169377209742187507e-02
5.000000000000000000e+00 5.372525700544011906e-01 1.575910826126079578e-01 4.456015270296886932e-02 5.669980400441701485e-02
7.000000000000000000e+00 5.206183331831758521e-01 3.461569614693646435e-01 4.193105561432886041e-02 6.223265181768322662e-02
8.000000000000000000e+00 4.824253059542857880e-01 3.196002462301390512e-01 3.981070252109569774e-02 6.211608517766892268e-02
6.000000000000000000e+00 4.391192368976047922e-01 5.057036864846612412e-01 4.022725725157910714e-02 5.454271595218379565e-02
2.000000000000000000e+00 4.115513532064897229e-01 6.507482237951186521e-01 4.186583346873284928e-02 5.470890997359045826e-02
1.500000000000000000e+01 3.947490081550746877e-01 7.740074103513512327e-01 4.479421491299517832e-02 5.321389566517198411e-02
5.000000000000000000e+00 3.917041726683735403e-01 1.813767855939996676e-01 4.252509227316064733e-02 5.941413745769427712e-02
9.000000000000000000e+00 3.626521121854798801e-01 3.567726045867086748e-01 4.334074910992841145e-02 6.230240601569225767e-02
0.000000000000000000e+00 3.272331514236584971e-01 5.116655029111074615e-01 4.667372179227946560e-02 5.589816556579646489e-02
2.000000000000000000e+00 2.693115370530251296e-01 6.804557429142676916e-01 4.680306825711066931e-02 5.968189449218264109e-02
1.500000000000000000e+01 2.406258972301330012e-01 3.490633582370147314e-01 3.111000636991789747e-02 4.398722808953930974e-02
3.000000000000000000e+00 2.100105038598991669e-01 4.006162285434218262e-01 3.641070613194086203e-02 3.975826020031653085e-02
9.000000000000000000e+00 8.386501851227621263e-01 5.117562143328524549e-01 3.729766538338041837e-02 5.198762362002740112e-02
8.000000000000000000e+00 8.262491385498401675e-01 6.426699670411871734e-01 3.484168706703916207e-02 4.947289751868000351e-02
3.000000000000000000e+00 7.931514190306028222e-01 7.672784666431686773e-01 3.236881911437594628e-02 4.616810237959223517e-02
