1.500000000000000000e+01 2.094892533524072564e-01 5.682620832229325902e-01 3.240378225692763792e-02 4.826876158707638087e-02
1.100000000000000000e+01 7.992804573273357693e-01 4.300513089593409610e-01 2.812317684357712455e-02 4.172418914651504496e-02
1.000000000000000000e+01 7.105430555190366260e-01 6.485459718109205518e-01 3.009762354083189706e-02 3.240372573758554253e-02
1.000000000000000000e+00 5.548723684804712786e-01 7.803796828341280634e-01 3.927596906402708310e-02 5.447650700833617243e-02
7.000000000000000000e+00 3.276327928104991183e-01 8.435547426704914642e-01 3.824799526973865493e-02 5.661723361007708899e-02
1.000000000000000000e+00 2.208412903836288188e-01 8.339171774926561476e-01 3.969339266517710185e-02 4.870622129500434827e-02
6.000000000000000000e+00 1.682337225906644917e-01 7.253295610227223911e-01 3.785264247168237950e-02 4.848206558419787537e-02
2.000000000000000000e+00 2.698127286914822065e-01 6.847380760114245568e-01 3.722095404459513368e-02 5.368020599735467968e-02
3.000000000000000000e+00 3.727809943511879442e-01 6.765908411060048699e-01 3.557985842710237323e-02 5.047900697961227312e-02
3.000000000000000000e+00 4.744609581268487419e-01 6.523592470440382485e-01 3.565943766079254784e-02 5.362227367169247749e-02
0.000000000000000000e+00 6.046393165285164351e-01 6.455148960129277746e-01 4.184573399172164532e-02 5.073961766607948398e-02
7.000000000000000000e+00 6.558278673289720251e-01 4.828637452376167705e-01 3.953691886654686627e-02 5.272539649142715668e-02
1.000000000000000000e+00 5.219178900136993704e-01 5.206036598814616223e-01 4.028195683423485551e-02 5.066927934482395868e-02
7.000000000000000000e+00 4.139184844669349106e-01 5.310163454468226352e-01 3.477304481848864093e-02 4.940287870584658680e-02
5.000000000000000000e+00 3.234669216616309906e-01 5.471716081180459934e-01 3.474775241289462802e-02 4.834562789234531088e-02
1.500000000000000000e+01 5.451854336573034310e-01 1.385169828963087879e-01 3.306556723368825335e-02 4.359466851395937814e-02
8.000000000000000000e+00 1.143135354667126624e-01 6.046301603950947623e-01 3.235811462850311793e-02 4.617387217178614556e-02
8.000000000000000000e+00 1.602091770471291698e-01 4.772387990125197543e-01 3.270381518451612179e-02 4.408714980143085826e-02
7.000000000000000000e+00 2.707818799804700971e-01 4.364718073141363730e-01 3.235704076100304194e-02 4.558759703608394886e-02
6.000000000000000000e+00 3.609757852349321228e-01 4.328451024293222260e-01 3.580370328152726600e-02 4.774720109808971991e-02
9.000000000000000000e+00 4.725522716841383808e-01 3.889468543990569627e-01 3.502500804561298198e-02 4.670060418057614404e-02
5.000000000000000000e+00 5.653105018796170667e-01 3.641761788520494481e-01 3.806956370669878353e-02 4.783161273553021564e-02
0.000000000000000000e+00 6.842829822687583885e-01 3.585934808351793901e-01 3.807691122117307092e-02 4.783189533224080359e-02
5.000000000000000000e+00 6.083673040743908800e-01 2.477449069930017789e-01 3.695449360621971824e-02 4.879066119211605823e-02
2.000000000000000000e+00 5.010197502300114403e-01 2.718017291193302043e-01 3.612134198418281983e-02 4.524398769572901546e-02
0.000000000000000000e+00 3.031311210722620331e-01 3.323859281835564450e-01 3.235794507047679014e-02 4.558765355542604425e-02
9.000000000000000000e+00 2.011055980389434006e-01 3.421887559177199112e-01 3.414887346390194089e-02 4.113732055772068019e-02
6.000000000000000000e+00 2.405620333623262330e-01 2.302809672149028763e-01 3.187883060741425467e-02 4.103790303494991853e-02
3.000000000000000000e+00 3.210916680498063780e-01 2.146811201185899187e-01 3.192534602597035809e-02 4.305066984615499304e-02
2.000000000000000000e+00 4.211672455206746379e-01 2.005897883930161663e-01 3.344662063819076048e-02 4.362041307429023740e-02
