0.000000000000000000e+00 2.975110720296527678e-01 7.546715497336623502e-01 4.560435382864869158e-02 3.694891540041855826e-02
1.100000000000000000e+01 6.715228744399359684e-01 2.067909718469132518e-01 3.857999519076082962e-02 2.484266795091075175e-02
1.200000000000000000e+01 9.093356608728280221e-01 2.356348833005176835e-01 3.184587524434723260e-02 2.752066793078769558e-02
1.500000000000000000e+01 8.001246757311319957e-01 4.270357541482865393e-01 5.338622175000751202e-02 4.140163021150095046e-02
8.000000000000000000e+00 8.106512802630390091e-01 6.522725534556048643e-01 5.022368186181347394e-02 3.766731895933028706e-02
0.000000000000000000e+00 6.809627965382856196e-01 8.222784112258838540e-01 5.188924319614673930e-02 3.655243473317104641e-02
1.000000000000000000e+00 6.682873181696814546e-01 7.081370505469916088e-01 4.926493509064644449e-02 3.773434103324668776e-02
9.000000000000000000e+00 6.866898156278367082e-01 5.789262846370011317e-01 5.136048812918536655e-02 3.655243473317104641e-02
7.000000000000000000e+00 6.747660520448308663e-01 4.936777032952501254e-01 5.083184723952216544e-02 3.498840556106952437e-02
5.000000000000000000e+00 6.610249284098228539e-01 3.765966482695029538e-01 5.137019319951396934e-02 3.891718929603049659e-02
5.000000000000000000e+00 5.263586284805612525e-01 3.331121672438636661e-01 4.821810053408537300e-02 3.734548170063956007e-02
7.000000000000000000e+00 5.261413490824987660e-01 4.418009339689081272e-01 4.717029547049134131e-02 3.773431248892211709e-02
6.000000000000000000e+00 5.517682723489332197e-01 5.366257936471254819e-01 4.769905053745271406e-02 3.498072713778022091e-02
0.000000000000000000e+00 5.458939930893080827e-01 6.725808983716994316e-01 4.978409926457716406e-02 3.537823540070939021e-02
2.000000000000000000e+00 5.435129682614860958e-01 7.516024068752187315e-01 4.863667450849251672e-02 3.570678057565679353e-02
6.000000000000000000e+00 5.408311433421267855e-01 8.861999149824453248e-01 4.579303181356619845e-02 3.525852050377387137e-02
9.000000000000000000e+00 3.944346388942658876e-01 2.855269657446626308e-01 4.873623711233426858e-02 3.733780327735020110e-02
6.000000000000000000e+00 4.094854617701174648e-01 3.680121995762940523e-01 4.821810053408537300e-02 3.498840556106957989e-02
1.000000000000000000e+00 4.036137229553724559e-01 4.873474569961281921e-01 4.585337451555060451e-02 3.549027187435582764e-02
2.000000000000000000e+00 4.108214217894970988e-01 5.969217114835208005e-01 4.695096088106526233e-02 3.630535506033505389e-02
3.000000000000000000e+00 4.296858377788065342e-01 6.959316972028342096e-01 4.805816668393508850e-02 3.549024333003125697e-02
1.000000000000000000e+00 4.177588915036194450e-01 8.050532529758848144e-01 4.760896464934383232e-02 3.602853220137425261e-02
3.000000000000000000e+00 2.785214891774289714e-01 3.018950806516735863e-01 4.822771997144059686e-02 3.685220722902665669e-02
8.000000000000000000e+00 3.037413846487146962e-01 4.295035251782515218e-01 4.751990635691677456e-02 3.734548170063956007e-02
8.000000000000000000e+00 2.841885794577009294e-01 5.705529212234390357e-01 4.701033307601670819e-02 3.503341996079956111e-02
7.000000000000000000e+00 3.033637432356345309e-01 6.529169130367742380e-01 5.005315806727511641e-02 3.617125382385344423e-02
3.000000000000000000e+00 1.627726263202279589e-01 3.843854381895520644e-01 4.695098942538977749e-02 3.602853220137419710e-02
2.000000000000000000e+00 1.738683761382579518e-01 4.871405534600199427e-01 4.760893610501931716e-02 3.537817831206058194e-02
5.000000000000000000e+00 1.679641681543989074e-01 5.977695064653723023e-01 4.519537074727200676e-02 3.389649951612960788e-02
1.500000000000000000e+01 1.588708740605646041e-01 7.088202589537999643e-01 4.671155963151849000e-02 3.571437336597271806e-02
