7.000000000000000000e+00 5.411664901313911757e-01 7.290880974580457030e-01 3.573267558161830060e-02 4.319633959692881220e-02
1.300000000000000000e+01 3.029243544079057715e-01 5.280459169192978086e-01 2.652396920604399577e-02 2.866780387814138464e-02
1.300000000000000000e+01 1.841324220191959959e-01 1.445567214498849062e-01 2.910021629815257027e-02 4.804435352656756530e-02
5.000000000000000000e+00 4.568159065133009511e-01 2.593811550777099795e-01 3.631646353085832279e-02 5.047027394611036666e-02
6.000000000000000000e+00 5.850790854393741469e-01 2.200401290999198789e-01 4.047685270160039650e-02 5.396914638462632641e-02
0.000000000000000000e+00 7.107407596709898190e-01 1.991874979566469195e-01 3.578007256380377754e-02 5.393580975122308496e-02
5.000000000000000000e+00 8.114926267537445614e-01 1.686814452126042252e-01 3.643036369498620086e-02 4.945594451036655625e-02
1.000000000000000000e+00 4.278940808903239912e-01 3.640589351720274758e-01 3.707730982383683482e-02 5.036689069609195935e-02
3.000000000000000000e+00 5.296589734248629000e-01 3.812610632202589889e-01 3.845522400450407385e-02 5.305791672412712989e-02
1.000000000000000000e+00 6.495745856433239318e-01 3.605328633289618390e-01 3.440913186257288370e-02 4.676129000522621926e-02
1.500000000000000000e+01 7.631134328243206477e-01 3.228738207479951994e-01 3.440913186257299472e-02 4.676126165774890930e-02
3.000000000000000000e+00 8.309355945416806444e-01 3.376481149219605626e-01 3.038532083786549265e-02 4.674218380546968366e-02
9.000000000000000000e+00 9.097284284388764686e-01 4.085901291314776307e-01 2.699382864367894097e-02 3.865637770401880724e-02
8.000000000000000000e+00 8.277462765561947045e-01 4.182500139570909381e-01 3.104819824900628689e-02 4.495308946535186978e-02
2.000000000000000000e+00 7.024308100658660514e-01 4.688386386212782253e-01 3.170404548575556092e-02 4.316391008280184849e-02
7.000000000000000000e+00 6.147342319547901557e-01 4.673462431531969496e-01 3.640898969703865173e-02 4.409804450502707862e-02
7.000000000000000000e+00 5.093554754397282558e-01 5.176935315686780337e-01 3.373346973913232683e-02 4.411491125407041025e-02
2.000000000000000000e+00 4.160097836881501143e-01 5.351119225218698983e-01 3.510769874773961297e-02 4.944650480039769480e-02
1.500000000000000000e+01 3.682915395414047000e-01 6.629795124010533502e-01 3.558478679210747009e-02 4.311662649052583340e-02
2.000000000000000000e+00 4.736658171550398588e-01 6.447838052705229250e-01 3.232939083683994408e-02 4.434152098827581767e-02
6.000000000000000000e+00 5.667530366078334936e-01 6.253244809881365329e-01 3.464787431709859256e-02 4.187818189858649731e-02
8.000000000000000000e+00 6.553442894526165796e-01 5.640446335761619689e-01 3.092052121086985572e-02 4.122738051281138461e-02
5.000000000000000000e+00 7.648393122898727858e-01 5.563709714483928703e-01 3.092312917878925482e-02 4.188776334594224160e-02
8.000000000000000000e+00 8.540598507850969412e-01 5.432798512653012057e-01 2.858621983823128598e-02 4.121076889106445318e-02
0.000000000000000000e+00 7.910819327828835235e-01 6.647944029455903348e-01 2.998358038838377926e-02 3.996897929679399386e-02
3.000000000000000000e+00 7.148154260701237162e-01 6.703321960424067916e-01 3.278589861262726224e-02 4.185227230425780931e-02
0.000000000000000000e+00 4.442296832498904280e-01 7.731882680238765237e-01 3.304232989304028978e-02 4.139162579677257980e-02
1.000000000000000000e+00 4.804672840986671245e-01 8.473010184474546458e-01 3.183166582893687258e-02 3.626283010364828030e-02
9.000000000000000000e+00 5.804442728871382906e-01 8.127401425384466194e-01 3.090300246984667432e-02 3.874510530822983245e-02
6.000000000000000000e+00 7.454937747817045324e-01 7.700193318746295645e-01 2.857204609953944985e-02 3.809611816100721970e-02
