5.000000000000000000e+00 5.445919774091818599e-01 5.298762994385680658e-01 4.045823592621122788e-02 5.223083407401052369e-02
3.000000000000000000e+00 1.316898635224564573e-01 3.967916804626253624e-01 4.024828483624647013e-02 4.438771499266008780e-02
2.000000000000000000e+00 1.933553067304762119e-01 2.980417611364605257e-01 3.279076858024243535e-02 4.476141064369182354e-02
2.000000000000000000e+00 2.900355249212611675e-01 2.119849035725327735e-01 3.340812907708529123e-02 4.042050663616980621e-02
8.000000000000000000e+00 3.519345662539501984e-01 1.096563485373891755e-01 3.345793285536624584e-02 4.151763981236490653e-02
3.000000000000000000e+00 1.401672696927082074e-01 5.179194328882602560e-01 3.544425588488936407e-02 4.829917992653925962e-02
8.000000000000000000e+00 2.415654477633699670e-01 4.310541004968915235e-01 3.772892752797776805e-02 4.412321956321191285e-02
6.000000000000000000e+00 3.143923331803906152e-01 3.148267359004691124e-01 3.296792614094723461e-02 4.808987020661958933e-02
3.000000000000000000e+00 3.815361780564845429e-01 2.325917327208651963e-01 3.434232637618334083e-02 4.270579176364908136e-02
7.000000000000000000e+00 4.595995292063245197e-01 1.200049099855961532e-01 3.346454175539559373e-02 4.152695362084525554e-02
1.500000000000000000e+01 1.605189869342080466e-01 6.790915981327778628e-01 3.656606786499189132e-02 5.390921582494667685e-02
0.000000000000000000e+00 2.441738021368031197e-01 5.471100240917063928e-01 3.704179712449495732e-02 4.734415204380426623e-02
9.000000000000000000e+00 4.964074493496088980e-01 2.576090963550889401e-01 3.455955562187673635e-02 4.711055391913490653e-02
9.000000000000000000e+00 5.449713059623482181e-01 1.604347722587274316e-01 3.544378182876906092e-02 4.829036805983338843e-02
1.000000000000000000e+00 2.610419876927435046e-01 7.013321919854342834e-01 3.710674281296988397e-02 5.377893404883893336e-02
0.000000000000000000e+00 3.398209126132815117e-01 5.858404927735124668e-01 3.548218037450973084e-02 4.903128989013794126e-02
7.000000000000000000e+00 4.289030150799256202e-01 4.957273182453135751e-01 3.677504295706202075e-02 4.734657809571368725e-02
5.000000000000000000e+00 5.232895963898185343e-01 3.861445194299658601e-01 3.668536269337130395e-02 4.548055377811888178e-02
8.000000000000000000e+00 6.153852038987892570e-01 2.569752554366536712e-01 3.525248624141907872e-02 4.442945981689669366e-02
5.000000000000000000e+00 6.872968960900032176e-01 1.670373840731596005e-01 3.881705363788789942e-02 4.660058107635686730e-02
1.500000000000000000e+01 3.905453636510460291e-01 7.427758232717311948e-01 4.332122815035677199e-02 5.431863299892236707e-02
6.000000000000000000e+00 4.352824858899883020e-01 5.947159666565078329e-01 3.631774611494048566e-02 5.186642434580501781e-02
0.000000000000000000e+00 6.037946990724761820e-01 4.132165259463377316e-01 3.907795181795314932e-02 5.209503093838446786e-02
1.000000000000000000e+00 7.148041976673857878e-01 2.905693818268038076e-01 3.807864151645545814e-02 4.560785178923437710e-02
6.000000000000000000e+00 4.921232508197656563e-01 7.884860154116324349e-01 4.342119822042234123e-02 5.707657996395010258e-02
2.000000000000000000e+00 6.205362419301732047e-01 6.977435313837947461e-01 4.148370297128545214e-02 5.873744952409110098e-02
1.000000000000000000e+00 6.710156338394198672e-01 5.455799940207559651e-01 3.894410067811637788e-02 4.934232647633363111e-02
7.000000000000000000e+00 7.536691309734195876e-01 4.395499111988708241e-01 4.401019900701219623e-02 5.439551374736606437e-02
1.600000000000000000e+01 6.763633493894013471e-01 8.221079995702611498e-01 3.239604714599475521e-02 4.233382502317362128e-02
1.200000000000000000e+01 7.149392757760042461e-01 7.673859169273474778e-01 3.570746857424744736e-02 3.903316745741602922e-02
