1.500000000000000000e+01 7.700542675249716362e-01 5.566574551823630923e-01 5.223778392881017751e-02 3.808351723032421532e-02
0.000000000000000000e+00 1.253785522681469533e-01 6.104500678358140142e-01 3.943262191497944047e-02 3.092596598944441499e-02
1.400000000000000000e+01 6.835738938225226491e-01 2.228804009275960618e-01 3.747219769980369986e-02 3.111741744104118412e-02
1.500000000000000000e+01 1.635849324667958682e-01 4.966860816580921378e-01 3.976282390669527711e-02 3.223214248271771831e-02
7.000000000000000000e+00 1.856862702423862088e-01 4.496183565288446315e-01 4.044592047746833896e-02 3.168622287848893437e-02
7.000000000000000000e+00 2.373368075557145684e-01 3.603490721241044970e-01 4.219932314462318534e-02 3.377209127478297823e-02
1.000000000000000000e+00 3.559572006703725089e-01 3.273240280023042015e-01 4.571595641213666017e-02 3.580467902196649010e-02
6.000000000000000000e+00 2.368102677523539756e-01 5.691345685156856682e-01 3.986386389412777120e-02 3.095208178947472799e-02
2.000000000000000000e+00 2.025705904701562698e-01 6.566993000504735001e-01 3.968599486707108381e-02 3.067778306949409117e-02
3.000000000000000000e+00 2.198016766220081131e-01 7.553610380738505770e-01 4.329469599198551566e-02 3.141112356844399933e-02
1.000000000000000000e+00 3.027561412548186448e-01 7.125149761899975953e-01 4.318979108700099490e-02 3.239253656112839330e-02
3.000000000000000000e+00 3.319660562445934104e-01 6.068194747136226308e-01 4.580617463042346849e-02 3.499075499205617223e-02
5.000000000000000000e+00 3.435883602416155980e-01 5.275545708022264524e-01 4.347032888817281560e-02 3.355637366227004481e-02
9.000000000000000000e+00 4.535004039476286941e-01 2.771623535529690319e-01 4.711743072962232270e-02 3.629152060075668818e-02
8.000000000000000000e+00 4.195385866308702916e-01 4.289979723395426214e-01 4.868396463313506839e-02 3.575012847137459815e-02
0.000000000000000000e+00 5.477472742578388676e-01 4.039164104428340507e-01 4.566670631990199514e-02 3.769194586919233370e-02
8.000000000000000000e+00 4.630345344011025377e-01 5.599754869008086722e-01 4.620881621968647712e-02 3.377336117626439371e-02
0.000000000000000000e+00 4.259584217340002810e-01 6.400583453989907579e-01 4.370051233495209075e-02 3.343689249680348308e-02
5.000000000000000000e+00 3.895265494129959150e-01 7.174080170240162424e-01 4.654084024396271113e-02 3.682316761659676363e-02
0.000000000000000000e+00 3.184151031759843153e-01 8.767309611415995407e-01 4.461898238464573341e-02 3.117530838466020526e-02
9.000000000000000000e+00 5.660023841183866589e-01 4.912641958734584868e-01 4.660013912183291751e-02 3.456768455287506647e-02
6.000000000000000000e+00 6.331071531488370319e-01 4.233203118326244185e-01 4.606495846708791309e-02 3.722081241959601661e-02
1.000000000000000000e+00 4.417973645835993057e-01 8.323773329534568388e-01 4.578041771559437922e-02 3.274722556619180658e-02
8.000000000000000000e+00 4.397954891276777412e-01 8.886991200464233742e-01 4.474238368077226857e-02 3.260300892839218534e-02
6.000000000000000000e+00 5.867480744560371608e-01 5.828369159261197474e-01 4.951632984107956492e-02 3.586582753895084519e-02
5.000000000000000000e+00 5.331986479362728071e-01 7.609441875433438085e-01 4.830904002403113573e-02 3.495558424233236039e-02
7.000000000000000000e+00 5.755260102780850318e-01 9.054172074096238365e-01 4.977616272679408205e-02 3.370903790557655544e-02
2.000000000000000000e+00 6.266041256953990279e-01 7.200653410869366500e-01 4.733370047321416862e-02 3.511713779600855734e-02
2.000000000000000000e+00 6.903811455004160713e-01 6.880226347773779061e-01 5.015834785958495079e-02 3.650353893504110214e-02
1.200000000000000000e+01 8.811397830194527270e-01 3.534970564189920950e-01 3.282231539291757816e-02 2.690515422726430517e-02
