7.000000000000000000e+00 3.758453779617834112e-01 8.411232746378128899e-01 3.670366806317620911e-02 4.985858418660904512e-02
8.000000000000000000e+00 5.135852406041356844e-01 1.655702459298388773e-01 3.339814015231090671e-02 4.179714311184051789e-02
2.000000000000000000e+00 4.158098452106028242e-01 2.077305589752317938e-01 3.140142254313887937e-02 4.551248174912353450e-02
3.000000000000000000e+00 3.306737632429183060e-01 2.423367571220713113e-01 3.285844540242349732e-02 4.563351563093095975e-02
2.000000000000000000e+00 2.410684007086553449e-01 2.913635099381812754e-01 3.560696069360541616e-02 4.201134931837036124e-02
1.500000000000000000e+01 5.880783853144934126e-01 2.280513992927931943e-01 3.275825305792579023e-02 4.367768895406898277e-02
1.500000000000000000e+01 4.819029899547313534e-01 2.913597267757731535e-01 3.285893707696030397e-02 4.564299402339022649e-02
9.000000000000000000e+00 3.085636236825817225e-01 3.718195195392630659e-01 3.482721950875444783e-02 4.097211323910038283e-02
2.000000000000000000e+00 2.183570114779500027e-01 3.968879008959761978e-01 3.184420277877378358e-02 3.972604607135243882e-02
6.000000000000000000e+00 6.587696566690923738e-01 3.229914442088959170e-01 3.743484272989272554e-02 4.992138195105849663e-02
7.000000000000000000e+00 5.553933644472979214e-01 3.611690569299980669e-01 3.803517733931816025e-02 4.706106533325993269e-02
8.000000000000000000e+00 4.783920923213724197e-01 3.962018373680104011e-01 3.666081043271895989e-02 4.888083473969034864e-02
6.000000000000000000e+00 3.683468769163918410e-01 4.436494544905725812e-01 3.509998961566684894e-02 4.679943984918150113e-02
6.000000000000000000e+00 2.752111136588104578e-01 4.869130988541570115e-01 3.212882770507335950e-02 4.557090907324590212e-02
5.000000000000000000e+00 1.798352538963441105e-01 5.352342987099677485e-01 3.500586125712285002e-02 4.485246331398196062e-02
5.000000000000000000e+00 6.514440884843919477e-01 4.581389391983762271e-01 3.832127728922818388e-02 5.290942468741516302e-02
3.000000000000000000e+00 5.444349223712356967e-01 5.066981914757513472e-01 3.730039705933174687e-02 4.700015232120174913e-02
8.000000000000000000e+00 4.438286152287299058e-01 5.321091607236017040e-01 3.587994932253424363e-02 4.784053336559057623e-02
1.000000000000000000e+00 3.388752222996649355e-01 5.767436483262715630e-01 3.598008703652788576e-02 4.979630541194846050e-02
1.000000000000000000e+00 2.401922093688365900e-01 6.079423916992431343e-01 4.024519975170265385e-02 4.728532355254211339e-02
3.000000000000000000e+00 1.507151056005467393e-01 6.574617750859684806e-01 3.428607705050865095e-02 4.381683284798154610e-02
5.000000000000000000e+00 2.079110035302351167e-01 7.640110616157103074e-01 3.676094814671274080e-02 5.083668873180435810e-02
9.000000000000000000e+00 3.071515207552836246e-01 7.127510684229785287e-01 3.730036974407974215e-02 4.700015232120169362e-02
0.000000000000000000e+00 4.118082563895235637e-01 7.020484609975612411e-01 3.837208365803018717e-02 5.389550528620734582e-02
5.000000000000000000e+00 5.116000500313262478e-01 6.473802345462781327e-01 3.817410271121457477e-02 4.997877129560301945e-02
1.000000000000000000e+00 6.344970778654321908e-01 5.976634438330300503e-01 3.618964965021032043e-02 5.371806540892887227e-02
1.300000000000000000e+01 7.542747312313533570e-01 5.130382799972044161e-01 2.366167319169365513e-02 3.610147601661195527e-02
1.100000000000000000e+01 7.303904660507523072e-01 5.937320415520781491e-01 2.672649910154645259e-02 3.927141101633024878e-02
0.000000000000000000e+00 6.023693427704406300e-01 7.649592013294131965e-01 3.936428287328030962e-02 5.885267722717157923e-02
0.000000000000000000e+00 2.791467224885771925e-01 8.721829833778800278e-01 3.462888346366221892e-02 5.162855788856313133e-02
