0.000000000000000000e+00 5.390805878820312813e-01 4.999508511508662378e-01 4.621524801126375426e-02 3.724889351741561550e-02
1.000000000000000000e+01 6.934903651059937113e-01 1.555666097935315961e-01 3.402254217891687027e-02 2.939928109647957366e-02
1.300000000000000000e+01 8.139687274470575051e-01 3.625720979635546071e-01 4.182954427844076672e-02 2.877781876207174960e-02
2.000000000000000000e+00 8.015839592310917139e-01 5.071303606351635906e-01 6.411575887085230185e-02 3.954608709931639599e-02
2.000000000000000000e+00 7.539455100009755384e-01 7.427310283559438453e-01 5.158563204070698571e-02 4.030700139470977383e-02
6.000000000000000000e+00 7.437530441953100757e-01 8.627206494862250663e-01 5.589666468803788923e-02 3.651542455476941562e-02
0.000000000000000000e+00 6.219966194671286974e-01 8.789295498167111198e-01 4.968731612262600184e-02 3.791422992229120936e-02
2.000000000000000000e+00 6.297959017082921385e-01 7.838515544686801562e-01 5.576336663549608108e-02 3.793906533851065799e-02
1.000000000000000000e+00 6.332875579300134561e-01 6.719531965569767173e-01 4.966962363584992435e-02 3.531326952939417563e-02
1.500000000000000000e+01 6.500569034937748736e-01 5.673344727694074052e-01 4.883598882415873810e-02 3.921512221082279481e-02
6.000000000000000000e+00 6.687979723120539566e-01 4.290648039708270245e-01 5.749662593781623698e-02 3.859846761738694454e-02
8.000000000000000000e+00 5.110126114698304578e-01 9.038426041848502956e-01 4.273455343895810055e-02 3.398990448592020819e-02
3.000000000000000000e+00 5.074140036160923461e-01 8.243241344624561151e-01 4.620195117337633217e-02 3.529997269150675354e-02
5.000000000000000000e+00 5.009218225175156025e-01 7.072892959877852270e-01 4.878236190771978453e-02 3.270351783872038620e-02
0.000000000000000000e+00 5.232018282558721367e-01 5.954373671174657545e-01 4.878686744783033991e-02 3.336204098781869742e-02
7.000000000000000000e+00 5.521374233402330800e-01 3.751328294990856072e-01 4.968737106823706284e-02 3.791428486790227037e-02
6.000000000000000000e+00 4.189950042419544607e-01 3.065319702849206296e-01 4.448792283494285016e-02 3.724219015286084344e-02
5.000000000000000000e+00 4.346558083652612425e-01 4.326136448373063548e-01 4.274018536409629476e-02 3.591670970335936186e-02
7.000000000000000000e+00 4.082622994514978343e-01 5.373397735581839640e-01 4.361975470667178723e-02 3.724620118247157219e-02
7.000000000000000000e+00 4.153151043565860290e-01 6.396563037132421137e-01 4.274488321384584122e-02 3.528662090800804840e-02
3.000000000000000000e+00 3.866298552128241139e-01 7.275618638244055747e-01 4.445860935141809911e-02 3.464122975996386522e-02
1.000000000000000000e+00 3.987142357728766795e-01 8.455609703011708334e-01 4.271996537920946801e-02 3.333044726143319370e-02
7.000000000000000000e+00 2.856147805388116190e-01 7.685580205464048742e-01 3.924418843909771581e-02 3.202026916462441530e-02
3.000000000000000000e+00 3.066883454941266018e-01 6.825276442510470609e-01 3.838703690585326678e-02 3.332105156193398976e-02
8.000000000000000000e+00 3.112737215777067190e-01 4.700670596556591474e-01 3.930836491286882062e-02 3.396935482736684886e-02
1.000000000000000000e+00 3.061502356517657453e-01 3.835871733158479069e-01 4.016787910739083589e-02 3.853247793844921665e-02
5.000000000000000000e+00 2.156799243054238202e-01 4.376265664573004699e-01 3.574679040101583216e-02 3.129789921542158737e-02
9.000000000000000000e+00 2.145830725437319897e-01 5.352576645709554715e-01 3.755543508177272560e-02 3.085272987424558799e-02
1.500000000000000000e+01 2.057939176456988484e-01 6.315087761888924511e-01 3.633481833106599890e-02 2.859836639620150223e-02
9.000000000000000000e+00 2.041180078249698049e-01 7.108521891943047066e-01 3.392416206223264341e-02 2.904029394632223759e-02
