0.000000000000000000e+00 4.691698877378668309e-01 6.677483713259958487e-01 3.813873841608561577e-02 5.239779550406864495e-02
1.600000000000000000e+01 7.184690570503675655e-01 3.969469571450702228e-01 2.859994172620605735e-02 3.619286388804138221e-02
1.600000000000000000e+01 9.042024494186475803e-01 6.472987612705249916e-01 2.693191403541861373e-02 3.459370623953794688e-02
1.000000000000000000e+00 5.395227659325052549e-01 7.921598839610768383e-01 4.018697134030824181e-02 5.437899255379996521e-02
0.000000000000000000e+00 3.369852755386602006e-01 8.640418960112259406e-01 3.820290470548182160e-02 5.326174770117708679e-02
6.000000000000000000e+00 1.706055040112785248e-01 8.070367597617161826e-01 3.545227426667402204e-02 5.037281509412250280e-02
2.000000000000000000e+00 2.596189390796273533e-01 7.587006400847325915e-01 3.942638337332907139e-02 5.255973477016140372e-02
7.000000000000000000e+00 3.820886892725222084e-01 7.197105815626277936e-01 3.729525789821286352e-02 4.974476054184839846e-02
8.000000000000000000e+00 5.884083076134847268e-01 5.971836763346414223e-01 3.955010094928801401e-02 5.427988832628616311e-02
2.000000000000000000e+00 5.946762802118391589e-01 4.664329248074505219e-01 3.988906699073679896e-02 5.008218824901933264e-02
9.000000000000000000e+00 4.910928818229529647e-01 5.266426184411326927e-01 3.666474792776469593e-02 4.966565465994632333e-02
5.000000000000000000e+00 3.987814059797021859e-01 5.752786245522379938e-01 3.771158440382527122e-02 4.804288949694868194e-02
3.000000000000000000e+00 2.905440434834163366e-01 6.345045238318988146e-01 3.792609328552759562e-02 5.101276215369821010e-02
3.000000000000000000e+00 1.970099173061601594e-01 6.780265743031826942e-01 3.466192544808932574e-02 4.666903865344385061e-02
8.000000000000000000e+00 9.130996324276985376e-02 7.094870486190066883e-01 3.459920874291640136e-02 4.567835137852371830e-02
2.000000000000000000e+00 6.320871794310524150e-01 3.025291466752573766e-01 3.715917448132821654e-02 4.437650641256185580e-02
0.000000000000000000e+00 5.151131136540159083e-01 3.673333714631825675e-01 3.841874483800145068e-02 4.806200034201552063e-02
1.000000000000000000e+00 4.150133176122945411e-01 4.203024954430305549e-01 3.652984784493978898e-02 4.992915357172716950e-02
6.000000000000000000e+00 3.187230289095007718e-01 4.712961319599860976e-01 3.861257495700748388e-02 5.019253415010188624e-02
7.000000000000000000e+00 2.233861228753897255e-01 5.169917304324325169e-01 3.564045396554429979e-02 4.558025298496093392e-02
6.000000000000000000e+00 1.319543967389465999e-01 5.569843391534075039e-01 3.788671784468550241e-02 4.728354403073253831e-02
9.000000000000000000e+00 1.502423069255293953e-01 4.378523453847990021e-01 3.255316498670451919e-02 4.071121791218040853e-02
5.000000000000000000e+00 2.383670137398914146e-01 3.852996366606180056e-01 3.271542966966373145e-02 4.308146561744419234e-02
5.000000000000000000e+00 3.428079595302869209e-01 3.280968540397590782e-01 3.548330720239400993e-02 4.460980072246450989e-02
1.500000000000000000e+01 4.409416756148919481e-01 2.690434996577024118e-01 3.784707615367999267e-02 4.669433241897355535e-02
1.500000000000000000e+01 5.349436772877433910e-01 2.253345859466898693e-01 3.646053405238325329e-02 4.592194069474728191e-02
8.000000000000000000e+00 4.548263553896849665e-01 1.694949893711212296e-01 3.556253141770204795e-02 4.579357853260326849e-02
7.000000000000000000e+00 3.642920993875958802e-01 1.872315250525092845e-01 3.364955357652216206e-02 4.378093438023114570e-02
1.000000000000000000e+00 2.588466361054555520e-01 2.578081569261926886e-01 3.438330944369377695e-02 4.154718425877301780e-02
0.000000000000000000e+00 1.810740166886434244e-01 2.931541530026149367e-01 3.544369509474001867e-02 4.401860702615534304e-02
