7.000000000000000000e+00 5.534904897594581374e-01 8.141020197143610249e-01 4.832792893777315690e-02 3.453710449267721749e-02
6.000000000000000000e+00 5.890993155325416897e-01 9.206681095440890639e-01 4.927409507617286355e-02 3.397775157400739765e-02
6.000000000000000000e+00 4.346933838777541914e-01 8.820710713912426337e-01 3.996835059766856713e-02 3.047287230326922725e-02
1.500000000000000000e+01 3.221334167156736372e-01 8.302596742112813288e-01 4.702966428412941324e-02 3.238005899123541642e-02
0.000000000000000000e+00 2.014427134836921374e-01 7.777243285310380116e-01 4.032009543645651006e-02 3.666645440699811687e-02
6.000000000000000000e+00 1.734852017409765357e-01 7.061430975877356353e-01 4.316145046918720696e-02 3.237129869747013000e-02
0.000000000000000000e+00 2.958809383602346577e-01 7.305007407252996909e-01 4.412462028337316156e-02 3.380972805135651349e-02
5.000000000000000000e+00 4.418223177820824743e-01 7.831891738993833618e-01 4.699935693240769874e-02 3.668223381812807382e-02
3.000000000000000000e+00 6.820851272322310255e-01 8.366082210146573717e-01 4.714817310289032282e-02 3.357428835494769004e-02
5.000000000000000000e+00 8.258522398298006051e-01 8.192357967136747465e-01 4.869656862882254522e-02 3.178131195650379937e-02
9.000000000000000000e+00 5.408613292382082882e-01 6.993165706565334094e-01 4.856195392835671587e-02 3.388323834251627531e-02
8.000000000000000000e+00 4.066783452991180603e-01 6.788644950088791319e-01 4.883697818199644880e-02 3.621663236627414850e-02
2.000000000000000000e+00 2.789472361004226575e-01 6.511247255368139975e-01 4.441071733068491234e-02 3.413070303844134568e-02
0.000000000000000000e+00 1.439998213097381241e-01 6.005028783089885192e-01 4.551677243323921929e-02 3.579695444198449650e-02
3.000000000000000000e+00 7.901600824424229730e-01 6.972429655929106573e-01 5.592506245561534861e-02 3.777612789175976982e-02
7.000000000000000000e+00 6.460408441237279753e-01 6.544107334928295217e-01 5.273773023092354073e-02 3.478358977687689979e-02
2.000000000000000000e+00 5.471160157512431343e-01 6.429989273343613698e-01 5.194560379220836133e-02 3.839974110196142654e-02
1.000000000000000000e+00 3.871991247593775665e-01 5.883051486527319796e-01 4.890869288499316569e-02 3.524930005225579421e-02
2.000000000000000000e+00 2.434458327494873064e-01 5.417927769948469585e-01 4.891435170829488976e-02 3.668555293564146336e-02
8.000000000000000000e+00 9.142789732214301468e-02 5.003123779286071660e-01 4.893282450166926145e-02 3.884085726068275957e-02
1.500000000000000000e+01 7.829560739087625398e-01 5.942541498839490899e-01 5.179629791586304322e-02 3.883993226071991156e-02
3.000000000000000000e+00 6.302495440238311541e-01 5.564062528774300631e-01 5.177774350484487531e-02 3.669186470009344614e-02
9.000000000000000000e+00 5.069530070731718130e-01 5.327999545625752287e-01 4.699369810910603018e-02 3.524500152301690559e-02
7.000000000000000000e+00 1.891176875090281873e-01 4.185102102642136446e-01 4.796886571692685064e-02 3.954954326157900102e-02
5.000000000000000000e+00 7.508253840251404299e-01 4.774539692895416465e-01 5.465313309502950467e-02 3.741771761206358349e-02
1.000000000000000000e+00 6.178212173180297473e-01 4.333513585641064481e-01 5.276493611218169288e-02 4.167908361706873510e-02
1.000000000000000000e+00 4.665561366398044418e-01 3.763659060776287646e-01 5.085720530659060268e-02 4.314659605802023679e-02
8.000000000000000000e+00 3.139711082205725035e-01 3.529208706239320703e-01 5.467288456482310988e-02 4.242963946922140295e-02
1.400000000000000000e+01 5.139123123078548350e-01 1.791920842319359441e-01 4.156626082749087514e-02 3.177070166281295571e-02
1.400000000000000000e+01 5.352202169651906205e-01 2.984251779637440150e-01 4.062278807133590242e-02 3.047434142085725384e-02
