1.000000000000000000e+00 5.898763928205940088e-01 9.686961365104410637e-01 3.271961358516928264e-02 4.416860115997334191e-02
3.000000000000000000e+00 3.003607020148830742e-01 6.846114469711875872e-01 3.713016636962390704e-02 4.792293225857124916e-02
6.000000000000000000e+00 4.066968829132252550e-01 7.374586771286444353e-01 3.604049564395378491e-02 4.714445202294648141e-02
2.000000000000000000e+00 5.895932829161844024e-01 8.425840663752743875e-01 3.105125239059769449e-02 4.196454879327382592e-02
3.000000000000000000e+00 6.780779731120702980e-01 9.109524298343284476e-01 3.097988450218192025e-02 4.090894917817511356e-02
5.000000000000000000e+00 3.003789183947954688e-01 5.303803135978077954e-01 3.980790221524754813e-02 4.917633439894808500e-02
1.500000000000000000e+01 4.063175502020371921e-01 6.000521058405712260e-01 3.697035183660574154e-02 4.892743960811307691e-02
2.000000000000000000e+00 5.068058411394836815e-01 6.725722198866204149e-01 3.556661056082499606e-02 4.625618389763619387e-02
6.000000000000000000e+00 5.941517843861885417e-01 7.373532381296573623e-01 3.397543497600108431e-02 4.608050023365861669e-02
1.000000000000000000e+00 6.685411438163573195e-01 7.941701414767872169e-01 3.644744813116718163e-02 4.664614403046474234e-02
0.000000000000000000e+00 7.676656399111276841e-01 8.490018482215724305e-01 3.186890144310927653e-02 4.418490229994243013e-02
2.000000000000000000e+00 3.923781890891512303e-01 4.610018266720846136e-01 4.009651303438171999e-02 5.290486015936157749e-02
0.000000000000000000e+00 4.999237792103743971e-01 5.404889212182657499e-01 3.638866610523627809e-02 4.908140761919899120e-02
5.000000000000000000e+00 6.094651789552825161e-01 6.019418860529557325e-01 3.577132523025983168e-02 4.881868854005111391e-02
9.000000000000000000e+00 6.905126324435899576e-01 6.481416783745150845e-01 3.434206662230143703e-02 4.522679282913089072e-02
7.000000000000000000e+00 7.654278332404639285e-01 7.187027179630111062e-01 3.436142062593972035e-02 4.524171154026856989e-02
7.000000000000000000e+00 8.554031849248981967e-01 7.672424438851463968e-01 3.091300950746778131e-02 4.456155655526983228e-02
6.000000000000000000e+00 5.084790552352651538e-01 3.282065627553110154e-01 4.091059081241232853e-02 5.623988331306623012e-02
9.000000000000000000e+00 6.020129371347643366e-01 4.405944698656637515e-01 3.823901829532805330e-02 5.211019398617039444e-02
8.000000000000000000e+00 6.845129777175582575e-01 5.200418483835457240e-01 3.394237188645254921e-02 4.806733847024052819e-02
0.000000000000000000e+00 7.800313506046863132e-01 6.055565630389916354e-01 3.680509399006426374e-02 4.851576382239286556e-02
8.000000000000000000e+00 8.825367780106005977e-01 6.446656186794175181e-01 3.051515801006043915e-02 4.517045885425552409e-02
7.000000000000000000e+00 9.045881595040419221e-01 5.048323951822050182e-01 3.508782937558552195e-02 5.082591760189458796e-02
8.000000000000000000e+00 8.113058652515386937e-01 4.493800786942692138e-01 3.563198792430521955e-02 5.289100707044797067e-02
3.000000000000000000e+00 6.178740327264582444e-01 2.719846510170516041e-01 3.824137994458176593e-02 5.301196959318649204e-02
1.000000000000000000e+01 3.109463627845415190e-01 1.153741416205028847e-01 2.915095995897531989e-02 4.168103568045512797e-02
5.000000000000000000e+00 4.081505500302361478e-01 8.454732562308854282e-01 3.394649037234570566e-02 4.363584764911188074e-02
1.500000000000000000e+01 3.171670621205776586e-01 8.036877607718653227e-01 3.531463410572038830e-02 4.600342982631377975e-02
1.000000000000000000e+00 4.818822189439150305e-01 9.192012098670800935e-01 3.391918740292759749e-02 4.468344069722929301e-02
