9.000000000000000000e+00 3.777922336722430163e-01 5.459651415679384057e-01 3.394545766182099911e-02 4.583480152991836754e-02
1.100000000000000000e+01 2.830836634459455992e-01 3.551800343963104067e-01 2.615197402847763142e-02 3.774109676900122556e-02
1.000000000000000000e+01 2.546780964400994218e-01 6.644711822159095060e-01 2.360839504652087473e-02 3.100007464265874813e-02
2.000000000000000000e+00 8.130024089021664624e-01 3.072792883837601741e-01 3.471523220636263396e-02 4.557738681483108900e-02
1.500000000000000000e+01 7.494610641272853035e-01 2.447690430696486952e-01 3.390641053043097486e-02 4.576241478880338498e-02
1.000000000000000000e+00 7.944103765989084520e-01 4.378613884342933416e-01 3.341589294734803595e-02 4.178652226904366884e-02
6.000000000000000000e+00 7.383399581632813513e-01 3.775660319662604847e-01 2.936871128679330312e-02 4.054310574634151232e-02
5.000000000000000000e+00 7.853089649840451214e-01 5.637930519683036490e-01 3.178749311234718711e-02 4.205450138721256170e-02
7.000000000000000000e+00 7.653323647569114652e-01 6.863773638058980886e-01 2.924182868978197902e-02 3.799387412273580455e-02
7.000000000000000000e+00 7.267207611739852080e-01 4.823412709689847144e-01 3.208900392029712112e-02 4.211643348527799313e-02
1.000000000000000000e+00 6.844239096360795749e-01 6.181998924786683558e-01 2.995164681683459840e-02 4.136883046720374324e-02
1.500000000000000000e+01 3.586041357951138542e-01 6.884856345008764089e-01 3.645805687474107382e-02 4.573963958215987446e-02
8.000000000000000000e+00 6.821125280018542902e-01 7.185910002425504040e-01 3.072995520386545554e-02 4.097989579375227454e-02
0.000000000000000000e+00 6.732219928485032590e-01 1.271790047688735603e-01 3.361318660489820420e-02 4.711026798196939203e-02
5.000000000000000000e+00 6.586948410109625396e-01 2.558217685337062508e-01 3.742191459589638836e-02 4.929449261910331948e-02
0.000000000000000000e+00 6.387415922306404203e-01 4.074848879735298857e-01 3.161291978142455328e-02 4.330203391111525635e-02
2.000000000000000000e+00 6.426388416874602161e-01 5.347616058198897404e-01 3.394543022181295555e-02 4.583480152991836754e-02
3.000000000000000000e+00 5.999201000264900996e-01 7.760006282688221013e-01 3.170802684916695924e-02 4.399813203416569340e-02
9.000000000000000000e+00 5.464778581174967176e-01 5.939279705985980318e-01 3.385213419459887074e-02 4.514254500798853265e-02
3.000000000000000000e+00 5.528436930143978412e-01 4.235655284242200169e-01 3.377173497114638323e-02 4.445522768749959885e-02
1.000000000000000000e+00 5.677054757495496595e-01 3.051902668543968744e-01 3.679891665416912261e-02 4.848457334285144471e-02
2.000000000000000000e+00 5.785189792238266682e-01 1.864192243291251661e-01 3.515427233442980359e-02 4.744610623993272824e-02
5.000000000000000000e+00 5.136673054667252325e-01 8.261834088270372245e-01 3.142333676612346638e-02 4.767289790608741917e-02
0.000000000000000000e+00 5.190697902826191257e-01 7.046402532131458285e-01 3.295758993366193490e-02 4.311774681735913717e-02
3.000000000000000000e+00 4.593064955697874763e-01 3.649391692830302736e-01 3.506245806764773931e-02 4.672273274892618788e-02
7.000000000000000000e+00 3.909880786414441367e-01 3.064998412363970637e-01 3.542644977382336524e-02 4.953530612934803345e-02
6.000000000000000000e+00 3.726941408651396892e-01 4.402579850133757078e-01 3.627453810120906397e-02 4.836627946834537450e-02
