3.000000000000000000e+00 7.501422981394096912e-01 8.216532332297150631e-01 3.439336863007547151e-02 4.541620737655682749e-02
0.000000000000000000e+00 6.501760269821357241e-01 8.201018470451406639e-01 3.412974680753444456e-02 4.550663646260122430e-02
2.000000000000000000e+00 5.469751725444422785e-01 8.398565967234608021e-01 3.412974680753444456e-02 4.550663646260122430e-02
3.000000000000000000e+00 4.413524439036466407e-01 8.428203538245797599e-01 3.531362434509721648e-02 4.497397514123635531e-02
9.000000000000000000e+00 8.069706100668732063e-01 6.864150077268402761e-01 3.444535526845138307e-02 4.379632216791384813e-02
7.000000000000000000e+00 6.907302157037462642e-01 6.979794700144952291e-01 3.513305434727898025e-02 4.501431953908907602e-02
0.000000000000000000e+00 5.957912599629066053e-01 7.114091114497381740e-01 3.453042431306685422e-02 4.656302570294901244e-02
1.000000000000000000e+00 4.999050033517701830e-01 7.235887105349397830e-01 3.439466541429203605e-02 4.717724034283055090e-02
5.000000000000000000e+00 3.891277159454552548e-01 7.367366328034621326e-01 3.656896910171342219e-02 4.830636476902161469e-02
9.000000000000000000e+00 8.481486384489959063e-01 5.888356264162446507e-01 3.398542913292978973e-02 4.501287866773717727e-02
3.000000000000000000e+00 7.581483845364498375e-01 5.820424655232211419e-01 3.373004909452159694e-02 4.584806533814389518e-02
2.000000000000000000e+00 6.458549114326869178e-01 5.770391550235091094e-01 3.339812996990154659e-02 4.629006703404803247e-02
1.500000000000000000e+01 5.404047991798471839e-01 5.826314360970177297e-01 3.439302282095102470e-02 4.498342725730475333e-02
1.000000000000000000e+00 4.334234729413594667e-01 6.100298065750975329e-01 3.438535738535897224e-02 4.497276480930090248e-02
0.000000000000000000e+00 3.170860647101100271e-01 6.157184243071931462e-01 3.571750058503059266e-02 5.026813993203993469e-02
2.000000000000000000e+00 8.984164613893383944e-01 4.409104854338830037e-01 3.362423150243931680e-02 4.630000904637604497e-02
5.000000000000000000e+00 7.840426005928701203e-01 4.494322164616221249e-01 3.555805376123100103e-02 4.886916911906785677e-02
6.000000000000000000e+00 6.965377629572263585e-01 4.639679571988529760e-01 3.555073413476339539e-02 4.813403655533610159e-02
8.000000000000000000e+00 5.801150695506589461e-01 4.797713477340450616e-01 3.505899355979202880e-02 4.673466229838552088e-02
5.000000000000000000e+00 4.506090481382741264e-01 4.767444228328594491e-01 3.492340756557987813e-02 4.762027946610808415e-02
1.000000000000000000e+00 3.686458017219795269e-01 4.736803378595086378e-01 3.650778970411239222e-02 4.656559045395547436e-02
6.000000000000000000e+00 4.305825357142750720e-01 3.554302017260591029e-01 3.650897121862101136e-02 4.814590933527568284e-02
7.000000000000000000e+00 5.200401574757014256e-01 3.523333945643070675e-01 3.453123120102385979e-02 4.761976075242135842e-02
1.500000000000000000e+01 6.255618810347298719e-01 3.576412908590940742e-01 3.492216841621720302e-02 4.603027792930314277e-02
6.000000000000000000e+00 7.486692953563778286e-01 3.405750486275425093e-01 3.571556981741907943e-02 4.762131689348142460e-02
8.000000000000000000e+00 8.352041672153597274e-01 3.362676213559367966e-01 3.453002086908818491e-02 4.602973039818941681e-02
8.000000000000000000e+00 6.759744539110825734e-01 2.346147670551408659e-01 3.657755669497064765e-02 4.952450622733212127e-02
7.000000000000000000e+00 4.803317170115065649e-01 1.995749514930423019e-01 3.413167757514606881e-02 4.814279705315566149e-02
1.000000000000000000e+01 2.634106530661274870e-01 3.346923743417751229e-01 2.534930732856455204e-02 2.903292375708516060e-02
1.600000000000000000e+01 2.017456530020839134e-01 4.115786817322763524e-01 2.282345984871037015e-02 3.306465470422126351e-02
