1.600000000000000000e+01 1.087145628858864344e-01 8.426157037043822129e-01 3.907070401249747305e-02 3.263151310549561313e-02
1.400000000000000000e+01 2.350359196422667774e-01 6.978183242749769200e-01 3.928357521961614585e-02 2.812948577054674715e-02
6.000000000000000000e+00 2.417412440422586628e-01 4.099352539551010532e-01 6.005806125799659223e-02 4.318177549296819961e-02
1.500000000000000000e+01 3.461445622132960365e-01 1.967512050471373897e-01 5.076566070528792940e-02 3.691141654223917268e-02
1.000000000000000000e+00 4.051901062306344503e-01 1.004343978412548244e-01 4.867496770452889310e-02 3.456520691839094772e-02
3.000000000000000000e+00 3.218706906122532629e-01 5.140897281168137489e-01 5.452254984713827968e-02 4.321964628308944123e-02
6.000000000000000000e+00 4.103324375824262127e-01 3.818913704051378755e-01 5.080409496057153307e-02 3.716868287293778605e-02
8.000000000000000000e+00 4.602556733859288762e-01 3.023962521556592398e-01 4.704889621420826895e-02 3.528688716709976747e-02
3.000000000000000000e+00 4.899783569029829700e-01 1.745299925483960179e-01 4.758712406848469856e-02 3.430082313301027752e-02
9.000000000000000000e+00 5.501042415728879531e-01 9.174784096230310937e-02 4.602211440812453702e-02 3.312771832108615810e-02
1.500000000000000000e+01 6.629899791257746200e-01 1.222449925169585561e-01 4.297169195560002208e-02 3.131244116046510984e-02
9.000000000000000000e+00 6.266536825779143172e-01 2.064789120938123057e-01 4.390947592209548667e-02 3.293866093109154569e-02
5.000000000000000000e+00 6.028979023656098057e-01 2.849143303093024104e-01 4.586612352634100720e-02 3.207661854483856434e-02
2.000000000000000000e+00 5.462117945754039194e-01 3.819541226305854797e-01 5.049193526063688875e-02 3.506132316579790853e-02
5.000000000000000000e+00 5.031343194495904170e-01 4.718911103639398252e-01 4.829542943360326523e-02 3.436612577971898119e-02
8.000000000000000000e+00 4.256683727019620611e-01 5.890587827937605603e-01 5.149825438450938986e-02 3.719801271744038740e-02
6.000000000000000000e+00 5.264857689238264804e-01 6.941743950701446675e-01 4.844021032426260032e-02 3.957915718135363026e-02
0.000000000000000000e+00 5.822072836682340435e-01 5.819900530201226330e-01 4.608854398515793704e-02 3.781574847172852749e-02
7.000000000000000000e+00 6.240669326418706309e-01 4.674825589338164056e-01 4.651345602968237625e-02 3.628036521648309032e-02
3.000000000000000000e+00 6.696494849112502035e-01 3.756914594277315222e-01 4.730040926903866794e-02 3.687043186569444186e-02
7.000000000000000000e+00 7.222503516502691845e-01 3.012329783280148776e-01 4.304814528131084561e-02 3.181958946262941623e-02
7.000000000000000000e+00 7.565847751005915223e-01 1.865903860550230942e-01 4.234304277079914414e-02 3.175731173416063147e-02
0.000000000000000000e+00 8.297997182430919549e-01 2.799625243225333238e-01 4.210282867527670447e-02 3.104337171741861079e-02
0.000000000000000000e+00 7.895453222048307573e-01 3.662433942099121431e-01 4.123716824956036309e-02 3.065179308565579852e-02
5.000000000000000000e+00 7.036097378377195177e-01 5.436506081640936072e-01 4.442050916827400275e-02 3.304521515889558003e-02
2.000000000000000000e+00 6.543658779116587887e-01 6.768737903818156099e-01 4.406173014017134015e-02 3.573116461957182022e-02
2.000000000000000000e+00 9.051299689171272700e-01 3.561458612523465961e-01 3.961207540925837378e-02 3.127575661279086150e-02
1.000000000000000000e+00 8.756075379531615965e-01 4.407393902270160257e-01 3.998135268301739043e-02 3.147913788033318561e-02
1.000000000000000000e+00 8.107860904930753732e-01 6.427758443633077023e-01 4.271362491124985894e-02 3.406212149660770017e-02
8.000000000000000000e+00 8.220313723302599129e-01 5.548380903380468743e-01 3.863710274204856798e-02 3.322499020174229933e-02
