3.000000000000000000e+00 3.697770998232993156e-01 1.761568356830728321e-01 3.399299548702999774e-02 4.368102388598160690e-02
1.000000000000000000e+01 8.045142621001426519e-01 5.500378361591864440e-01 2.971984764345725338e-02 4.246458142471420949e-02
2.000000000000000000e+00 7.728514256301384222e-01 5.949491916198901276e-01 3.302599198624411869e-02 3.932504696109972997e-02
9.000000000000000000e+00 5.402109166256876538e-01 8.076228062934791563e-01 3.821831957378207800e-02 5.850451480839125029e-02
6.000000000000000000e+00 3.755350593256954195e-01 8.308327937454489387e-01 3.931704659382068145e-02 5.766224565841704397e-02
2.000000000000000000e+00 2.630926185330020872e-01 8.402511294660119923e-01 3.931701685267841029e-02 5.831791888159243431e-02
5.000000000000000000e+00 1.337393790983349984e-01 8.109832579621081283e-01 3.421064116639122021e-02 5.425331592783677603e-02
2.000000000000000000e+00 1.223150033295462291e-01 6.824606588907754512e-01 3.534925105825592606e-02 5.193505336773163172e-02
7.000000000000000000e+00 2.298376494921799407e-01 6.731026084656572817e-01 3.656572326066553913e-02 5.661238333517959465e-02
1.500000000000000000e+01 3.596001865271981623e-01 6.719269113693426831e-01 3.973018080152873610e-02 5.133124869672966994e-02
7.000000000000000000e+00 4.577973934272470125e-01 6.394539261830498589e-01 3.715052334173690740e-02 5.189311835708676490e-02
3.000000000000000000e+00 5.787316143932473844e-01 6.568162697180137677e-01 4.422894495059925823e-02 5.582204221966369229e-02
0.000000000000000000e+00 7.152925179433662628e-02 5.511764163099088787e-01 3.302596224510174344e-02 5.032344034870628313e-02
8.000000000000000000e+00 2.838208563656360317e-01 5.289750699579469639e-01 3.774234233239143199e-02 5.111372198193764316e-02
9.000000000000000000e+00 5.155538441539035954e-01 4.972750273189238679e-01 3.892782426452290334e-02 5.033432560678863243e-02
5.000000000000000000e+00 5.542162584645293766e-01 1.295089692762493860e-01 3.686105280371787529e-02 4.532365691642721572e-02
1.000000000000000000e+00 6.559145182834369425e-01 4.902084426846973764e-01 4.364411512838561880e-02 5.112371500575096928e-02
6.000000000000000000e+00 7.242745041219362800e-01 3.761507455830467306e-01 4.104848667517813077e-02 4.906598485220547978e-02
5.000000000000000000e+00 5.695130201843802142e-01 3.979105698069739239e-01 3.608171591085351793e-02 5.286015159901497062e-02
3.000000000000000000e+00 4.760616519730703766e-01 3.736222131468709962e-01 3.750875540075654380e-02 5.283918409369248170e-02
8.000000000000000000e+00 3.490809526832084897e-01 4.121874631455982319e-01 3.821831957378213351e-02 4.623778066620132243e-02
7.000000000000000000e+00 2.577613998109167248e-01 3.996970458721600394e-01 3.396908360861969345e-02 4.907591839373415254e-02
0.000000000000000000e+00 1.548039297681125803e-01 4.094168229405183990e-01 3.609765716312696160e-02 4.529174467073793231e-02
3.000000000000000000e+00 2.355482759666035486e-01 2.848538257200463608e-01 3.378944710911954696e-02 4.459618857573627304e-02
2.000000000000000000e+00 3.050011298201080745e-01 2.832909881743952418e-01 3.549688608863982298e-02 4.459612909345167520e-02
8.000000000000000000e+00 4.205138528265673914e-01 2.684174280389214351e-01 3.652682184653538444e-02 4.550028956055485185e-02
0.000000000000000000e+00 4.610845331801032287e-01 1.606169103837662426e-01 3.481132301745160085e-02 4.478281424367727692e-02
1.000000000000000000e+00 5.372070315121093564e-01 2.476198041212984702e-01 3.720444403272926692e-02 4.732954825894145068e-02
1.500000000000000000e+01 6.440254371661895405e-01 2.391369165495395577e-01 3.856861074780726373e-02 5.005294465947560112e-02
1.000000000000000000e+00 2.798648978047072466e-01 1.690325829739240393e-01 3.195025486920438640e-02 4.314015147208935530e-02
