3.000000000000000000e+00 6.494362293201887404e-01 1.285842918923208178e-01 4.434223016218008517e-02 3.290074755455846267e-02
1.500000000000000000e+01 5.196052636708492489e-01 1.282492724196781231e-01 4.871681296222918345e-02 3.474607419439657008e-02
7.000000000000000000e+00 7.587455159482769940e-01 2.015456671946612710e-01 4.286001096509139963e-02 3.357974006330388672e-02
8.000000000000000000e+00 6.221513743309793343e-01 2.307519401667584014e-01 4.508858359228362644e-02 3.411700965634723026e-02
9.000000000000000000e+00 8.120424531720410455e-01 2.710178722878970325e-01 4.385940716064440359e-02 3.325596135724806501e-02
5.000000000000000000e+00 8.701476771156044787e-01 3.656875248044307858e-01 4.182546994100366788e-02 3.265152609189403421e-02
2.000000000000000000e+00 6.953483455017468451e-01 2.943051424948941452e-01 4.695628019441133727e-02 3.392890114552365999e-02
2.000000000000000000e+00 7.786478928838493907e-01 3.741737317767429016e-01 4.288148836030691857e-02 3.087316987531918411e-02
9.000000000000000000e+00 8.636537495840310719e-01 4.412970489904973759e-01 4.684225475072101297e-02 3.616215974985381720e-02
0.000000000000000000e+00 3.659447933171208200e-01 1.641060208202936299e-01 5.206221014063394659e-02 3.595636725387865718e-02
6.000000000000000000e+00 4.853528488001199737e-01 2.329111296503157402e-01 4.978998540498397185e-02 3.579707192390924053e-02
5.000000000000000000e+00 5.899057989013816172e-01 3.144474386706578306e-01 4.513650328706331205e-02 3.436745839873828201e-02
8.000000000000000000e+00 6.585085599864795025e-01 3.853114626520292574e-01 4.588759847974699380e-02 3.441554544984437580e-02
8.000000000000000000e+00 6.862928899316969034e-01 4.556403508335183927e-01 4.448102434217093837e-02 3.488796446642489224e-02
1.000000000000000000e+00 8.384544612411432007e-01 5.345984938072720905e-01 4.349869849190612925e-02 3.313950924682562693e-02
0.000000000000000000e+00 3.240002772426363586e-01 2.458398521448167950e-01 5.304503805987786924e-02 3.807267167880737380e-02
5.000000000000000000e+00 4.247676830271783222e-01 3.205038270333351313e-01 5.090128719742681440e-02 3.631752220615386273e-02
2.000000000000000000e+00 5.237513492999810172e-01 4.073649262356913714e-01 4.706310931606816350e-02 3.486779802909911741e-02
7.000000000000000000e+00 6.202411692219573780e-01 4.976342788633593694e-01 4.695628019441122625e-02 3.392887325280258271e-02
3.000000000000000000e+00 7.234814181383680820e-01 5.478434639731428746e-01 4.506877976033152322e-02 3.380157087388802051e-02
3.000000000000000000e+00 8.040089311161601193e-01 6.473353216772848029e-01 4.313503319473555031e-02 3.320963154756861879e-02
6.000000000000000000e+00 2.963320368024674467e-01 3.610610986259377153e-01 5.086884796283491772e-02 3.866692610097482996e-02
6.000000000000000000e+00 3.833658058945410008e-01 4.328745768858056064e-01 5.061837132772273318e-02 3.641166013972885196e-02
7.000000000000000000e+00 5.044663637986945837e-01 5.190446478702793742e-01 4.569762115661241131e-02 3.384391202445602431e-02
1.000000000000000000e+00 5.911382387813848283e-01 6.125263215041785170e-01 4.518185685150577502e-02 3.474529319820696127e-02
1.000000000000000000e+00 6.883857923636569343e-01 6.629522888420344984e-01 4.218556496987857507e-02 3.550051651360730531e-02
1.500000000000000000e+01 4.631437159402261305e-01 6.270026437339311087e-01 5.110495984660146096e-02 3.747587901902360574e-02
0.000000000000000000e+00 2.425618856195727313e-01 4.546115975490505057e-01 5.239762011137144571e-02 3.965418896286709849e-02
1.100000000000000000e+01 2.319968062539934373e-01 7.695234865073412589e-01 3.337782465555591549e-02 2.932121887558225559e-02
1.200000000000000000e+01 3.269613406175656545e-01 7.391169339626222357e-01 3.729061556574808645e-02 2.582151916427777305e-02
