1.300000000000000000e+01 6.498693853975436863e-01 9.859162589253303022e-01 2.262194032497510943e-02 2.816748214933928463e-02
6.000000000000000000e+00 3.749429165212992965e-01 1.172944088448259203e-01 3.175934460423840422e-02 4.137076430604687272e-02
0.000000000000000000e+00 4.606820620667123611e-01 1.747084868966258253e-01 3.085274412204991323e-02 4.113718082558784350e-02
9.000000000000000000e+00 5.453690490209303077e-01 2.051239482539492509e-01 3.207553411564711965e-02 4.203444249646656750e-02
3.000000000000000000e+00 6.430022744471320939e-01 2.676951867556139342e-01 3.249034713437359834e-02 4.185612779930492078e-02
5.000000000000000000e+00 3.104563727182698685e-01 1.989283261361437516e-01 3.085158384549324673e-02 4.112925698568861699e-02
9.000000000000000000e+00 4.009703392886941886e-01 2.478431237154249400e-01 3.126158596142358803e-02 4.201768923496526642e-02
2.000000000000000000e+00 4.724423564006303700e-01 2.933535566797006999e-01 3.191881188221107335e-02 4.194665767015393065e-02
7.000000000000000000e+00 5.737339055106089880e-01 3.420532927542874191e-01 3.357030991378673335e-02 4.357701602885560854e-02
3.000000000000000000e+00 6.654918300469330195e-01 3.791399905696554717e-01 3.451930293943639150e-02 4.479516491622614893e-02
6.000000000000000000e+00 2.174857044853636956e-01 2.804986687619840380e-01 3.129186634961009239e-02 4.222673711116470274e-02
1.000000000000000000e+00 3.028483685875630327e-01 3.317456929687582212e-01 3.115577439934025250e-02 4.174193960647093471e-02
1.000000000000000000e+00 4.113752608078433681e-01 3.807568925502423651e-01 3.361437212351220394e-02 4.358833580014020992e-02
1.500000000000000000e+01 4.829485898727772786e-01 4.297157664889632578e-01 3.220890932080877622e-02 4.396701044904038902e-02
3.000000000000000000e+00 5.770675781539418292e-01 4.709410575842881697e-01 3.349888215698049176e-02 4.405363499879627609e-02
8.000000000000000000e+00 6.726841014274964614e-01 5.075539097736802008e-01 3.514500329719594252e-02 4.538820773382962193e-02
8.000000000000000000e+00 1.480762204500632451e-01 3.498754103588436193e-01 3.008186769756440726e-02 4.182163079631495695e-02
2.000000000000000000e+00 2.326006271892052668e-01 3.979245708782726543e-01 3.201938805007528699e-02 4.465409226659111663e-02
2.000000000000000000e+00 3.033397881584584121e-01 4.225058787143380346e-01 3.170619827805687407e-02 4.398758413335024375e-02
5.000000000000000000e+00 4.180388705699849550e-01 5.168893393018545446e-01 3.275197534819029865e-02 4.337405252972165171e-02
0.000000000000000000e+00 5.100766198524657735e-01 5.480451278509088642e-01 3.318257944785873992e-02 4.453152744300648003e-02
1.500000000000000000e+01 6.005491419102739759e-01 6.040927963109373744e-01 3.437016495276090655e-02 4.553836449992054725e-02
8.000000000000000000e+00 1.316814136562073356e-01 4.784064608962363963e-01 3.177080587266407907e-02 4.382506051713069839e-02
1.000000000000000000e+00 2.263971944292133553e-01 5.186830561099079473e-01 3.317621207651125226e-02 4.452994267502657921e-02
5.000000000000000000e+00 3.187071276122338537e-01 5.960710686894903354e-01 3.274323082487295977e-02 4.512898497141093479e-02
0.000000000000000000e+00 4.242444116373785823e-01 6.341448364111665903e-01 3.409492471397435054e-02 4.721963352997493590e-02
7.000000000000000000e+00 5.081241149527168099e-01 6.962828531160532020e-01 3.536177691729719408e-02 4.813042232753883543e-02
6.000000000000000000e+00 1.523456278369284544e-01 6.144995431432060951e-01 3.287374778778504036e-02 4.604283010722143299e-02
7.000000000000000000e+00 2.641905289670263279e-01 6.736353018085465827e-01 3.345538593581917630e-02 4.746295201373873507e-02
1.300000000000000000e+01 6.594923512660624265e-01 7.269560939649566400e-01 2.349407210360177078e-02 3.274923030365384236e-02
