8.000000000000000000e+00 3.041324428513006439e-01 2.517662274029772718e-01 3.745933167981485568e-02 3.904573885596793192e-02
1.400000000000000000e+01 1.564932502648303247e-01 8.186896360006428175e-01 3.668886659459652533e-02 3.590796462006140555e-02
1.400000000000000000e+01 8.449179488021216211e-02 5.943728580559092256e-01 3.520627167751454178e-02 3.247804097839912529e-02
3.000000000000000000e+00 7.365277436234514141e-01 6.314633361514161436e-01 4.325759424524466823e-02 4.012118376287554522e-02
6.000000000000000000e+00 7.537113443433782756e-01 5.217868255427310364e-01 4.134895159039875256e-02 4.291159049061410435e-02
7.000000000000000000e+00 7.763998614596709924e-01 4.211885160837294251e-01 4.069535183382344545e-02 3.951701311410477091e-02
6.000000000000000000e+00 7.907021571038360674e-01 3.003564737074506663e-01 3.895971105629270070e-02 3.856405554021913318e-02
8.000000000000000000e+00 6.251016207214035170e-01 6.672994671412730838e-01 3.886664183529164873e-02 4.318116838374086441e-02
1.500000000000000000e+01 6.426979377924738612e-01 5.542593280118659482e-01 3.994127962275872967e-02 4.072296088502957989e-02
3.000000000000000000e+00 6.810230303148956388e-01 3.419745300519935194e-01 4.198924779205781554e-02 4.002917214665863144e-02
1.000000000000000000e+00 7.149296727029776921e-01 2.338804606015211507e-01 4.069529617041378611e-02 3.951704094580960058e-02
1.000000000000000000e+00 4.795188153949477838e-01 7.125444677660743853e-01 3.872303023829254398e-02 4.106785137146617970e-02
2.000000000000000000e+00 5.198290320971290512e-01 5.940811817891358260e-01 3.673317466870951176e-02 4.219798557839382624e-02
9.000000000000000000e+00 5.453033915415657074e-01 4.872578940660241553e-01 4.066846640694332660e-02 3.910493689217275914e-02
2.000000000000000000e+00 5.715685610474623424e-01 3.649000202191869935e-01 3.640787770248365973e-02 3.798295737476475864e-02
5.000000000000000000e+00 5.929059323886548549e-01 2.579328286661753955e-01 3.708825155911932292e-02 3.552544566867457676e-02
1.500000000000000000e+01 6.340792102580730116e-01 1.628393799401297581e-01 3.552121524953821829e-02 4.255695890748181776e-02
5.000000000000000000e+00 4.066551477100904810e-01 6.197388130099754644e-01 3.652863946980505760e-02 3.965311015079564516e-02
7.000000000000000000e+00 4.392605744015641855e-01 5.050543350107808971e-01 3.646746538255618564e-02 3.882302955379984821e-02
0.000000000000000000e+00 4.669123472745330683e-01 3.978730202365459157e-01 3.929227209748309413e-02 3.734349612425080789e-02
0.000000000000000000e+00 4.937712922874407662e-01 2.874777419343917395e-01 3.507156622606583118e-02 3.663442777992009791e-02
3.000000000000000000e+00 5.259303819283185355e-01 1.914329777050463033e-01 3.703292212988784637e-02 3.467780326592168061e-02
5.000000000000000000e+00 5.474577046550768156e-01 8.822060320020264079e-02 3.830471971447535484e-02 3.477142912101953420e-02
6.000000000000000000e+00 3.254897695248668565e-01 5.481536086030158739e-01 3.773904031350505672e-02 3.890599586594223336e-02
9.000000000000000000e+00 3.572645589852477821e-01 4.242201541132103459e-01 3.442523054445517650e-02 3.911108769894350301e-02
8.000000000000000000e+00 3.904145964771244537e-01 3.217132019993627079e-01 3.429837363377263859e-02 3.742376276102321597e-02
7.000000000000000000e+00 4.197440506022848683e-01 2.089576142202888565e-01 3.584879441556132473e-02 3.583741124827985458e-02
1.000000000000000000e+00 4.388005998155943277e-01 1.303389622710354190e-01 3.336116880482908886e-02 3.611219367021245574e-02
2.000000000000000000e+00 3.310500153504639109e-01 1.458346257555354908e-01 3.599499436111108785e-02 3.794379816604814826e-02
0.000000000000000000e+00 2.557243411391839638e-01 4.682698247624852428e-01 3.676882708261561272e-02 3.948534063399133931e-02
