1.500000000000000000e+01 4.217514200052721596e-01 3.906124595169988556e-01 5.024418803069630179e-02 3.932116759644732618e-02
1.600000000000000000e+01 5.987935009083793503e-01 7.965342144138976010e-01 3.191526274063505308e-02 2.310793231944197057e-02
1.400000000000000000e+01 4.785443518864774815e-01 9.038830808445655896e-01 3.697854905803499292e-02 2.732021483270763440e-02
8.000000000000000000e+00 6.697688251590059316e-01 6.309622423751568565e-01 4.744608216608370288e-02 3.765971309091442620e-02
0.000000000000000000e+00 5.217537847431796827e-01 6.219687694278405177e-01 5.131297917263594188e-02 3.848463248725897401e-02
3.000000000000000000e+00 3.761461663163679914e-01 5.893557196667724707e-01 5.670878346522795210e-02 4.087525681634662789e-02
1.000000000000000000e+00 1.838380547501447804e-01 5.714814956772303889e-01 5.387658737570294454e-02 3.873354061962586137e-02
5.000000000000000000e+00 3.190603525327443957e-01 4.874289020528288496e-01 5.202634114638060581e-02 3.902573838858081068e-02
7.000000000000000000e+00 4.638355406511470158e-01 5.241816142878421569e-01 5.274797094580851997e-02 3.956102187744992005e-02
9.000000000000000000e+00 6.211834424361766249e-01 5.334038207083755534e-01 4.888054992213552996e-02 3.873487977449008302e-02
2.000000000000000000e+00 7.506604456186911634e-01 5.487596184154861501e-01 4.664858633239288288e-02 3.664731201358240043e-02
7.000000000000000000e+00 8.293211214108130447e-01 4.650550886075265344e-01 4.688253086475535625e-02 3.433357264093689354e-02
6.000000000000000000e+00 7.001501151147671020e-01 4.518904684909251790e-01 4.369633209808643226e-02 3.403249569299093835e-02
0.000000000000000000e+00 5.715989628484702267e-01 4.297456505274003247e-01 4.791729000590705390e-02 3.677782138871688034e-02
6.000000000000000000e+00 2.808574374720250177e-01 3.734815683693032407e-01 5.313766501128946995e-02 3.819752932920034150e-02
3.000000000000000000e+00 1.144478968458853552e-01 3.552160345948244258e-01 5.669891447612011859e-02 4.086754211984633400e-02
2.000000000000000000e+00 7.720696017687762591e-01 3.761907951078204970e-01 4.358850101945621613e-02 3.666274140658282166e-02
5.000000000000000000e+00 5.188831607314645655e-01 3.266840738384242937e-01 4.638081358367818208e-02 3.577936498920986086e-02
8.000000000000000000e+00 3.647043980446168510e-01 2.973800466347218951e-01 5.237457963519603910e-02 4.027455852356809363e-02
7.000000000000000000e+00 2.191294142396043587e-01 2.708864105859080107e-01 5.312171160116818669e-02 4.034367055938542501e-02
3.000000000000000000e+00 6.414544102256537761e-02 2.417973905180646477e-01 5.495594619624474125e-02 3.773595758198677874e-02
8.000000000000000000e+00 1.684490692920518895e-01 1.775165742137084779e-01 5.239268733792487587e-02 3.581429946392800101e-02
1.000000000000000000e+00 3.322654966400188092e-01 2.032309968039340553e-01 5.103158197878115976e-02 3.678320712023602779e-02
0.000000000000000000e+00 4.745296383837741550e-01 2.370727357089328080e-01 4.789414591640628327e-02 3.592041293088438225e-02
5.000000000000000000e+00 5.960599073737462561e-01 2.597723131309818689e-01 4.941551317831960333e-02 3.606748706944784555e-02
0.000000000000000000e+00 7.217740309481819327e-01 2.769302348284906068e-01 4.401959243747832762e-02 3.500099578042725756e-02
2.000000000000000000e+00 6.906473557501846550e-01 2.036468480573602191e-01 4.356020409493466250e-02 3.370562545787816888e-02
9.000000000000000000e+00 5.627660720366083336e-01 1.709344242717502349e-01 4.237901128058940703e-02 3.281371920626147132e-02
1.500000000000000000e+01 4.368403037695049451e-01 1.374157273656764766e-01 4.751804718400309824e-02 3.563817148722404904e-02
6.000000000000000000e+00 2.822206097875895048e-01 1.091968813949689143e-01 4.725662086486226432e-02 3.405791052334845859e-02
