8.000000000000000000e+00 4.485766934204796219e-01 5.148877591164837675e-01 3.911213090371257195e-02 3.695154991065985328e-02
1.000000000000000000e+00 7.802955071650541363e-01 7.134842010211510654e-01 3.558841823797409543e-02 3.820823129327755030e-02
6.000000000000000000e+00 6.772289642202468096e-01 7.148474451611268599e-01 3.776353562827083898e-02 3.841803902293627893e-02
7.000000000000000000e+00 5.687975628373198589e-01 7.172319204119217417e-01 3.798644579722454395e-02 3.995085571954182235e-02
1.500000000000000000e+01 4.523580827062203547e-01 7.227035946588021842e-01 3.929671784356902897e-02 4.039628242193438190e-02
2.000000000000000000e+00 3.870104680507526762e-01 6.216404034355049735e-01 4.039622618828925260e-02 3.886374689355376333e-02
3.000000000000000000e+00 5.055193041442325175e-01 6.163154708853665342e-01 3.929612739029619828e-02 3.733081772965829437e-02
2.000000000000000000e+00 7.208497400826412438e-01 6.120614799882659884e-01 3.624376513731519811e-02 3.710762639247910943e-02
6.000000000000000000e+00 8.280870481298840957e-01 6.104043025856458193e-01 3.530022080712458266e-02 3.585007338836321278e-02
5.000000000000000000e+00 8.725626878642352979e-01 5.201746074305162448e-01 3.422570831762605792e-02 3.476228975863460136e-02
1.500000000000000000e+01 7.707218134468040160e-01 5.174039476223826206e-01 3.477556089886491009e-02 3.477561713251009490e-02
3.000000000000000000e+00 6.669510284482900175e-01 5.178743280047632958e-01 3.803795581608471199e-02 3.803798393290724889e-02
9.000000000000000000e+00 5.499036766726774772e-01 5.149335333035494067e-01 3.747483209461555109e-02 3.802561253099762117e-02
1.000000000000000000e+00 3.312006841064083495e-01 5.173750435288301253e-01 4.128747322858938862e-02 3.802637168520583977e-02
3.000000000000000000e+00 9.165558429241101868e-01 4.245021280636476213e-01 3.313837455705792578e-02 3.584965163602532590e-02
0.000000000000000000e+00 8.154547783408760964e-01 4.288028069445458668e-01 3.639981350231191737e-02 3.476273962779513615e-02
5.000000000000000000e+00 7.128040269675229856e-01 4.252163656477609410e-01 3.313826208976800025e-02 3.531292961090415350e-02
0.000000000000000000e+00 6.126165622984938164e-01 4.216518273557205987e-01 3.802569688146506532e-02 3.802569688146517635e-02
9.000000000000000000e+00 5.012236300577431747e-01 4.228426872568145090e-01 3.586348511270620598e-02 3.640009467053723080e-02
5.000000000000000000e+00 3.887863687364717102e-01 4.202289755519982850e-01 4.019988641661853546e-02 3.803840568524519128e-02
0.000000000000000000e+00 4.447136950573690184e-01 3.265958936731128692e-01 3.802558441417508428e-02 3.748807511802332293e-02
7.000000000000000000e+00 5.508255148158816006e-01 3.353838909028100668e-01 3.640043207240739598e-02 3.748773771615304673e-02
2.000000000000000000e+00 6.589401520762765418e-01 3.355055523938624273e-01 3.638637366114660932e-02 3.313845890752564749e-02
1.000000000000000000e+00 7.602401994124984297e-01 3.374578299072614751e-01 3.586311959401355942e-02 3.477578583344520524e-02
7.000000000000000000e+00 8.572120555569844313e-01 3.379992615001550238e-01 3.640009467053706427e-02 3.586348511270615047e-02
8.000000000000000000e+00 7.997921898877439206e-01 2.498856243496148100e-01 3.260078091043872028e-02 3.151344714987061590e-02
8.000000000000000000e+00 6.965652123536265616e-01 2.491440290971876081e-01 3.519540129276255147e-02 3.527376287713118730e-02
6.000000000000000000e+00 4.978343579788933049e-01 2.390971995479497791e-01 3.391074367173546600e-02 3.514237296548616829e-02
1.100000000000000000e+01 2.653857678606262316e-01 2.414235995018256253e-01 3.455346611776435872e-02 3.716006426648252314e-02
1.100000000000000000e+01 2.974617482786930944e-01 1.368771978956327962e-01 3.325688696398798605e-02 3.911139986632705678e-02
