0.000000000000000000e+00 4.261175774701774221e-01 5.079469149669881833e-01 3.594099282549945151e-02 3.449812895497766929e-02
1.200000000000000000e+01 6.713815804640730356e-01 8.016661590300616647e-01 3.001163515568416873e-02 2.929016156490416023e-02
6.000000000000000000e+00 4.648629725782679190e-01 2.477976038120014435e-01 3.239297010114133846e-02 3.103052915282503155e-02
7.000000000000000000e+00 5.563533079974368745e-01 2.775784396215358329e-01 3.225747858268812607e-02 3.308953369150063883e-02
1.500000000000000000e+01 6.538428018512565387e-01 3.075484609136409087e-01 3.229285800357539760e-02 3.196319622543264405e-02
2.000000000000000000e+00 6.828596754405308333e-01 4.032919914548076523e-01 3.274290423191184018e-02 3.239294233079526020e-02
3.000000000000000000e+00 5.827367752100180986e-01 3.739842373756711025e-01 3.291513591820971474e-02 3.092191932936311227e-02
2.000000000000000000e+00 3.914255143034517381e-01 3.134085732255420531e-01 3.281613463448634915e-02 3.296612227358586278e-02
6.000000000000000000e+00 2.927343559198615219e-01 2.846105716187825596e-01 3.572460628895762769e-02 3.522376809766747385e-02
5.000000000000000000e+00 2.110121008774790141e-01 3.435965084232226463e-01 3.604643682950992023e-02 3.489357868294945542e-02
1.500000000000000000e+01 3.113833929683741397e-01 3.764288470546382492e-01 3.380556429445180644e-02 3.346582188068725205e-02
3.000000000000000000e+00 4.097146337817832995e-01 4.071592065368419555e-01 3.553715645301597226e-02 3.370470239754208563e-02
9.000000000000000000e+00 5.131686147931910913e-01 4.424793377353565260e-01 3.577259344695860044e-02 3.318722976895882582e-02
8.000000000000000000e+00 6.035259617484094452e-01 4.725297402941480707e-01 3.489666119136269895e-02 3.403511397502873015e-02
1.000000000000000000e+00 7.036950162940830422e-01 5.011534968645199317e-01 3.439907213056225821e-02 3.527072775286421713e-02
5.000000000000000000e+00 6.310028307966250027e-01 5.701635844068159154e-01 3.523112723937482649e-02 3.407826909281430616e-02
9.000000000000000000e+00 5.292692782646629679e-01 5.376278191862060574e-01 3.544662512484264560e-02 3.313291097205472990e-02
5.000000000000000000e+00 3.312755140178137991e-01 4.755061243299222307e-01 3.324249275762902744e-02 3.382369833043247231e-02
0.000000000000000000e+00 2.302224321606661794e-01 4.416202898501683238e-01 3.395038664918303972e-02 3.424028129176009960e-02
3.000000000000000000e+00 1.230114982262768969e-01 4.138639122688041461e-01 3.399345845593051973e-02 3.457385868869816692e-02
7.000000000000000000e+00 1.443561055711500285e-01 5.148404729373685651e-01 3.771926693579963352e-02 3.829008639917469425e-02
1.000000000000000000e+00 2.459286039811055258e-01 5.439590137635883504e-01 3.557936737903538704e-02 3.673216998490358431e-02
2.000000000000000000e+00 3.469739240265278246e-01 5.756506993155392493e-01 3.592955144292059311e-02 3.939312454489363180e-02
7.000000000000000000e+00 4.538851881565250102e-01 6.058833308852120680e-01 3.358642849364940064e-02 3.386627027095079345e-02
0.000000000000000000e+00 5.532937378900235625e-01 6.454964521116361986e-01 3.652089319203788431e-02 3.652089319203788431e-02
6.000000000000000000e+00 4.756958235638952814e-01 7.155315153568613251e-01 3.853049428506311047e-02 4.200459234819520216e-02
8.000000000000000000e+00 2.719991271638753094e-01 6.527564259131768409e-01 3.759182881770534168e-02 3.730207302685861759e-02
1.200000000000000000e+01 6.312341300090038576e-01 8.781708520278050933e-01 3.290202831486677137e-02 3.481479421116184803e-02
8.000000000000000000e+00 1.623811845990913716e-01 6.223486745412152299e-01 3.866476390828949006e-02 3.809463870356610826e-02
1.000000000000000000e+00 3.731244396911390648e-01 2.177085865870059256e-01 3.344552175771348113e-02 3.211293393141745334e-02
