1.000000000000000000e+00 2.951123438980821634e-01 1.674860579842150643e-01 3.199443288731718127e-02 3.981282102422903368e-02
1.300000000000000000e+01 7.787208583096307812e-01 5.815714193299383883e-01 3.455170406280461126e-02 3.497429928896944595e-02
1.000000000000000000e+01 6.988370771563633399e-01 6.447152290996934765e-01 2.686851628203679176e-02 2.729546760559520280e-02
5.000000000000000000e+00 5.715997208270755525e-01 7.667193528687743509e-01 3.992508464533095491e-02 5.426691685567475165e-02
3.000000000000000000e+00 3.222778949323351627e-01 7.903808672264165391e-01 3.685279906625893442e-02 5.425594594372029622e-02
2.000000000000000000e+00 2.168493267596461327e-01 7.698927429305633119e-01 3.378521914795160064e-02 4.607175318370171357e-02
1.500000000000000000e+01 6.289316093205195024e-01 6.011654949699786199e-01 4.146047452914458642e-02 5.017046437827166194e-02
2.000000000000000000e+00 5.287908190386734208e-01 6.082197375776747794e-01 3.916341294920311356e-02 5.220911795850324832e-02
8.000000000000000000e+00 3.908327036812445643e-01 6.329053650546678789e-01 3.761984866040374298e-02 5.118387548056901881e-02
2.000000000000000000e+00 2.634219908093832774e-01 6.323421646848521593e-01 3.572387071455954133e-02 4.691753520481334316e-02
7.000000000000000000e+00 1.620716574845650904e-01 6.397762213399889042e-01 3.359546001642665924e-02 4.905014066339952183e-02
6.000000000000000000e+00 1.187322663910347631e-01 5.239331250969838649e-01 3.305947181057629358e-02 4.336537978569676710e-02
1.500000000000000000e+01 2.499083683383810928e-01 4.979312301908741523e-01 3.465955780753282589e-02 4.764064737216050505e-02
3.000000000000000000e+00 3.165945591976070395e-01 5.001945454607599206e-01 3.253171178869168623e-02 4.763994824541822881e-02
9.000000000000000000e+00 4.328995496565352097e-01 5.047000677508153288e-01 3.573131910331284189e-02 4.834547468625011168e-02
0.000000000000000000e+00 5.444530058806267281e-01 4.645081183611427522e-01 3.573096953994181479e-02 4.621311123307492164e-02
3.000000000000000000e+00 6.852706302820905648e-01 4.671149334221105232e-01 4.318710246643797657e-02 5.119570685620605799e-02
8.000000000000000000e+00 6.935256230695012736e-01 3.435860545625443185e-01 3.999419063484765946e-02 4.764244896799602058e-02
6.000000000000000000e+00 6.014088448552414867e-01 3.563929002314256689e-01 3.785808954255065473e-02 4.266160116172040828e-02
6.000000000000000000e+00 4.917476020483825261e-01 3.745109310922683510e-01 3.679442198328591873e-02 4.621343390695586972e-02
1.000000000000000000e+00 3.022282172170515091e-01 3.803045675153222671e-01 3.199540090896030309e-02 4.479296970376256404e-02
0.000000000000000000e+00 1.934439079055667032e-01 4.058735416310747524e-01 3.359441132631338367e-02 4.337460288079575399e-02
5.000000000000000000e+00 2.280867538950121232e-01 2.811252647304206542e-01 2.986599529969424793e-02 3.697431267194989379e-02
9.000000000000000000e+00 3.355968509398720157e-01 2.612720819639279823e-01 3.519420153887903302e-02 4.124183608526924005e-02
1.000000000000000000e+00 4.377693842029978799e-01 2.660499678990473349e-01 3.465904690722110271e-02 4.478393483509421347e-02
8.000000000000000000e+00 5.436913072950086967e-01 2.469376578081024509e-01 3.465210941877938655e-02 4.622174275939192056e-02
0.000000000000000000e+00 6.469760436470013421e-01 2.314333794966692559e-01 3.679498666257774442e-02 4.906022422218100920e-02
7.000000000000000000e+00 5.767726133715334047e-01 1.261294575552660557e-01 3.625778842967353199e-02 4.194757764202181050e-02
5.000000000000000000e+00 4.835115125725011342e-01 1.321997733865423741e-01 3.519460488123021813e-02 4.337511378110733840e-02
7.000000000000000000e+00 3.695547947273801759e-01 1.475574905322710739e-01 3.093003931182014554e-02 3.981247146085795108e-02
