0.000000000000000000e+00 4.853699371938048901e-01 6.685470725639761636e-01 4.522511473554213790e-02 3.854198526194674290e-02
1.300000000000000000e+01 6.908491863567198799e-01 1.924202811602939711e-01 3.925153191438102152e-02 3.239468286026925270e-02
1.000000000000000000e+01 7.526245349464721901e-01 2.304294704444211361e-01 3.602098099893824568e-02 3.315851857307364203e-02
5.000000000000000000e+00 8.184915628723633541e-01 4.721423102066069633e-01 5.896257445642993922e-02 4.165267264380068113e-02
0.000000000000000000e+00 8.266855303739850669e-01 5.911778814980885866e-01 5.651269265137393027e-02 3.767330616934483345e-02
6.000000000000000000e+00 7.683448444111964371e-01 6.641062490763747217e-01 5.143837049720056953e-02 3.549302935900822131e-02
6.000000000000000000e+00 7.294770435970086009e-01 7.584931661344751497e-01 5.244290755742841981e-02 3.563451650138849125e-02
2.000000000000000000e+00 6.588358530227091947e-01 8.037068872038080070e-01 5.061802653013258713e-02 3.736467583810842985e-02
0.000000000000000000e+00 6.959111135010978000e-01 5.694360871001120650e-01 5.155366032630148698e-02 3.969261023238279673e-02
1.000000000000000000e+00 6.505455400301016766e-01 4.185164505189158390e-01 5.180242654909428257e-02 3.628262937164922208e-02
7.000000000000000000e+00 6.381729386803924875e-01 5.038501390251699519e-01 5.123084880481876269e-02 3.671629233444595464e-02
2.000000000000000000e+00 5.740456505136395382e-01 4.099948812846021529e-01 4.871947909090890150e-02 3.860027969666118830e-02
8.000000000000000000e+00 4.858018275078209713e-01 5.279603004476269845e-01 4.726533876052735339e-02 3.668787582727317531e-02
9.000000000000000000e+00 6.194955804159286705e-01 7.240340916864538290e-01 4.809848368749314318e-02 3.669350500202739340e-02
1.500000000000000000e+01 4.938304380010372641e-01 5.878475480474592008e-01 4.516706387088909036e-02 3.696765663789436385e-02
2.000000000000000000e+00 5.085232200980637218e-01 8.042288307822216264e-01 4.444168516445862194e-02 3.590780211037014613e-02
3.000000000000000000e+00 4.519212184241467312e-01 8.034219372952153826e-01 4.767856890149990701e-02 3.490109998292900695e-02
3.000000000000000000e+00 4.390808001763531476e-01 4.366145856455078134e-01 4.301809934512279554e-02 3.588666564170145401e-02
8.000000000000000000e+00 4.363930045479105790e-01 3.988673830258436803e-01 4.559956311005897156e-02 3.507722820071995651e-02
6.000000000000000000e+00 3.745523250550009120e-01 2.637041448734810389e-01 5.026203535360806995e-02 4.335284579961817819e-02
5.000000000000000000e+00 3.708840110807264390e-01 4.387554311692247744e-01 4.309590644809585536e-02 3.746121077247521747e-02
7.000000000000000000e+00 3.241824693541771607e-01 5.562218970613057589e-01 4.591826100383672449e-02 3.855134917764357905e-02
1.000000000000000000e+00 3.379730273484679026e-01 7.256732911368806160e-01 4.283542179901217439e-02 3.534060862720145302e-02
5.000000000000000000e+00 3.379618501889799509e-01 7.830063277553225287e-01 4.115906438253941202e-02 3.129896940702703301e-02
1.000000000000000000e+00 2.688971803692862261e-01 6.516129993562119749e-01 4.058900218531316662e-02 3.172072450015139822e-02
8.000000000000000000e+00 2.689320514830882969e-01 5.878907411383618165e-01 4.233932371045570631e-02 3.175471605539814668e-02
7.000000000000000000e+00 2.370775122974931870e-01 3.023777120953078379e-01 4.127906323282901080e-02 3.524266639914586108e-02
3.000000000000000000e+00 1.650029389747184050e-01 4.018369080253992309e-01 4.315585174656039191e-02 3.922446857421635347e-02
1.500000000000000000e+01 1.592477302453449983e-01 6.115151426682051694e-01 4.224479146326085011e-02 3.203790684687990442e-02
9.000000000000000000e+00 1.016021391113426930e-01 4.534231526132588286e-01 4.036989738334094413e-02 3.420692530770824691e-02
