1.200000000000000000e+01 6.838361740954120860e-01 8.265099843375454114e-01 3.080725503447134805e-02 4.192741118969811609e-02
1.500000000000000000e+01 2.075920971037890084e-01 2.877944710365464287e-01 3.335468323887244568e-02 4.476178105417871755e-02
3.000000000000000000e+00 2.818267161306892143e-01 2.015602994576890239e-01 3.355850767901652487e-02 4.415771394197864907e-02
1.000000000000000000e+00 3.578517510628044240e-01 1.033607696505431384e-01 3.335527014593991924e-02 4.477128335908055201e-02
6.000000000000000000e+00 1.582664568231085811e-01 5.251539984729088895e-01 3.386414652138819426e-02 4.684245045221113735e-02
2.000000000000000000e+00 2.326520786540809682e-01 4.274378844536654842e-01 3.299745247047508601e-02 4.399740446869376820e-02
9.000000000000000000e+00 2.940224493569356667e-01 3.249387293661776255e-01 3.441298847333540412e-02 4.461388047317738081e-02
7.000000000000000000e+00 3.890592347953538699e-01 2.372987476730065159e-01 3.332103390033780421e-02 4.357656415336530475e-02
8.000000000000000000e+00 4.303416770398406088e-01 1.418625021052889457e-01 3.365923211097593404e-02 4.362583639907684219e-02
3.000000000000000000e+00 1.819331489431927351e-01 6.540661794848416921e-01 3.409717657512764677e-02 4.503254084796959322e-02
9.000000000000000000e+00 2.591995342449311401e-01 5.574663347599624341e-01 3.485118446908747059e-02 4.603861135342801614e-02
8.000000000000000000e+00 3.333054249883672382e-01 4.583353694627707586e-01 3.441298847333534860e-02 4.461390842113299726e-02
5.000000000000000000e+00 4.047844314896495432e-01 3.605319879521863280e-01 3.406897708793377166e-02 4.458190801197831066e-02
2.000000000000000000e+00 5.243108924965166340e-01 1.774589048363019450e-01 3.334286125365637510e-02 4.403574906376819809e-02
0.000000000000000000e+00 2.839717636444314408e-01 6.857636328008804849e-01 3.415516858298439651e-02 4.596130730825609412e-02
7.000000000000000000e+00 1.341706797407958285e-01 3.933287880754771648e-01 3.377499254304459908e-02 4.385316506987513296e-02
6.000000000000000000e+00 3.670952159738986587e-01 5.945494150147991874e-01 3.421464183248756896e-02 4.688163348595342228e-02
5.000000000000000000e+00 4.256140986894716427e-01 4.899072526143273265e-01 3.372359625270804351e-02 4.454314419757005039e-02
6.000000000000000000e+00 5.050236589919275820e-01 3.995997503515693605e-01 3.381006722731466629e-02 4.592304655704843031e-02
2.000000000000000000e+00 5.713706662514237422e-01 2.966866301458290778e-01 3.265288212596162420e-02 4.395914371748615990e-02
5.000000000000000000e+00 6.315358232912376968e-01 2.041206815395077978e-01 3.363525276507650652e-02 4.267895966356560766e-02
1.000000000000000000e+00 4.532899949093468495e-01 6.219330454890543702e-01 3.418415061293494928e-02 4.642105117777084455e-02
1.500000000000000000e+01 5.237485237340622213e-01 5.198295216609494229e-01 3.437794173702091172e-02 4.416436555540992348e-02
8.000000000000000000e+00 5.985921426873248574e-01 4.397311979668670490e-01 3.522588270973081581e-02 4.654617417496342835e-02
0.000000000000000000e+00 6.645122030031951343e-01 3.244161025965772716e-01 3.473120389572403877e-02 4.419723235118799831e-02
7.000000000000000000e+00 4.882161777172697725e-01 7.565070351369613810e-01 3.444230587875307670e-02 4.508066722750181388e-02
3.000000000000000000e+00 5.436391675738949658e-01 6.696682654347475561e-01 3.352189585718901021e-02 4.681478197617350290e-02
1.000000000000000000e+00 6.209687851251638468e-01 5.611150242065737759e-01 3.513857329645642125e-02 4.515327601613394748e-02
0.000000000000000000e+00 7.036808714962488054e-01 4.700051501127012754e-01 3.585907159165946378e-02 4.570130747736889099e-02
1.100000000000000000e+01 7.140444485456013402e-01 6.591072919750375902e-01 2.962528009650666760e-02 3.359383389488679317e-02
