2.000000000000000000e+00 2.085891983896615842e-01 2.930361156011069834e-01 3.293958968660037900e-02 4.618884936826683774e-02
1.300000000000000000e+01 8.277629249950437806e-01 6.338636261728489707e-01 3.465886246787697189e-02 4.384769471697491650e-02
1.600000000000000000e+01 7.862175625473633023e-01 7.006865281473604323e-01 3.362527806662540808e-02 4.578203944147307691e-02
9.000000000000000000e+00 5.933692472700295983e-01 7.890020913823192483e-01 3.827325228714406613e-02 5.244767741362610369e-02
3.000000000000000000e+00 5.060604893883378086e-01 6.761971032403064630e-01 3.652841637141263087e-02 5.034275739104432379e-02
6.000000000000000000e+00 4.090603216650957608e-01 7.125282231662950494e-01 3.604986754634148527e-02 4.969560188979560422e-02
1.000000000000000000e+00 3.716557672194216178e-01 8.659705469018832424e-01 3.488817796959436945e-02 4.897554947738358422e-02
3.000000000000000000e+00 2.975064506449387469e-01 7.592360360093486360e-01 3.395652765261819583e-02 4.828085754717148514e-02
5.000000000000000000e+00 2.782504623231593643e-01 9.054593074146436438e-01 3.419942085542204691e-02 4.860429054618498057e-02
5.000000000000000000e+00 2.040017882430719132e-01 7.913428407291011046e-01 3.323517247570970112e-02 4.731038484819771739e-02
0.000000000000000000e+00 6.129906465579342267e-01 6.421359780737752043e-01 4.016226080716178704e-02 5.288986463408196226e-02
5.000000000000000000e+00 6.443459009147798344e-01 4.891575977257354713e-01 3.988879606417206070e-02 5.285943784550661828e-02
1.000000000000000000e+00 6.688900419306896827e-01 3.327542784665512010e-01 4.115508315483218382e-02 5.158623162785358485e-02
6.000000000000000000e+00 5.516796543174182776e-01 3.900219239645646985e-01 3.868232033906515710e-02 5.058466628289520761e-02
7.000000000000000000e+00 5.267215815954668923e-01 5.271665769971709548e-01 3.653617505774775509e-02 5.035341110959412614e-02
1.500000000000000000e+01 4.316115948802894953e-01 5.918274110131851451e-01 3.583601151664994600e-02 4.778134868886674269e-02
8.000000000000000000e+00 4.456360139125726261e-01 4.532650028044513668e-01 3.628465465894448183e-02 4.640979822688406919e-02
9.000000000000000000e+00 3.458543860885222587e-01 4.827613280259888118e-01 3.490800894026424572e-02 4.927547481481481251e-02
0.000000000000000000e+00 3.351161036478552679e-01 6.066256866315882235e-01 3.595282606650851420e-02 4.821102937015553369e-02
1.500000000000000000e+01 2.421579220019748346e-01 5.301210152728009772e-01 3.464496631324689990e-02 4.510066465944806424e-02
8.000000000000000000e+00 2.204906034480218491e-01 6.560433654287836092e-01 3.362220933247769827e-02 4.646775677182013453e-02
2.000000000000000000e+00 1.414986217365892252e-01 6.897590843017925577e-01 3.060688852937501481e-02 4.434998280620572331e-02
8.000000000000000000e+00 1.568588086326826447e-01 5.575226109851521006e-01 3.284686180476714679e-02 4.489766500056124876e-02
1.000000000000000000e+00 5.874622814400313198e-01 2.283463167877859412e-01 3.734603136945624513e-02 4.924753775394405397e-02
6.000000000000000000e+00 4.992655592774815076e-01 1.533694118292802666e-01 3.738407209275584897e-02 4.985445230741003542e-02
3.000000000000000000e+00 4.777503312409218106e-01 2.885078220123391546e-01 3.713055412172455716e-02 4.814218550409271602e-02
0.000000000000000000e+00 3.933041667378522344e-01 1.913594141645491853e-01 3.562354510242149441e-02 4.772920915868195113e-02
7.000000000000000000e+00 2.853457809766011266e-01 3.892357634915325493e-01 3.469447136411635269e-02 4.761647660424594974e-02
7.000000000000000000e+00 2.973130045923600973e-01 2.545018472094958129e-01 3.288281810487231338e-02 4.543915182597749181e-02
2.000000000000000000e+00 1.786730934970090501e-01 4.208403669730205743e-01 3.270242864758141077e-02 4.542870075968286070e-02
