7.000000000000000000e+00 8.236881641271626142e-01 6.065820646754693790e-01 3.653484496473602405e-02 5.066951666114982711e-02
6.000000000000000000e+00 9.384818763673067332e-01 6.255957948442502081e-01 3.607651298828007391e-02 5.150963917399331571e-02
6.000000000000000000e+00 8.565838531988390070e-01 7.576702840501954306e-01 3.203746244576255453e-02 4.214855230386438389e-02
1.500000000000000000e+01 7.736328696059607823e-01 8.419583938928864031e-01 3.438572632713432498e-02 4.915725030483364399e-02
0.000000000000000000e+00 6.876542309138606868e-01 9.338641530587652451e-01 3.803479364918482819e-02 4.336232996051381239e-02
6.000000000000000000e+00 6.093957073874349817e-01 9.250585931898493985e-01 3.408477409309407236e-02 4.544607899997332723e-02
0.000000000000000000e+00 6.681897312462357075e-01 8.172049437372002068e-01 3.552943648288287015e-02 4.655340905509075533e-02
5.000000000000000000e+00 7.615135695472690092e-01 7.005807108745885081e-01 3.848682356096433388e-02 4.967510814673170572e-02
3.000000000000000000e+00 8.824304251183723302e-01 4.917033604994412999e-01 3.552932189988877720e-02 4.941786932494585116e-02
5.000000000000000000e+00 9.063352449739019434e-01 3.417246196109725020e-01 3.395334739884536823e-02 5.069701657973713083e-02
9.000000000000000000e+00 7.073708418142852228e-01 5.608388719717585236e-01 3.593190924970812716e-02 5.081400581672756989e-02
8.000000000000000000e+00 6.490534259195015476e-01 6.822458849459329677e-01 3.817372552954800824e-02 5.136853021674203656e-02
2.000000000000000000e+00 5.854178408731578465e-01 7.936255682307027381e-01 3.585702926305478488e-02 4.686856958040130916e-02
0.000000000000000000e+00 4.972559521340844668e-01 9.005006789136187351e-01 3.753398002766111796e-02 4.814548246680716570e-02
3.000000000000000000e+00 7.763688536936657059e-01 3.149782704072848771e-01 4.020018307195061258e-02 5.837032459231578096e-02
7.000000000000000000e+00 6.932429591602724539e-01 4.348058713905922357e-01 3.711572345339664292e-02 5.494641285369922246e-02
2.000000000000000000e+00 6.538493830753873137e-01 5.261689225277246251e-01 4.048686972322368405e-02 5.462240079209351729e-02
1.000000000000000000e+00 5.545741899973199995e-01 6.555012401642827946e-01 3.725603032968916040e-02 5.131490537549665554e-02
2.000000000000000000e+00 4.679386899685874512e-01 7.731053295010600346e-01 3.862738824899364376e-02 5.150350898380828824e-02
8.000000000000000000e+00 3.838896861888636547e-01 9.013742023692465910e-01 4.069417900532440457e-02 5.180789870767199545e-02
1.500000000000000000e+01 6.731816539678048272e-01 2.698831877640310850e-01 4.089650392718124916e-02 5.453700781572995426e-02
3.000000000000000000e+00 5.925035100004230060e-01 4.006683461515830880e-01 3.884781728392050493e-02 5.424828731631131662e-02
9.000000000000000000e+00 5.341905628424097330e-01 5.097871207651187841e-01 3.711062451015867403e-02 4.948114778344525622e-02
7.000000000000000000e+00 3.313957218039342845e-01 7.640060647724815635e-01 4.130977614120173724e-02 5.099029175317182361e-02
5.000000000000000000e+00 5.493291820875016995e-01 2.422698176896316280e-01 3.975903854461171338e-02 5.710065908028741366e-02
1.000000000000000000e+00 4.681228964544998927e-01 3.505390166933093354e-01 4.368556858690925138e-02 5.583723834143822229e-02
1.000000000000000000e+00 3.690625035217734995e-01 4.702144371375591714e-01 4.497087467763416502e-02 5.423465194001175771e-02
8.000000000000000000e+00 3.025625871114430154e-01 6.081760573523373736e-01 4.453846710359660177e-02 5.775240715080753873e-02
1.400000000000000000e+01 1.889321930419153028e-01 3.238317832592373380e-01 3.339421103331757790e-02 4.384400822202039194e-02
1.400000000000000000e+01 3.120899482289055671e-01 3.633054528570083264e-01 3.208670448748313087e-02 4.277397493148704655e-02
