7.000000000000000000e+00 2.677621232656637318e-01 5.562714374573646259e-01 4.483763203725946167e-02 3.696126309478153793e-02
1.300000000000000000e+01 4.500026885977297386e-01 2.981193345110483839e-01 2.983802011537062260e-02 2.739652812162352014e-02
1.300000000000000000e+01 8.334423204515879480e-01 1.523997836873749456e-01 4.962278953189069863e-02 3.029129363408747388e-02
5.000000000000000000e+00 7.439329590664062186e-01 4.409524751621615724e-01 5.225003732490463015e-02 3.765447730599014164e-02
6.000000000000000000e+00 7.982549151079079142e-01 5.710772466093939626e-01 5.591364095104556231e-02 4.193528945029578736e-02
0.000000000000000000e+00 8.332022622850729920e-01 6.996244887668842116e-01 5.577032264267833828e-02 3.716020535315833762e-02
5.000000000000000000e+00 8.754629547797760925e-01 8.018625129934633389e-01 5.122055372213796254e-02 3.775585738805620206e-02
1.000000000000000000e+00 6.327229444194915065e-01 4.173610921804443707e-01 5.216345896976815055e-02 3.842678090335299723e-02
3.000000000000000000e+00 6.258128286867650214e-01 5.235088134276240091e-01 5.493514107437003080e-02 3.986674811186718959e-02
1.000000000000000000e+00 6.600184742496242318e-01 6.461283457403366182e-01 4.842890103358310494e-02 3.566170671255886049e-02
1.500000000000000000e+01 7.110320093742867886e-01 7.611450180052070635e-01 4.842884229657151707e-02 3.566176544957055938e-02
3.000000000000000000e+00 7.030079462160755410e-01 8.320868464342974224e-01 4.831806429264506875e-02 3.157208354109564130e-02
9.000000000000000000e+00 6.381375277307056448e-01 9.177315767710485517e-01 4.000119713147887168e-02 2.800381008482355494e-02
8.000000000000000000e+00 6.194121096873640431e-01 8.336300733092498749e-01 4.650937549364941859e-02 3.221683971771283073e-02
2.000000000000000000e+00 5.537867150230608715e-01 7.072252049138019192e-01 4.470168522385142840e-02 3.285930515087664983e-02
7.000000000000000000e+00 5.459709920450865894e-01 6.165517934322185534e-01 4.577163862762845259e-02 3.766181943244339969e-02
7.000000000000000000e+00 4.827221556081781051e-01 5.107254223756441114e-01 4.572112479763007498e-02 3.493621651346195955e-02
2.000000000000000000e+00 4.547702984101377743e-01 4.153519486450225062e-01 5.117973149905785668e-02 3.641007497768422585e-02
1.500000000000000000e+01 3.176013440011428712e-01 3.737371723829162606e-01 4.475261021293108765e-02 3.680951602524601407e-02
2.000000000000000000e+00 3.476395985891460594e-01 4.814885902585173127e-01 4.591507441001879686e-02 3.351222577210999365e-02
6.000000000000000000e+00 3.776720382129983289e-01 5.764725935493004716e-01 4.346955893097537160e-02 3.583909248766914413e-02
8.000000000000000000e+00 4.504221149134972624e-01 6.643026050350868683e-01 4.271273253617585697e-02 3.203452003362616818e-02
5.000000000000000000e+00 4.700315837188199231e-01 7.769419554914114290e-01 4.338415531607137110e-02 3.204691354307920292e-02
8.000000000000000000e+00 4.930735700622944084e-01 8.683141612003077991e-01 4.264022169532377671e-02 2.965954770554535269e-02
0.000000000000000000e+00 3.608386274196436760e-01 8.105560606101864796e-01 4.140924077417446059e-02 3.106371470547342195e-02
3.000000000000000000e+00 3.469808630037618524e-01 7.321109607364656435e-01 4.339584398138485177e-02 3.394100595697890910e-02
0.000000000000000000e+00 2.118668376307512591e-01 4.587900392220192192e-01 4.293314317230198518e-02 3.419654132605726149e-02
1.000000000000000000e+00 1.391806374303955207e-01 5.006688383513838714e-01 3.769174593986679422e-02 3.289824778958472251e-02
9.000000000000000000e+00 1.855469736164830075e-01 6.018631058813712631e-01 4.018745219534453073e-02 3.198294893741859823e-02
6.000000000000000000e+00 2.472851087986267515e-01 7.697824717758272595e-01 3.946871675258442624e-02 2.960151553805900893e-02
