1.000000000000000000e+00 4.305953625727507728e-01 5.243696328076217217e-01 4.914507621070224319e-02 4.017029170220387524e-02
1.600000000000000000e+01 5.747271265766182857e-01 2.190099659494349482e-01 3.238536072563069634e-02 2.858602882598182404e-02
1.000000000000000000e+01 5.327649320934556565e-01 2.169233063290619268e-01 3.772198088141287542e-02 2.924614055701102444e-02
9.000000000000000000e+00 3.321639570670802954e-01 3.033265615685534211e-01 5.250392526730229825e-02 4.796103462496309477e-02
7.000000000000000000e+00 4.963180893562612050e-01 3.196416631703947742e-01 5.252218731389657336e-02 4.257951433590084767e-02
1.000000000000000000e+00 6.604952700006601063e-01 3.866754254128018653e-01 5.250358338811489389e-02 4.215678072066503246e-02
8.000000000000000000e+00 7.866488610955174599e-01 3.777861107011567521e-01 6.227357888653495266e-02 4.789801489475015162e-02
6.000000000000000000e+00 2.427750139040497079e-01 3.709696237477605463e-01 5.180332934249695653e-02 4.171994458894850988e-02
8.000000000000000000e+00 3.925539525705653565e-01 4.289124480277459739e-01 5.162324448052729720e-02 3.873750451768981362e-02
6.000000000000000000e+00 5.298507823898825908e-01 4.676001378988365875e-01 5.048837651791104886e-02 4.217210830423406831e-02
7.000000000000000000e+00 6.215378516956671096e-01 5.283986505413473811e-01 5.583063768028551088e-02 3.789423101200428690e-02
5.000000000000000000e+00 7.074067070303341476e-01 5.788232381008737715e-01 5.433770824871908545e-02 3.960755855972275530e-02
1.500000000000000000e+01 8.694407467636062758e-01 6.381855447669964043e-01 5.346477672352556443e-02 3.838157979366085826e-02
8.000000000000000000e+00 1.563585963158428682e-01 4.493126070601163313e-01 4.148624167441974930e-02 3.588127484645092791e-02
1.500000000000000000e+01 2.436003529973622683e-01 4.992312419122042488e-01 4.708975551584207442e-02 3.697215435362005698e-02
1.000000000000000000e+00 1.791082345939097875e-01 5.502433346103330347e-01 4.469215677451721103e-02 3.448062430555365321e-02
5.000000000000000000e+00 3.289467599537981846e-01 5.768963500207515693e-01 4.739966899923159227e-02 3.507218925950672528e-02
2.000000000000000000e+00 4.354855027547381852e-01 5.977738008886822607e-01 5.025849125430836839e-02 3.817081127462107482e-02
3.000000000000000000e+00 5.800183052904068770e-01 6.243168166705507227e-01 4.904803950134162260e-02 4.013154539429719669e-02
9.000000000000000000e+00 7.260304333149761868e-01 7.034709938248397965e-01 5.471440213338318870e-02 4.222276340383579463e-02
0.000000000000000000e+00 8.125464659514154420e-01 7.719970872102355219e-01 5.336358048405154264e-02 3.658187077125629738e-02
0.000000000000000000e+00 8.136620177399428444e-01 8.084751976481121538e-01 5.267754291464332717e-02 3.592489293277834062e-02
6.000000000000000000e+00 6.977808136094084679e-01 8.583024367974315672e-01 5.294569015730399286e-02 3.490871402805884038e-02
7.000000000000000000e+00 6.281071457515977619e-01 7.635676000056603741e-01 4.835242931468597405e-02 3.832123811708265659e-02
3.000000000000000000e+00 5.277494219644507378e-01 8.070071399274298951e-01 4.767186181227656139e-02 3.518090684110386501e-02
3.000000000000000000e+00 3.750510914468218049e-01 7.920444554111283342e-01 4.268900114566970272e-02 3.200974945839341057e-02
5.000000000000000000e+00 4.691561155505482583e-01 7.169120595477646019e-01 4.607175325545637135e-02 3.512632013084693305e-02
2.000000000000000000e+00 2.463608849860579042e-01 7.610294604283767139e-01 4.104379302604324598e-02 3.136234423716299791e-02
2.000000000000000000e+00 3.425743207734566198e-01 6.797797917747061547e-01 4.379825665916231570e-02 3.685389264470761983e-02
0.000000000000000000e+00 2.121550460773871105e-01 6.577072167373778644e-01 4.204458736732916146e-02 3.439498356910675181e-02
