3.000000000000000000e+00 6.466032849267115967e-01 1.559498056133122035e-01 4.324973380983476723e-02 3.159461929387824553e-02
9.000000000000000000e+00 7.859455235355370384e-01 6.624410394581212724e-01 4.280659382522922218e-02 3.582712547277278059e-02
2.000000000000000000e+00 8.150739973058106491e-01 5.600503620849452968e-01 4.202374400090946871e-02 3.151775362100550648e-02
6.000000000000000000e+00 8.669794529992671528e-01 4.825063027466347521e-01 4.181438224600309006e-02 3.230049468597206985e-02
5.000000000000000000e+00 8.803177544551553657e-01 3.674471591789983949e-01 4.358487575671454728e-02 3.221694031287763993e-02
3.000000000000000000e+00 8.177433868707041364e-01 3.211274751064416844e-01 4.524628363616822746e-02 3.534056331640283988e-02
0.000000000000000000e+00 7.549420385161285108e-01 3.928371253475223535e-01 4.149669617531159815e-02 3.140138111308354851e-02
9.000000000000000000e+00 7.387039136157584895e-01 4.924490828160025258e-01 4.707240755604058524e-02 3.361376387583869807e-02
2.000000000000000000e+00 6.864737296834908520e-01 5.978097062266349848e-01 4.860825276222724423e-02 3.730440376726218421e-02
5.000000000000000000e+00 6.338777880464181447e-01 6.960300605811073904e-01 4.691829555255899731e-02 3.941466149736427838e-02
3.000000000000000000e+00 5.136590191935500593e-01 7.317863021454333872e-01 4.993003237148169182e-02 3.744769421510063534e-02
8.000000000000000000e+00 5.437426855782050428e-01 6.540672761976655813e-01 4.635410640784398684e-02 3.870826949834282882e-02
6.000000000000000000e+00 6.141018573357062138e-01 4.936967565209716691e-01 4.768407015842646146e-02 3.463547642961978257e-02
1.000000000000000000e+00 6.357049179903073721e-01 4.259921014868142120e-01 4.839182164936295383e-02 3.375463442806858616e-02
7.000000000000000000e+00 6.824169242396878055e-01 3.251582190902345681e-01 4.137939921288746881e-02 3.300906187205754350e-02
1.000000000000000000e+00 7.443903420180431052e-01 2.310197935901537325e-01 4.381256346263473489e-02 3.229608993216750989e-02
1.000000000000000000e+00 4.057892087452850127e-01 6.723895837732085656e-01 5.131361448319093910e-02 3.970396137687115523e-02
2.000000000000000000e+00 4.635356126920823217e-01 5.538807430662398001e-01 4.969674355887182537e-02 3.767467498522492075e-02
7.000000000000000000e+00 5.197725999555201648e-01 4.372010715410330484e-01 4.631117365316900214e-02 3.416452124043378724e-02
1.500000000000000000e+01 5.546779491251818683e-01 3.386430465847188320e-01 5.061312267908057994e-02 3.401144245080744977e-02
0.000000000000000000e+00 6.133126178993859590e-01 2.363669335952178208e-01 4.883762623812193393e-02 3.380591446310152182e-02
5.000000000000000000e+00 5.250077993963051526e-01 1.492920746174539182e-01 4.582814617577801730e-02 3.272881620870432551e-02
6.000000000000000000e+00 4.886029170495058693e-01 2.355896712826686668e-01 4.867475910670776562e-02 3.718221263394408393e-02
7.000000000000000000e+00 4.286733322262871182e-01 3.471200904459553205e-01 4.744947623357825828e-02 3.558744704816252380e-02
1.500000000000000000e+01 3.786679296230391900e-01 4.724133260105004561e-01 4.969796710159524178e-02 3.768114616674017592e-02
7.000000000000000000e+00 3.156680410692005445e-01 5.592089725387666688e-01 5.347006774856399858e-02 4.131593813029632578e-02
0.000000000000000000e+00 3.385782532000510825e-01 2.375707500910098080e-01 5.061372085552301447e-02 3.593191510957904899e-02
8.000000000000000000e+00 2.273988140644537526e-01 4.908328644478025526e-01 5.563894677003994316e-02 3.970135115239437074e-02
1.600000000000000000e+01 2.537156138460125443e-01 6.762341181494071485e-01 3.197611991505877604e-02 2.623487679876235212e-02
1.400000000000000000e+01 2.935163438573917261e-01 8.323395990056812188e-01 3.457829619967589529e-02 2.616978432587335757e-02
