2.000000000000000000e+00 8.919598958538463851e-01 2.758330477604504227e-01 4.262287114451357439e-02 3.253063618400597878e-02
1.000000000000000000e+01 2.414151059749430339e-01 9.128426027742139182e-01 2.800797669760146658e-02 2.779024278479469423e-02
1.100000000000000000e+01 5.228781359772657900e-02 7.870043558800399186e-01 3.614503085690146111e-02 2.663544141599605286e-02
1.000000000000000000e+00 2.518135045278229733e-01 2.573962360410661510e-01 5.267259070904728446e-02 3.893405255309712043e-02
5.000000000000000000e+00 2.701924326050662017e-01 1.646088309409066697e-01 5.110037077991408383e-02 3.604997920663294275e-02
0.000000000000000000e+00 3.998515565948982942e-01 1.208428933801013738e-01 4.924076904257079779e-02 3.488729593465235423e-02
6.000000000000000000e+00 4.090363032119128661e-01 2.176383488009237255e-01 4.834923496035126167e-02 3.625446917803371027e-02
9.000000000000000000e+00 3.944084724815255516e-01 3.472408637314713387e-01 5.017171264070002801e-02 3.557850075272711576e-02
7.000000000000000000e+00 3.869705929457480931e-01 4.623417902359416298e-01 5.294784200455354695e-02 3.698446819615630599e-02
1.000000000000000000e+00 3.711135808791741764e-01 5.774793426845659106e-01 5.023342003141073597e-02 3.971858027687635850e-02
7.000000000000000000e+00 5.065511068262978922e-01 6.330985638526924753e-01 5.026793632118153887e-02 4.179295655073878013e-02
2.000000000000000000e+00 5.036089007812722951e-01 5.074905036923378354e-01 4.911137690706340875e-02 3.847060250614986465e-02
1.000000000000000000e+00 5.250354736715716619e-01 3.998149160003665603e-01 5.239836493997723776e-02 3.684253533737069652e-02
9.000000000000000000e+00 5.136881555071717287e-01 2.899433538999414695e-01 4.797093290837323165e-02 3.598589845474109428e-02
3.000000000000000000e+00 5.346538861177476676e-01 1.855955848434269195e-01 4.912377112656518552e-02 3.929902276140317952e-02
8.000000000000000000e+00 5.461352991888843711e-01 7.291711293568123309e-02 4.686626513193259402e-02 3.596884541514296096e-02
6.000000000000000000e+00 6.284739670385185439e-01 6.977082236789078351e-01 5.116544775748699259e-02 4.041763769737771739e-02
5.000000000000000000e+00 6.161413963259977367e-01 5.901418985035368214e-01 5.205701114046168421e-02 3.905040585248564788e-02
3.000000000000000000e+00 6.362170432417426635e-01 4.663147968532379006e-01 4.909904128907227605e-02 3.764320777733287660e-02
2.000000000000000000e+00 6.431099287285080290e-01 3.583227463533982804e-01 5.240100200795627661e-02 3.767089699111336731e-02
0.000000000000000000e+00 6.456476964478072844e-01 2.533431065083385225e-01 4.794617377012522219e-02 3.432226016899944665e-02
1.500000000000000000e+01 6.562736739672826447e-01 1.506960558434271014e-01 4.680520235783891536e-02 3.101186083258236637e-02
6.000000000000000000e+00 7.744791327012690019e-01 2.169719324218524481e-01 4.571615188398558960e-02 3.485776077328656131e-02
3.000000000000000000e+00 7.688036935981832354e-01 3.092535625340002148e-01 4.571603468096441247e-02 3.484993747161524436e-02
0.000000000000000000e+00 7.611645471740906554e-01 4.071022482552932864e-01 4.726399358469002276e-02 3.544817099304936603e-02
1.500000000000000000e+01 7.479555029675865052e-01 5.305108765180659436e-01 4.654911375631409776e-02 3.889124414957001452e-02
8.000000000000000000e+00 7.630790585269096038e-01 6.491686803127322269e-01 4.653921010101480515e-02 3.888339154714337553e-02
7.000000000000000000e+00 8.651344683403346947e-01 5.722847582770893560e-01 4.499271623505540774e-02 3.715283033624350306e-02
5.000000000000000000e+00 8.794027641525284933e-01 4.743812947937195990e-01 4.875915252732321292e-02 3.316159864913614808e-02
8.000000000000000000e+00 8.656766495168355391e-01 3.678151655516842533e-01 4.265873526902919100e-02 3.483206401086808013e-02
