1.200000000000000000e+01 8.312828017339090048e-01 6.455388978980598491e-01 2.572166074147408388e-02 3.967286350783794102e-02
9.000000000000000000e+00 5.030255181926259755e-01 1.256853615706179095e-01 3.406022761918953146e-02 4.473847299905735209e-02
8.000000000000000000e+00 3.986176119726356770e-01 1.919497995954590475e-01 3.328011829106641839e-02 4.235814773481261231e-02
3.000000000000000000e+00 3.139780365899160763e-01 2.399353454084815485e-01 3.277622833756266285e-02 4.302611313343415733e-02
1.500000000000000000e+01 2.257219277278064706e-01 2.923312137482168005e-01 3.058216916085640391e-02 3.740733422548164766e-02
0.000000000000000000e+00 5.738343832911501075e-01 1.982496147316541169e-01 3.612160299127564755e-02 4.212482124828687002e-02
5.000000000000000000e+00 4.776276919908192253e-01 2.502495424747344654e-01 3.406095828668392889e-02 4.474651034149509932e-02
6.000000000000000000e+00 3.001850368669561897e-01 3.541015054476890356e-01 3.863352958977855911e-02 4.479440965501291227e-02
5.000000000000000000e+00 2.187630775734762389e-01 4.078681060068051201e-01 3.449318870222431443e-02 4.935247585525698311e-02
1.500000000000000000e+01 1.763646213485591807e-01 5.430546362274725203e-01 3.277625539932174648e-02 4.302608607167512922e-02
1.000000000000000000e+00 2.800705455388025067e-01 4.675702568944289927e-01 3.162415513130267808e-02 4.284057771339000453e-02
6.000000000000000000e+00 3.613609576215423003e-01 4.406957110939235811e-01 3.634583672676067190e-02 5.115135216456173639e-02
8.000000000000000000e+00 4.630011494964927365e-01 3.925360769849348674e-01 3.650671888431067380e-02 4.665295714302203356e-02
9.000000000000000000e+00 5.511390390641941472e-01 3.279341781273065193e-01 4.036651051579753791e-02 5.181528536108487293e-02
1.000000000000000000e+00 6.578526206860906278e-01 2.783172277008577611e-01 3.878269400566003444e-02 5.305011342651855255e-02
0.000000000000000000e+00 6.532749617722948265e-01 4.172999679501249171e-01 3.972032983321094335e-02 5.094646758679705068e-02
0.000000000000000000e+00 5.359508162299133627e-01 4.654726052343369780e-01 3.570035964990936339e-02 5.029070704150689908e-02
6.000000000000000000e+00 4.309406640931536248e-01 5.424749192251117069e-01 3.599051583043932911e-02 4.731883878619680406e-02
2.000000000000000000e+00 3.394719590981080670e-01 5.695582735584441281e-01 3.670080582021439941e-02 4.889729706804246678e-02
8.000000000000000000e+00 2.477246532936467349e-01 6.294623186994575681e-01 3.457107244476911867e-02 4.407960035147651112e-02
2.000000000000000000e+00 1.690815307281760271e-01 6.664757960837311979e-01 3.320894586476597077e-02 4.763221395599126495e-02
7.000000000000000000e+00 2.234966392811569835e-01 7.284904419365418882e-01 3.793463260056326170e-02 4.991097643852282495e-02
3.000000000000000000e+00 3.324618675030174275e-01 7.201094422206364420e-01 3.928625921805511956e-02 5.237386712962788238e-02
2.000000000000000000e+00 4.215840744326302958e-01 6.527660653933669010e-01 3.735023391388681002e-02 4.980023972049196779e-02
5.000000000000000000e+00 5.178184769742280036e-01 6.034833818146989604e-01 4.081424731927330019e-02 5.038482783948150523e-02
1.000000000000000000e+00 6.208624705381179387e-01 5.528479079628998427e-01 3.792662231988463972e-02 4.989295330699572428e-02
3.000000000000000000e+00 2.984554386608184728e-01 8.691304849026457724e-01 4.151815073391268429e-02 5.199413652664364172e-02
7.000000000000000000e+00 4.007123544936299631e-01 8.115938295050513229e-01 3.593606757123141149e-02 5.262413427731882365e-02
7.000000000000000000e+00 6.005710494292978430e-01 7.191394405292621528e-01 3.771245555876601152e-02 5.364566155792338531e-02
1.400000000000000000e+01 7.777455495827383380e-01 6.658783536291928984e-01 2.692850694805037914e-02 4.060248905471008918e-02
