5 0.514990 0.447863 0.055687 0.043336
3 0.524719 0.901797 0.046646 0.043500
2 0.400531 0.857828 0.047917 0.034984
2 0.276974 0.775082 0.042865 0.035930
8 0.149000 0.731590 0.044125 0.035930
3 0.647016 0.868699 0.051698 0.037820
8 0.520938 0.781234 0.046646 0.040656
6 0.374682 0.729227 0.051698 0.034984
3 0.265625 0.676273 0.045396 0.036875
7 0.121266 0.618117 0.044135 0.035937
15 0.806505 0.815273 0.057990 0.038766
0 0.640083 0.755227 0.050438 0.039703
9 0.250495 0.552398 0.050427 0.036875
9 0.132615 0.521668 0.051688 0.037820
1 0.793625 0.706801 0.057792 0.039398
0 0.646005 0.648488 0.052531 0.037820
7 0.520964 0.574418 0.050469 0.039398
5 0.373885 0.498770 0.048333 0.039398
8 0.207359 0.429426 0.047281 0.037820
5 0.088630 0.373086 0.049385 0.041766
15 0.790266 0.564488 0.057781 0.046492
6 0.621104 0.547937 0.055688 0.038609
0 0.373151 0.410039 0.055677 0.041766
1 0.206620 0.319816 0.048323 0.040977
6 0.801292 0.450211 0.060937 0.046453
2 0.661557 0.335574 0.063031 0.044133
1 0.486099 0.313906 0.052531 0.041766
7 0.346885 0.249684 0.057792 0.047273
16 0.770297 0.252836 0.045177 0.034672
12 0.699906 0.223914 0.040979 0.038609
