7.000000000000000000e+00 4.402921858194085436e-01 7.219913042998058472e-01 3.503216840895556627e-02 4.430685181611826451e-02
1.300000000000000000e+01 3.233839776271846267e-01 3.794406659958762251e-01 2.548672011905289692e-02 3.037237884642357555e-02
5.000000000000000000e+00 5.627587080825877663e-01 2.668749407784142269e-01 3.671697813104957131e-02 5.006312421843844840e-02
6.000000000000000000e+00 6.863765983425849093e-01 3.276741579419643613e-01 4.052261388992317581e-02 5.403018023231931366e-02
0.000000000000000000e+00 8.002135222577733131e-01 4.020589839411016220e-01 3.694730281277225359e-02 5.262848029643346637e-02
5.000000000000000000e+00 8.971534801617395694e-01 4.501496054284558346e-01 3.662457581911149340e-02 4.930894994332984949e-02
1.000000000000000000e+00 4.954924216782787827e-01 3.334201429247275472e-01 3.728072872277232719e-02 5.020998600107950960e-02
3.000000000000000000e+00 5.736651606955631699e-01 4.222149760888880832e-01 3.881073051746397606e-02 5.271259591454913185e-02
1.000000000000000000e+00 6.826376818206172370e-01 4.925039759603793699e-01 3.460120357201101893e-02 4.661146082959033432e-02
1.500000000000000000e+01 7.932298826598116470e-01 5.439493604391270054e-01 3.460114681383419377e-02 4.661146082959044534e-02
3.000000000000000000e+00 8.439680034966303701e-01 6.059000591158486548e-01 3.155425436330683286e-02 4.543577195398551538e-02
9.000000000000000000e+00 8.808019602302008533e-01 7.229198396942471128e-01 2.749638526644027081e-02 3.810301281012029584e-02
8.000000000000000000e+00 8.081560628747996855e-01 6.710867117302385942e-01 3.171641247461332025e-02 4.421058994815341148e-02
2.000000000000000000e+00 6.823828659855768475e-01 6.218639774575684953e-01 3.189468990814980920e-02 4.300833824577521280e-02
7.000000000000000000e+00 6.095355338604775408e-01 5.565119315157907032e-01 3.570889615173034048e-02 4.520896627922843525e-02
7.000000000000000000e+00 5.005619485196073359e-01 5.216597574752217525e-01 3.362300477281182642e-02 4.436448974472584350e-02
2.000000000000000000e+00 4.152071575075814147e-01 4.680195484866054301e-01 3.561192480655456238e-02 4.890647771117212494e-02
1.500000000000000000e+01 3.226609210225428459e-01 5.402509692554420262e-01 3.490327058929243442e-02 4.419827342377347090e-02
2.000000000000000000e+00 4.184113268662047469e-01 6.020323299114835880e-01 3.258092464554979140e-02 4.411012797510027728e-02
6.000000000000000000e+00 5.043887408889077273e-01 6.537739636943837862e-01 3.396755528547762415e-02 4.295663154665008143e-02
8.000000000000000000e+00 6.037949267149725907e-01 6.671974144186643141e-01 3.095545559736923025e-02 4.127392187709999494e-02
5.000000000000000000e+00 6.986709586544675998e-01 7.408048804274431909e-01 3.107209365082908015e-02 4.178349678900405983e-02
8.000000000000000000e+00 7.787909997723077016e-01 7.950546012878807467e-01 2.916882170597734358e-02 4.056563658798773009e-02
0.000000000000000000e+00 6.760743365223493839e-01 8.508102017178417187e-01 3.001593749570430347e-02 4.001621743592354008e-02
3.000000000000000000e+00 6.099110743377123001e-01 7.997019608096789245e-01 3.250654305476674555e-02 4.233569709173468087e-02
0.000000000000000000e+00 3.409587355969977418e-01 6.880767611515212767e-01 3.262976505674314298e-02 4.206535789532128700e-02
1.000000000000000000e+00 3.408417711840208697e-01 7.766467893666592071e-01 3.086291138998908945e-02 3.781468127164044901e-02
9.000000000000000000e+00 4.387997437482580310e-01 8.207743988602342888e-01 3.052258936149976343e-02 3.936747147434382921e-02
6.000000000000000000e+00 5.946220958561960757e-01 9.056314490402326278e-01 2.860436163704382917e-02 3.813911101060718511e-02
