1.200000000000000000e+01 1.802685780285763761e-01 1.892468411949718154e-01 3.406393213025085687e-02 4.041527079823281632e-02
2.000000000000000000e+00 7.375663935899516854e-01 2.027896542335342889e-01 3.819895533561246115e-02 3.783502462700746860e-02
8.000000000000000000e+00 6.305445031370491282e-01 2.240856098167737787e-01 3.515664417224029226e-02 3.852273615439813503e-02
0.000000000000000000e+00 4.103197461038771143e-01 2.717972847789357216e-01 4.180621372912313172e-02 4.180621372912313172e-02
1.000000000000000000e+00 7.940548255641726172e-01 3.007846891737154804e-01 3.821296180124045261e-02 3.784894206848948839e-02
7.000000000000000000e+00 7.140094769349025761e-01 3.157033407130736546e-01 3.471644944527962906e-02 3.695160835212418782e-02
8.000000000000000000e+00 6.048907117485164964e-01 3.377683313810205812e-01 3.736230641206328418e-02 3.549119691268493026e-02
9.000000000000000000e+00 4.967872372718671325e-01 3.517699897051182467e-01 3.619733643828532133e-02 3.507919316527208231e-02
6.000000000000000000e+00 3.690453477852451147e-01 3.771260398375527179e-01 4.015603248525390079e-02 3.828474493758382557e-02
5.000000000000000000e+00 8.694289882317964846e-01 3.774544053998544202e-01 3.511676135485908290e-02 3.735180156284229058e-02
3.000000000000000000e+00 7.726500676372360932e-01 4.052304285661059158e-01 3.394104913413753533e-02 3.694237951566170519e-02
0.000000000000000000e+00 6.761471812445219998e-01 4.186046001975416431e-01 3.664655227870139420e-02 3.702270897001536110e-02
0.000000000000000000e+00 5.645989471154186923e-01 4.417025083561213483e-01 3.815384976833591235e-02 3.590569333618409686e-02
7.000000000000000000e+00 4.565827311391485455e-01 4.631737524827177488e-01 3.785920951998800188e-02 3.897735279300112987e-02
5.000000000000000000e+00 3.414290932862415473e-01 4.830661533810587382e-01 3.983895815212901148e-02 4.059317071653728570e-02
1.500000000000000000e+01 8.351862065923512102e-01 4.916482590980187917e-01 3.620902827611882646e-02 3.545481571171049673e-02
5.000000000000000000e+00 7.369762525265118880e-01 4.929872861144681817e-01 3.595833628115019387e-02 3.970058495462219783e-02
2.000000000000000000e+00 6.360001995474386938e-01 5.210947165013409821e-01 3.432860091613210152e-02 3.694068805688877077e-02
9.000000000000000000e+00 5.179732777095853447e-01 5.487824722268923594e-01 3.667032172566730974e-02 3.778748573307522118e-02
2.000000000000000000e+00 4.143019593627317310e-01 5.753428855176834222e-01 3.743604807961725678e-02 3.743601840490196064e-02
1.000000000000000000e+00 2.917976274542295467e-01 5.902614331955380322e-01 4.175825938917654412e-02 4.026401877427987497e-02
1.000000000000000000e+00 8.051485398358377843e-01 5.907405611489900954e-01 3.425387998297269032e-02 3.463092691574609638e-02
3.000000000000000000e+00 6.988212454442788157e-01 6.068516466111488761e-01 3.742207128870467248e-02 3.742207128870456145e-02
1.500000000000000000e+01 4.993571566421633467e-01 6.656692173156122383e-01 3.659859793875452905e-02 3.548045466574134554e-02
8.000000000000000000e+00 3.929652158832938058e-01 6.985795152133347230e-01 4.104140729134791998e-02 4.178247395687229027e-02
3.000000000000000000e+00 4.704481528452418848e-01 7.768996352437078645e-01 3.738767829365624573e-02 3.588029177987561713e-02
6.000000000000000000e+00 5.724597495272530923e-01 7.443540692719035068e-01 3.868591741390714489e-02 4.055726431100792340e-02
7.000000000000000000e+00 6.656380588645329777e-01 7.224733882607689006e-01 3.471698359015529256e-02 3.696419043141707661e-02
6.000000000000000000e+00 7.754844777451217475e-01 6.839057839368167802e-01 3.499533241979613241e-02 3.350109180489935223e-02
1.200000000000000000e+01 1.779805239416855089e-01 2.806183164662424678e-01 3.277803769157031089e-02 3.650717014087367929e-02
