1.000000000000000000e+00 2.445541694261181564e-01 1.828937381183082800e-01 3.128895313107843412e-02 4.273014964404250882e-02
3.000000000000000000e+00 5.896382159018698221e-01 2.122220600298537763e-01 3.624082171214959569e-02 4.536575862542338577e-02
6.000000000000000000e+00 4.829644821874157223e-01 2.431321961425799150e-01 3.497276059049053698e-02 4.493548056113627620e-02
2.000000000000000000e+00 2.939411205001294380e-01 2.847793782035316079e-01 2.967710728855549318e-02 4.061890309410598476e-02
3.000000000000000000e+00 1.956672839667088215e-01 2.907553839337540524e-01 2.993448177939489474e-02 3.917103998691973121e-02
5.000000000000000000e+00 6.497418916981614334e-01 3.370775976974439425e-01 3.954363735261401391e-02 4.543770712410050150e-02
1.500000000000000000e+01 5.368318410892300996e-01 3.540935700091361049e-01 3.568706484208528096e-02 4.689872985272364181e-02
2.000000000000000000e+00 4.272233317153188437e-01 3.650270406225987196e-01 3.460171467490258390e-02 4.395892583265409437e-02
6.000000000000000000e+00 3.312695918501546988e-01 3.731177421087974455e-01 3.241569377073832969e-02 4.467453219415928878e-02
1.000000000000000000e+00 2.489079678434652221e-01 3.786765185783048659e-01 3.570208066275620817e-02 4.396316461598009928e-02
0.000000000000000000e+00 1.472981811280253961e-01 4.029828934615695690e-01 3.006654896968896651e-02 4.324645007582766931e-02
2.000000000000000000e+00 6.023160843763075700e-01 4.569887746942985496e-01 3.875766164700422678e-02 5.063764149537358650e-02
0.000000000000000000e+00 4.842793223002246350e-01 4.671732689167386043e-01 3.481132666604264125e-02 4.746542470849535178e-02
5.000000000000000000e+00 3.716566639712419740e-01 4.933386273331110683e-01 3.402249740041601855e-02 4.746151837876366741e-02
9.000000000000000000e+00 2.880441002029944797e-01 5.121053141240681228e-01 3.322369452696349867e-02 4.324919281797978687e-02
7.000000000000000000e+00 1.998994874819789991e-01 5.069032188044328979e-01 3.324596891777462093e-02 4.325855692754954074e-02
7.000000000000000000e+00 1.081480857175399213e-01 5.299626018125705995e-01 2.853499067016408708e-02 4.429356807967765874e-02
6.000000000000000000e+00 5.601007114184101132e-01 6.449345019082342034e-01 3.876669330297999316e-02 5.484691956487741660e-02
9.000000000000000000e+00 4.405812340166828101e-01 6.187776626152130532e-01 3.639668703889475943e-02 5.062863754386415227e-02
8.000000000000000000e+00 3.428331451380156603e-01 6.116385818379317385e-01 3.165429192663277158e-02 4.745331785677364689e-02
0.000000000000000000e+00 2.321823244851370927e-01 6.086095417322869849e-01 3.559140132035545911e-02 4.641539773569614002e-02
8.000000000000000000e+00 1.339644509734059796e-01 6.479855116555619521e-01 2.770560206604563702e-02 4.533315046872610221e-02
7.000000000000000000e+00 1.706210890184952089e-01 7.764548891532192521e-01 3.229301839448028844e-02 5.061295681600452845e-02
8.000000000000000000e+00 2.677437634253156951e-01 7.566993607030279012e-01 3.229276905428463129e-02 5.313334292253080182e-02
3.000000000000000000e+00 4.934655414926951700e-01 7.662506693508570610e-01 3.608146562266539847e-02 5.188248627437119787e-02
1.200000000000000000e+01 7.998702884040408412e-01 8.628681112601324088e-01 3.230379543182526625e-02 4.307135784955151703e-02
1.000000000000000000e+01 8.029550698956455790e-01 6.803286751338333271e-01 2.703562496034372931e-02 4.130397913387751085e-02
5.000000000000000000e+00 4.396843434807096163e-01 1.567067979227793340e-01 3.319058768987498409e-02 4.122089343979495890e-02
1.500000000000000000e+01 5.296190110229699322e-01 1.274815781821336813e-01 3.433248267253696806e-02 4.375485473475061726e-02
1.000000000000000000e+00 3.512632817438877675e-01 1.481211284437563003e-01 3.281012225578472385e-02 4.273593987747476008e-02
