5.000000000000000000e+00 3.261368212878168471e-01 8.468901505043308076e-01 4.586449392472363717e-02 3.258011104071534270e-02
5.000000000000000000e+00 2.656735556290804046e-01 7.566978551845977563e-01 4.626670690366849192e-02 3.470042299281517195e-02
3.000000000000000000e+00 1.954863383552865874e-01 6.559590831525612398e-01 5.008190468213241653e-02 3.756735038397673865e-02
1.000000000000000000e+00 1.321847392773936036e-01 5.595666838045504354e-01 4.768505092509416066e-02 3.727070830633816279e-02
5.000000000000000000e+00 4.703202871585268063e-01 8.604177526172964718e-01 4.702491409291570390e-02 3.527437768230967663e-02
8.000000000000000000e+00 4.118036202544165247e-01 7.625856934719432711e-01 4.899219122543024829e-02 3.674377283882368506e-02
7.000000000000000000e+00 3.348648162491435487e-01 6.642615037560524183e-01 4.850652357443335783e-02 3.711032117461465774e-02
1.000000000000000000e+00 2.829862199346695473e-01 5.650534949697476605e-01 5.202075089795155094e-02 3.791373915422757701e-02
3.000000000000000000e+00 2.177071898254421267e-01 4.471711173416695884e-01 4.928607618601707485e-02 3.823374261075668246e-02
8.000000000000000000e+00 6.050664674715175995e-01 8.749948379951437705e-01 4.947115878552710289e-02 3.679642488058743055e-02
1.000000000000000000e+00 5.479293374251683613e-01 7.689943600643014410e-01 4.776577812651428001e-02 3.521650787064178889e-02
1.500000000000000000e+01 4.981966082767583792e-01 6.855595511136098885e-01 4.939283294411977998e-02 3.643616158581786113e-02
7.000000000000000000e+00 4.421640741899069971e-01 5.943195809606097724e-01 5.021949371694361952e-02 3.827216437096248036e-02
6.000000000000000000e+00 3.593618457240859154e-01 4.779630897421879299e-01 5.375456247365995033e-02 3.970885952631370008e-02
2.000000000000000000e+00 2.877984268147711355e-01 3.728098175531681102e-01 5.206130720039103821e-02 4.057020661043436727e-02
8.000000000000000000e+00 7.911092848761116514e-01 8.945311468494359097e-01 5.028590169754643124e-02 3.464439125918183926e-02
2.000000000000000000e+00 6.905475316173691480e-01 7.760448716477522657e-01 5.221760312616674504e-02 3.782396979473423571e-02
1.500000000000000000e+01 6.282851581430684007e-01 6.957222252737336188e-01 5.272781801285064684e-02 3.691595924567214748e-02
0.000000000000000000e+00 5.783369884611585521e-01 5.996010017286570459e-01 5.287948909712003598e-02 4.122405840159160118e-02
6.000000000000000000e+00 5.159751957176831327e-01 4.947869883458993479e-01 5.148400246544637682e-02 4.079640879436230438e-02
6.000000000000000000e+00 4.490263310069172453e-01 3.780277208665542843e-01 5.418238995940871661e-02 4.108205205021353557e-02
0.000000000000000000e+00 8.565913188456858451e-01 8.120022139055728116e-01 5.300275891111372317e-02 3.719635508519902878e-02
0.000000000000000000e+00 7.972051817383989381e-01 6.952825095736001604e-01 5.185194418297311980e-02 3.706383558819281721e-02
9.000000000000000000e+00 6.807489154937635956e-01 5.033118608611995004e-01 5.127235667369534067e-02 3.781697323963501001e-02
2.000000000000000000e+00 6.244152330734470402e-01 4.095505219875310576e-01 5.404921824116448725e-02 3.980731528684117171e-02
3.000000000000000000e+00 9.777588581446237104e-01 7.341761221987561647e-01 4.448228371075257925e-02 3.844144542865957082e-02
9.000000000000000000e+00 9.084574636637967604e-01 6.101888055503177366e-01 5.360665648471940603e-02 3.801536708168562484e-02
7.000000000000000000e+00 7.561591204419584322e-01 4.092660349420563781e-01 5.615423264058982955e-02 3.957773341104331433e-02
1.000000000000000000e+01 4.049887235932154717e-01 2.416756363204333041e-02 4.299386073107297479e-02 2.859311225886174146e-02
1.100000000000000000e+01 4.970725346193782812e-01 2.544933866911598952e-01 4.106503500518415839e-02 3.043385847119239873e-02
