3.000000000000000000e+00 6.700440866169471432e-01 7.945174322705365055e-01 5.208597906343359618e-02 4.088208004930171668e-02
1.000000000000000000e+01 3.843417119717975616e-01 2.027811372060113193e-01 4.704765858489207142e-02 3.226545048449602771e-02
1.300000000000000000e+01 6.525265328057604508e-01 5.618632810665985522e-02 4.380991022445024363e-02 3.467450010040008107e-02
7.000000000000000000e+00 2.783925451964299191e-01 3.306456934069738063e-01 5.387489879782592084e-02 4.583883384189463284e-02
2.000000000000000000e+00 4.252963772727548220e-01 3.362798557380153874e-01 5.427888723445628560e-02 4.312570690809680585e-02
5.000000000000000000e+00 6.377581490699134603e-01 3.612147681516062470e-01 6.242642763955363883e-02 4.863605165559253818e-02
8.000000000000000000e+00 7.495955265571169202e-01 3.645905106732525436e-01 5.897691114700709392e-02 4.423288881790271576e-02
7.000000000000000000e+00 1.982170570039051838e-01 4.332729769153607080e-01 4.795187769033157354e-02 4.259938311808991740e-02
1.500000000000000000e+01 3.705568393176728037e-01 4.346614156686720021e-01 5.542912719690201717e-02 3.915541398201854983e-02
1.000000000000000000e+00 5.074784529013613987e-01 4.622637113384604479e-01 5.185040719534322884e-02 3.949359726935175452e-02
6.000000000000000000e+00 8.546302306957761497e-01 5.100474953222691177e-01 6.537004870244600419e-02 4.419247236358408992e-02
3.000000000000000000e+00 8.938434076277577134e-01 6.169360144607517471e-01 6.013827517349568108e-02 4.570381881657503698e-02
1.500000000000000000e+01 9.341949960319231305e-01 7.309309907547476559e-01 6.290960532364309188e-02 3.993509640214698564e-02
7.000000000000000000e+00 8.260174943169326101e-01 8.031034779969981052e-01 5.702071953668075288e-02 4.337181581838034372e-02
5.000000000000000000e+00 1.297369958954066038e-01 5.201433318938211148e-01 5.220878403428937109e-02 4.157916849524545544e-02
2.000000000000000000e+00 2.732880673554820006e-01 5.221344806552685736e-01 5.782995850691699524e-02 4.277276002125585119e-02
3.000000000000000000e+00 1.838027501719588508e-01 6.222032734604872051e-01 5.495854113147821685e-02 4.182554156536144596e-02
1.000000000000000000e+00 4.365137631138722440e-01 5.377702185244241928e-01 5.440342391976732417e-02 4.382986896732354865e-02
0.000000000000000000e+00 2.784918252666785943e-01 6.346317587542678051e-01 4.887003856468991048e-02 3.786326148752483522e-02
0.000000000000000000e+00 2.509433007982782016e-01 7.196577351091311137e-01 5.129596505875894108e-02 3.605623212908404263e-02
6.000000000000000000e+00 5.326938003278687273e-01 5.872463277973369866e-01 5.117310138571795619e-02 4.080230377999338742e-02
0.000000000000000000e+00 4.690096490252778638e-01 6.513766157053317851e-01 6.392433129219748933e-02 4.673821001707789691e-02
8.000000000000000000e+00 3.804906872099337312e-01 7.175369425722845085e-01 5.794087628532634815e-02 4.345587734718825423e-02
1.000000000000000000e+00 3.013124170593103890e-01 8.059106164799478833e-01 5.220878403428941272e-02 4.157916849524545544e-02
2.000000000000000000e+00 4.294603433824355498e-01 8.288404823898110063e-01 4.783400370300905369e-02 3.708627936790309665e-02
8.000000000000000000e+00 5.097748676999470652e-01 7.545631696050125736e-01 5.162349389952880507e-02 3.811761805479008114e-02
5.000000000000000000e+00 6.159423332254916339e-01 6.874457623150986851e-01 5.336779997338092496e-02 4.305300425207148063e-02
9.000000000000000000e+00 7.211889229006254176e-01 5.938313921463769240e-01 5.886602271969043620e-02 4.354974214087781181e-02
6.000000000000000000e+00 7.398434206293731386e-01 7.036692851618741029e-01 5.853329873555479512e-02 4.146569717179215964e-02
9.000000000000000000e+00 7.074865708429541877e-01 8.660798570559895548e-01 5.461944796027884408e-02 3.975382405510907713e-02
