1.500000000000000000e+01 3.810876636830042297e-01 4.852557646836482830e-01 3.793806634478291695e-02 4.818663064661077300e-02
1.600000000000000000e+01 7.771910862061466307e-01 6.308577963940036337e-01 2.217392909979809534e-02 3.077722919007752633e-02
1.400000000000000000e+01 8.153625378613413854e-01 8.033522827626562446e-01 2.625516124106852534e-02 3.561213932284978956e-02
8.000000000000000000e+00 6.726880452166370539e-01 4.566305788361937901e-01 3.636755377051892335e-02 4.545241236640518157e-02
0.000000000000000000e+00 6.064879784333478963e-01 5.689665215320276470e-01 3.702511051093038130e-02 4.936705674500585506e-02
3.000000000000000000e+00 5.223044994006666997e-01 6.626376049620736897e-01 3.921007650234609176e-02 5.470352263667099812e-02
1.000000000000000000e+00 4.313303004432206267e-01 8.042045466527114606e-01 3.714811882526231068e-02 5.198064733627061340e-02
5.000000000000000000e+00 4.178094965227724389e-01 6.362066695450605547e-01 3.754621540538877200e-02 5.005273287239120350e-02
7.000000000000000000e+00 5.049812485759380687e-01 5.461360999714048869e-01 3.806071056346693737e-02 5.074759541305084998e-02
9.000000000000000000e+00 5.750841126255871183e-01 4.264773115611539822e-01 3.740220157289897429e-02 4.683264295351713402e-02
2.000000000000000000e+00 6.389989190700966493e-01 3.335164387037016231e-01 3.536752306206292218e-02 4.472475321006180726e-02
7.000000000000000000e+00 6.032161589250906175e-01 2.111274650727314184e-01 3.297345413922581070e-02 4.517575568858833712e-02
6.000000000000000000e+00 5.411806181644069902e-01 3.053953152736401666e-01 3.282462304123834329e-02 4.192267310252784096e-02
0.000000000000000000e+00 4.721899963012128332e-01 3.928037154943714859e-01 3.543723337498921877e-02 4.602163390112379293e-02
6.000000000000000000e+00 3.111993219884613415e-01 5.861153985486893259e-01 3.663367968189934487e-02 5.126814016035841082e-02
3.000000000000000000e+00 2.302324739659976360e-01 7.066345309716468570e-01 3.920259853788188309e-02 5.469400013510605785e-02
2.000000000000000000e+00 5.091312247762997956e-01 1.940840637645795397e-01 3.552489640410116944e-02 4.155378819631952436e-02
5.000000000000000000e+00 3.685264898577552684e-01 3.620641001854751351e-01 3.448685971145826201e-02 4.452900978818874478e-02
8.000000000000000000e+00 2.835810146483822569e-01 4.649535952958546159e-01 3.881119571620844644e-02 5.029547264022260489e-02
7.000000000000000000e+00 2.043182742956661802e-01 5.629339887833285649e-01 3.884668103821628526e-02 5.106010150852369200e-02
3.000000000000000000e+00 1.192243460876326877e-01 6.666215955579526398e-01 3.605566383691211074e-02 5.317006379643729463e-02
8.000000000000000000e+00 1.092386588437102429e-01 5.374284164595599655e-01 3.420650606244560188e-02 5.070452009714876418e-02
1.000000000000000000e+00 1.951460747552797859e-01 4.242663687456165178e-01 3.528473331316370198e-02 4.922707597200232099e-02
0.000000000000000000e+00 2.789825426279941567e-01 3.341472484176587487e-01 3.455816644376447089e-02 4.607784466771397414e-02
5.000000000000000000e+00 3.456200983397951232e-01 2.527626286463942606e-01 3.463000531586418740e-02 4.762715567231748381e-02
0.000000000000000000e+00 4.094806125217061998e-01 1.640963619836594001e-01 3.380364823153675369e-02 4.216401250248208443e-02
2.000000000000000000e+00 3.383028681005656457e-01 1.371397284655506976e-01 3.249483640616124269e-02 4.181145588572177108e-02
9.000000000000000000e+00 2.611040179326036825e-01 2.165238947168975914e-01 3.163643890480380416e-02 4.067564550789376510e-02
1.500000000000000000e+01 1.840378526210051380e-01 2.937685789254798063e-01 3.428660710502060005e-02 4.571601761560667443e-02
6.000000000000000000e+00 9.978700188975267449e-02 3.977804968967813548e-01 3.267005043495473104e-02 4.558603546924633321e-02
