3.000000000000000000e+00 5.251076459437966637e-01 9.581166291868392637e-02 4.629356676730578268e-02 3.427902172711266848e-02
1.500000000000000000e+01 3.936780575506442226e-01 1.202550842704017547e-01 5.103889256322441392e-02 3.605820980669008358e-02
7.000000000000000000e+00 6.604261882318793742e-01 1.487424719221254465e-01 4.450864772332929764e-02 3.516013568506232145e-02
8.000000000000000000e+00 5.321807323861529326e-01 2.043559977248676773e-01 4.698622799745566514e-02 3.561218368402488399e-02
9.000000000000000000e+00 7.379076923495828666e-01 2.088358518678786191e-01 4.569585918080165676e-02 3.471992780036556314e-02
5.000000000000000000e+00 8.288030568300934764e-01 2.934971343666857857e-01 4.345013568972011520e-02 3.417746438337249115e-02
2.000000000000000000e+00 6.277812768205995875e-01 2.546641923272230934e-01 4.913868513390218240e-02 3.525677661771908777e-02
2.000000000000000000e+00 7.391365623909096350e-01 3.195459821210517304e-01 4.488863684505195462e-02 3.206977858809356707e-02
9.000000000000000000e+00 8.478925210576027105e-01 3.712110043632562695e-01 4.871668833404685373e-02 3.781493948770914271e-02
0.000000000000000000e+00 2.504278896255734965e-01 1.858528373374441767e-01 5.468553139236140281e-02 3.718316611789954096e-02
6.000000000000000000e+00 3.945502696045020130e-01 2.326521253489718388e-01 5.212690306333389589e-02 3.717920971608099090e-02
5.000000000000000000e+00 5.279679208203010843e-01 2.951638704519270462e-01 4.700717365414219806e-02 3.589387367526991612e-02
8.000000000000000000e+00 6.214026261709737486e-01 3.537434321518460600e-01 4.786006915794460692e-02 3.589480459334482010e-02
8.000000000000000000e+00 6.733704295170590548e-01 4.195732020034773635e-01 4.618674391820409841e-02 3.653338530157751451e-02
1.000000000000000000e+00 8.540663697307374624e-01 4.703896487835710349e-01 4.529905535134992611e-02 3.461322131602329044e-02
0.000000000000000000e+00 2.357394860533868486e-01 2.765278942372775273e-01 5.554296512177925305e-02 3.953588700522187027e-02
5.000000000000000000e+00 3.629962196299362787e-01 3.328112446861433149e-01 5.332580917912299601e-02 3.769042919518322821e-02
2.000000000000000000e+00 4.925878266488396551e-01 4.017717356606498313e-01 4.914066333481137416e-02 3.632314327258578945e-02
7.000000000000000000e+00 6.208136459414224095e-01 4.746554499517209313e-01 4.913868513390218240e-02 3.525680570890893373e-02
3.000000000000000000e+00 7.422728835678296111e-01 5.057323025937051630e-01 4.700601000654847095e-02 3.525444932253168906e-02
3.000000000000000000e+00 8.574834208896374710e-01 5.909909290391432979e-01 4.487316033205579480e-02 3.471899688229063141e-02
6.000000000000000000e+00 2.468544733212700848e-01 3.983483426223641266e-01 5.298596589938289747e-02 4.037822240711141930e-02
6.000000000000000000e+00 3.592531871432561585e-01 4.543700760009762862e-01 5.299175504616154830e-02 3.781956498689409418e-02
7.000000000000000000e+00 5.109801641485581802e-01 5.184099231239782668e-01 4.771656231845150531e-02 3.525520569346751731e-02
1.000000000000000000e+00 6.303657672173970106e-01 5.964167559478577019e-01 4.700798820745777373e-02 3.632081597739833523e-02
1.000000000000000000e+00 7.458373688768514809e-01 6.288567781090766973e-01 4.345909577619155861e-02 3.738328441282612324e-02
1.500000000000000000e+01 5.058197798015615643e-01 6.354904421288619654e-01 5.341020272085600373e-02 3.900040547379091116e-02
0.000000000000000000e+00 2.242151275620399842e-01 5.032325257417290532e-01 5.460198149513376120e-02 4.139263219691940998e-02
1.100000000000000000e+01 3.203927393837974202e-01 8.237628918251211907e-01 3.419855549600830935e-02 3.096850250541605121e-02
1.200000000000000000e+01 4.061251304014154573e-01 7.748816637213249425e-01 3.916165793908799042e-02 2.671025050103015275e-02
