6 0.757062 0.537012 0.052188 0.038383
7 0.619036 0.149473 0.049656 0.038383
5 0.727719 0.221297 0.049146 0.036859
3 0.848771 0.226160 0.047125 0.036102
6 0.326229 0.149324 0.053708 0.037617
2 0.459464 0.194430 0.051510 0.037688
3 0.603307 0.268336 0.048906 0.038531
8 0.743833 0.312504 0.050667 0.037242
5 0.854036 0.362852 0.050156 0.036859
15 0.167672 0.197715 0.056177 0.040492
0 0.470953 0.305973 0.053510 0.041039
3 0.601984 0.380301 0.050469 0.038305
8 0.735927 0.443187 0.049854 0.037844
9 0.885115 0.463277 0.050354 0.037211
6 0.189380 0.327543 0.060198 0.040133
2 0.340714 0.386414 0.054719 0.038313
2 0.483422 0.442547 0.050469 0.039219
9 0.623266 0.487695 0.050469 0.037391
5 0.424474 0.064730 0.049656 0.036102
7 0.879219 0.644063 0.047625 0.037625
1 0.370583 0.506961 0.054042 0.039906
0 0.467245 0.552223 0.053510 0.038758
1 0.634448 0.602156 0.052292 0.039219
0 0.743635 0.673570 0.050667 0.038547
7 0.202750 0.537965 0.055229 0.038758
8 0.376953 0.605074 0.051073 0.040586
1 0.478714 0.661180 0.053990 0.041094
15 0.652323 0.713379 0.049250 0.041039
12 0.292260 0.941539 0.033771 0.027234
0 0.139156 0.870887 0.036479 0.027820
