3.000000000000000000e+00 5.051014142316858635e-01 8.016048535553386145e-01 4.863021907439057934e-02 3.865104719903966757e-02
1.000000000000000000e+01 5.433621519965616820e-01 2.108382233430635688e-01 4.471206349729861529e-02 2.991346178481546492e-02
1.300000000000000000e+01 8.467563685947880892e-01 1.566353885277897984e-01 4.085015308337536233e-02 3.281528740025996260e-02
7.000000000000000000e+00 3.896951251295373009e-01 2.929059574516541531e-01 4.962699149769250750e-02 4.373509687446514027e-02
2.000000000000000000e+00 5.143524057159943874e-01 3.377290630795739546e-01 5.058117317458293849e-02 4.083233337988972922e-02
5.000000000000000000e+00 6.865267256025968656e-01 4.171106561881288144e-01 5.834877089009415929e-02 4.593996795698745972e-02
8.000000000000000000e+00 7.818694216062889168e-01 4.504422046728859264e-01 5.542821527671371040e-02 4.157135455029736804e-02
7.000000000000000000e+00 2.705739519595621312e-01 3.600973424262844946e-01 4.380218281699921334e-02 4.081694112827216614e-02
1.500000000000000000e+01 4.193387397791389359e-01 4.081540897891977604e-01 5.249532931123063184e-02 3.647519520021208494e-02
1.000000000000000000e+00 5.247229904127218569e-01 4.693119741841867976e-01 4.862439870684354126e-02 3.719394163058581393e-02
6.000000000000000000e+00 8.026438857088882273e-01 6.051230375033088693e-01 6.222154966806270338e-02 4.086918651279503045e-02
3.000000000000000000e+00 7.849851388329216473e-01 7.084667252026854989e-01 5.641491929169928365e-02 4.302972901404589212e-02
1.500000000000000000e+01 7.648788308569922645e-01 8.182819168281375566e-01 6.026254084121740462e-02 3.649861459380243645e-02
7.000000000000000000e+00 6.361962695874270324e-01 8.514532396972660511e-01 5.348371599171575230e-02 4.083884336444498775e-02
5.000000000000000000e+00 1.692093409419623273e-01 4.168054317004067366e-01 4.863394300623355426e-02 3.937911725136089558e-02
2.000000000000000000e+00 2.927201608373701802e-01 4.575582108622584521e-01 5.445149691600315034e-02 4.012037278087432490e-02
3.000000000000000000e+00 1.667629797755934562e-01 5.200001345413842735e-01 5.154547842915022104e-02 3.938568240527673403e-02
1.000000000000000000e+00 4.266962774293785454e-01 5.154910047731527944e-01 5.058511778386848290e-02 4.156779612653632716e-02
0.000000000000000000e+00 2.428610442547991799e-01 5.565193273067041702e-01 4.571542865919647758e-02 3.573854631231176970e-02
0.000000000000000000e+00 1.778795921515295142e-01 6.227559651184975120e-01 4.860977882627470770e-02 3.356161851095207371e-02
6.000000000000000000e+00 4.861816061102877118e-01 5.845395421425529925e-01 4.766028654503845496e-02 3.864889559397466368e-02
0.000000000000000000e+00 3.999661015456353885e-01 6.228335884089132302e-01 6.028160185531744597e-02 4.376651582534774043e-02
8.000000000000000000e+00 2.912351809494548305e-01 6.561361867716762886e-01 5.445444847679714595e-02 4.084110530823092944e-02
1.000000000000000000e+00 1.798676200620696053e-01 7.112393717601993570e-01 4.863394300623358202e-02 3.937917242072175306e-02
2.000000000000000000e+00 2.799024288108846736e-01 7.659605365109942721e-01 4.474171702864065958e-02 3.500832465492587087e-02
8.000000000000000000e+00 3.854423122108234789e-01 7.233892372991583830e-01 4.861855075461601894e-02 3.574511146622760815e-02
5.000000000000000000e+00 5.099388292803854750e-01 6.940546952001830361e-01 4.961146132267324482e-02 4.083746413042899093e-02
9.000000000000000000e+00 6.464431507852670400e-01 6.414943212127619532e-01 5.542523613123917503e-02 4.085064960762108122e-02
6.000000000000000000e+00 6.095324210675092669e-01 7.418062594523946451e-01 5.541640903353739489e-02 3.864470272256637084e-02
9.000000000000000000e+00 5.029808005551958949e-01 8.738358906624223987e-01 5.153767196462011313e-02 3.720141707895219252e-02
