9.000000000000000000e+00 6.634551526188873227e-01 1.934104635239491388e-01 4.043146786524576264e-02 3.006960978619674374e-02
1.400000000000000000e+01 6.411749892532290218e-01 7.305234692867708102e-01 3.585572669605818774e-02 2.689171430880410441e-02
1.200000000000000000e+01 6.545203315199463745e-01 9.146382248471196519e-01 3.512629424560131941e-02 2.489583732058120447e-02
8.000000000000000000e+00 2.418543884906801944e-01 6.148460345551582940e-01 5.383605364981136621e-02 3.964822658840494451e-02
7.000000000000000000e+00 2.196716325529828595e-01 4.929382506952676435e-01 5.062267125141867163e-02 3.833133627590451509e-02
3.000000000000000000e+00 1.501155186060772473e-01 3.940392555190964652e-01 4.956850253373637494e-02 3.645230515417380301e-02
2.000000000000000000e+00 7.751541244623469384e-02 2.839121474201323769e-01 4.872252016533246133e-02 3.291765715785754942e-02
0.000000000000000000e+00 1.656274598149261035e-01 2.308525013262108794e-01 4.739427619046496232e-02 3.120562172880855800e-02
5.000000000000000000e+00 2.195538181276158463e-01 3.291611060593005456e-01 4.596094357767016580e-02 3.403459387151641646e-02
1.000000000000000000e+00 3.651834517862557750e-01 5.186558429601736409e-01 5.213679781702851290e-02 3.649120893564927748e-02
0.000000000000000000e+00 4.105876757939539434e-01 6.103232412711325772e-01 5.180772993927923453e-02 3.798284341183078006e-02
0.000000000000000000e+00 5.509796390056478366e-01 6.327677906013928766e-01 4.962545917646343785e-02 3.766972985110417227e-02
9.000000000000000000e+00 5.108695174515655024e-01 5.334288948173286915e-01 4.623485740837623981e-02 3.511284203900544298e-02
3.000000000000000000e+00 4.247225549701987846e-01 3.789296698095313554e-01 4.294390958675153858e-02 3.302879928875296356e-02
1.500000000000000000e+01 3.770953941791453379e-01 3.138651265751425390e-01 4.471352046003096437e-02 3.179396743648749135e-02
2.000000000000000000e+00 3.153688411328471330e-01 2.341753039730547215e-01 4.139308540154801319e-02 3.235395589266226724e-02
6.000000000000000000e+00 2.600301356496522720e-01 1.670630120418092335e-01 4.301022896526934813e-02 3.051178381700445086e-02
3.000000000000000000e+00 3.996667440087788847e-01 1.793133312394124546e-01 4.066187725982045587e-02 3.100001820319661650e-02
2.000000000000000000e+00 4.437664402818382037e-01 2.363111242664947820e-01 4.210013338022933205e-02 3.031382114473896161e-02
6.000000000000000000e+00 5.215278083551619925e-01 3.394119161729001188e-01 4.271877345716235119e-02 3.280196818113262358e-02
6.000000000000000000e+00 5.620996365440293907e-01 4.286085073417674751e-01 4.429994582044616269e-02 3.574092556496871742e-02
7.000000000000000000e+00 6.432902411227838790e-01 5.301883120571990737e-01 4.347220464418621866e-02 3.260416693534629040e-02
5.000000000000000000e+00 7.422393995773512998e-01 6.419151834689627023e-01 4.848880152793511034e-02 3.661561494224818691e-02
1.000000000000000000e+00 5.043027286363233053e-01 1.804436663508408589e-01 3.999596612890937708e-02 3.021225698493978928e-02
1.000000000000000000e+00 6.040834621460304810e-01 2.583877288419437201e-01 4.034074618396277234e-02 3.025603046520283779e-02
5.000000000000000000e+00 6.525863884908911228e-01 3.504259775843387992e-01 4.197163790282509854e-02 3.134017069918093590e-02
8.000000000000000000e+00 6.922773392874447262e-01 4.343783739860610504e-01 4.648017184785935285e-02 3.337333720408747206e-02
8.000000000000000000e+00 7.653993372543825835e-01 5.183834088721931410e-01 4.346268048191637146e-02 3.407842116060577631e-02
1.500000000000000000e+01 8.208238543634527318e-01 4.555979519314908854e-01 4.288321323059074430e-02 3.342830292023846184e-02
7.000000000000000000e+00 7.574603830097370594e-01 3.698229833191210014e-01 3.930368867307043601e-02 3.202736322092664123e-02
