1.400000000000000000e+01 2.880954112066451689e-01 2.286878930058094950e-01 3.015040760157661204e-02 3.821500860326690341e-02
2.000000000000000000e+00 9.234270964000782511e-01 4.975217949874299328e-01 3.842623110277210152e-02 4.866831932216764134e-02
1.000000000000000000e+00 8.765797912126624958e-01 3.951015042046447379e-01 4.167313756933754831e-02 5.126485092465377091e-02
1.000000000000000000e+01 2.265236977541587038e-01 3.135257219014908614e-01 3.254789977466748807e-02 4.164439498645650106e-02
8.000000000000000000e+00 8.416807659006626530e-01 2.482092372739242436e-01 3.976920758849689097e-02 5.644877682704338429e-02
3.000000000000000000e+00 8.474793158618816324e-01 6.522254797977961038e-01 3.908352547754490036e-02 5.068600724163330185e-02
6.000000000000000000e+00 8.210588498002875379e-01 5.264905778558439664e-01 4.125435931958343350e-02 5.214324436547745911e-02
5.000000000000000000e+00 7.711450481238342203e-01 4.043631214152070275e-01 4.073273466729832037e-02 5.669353233990986896e-02
1.500000000000000000e+01 7.255439349841086294e-01 2.557809266356518840e-01 3.802667371605583657e-02 5.426717930170391058e-02
1.000000000000000000e+00 6.926379948868861547e-01 4.969535819201972293e-01 3.639047557205110639e-02 5.065968944455084833e-02
8.000000000000000000e+00 7.878193833735228635e-01 7.588090390851096600e-01 3.746016095593796003e-02 4.923415195943958711e-02
0.000000000000000000e+00 7.241794607023401831e-01 6.530801576506871653e-01 3.710330345572376842e-02 5.007170845894792777e-02
0.000000000000000000e+00 7.222603314544202568e-01 8.551227729691361912e-01 3.656109769470894388e-02 4.677281695050505839e-02
7.000000000000000000e+00 6.833305137400599305e-01 7.587271286380103952e-01 3.584537189630143672e-02 4.950489999324469981e-02
1.000000000000000000e+00 6.408060102203855246e-01 3.690836265120153170e-01 4.039255496208915552e-02 5.213484632685799758e-02
5.000000000000000000e+00 6.159562730862337965e-01 6.343784353383383756e-01 3.841428459713025489e-02 4.608275839689235376e-02
7.000000000000000000e+00 6.240170003447579328e-01 8.711882208483485712e-01 3.778484568848283764e-02 4.952382515069742031e-02
2.000000000000000000e+00 5.957647268945522878e-01 4.856180779437029305e-01 3.854959947291569655e-02 5.139880555474746204e-02
5.000000000000000000e+00 5.623279361307865765e-01 3.501685674052271713e-01 3.854167456323254193e-02 4.996268180968616024e-02
0.000000000000000000e+00 5.128126568715014599e-01 1.944757030565437139e-01 4.073409491299023744e-02 5.549290852289845422e-02
9.000000000000000000e+00 4.527767199462872094e-01 3.366902624761710094e-01 4.031712046730578924e-02 5.668948117339267512e-02
3.000000000000000000e+00 4.815510763924350512e-01 4.914242423237405455e-01 3.801845310078733053e-02 5.152657993811049497e-02
3.000000000000000000e+00 5.068619959572580047e-01 6.333825876390750675e-01 3.657765720747996330e-02 4.976920164529263779e-02
6.000000000000000000e+00 5.368968418161401690e-01 7.424391327353798697e-01 3.695763888445646739e-02 5.026533647613395939e-02
7.000000000000000000e+00 5.138691242157300554e-01 8.710334485450570430e-01 3.732703430148293089e-02 5.027882065081890062e-02
8.000000000000000000e+00 3.844059662556308932e-01 8.152168606886034397e-01 4.015451196600672290e-02 4.572217500630482157e-02
2.000000000000000000e+00 4.175963011994152652e-01 5.969054703305616272e-01 3.771337364854099317e-02 5.193435794009526596e-02
6.000000000000000000e+00 3.428385582182800206e-01 4.774727936730920330e-01 4.071957576875706586e-02 5.429308311096714412e-02
9.000000000000000000e+00 3.212018101200717624e-01 7.090497731474796339e-01 3.809796833264633698e-02 5.327171601970126513e-02
1.500000000000000000e+01 2.783300151758643093e-01 5.965462176151072882e-01 4.185410938747735621e-02 5.480654628910086590e-02
