1.000000000000000000e+00 3.596144042634640270e-01 1.975322427520427304e-01 3.388473414752501967e-02 4.104469452095532711e-02
1.100000000000000000e+01 8.179598011276794089e-01 4.351699912200819309e-01 2.844745493904310418e-02 3.851846922479035262e-02
1.000000000000000000e+00 7.431177401559858620e-01 5.211405403233998479e-01 2.608658438794042578e-02 3.010655306925857921e-02
8.000000000000000000e+00 5.482250813952862512e-01 7.882009148747004534e-01 3.766702272868993617e-02 5.192388775537903900e-02
8.000000000000000000e+00 2.230286372556054553e-01 8.377546069372614479e-01 3.575109465372669493e-02 5.360774191657735610e-02
3.000000000000000000e+00 5.616284184210276198e-01 6.543317892264295388e-01 4.124166038629717423e-02 5.215535109438873551e-02
3.000000000000000000e+00 4.750811259546449672e-01 6.661844884011941526e-01 4.123436124263302194e-02 5.215512906720509712e-02
9.000000000000000000e+00 3.600524083901127659e-01 6.901867093419351562e-01 3.522677745941366068e-02 4.696962868504139799e-02
2.000000000000000000e+00 2.541189788991500276e-01 6.970021112796573881e-01 3.415202712330467349e-02 4.765846802247786229e-02
2.000000000000000000e+00 1.754029598728205908e-01 6.874551644076414281e-01 3.409280137205206174e-02 4.334314768003966201e-02
5.000000000000000000e+00 6.320935465068056036e-01 5.136245732376018003e-01 3.570757732572105159e-02 5.065897113642886529e-02
0.000000000000000000e+00 5.277747403258230552e-01 5.279171430107700846e-01 3.529749311742291784e-02 4.588602501498240116e-02
9.000000000000000000e+00 4.101580461546586731e-01 5.478185773753252441e-01 3.398145473942543182e-02 4.825544361265743376e-02
7.000000000000000000e+00 3.148139395330972756e-01 5.637186655885951803e-01 3.439792222925497356e-02 4.586332273544879712e-02
1.000000000000000000e+00 2.590576544365315037e-01 2.282478996463907228e-01 3.026524699880983604e-02 4.036329309417291400e-02
5.000000000000000000e+00 2.208583492883132715e-01 5.657919554300074871e-01 3.394579162304314779e-02 4.825466651751464386e-02
8.000000000000000000e+00 1.299531211369204797e-01 5.960070797920964392e-01 2.848264624765986519e-02 4.151403223390404129e-02
2.000000000000000000e+00 6.613262005810118804e-01 3.621168726509729208e-01 3.803231295267617273e-02 4.835324658707834677e-02
6.000000000000000000e+00 5.715561696664910318e-01 4.015735454938953453e-01 3.486465112279524270e-02 4.707464754293272380e-02
1.500000000000000000e+01 4.626365716916250870e-01 4.044856124052379487e-01 3.573322146543861377e-02 4.469737473363394331e-02
6.000000000000000000e+00 3.643029523017058402e-01 4.480755571766617540e-01 3.394734581332914392e-02 4.585194384228397091e-02
5.000000000000000000e+00 2.591337820071434317e-01 4.469177131670520886e-01 3.392197920759115748e-02 4.404325489704896679e-02
1.000000000000000000e+00 1.785034584796315882e-01 4.557197449610477791e-01 3.022086931546735800e-02 4.225846162745994228e-02
0.000000000000000000e+00 2.232144462549663366e-01 3.424866444913101104e-01 3.027257389587206804e-02 4.036343186116275739e-02
0.000000000000000000e+00 3.011600309538488007e-01 3.352730229229187175e-01 3.120597617615655794e-02 4.278572068195701794e-02
1.500000000000000000e+01 3.998312565532862739e-01 3.224754870679090724e-01 3.302251933301503239e-02 4.402973899224110754e-02
7.000000000000000000e+00 5.088707214539536228e-01 3.047317683813689504e-01 3.437277765070062552e-02 4.406376465814348942e-02
7.000000000000000000e+00 5.948636120426316065e-01 2.695264581752794819e-01 3.665679904284435686e-02 4.650042973908255495e-02
3.000000000000000000e+00 5.570033146505288801e-01 1.701472017637142564e-01 3.299090821273542584e-02 4.163065201214366517e-02
6.000000000000000000e+00 4.491220823070426471e-01 2.039700597104812385e-01 3.299090821273548135e-02 4.163062425874575201e-02
