1.600000000000000000e+01 3.078653913642951379e-01 2.984250710783397098e-01 3.254759799555834165e-02 4.093182412329904318e-02
1.000000000000000000e+01 1.440779654425258516e-01 3.263278522420247074e-01 2.987316047688831633e-02 3.410096211707058789e-02
5.000000000000000000e+00 5.054364319245603365e-01 8.781511129892498602e-01 3.392732794579367273e-02 4.381104967986126919e-02
1.000000000000000000e+00 6.115368704959645019e-01 8.410062235634403471e-01 3.241514611234042054e-02 4.440957655967336937e-02
7.000000000000000000e+00 7.578540601616485795e-01 7.682722748386063838e-01 3.294078883630668919e-02 4.035601189205695327e-02
8.000000000000000000e+00 8.208700027067594718e-01 6.642082497216043047e-01 3.019996097567612114e-02 4.073528350304211898e-02
8.000000000000000000e+00 7.117896296634502740e-01 7.063577324485865727e-01 3.173113104973135368e-02 4.373279511253180818e-02
9.000000000000000000e+00 4.577521921627721868e-01 7.884024128822803013e-01 3.688675347384512415e-02 4.645630613613427329e-02
3.000000000000000000e+00 5.818507154189442865e-01 6.798611633917628350e-01 3.574293802805861286e-02 4.652244987756748440e-02
3.000000000000000000e+00 3.753292265202022859e-01 7.738041822673191739e-01 3.805799637827889104e-02 4.837052902925997877e-02
1.500000000000000000e+01 3.270980404888952919e-01 7.427659438991794927e-01 3.474738429929580263e-02 4.774493089156206516e-02
7.000000000000000000e+00 3.439476106178287473e-01 6.953511289134942652e-01 3.984804220588050727e-02 4.601258958734844029e-02
1.000000000000000000e+00 4.770257632748746146e-01 6.413561350576089115e-01 3.904179548190722659e-02 4.864288561163199187e-02
2.000000000000000000e+00 5.862419310085495994e-01 5.776845913106454233e-01 3.899855818945419106e-02 4.653921871342381333e-02
7.000000000000000000e+00 6.629454084213084464e-01 6.038134515812081382e-01 3.367138399851643538e-02 4.421887215189590492e-02
3.000000000000000000e+00 7.787179991743873320e-01 5.717218179606249340e-01 3.418628589951577812e-02 4.353359668659184667e-02
0.000000000000000000e+00 8.664451777587974801e-01 5.440086863024617969e-01 3.207226177916111531e-02 4.344799890356043637e-02
2.000000000000000000e+00 3.793880382990385547e-01 5.662926881516785471e-01 3.907078474389408251e-02 5.005541343199804150e-02
6.000000000000000000e+00 4.897184294152241435e-01 5.155970312506669151e-01 3.696163783396805291e-02 4.926401753977982523e-02
6.000000000000000000e+00 5.582001904477319476e-01 4.822345829127384631e-01 3.588826793881327859e-02 4.922078024732684520e-02
1.500000000000000000e+01 6.805919503543829130e-01 4.564998587849450895e-01 3.356041376123208853e-02 4.702206254587437684e-02
3.000000000000000000e+00 7.745983181653961491e-01 4.318687542169885596e-01 3.486301254654022852e-02 4.702526835272918815e-02
2.000000000000000000e+00 8.795866568588304180e-01 3.892407568668128648e-01 3.308140593698405407e-02 4.524420974434473219e-02
5.000000000000000000e+00 8.374142402828095300e-01 3.046935468820346493e-01 3.428043250082657423e-02 4.775558951435315835e-02
1.000000000000000000e+00 3.955947208533046044e-01 4.117240667422039646e-01 3.965361139013495739e-02 5.218738459072841396e-02
5.000000000000000000e+00 6.167398676213782238e-01 3.498605843613641908e-01 3.850508313427125628e-02 5.189927297466789824e-02
8.000000000000000000e+00 7.340304764203897658e-01 3.010550383019202636e-01 3.493156749312920084e-02 4.941926627174347830e-02
9.000000000000000000e+00 6.606216642525155613e-01 2.004051700853080598e-01 3.722813080380205086e-02 5.208266156680232961e-02
0.000000000000000000e+00 5.549268698484881579e-01 2.273206723379240235e-01 3.734518385409313357e-02 5.716348183096878199e-02
0.000000000000000000e+00 4.365795503899435603e-01 2.663986769972561675e-01 4.048227136203380594e-02 5.643970928334748893e-02
