1.000000000000000000e+00 3.302094228611664462e-01 8.117635291368503481e-01 4.226703577029378156e-02 3.286605011261434228e-02
1.300000000000000000e+01 3.905976742375492083e-01 2.137853966239394166e-01 3.955565649738812528e-02 3.418634611965484793e-02
1.000000000000000000e+01 5.013846863197644055e-01 2.636373446936797205e-01 3.083221404753772044e-02 2.659909107898278391e-02
5.000000000000000000e+00 6.975175227629950570e-01 3.350702882510212532e-01 5.636758838303534969e-02 4.185168318224863349e-02
3.000000000000000000e+00 8.840893096121240635e-01 5.551571627309519474e-01 5.538689165495302991e-02 3.944244738547497686e-02
2.000000000000000000e+00 9.349889680317073903e-01 6.595645818316357989e-01 4.781885550936415541e-02 3.544424384543265472e-02
1.500000000000000000e+01 5.076252719791211065e-01 3.440102729377354507e-01 5.366454197412923177e-02 4.234301353362979192e-02
2.000000000000000000e+00 5.803136302371094679e-01 4.333197629412059437e-01 5.447757137809927652e-02 4.086181188673254638e-02
8.000000000000000000e+00 6.941927941975162275e-01 5.507895636103772308e-01 5.315306685388732078e-02 3.944480415509110660e-02
2.000000000000000000e+00 7.779187462708339051e-01 6.679669985916447672e-01 4.913157618549601757e-02 3.714240858091111264e-02
7.000000000000000000e+00 8.517555527513600566e-01 7.582456399577570672e-01 5.015845437534005580e-02 3.587356871048730245e-02
6.000000000000000000e+00 7.740627344976257485e-01 8.411172911020430298e-01 4.542538762359304982e-02 3.436243047811016194e-02
1.500000000000000000e+01 6.634593961331650691e-01 7.303632036524994042e-01 4.935687213807660179e-02 3.643335760785815225e-02
3.000000000000000000e+00 6.214448152795986058e-01 6.683009023440310559e-01 4.868631506875220616e-02 3.476627978588653356e-02
9.000000000000000000e+00 5.486811526210217949e-01 5.598527456230915078e-01 5.027045704566412976e-02 3.741338097319291123e-02
0.000000000000000000e+00 4.380251095931834149e-01 4.723905842320476056e-01 4.857821229100706129e-02 3.701806092688403327e-02
3.000000000000000000e+00 3.473107604443065322e-01 3.421450581273300928e-01 5.507742535894261104e-02 4.392305922049483113e-02
8.000000000000000000e+00 2.284483614430886100e-01 3.805095920380613395e-01 5.118446280496882772e-02 4.071499075100970533e-02
6.000000000000000000e+00 3.011124085002161443e-01 4.603131780507669912e-01 4.658272984575345665e-02 3.813488915707347049e-02
6.000000000000000000e+00 3.902526179146585950e-01 5.542479827380037971e-01 4.894208068565425451e-02 3.787345607038039574e-02
1.000000000000000000e+00 5.208801230662513104e-01 7.260792979100751943e-01 4.621785140698503325e-02 3.378822039523166065e-02
0.000000000000000000e+00 6.162807683127095038e-01 8.164379011024457400e-01 4.561415364712506637e-02 3.479108198041713784e-02
5.000000000000000000e+00 4.788514156233791841e-01 8.310308782810329475e-01 3.930693313255301247e-02 3.064625370212026301e-02
9.000000000000000000e+00 3.895406069511949676e-01 7.397162402712050833e-01 4.451407531527812322e-02 3.571381339865742355e-02
1.000000000000000000e+00 3.263712271439843660e-01 6.441409275337394158e-01 4.708713465714736701e-02 3.589988597119964098e-02
8.000000000000000000e+00 2.387906380797346628e-01 5.540087986787572971e-01 4.822349040701259804e-02 3.615980399171103699e-02
0.000000000000000000e+00 1.562661054317535103e-01 4.649557616833270290e-01 5.118982165016722208e-02 3.839222595371971636e-02
7.000000000000000000e+00 1.060109533602030252e-01 5.685699033539659553e-01 4.544572878992192422e-02 3.670270270683351210e-02
5.000000000000000000e+00 1.732472477644758091e-01 6.519295180358957165e-01 4.616681612208542451e-02 3.608006661970175610e-02
7.000000000000000000e+00 2.626935145760197488e-01 7.508343570484157237e-01 4.190019335684536106e-02 3.200986937924588105e-02
