0.000000000000000000e+00 3.738827251109116956e-01 4.154033381156895244e-01 5.142379190801399380e-02 3.729223406972187460e-02
1.600000000000000000e+01 4.549614955897615665e-01 7.244982063364658886e-01 3.533628494123497443e-02 2.810319439621267179e-02
1.600000000000000000e+01 1.244432184934720631e-01 7.986281537364993133e-01 3.380877297978884810e-02 2.644225047122361616e-02
1.000000000000000000e+00 2.231086347701585482e-01 4.332651800928968289e-01 5.332024150975167576e-02 3.933454880449871460e-02
0.000000000000000000e+00 2.853175346358386433e-01 2.333087461630732329e-01 5.231460386792308181e-02 3.731736124443771341e-02
6.000000000000000000e+00 4.367701456391610559e-01 1.091333787460130600e-01 4.952864648489480048e-02 3.458716474278585029e-02
2.000000000000000000e+00 4.239085099942936918e-01 2.027958788970078974e-01 5.149042094454425733e-02 3.862504665430394057e-02
7.000000000000000000e+00 3.824225011955258990e-01 3.221591605020056592e-01 4.873431476100537063e-02 3.653607130673308667e-02
8.000000000000000000e+00 3.616826268248264364e-01 5.428781470196166747e-01 5.326761065705959419e-02 3.867509813150604714e-02
2.000000000000000000e+00 4.708908201809937633e-01 5.934579324892510499e-01 4.887139842468013473e-02 3.921317324773965218e-02
9.000000000000000000e+00 4.824320039564075069e-01 4.830961496724264226e-01 4.870176825903782536e-02 3.588464857768086658e-02
5.000000000000000000e+00 4.970593670328211644e-01 3.864783228084847644e-01 4.692637541484118158e-02 3.704284613612329746e-02
3.000000000000000000e+00 5.123089247463598062e-01 2.724321484492415735e-01 5.000168656068737505e-02 3.713521096405814070e-02
3.000000000000000000e+00 5.321089935137164328e-01 1.765234179910354917e-01 4.574676034530889002e-02 3.393704619235213271e-02
8.000000000000000000e+00 5.698085080751129627e-01 7.426120750247093560e-02 4.472266133059210613e-02 3.391571562650338989e-02
2.000000000000000000e+00 5.896430071579972232e-01 6.824169704162285077e-01 4.314390964031378228e-02 3.662261080350526221e-02
0.000000000000000000e+00 6.054336251077183650e-01 5.588896928273066056e-01 4.688875710713524825e-02 3.777527284825599185e-02
1.000000000000000000e+00 6.210965494798177389e-01 4.540409048847308116e-01 4.898616614310546957e-02 3.573168291660788753e-02
6.000000000000000000e+00 6.361284542728073976e-01 3.531683981502606318e-01 4.909386231524404121e-02 3.788467894347213871e-02
7.000000000000000000e+00 6.551560725353178238e-01 2.549501412492268804e-01 4.453259903326045599e-02 3.500096612755279613e-02
6.000000000000000000e+00 6.767170142915852615e-01 1.620783645946102802e-01 4.612190007947492010e-02 3.725696328352903763e-02
9.000000000000000000e+00 7.684981498401961542e-01 2.190384671923965576e-01 3.971658619446905014e-02 3.200845583310596432e-02
5.000000000000000000e+00 7.598282891838262776e-01 3.133888925828871574e-01 4.217360074817211313e-02 3.207407050848859464e-02
5.000000000000000000e+00 7.451604820793664707e-01 4.234536414739184518e-01 4.353510526236059608e-02 3.487953260729970140e-02
1.500000000000000000e+01 7.359656750381889934e-01 5.287038411043858410e-01 4.550922594626483075e-02 3.724125517661336371e-02
1.500000000000000000e+01 7.160399703972530894e-01 6.250816556299083615e-01 4.482108334366585733e-02 3.583656785927991084e-02
8.000000000000000000e+00 8.135172364798928246e-01 5.750926630744408463e-01 4.476219243360535227e-02 3.491100678462544238e-02
7.000000000000000000e+00 8.537713181556541020e-01 4.906839188381783567e-01 4.282516838595973319e-02 3.301336893125761396e-02
1.000000000000000000e+00 8.574918789184249324e-01 3.751314181746024934e-01 4.042942124557769024e-02 3.386824352479106404e-02
0.000000000000000000e+00 8.746835614670946946e-01 2.956752052967380195e-01 4.292243112915050673e-02 3.486376653688971761e-02
