2.000000000000000000e+00 1.408023261635632517e-01 4.892785990235285487e-01 3.615206677748744601e-02 4.214710510835617541e-02
6.000000000000000000e+00 9.919929299059987438e-02 6.254717464820951367e-01 3.561622509977797890e-02 4.747811735175933023e-02
7.000000000000000000e+00 1.612002857816399182e-01 7.332393337590938920e-01 3.858567241333032971e-02 5.241336542029395584e-02
1.500000000000000000e+01 1.656802597220025930e-01 6.005020640871032711e-01 3.668862026126684661e-02 4.940663726383021093e-02
0.000000000000000000e+00 2.425227204857795804e-01 7.113199183251752711e-01 3.854951859669625280e-02 4.945581119982633833e-02
0.000000000000000000e+00 2.155821805468505770e-01 8.464402554020454827e-01 3.781674390631226124e-02 5.042262179427892121e-02
3.000000000000000000e+00 1.882801469294602403e-01 2.545865283929248934e-01 3.341956190945571947e-02 4.577446884060717980e-02
1.000000000000000000e+00 1.945250885080391234e-01 3.556788873220855240e-01 3.526723251541932780e-02 4.500002383654738702e-02
6.000000000000000000e+00 2.395864759595298099e-01 4.912775580779339402e-01 3.937660759134309352e-02 5.128616119142215268e-02
6.000000000000000000e+00 2.998428913903978810e-01 5.900616782153143003e-01 3.595860381940374495e-02 4.996676932367527524e-02
7.000000000000000000e+00 3.287178681293536631e-01 8.147090085146526661e-01 3.954225079552792232e-02 5.619892805158210880e-02
8.000000000000000000e+00 2.848805498494146882e-01 2.136281245920219618e-01 3.627856064782736256e-02 4.642947871785377267e-02
0.000000000000000000e+00 2.994266776203123315e-01 3.185920708818776870e-01 3.627117565985205072e-02 4.593082890729699441e-02
8.000000000000000000e+00 3.338457190569706912e-01 4.424790701250813640e-01 3.629321198943291638e-02 4.741506319740013131e-02
5.000000000000000000e+00 3.740412743610360691e-01 6.563072744062674602e-01 3.690059017716823542e-02 5.080420916492189853e-02
2.000000000000000000e+00 3.940395845294455968e-01 2.103929215164108135e-01 3.650494463664422096e-02 4.833560639730857811e-02
2.000000000000000000e+00 3.798186186688578547e-01 3.161162017606340413e-01 3.545319185118278593e-02 4.727086315107126291e-02
8.000000000000000000e+00 4.271613890622829035e-01 4.099426519382777245e-01 3.683175259849080785e-02 4.669768131327783900e-02
5.000000000000000000e+00 4.498337766838192975e-01 5.399861805144605675e-01 3.746330253401675137e-02 4.712156182790816494e-02
1.000000000000000000e+00 4.606401050220065851e-01 6.601743981497325553e-01 3.688232048804063190e-02 4.957468281350096984e-02
1.000000000000000000e+00 5.070548137639097064e-01 2.757595113574932699e-01 3.481446453778536121e-02 4.787343664783461072e-02
5.000000000000000000e+00 5.326368125012468369e-01 1.513270165667569556e-01 4.029872269632261972e-02 4.733700179840019673e-02
9.000000000000000000e+00 5.809507384720095091e-01 2.797187694991320472e-01 3.682742244489900507e-02 4.587584188839666233e-02
7.000000000000000000e+00 5.422642861826147964e-01 5.169027693754316699e-01 3.681407608108810958e-02 5.257058558598481923e-02
3.000000000000000000e+00 5.563983523855011715e-01 7.597283068931319772e-01 3.819788639816168452e-02 5.093019883929572611e-02
9.000000000000000000e+00 5.945188002149741635e-01 6.312837913358249065e-01 3.920799852853362744e-02 5.227764772963150453e-02
3.000000000000000000e+00 6.145413711069331875e-01 3.693542983179681771e-01 3.739882476751754670e-02 4.744427690485258919e-02
1.500000000000000000e+01 6.519004237102945520e-01 2.874725175065190319e-01 3.629321198943280535e-02 4.741503353881387772e-02
1.300000000000000000e+01 7.045818137744950249e-01 7.160601611891411755e-01 2.574086495456462398e-02 3.626373135470428721e-02
1.600000000000000000e+01 7.349266403892245059e-01 7.230875259314802905e-01 2.393465705217312500e-02 3.820648738817311596e-02
