1.000000000000000000e+00 1.742311533978133375e-01 7.645801011383135393e-01 4.188550586600159331e-02 3.142138164013130730e-02
1.100000000000000000e+01 6.023952444586152533e-01 2.396245930767493260e-01 3.191746306326637139e-02 3.003678104264226323e-02
1.200000000000000000e+01 7.381346859837433216e-01 2.740042974490648486e-01 4.136385149338273060e-02 2.877165230827016806e-02
1.500000000000000000e+01 7.706542962496115701e-01 4.993945576045681345e-01 5.120673329666236562e-02 4.032679516530934816e-02
2.000000000000000000e+00 8.025327239516615307e-01 6.504756565168482441e-01 4.911628549657232057e-02 3.336937571941844816e-02
0.000000000000000000e+00 8.116508323165988470e-01 7.973250800625175660e-01 4.962447745745857119e-02 3.298887952170315163e-02
5.000000000000000000e+00 7.166027131430889874e-01 8.655767474709228360e-01 4.522874655038233715e-02 3.071761857658505956e-02
1.500000000000000000e+01 6.844647538006283227e-01 7.554037213719644317e-01 4.739101265574030553e-02 3.394459809855521204e-02
8.000000000000000000e+00 7.062978565706663492e-01 7.171936228932194179e-01 4.783814497512806074e-02 3.523270869061312371e-02
8.000000000000000000e+00 7.185796316927723915e-01 6.180636047246346187e-01 4.937094475784120640e-02 3.569364139022868088e-02
3.000000000000000000e+00 6.390015979346588271e-01 5.899748740893620003e-01 5.015103237326057339e-02 3.684250896219010141e-02
2.000000000000000000e+00 5.534519143395535412e-01 7.517663636044793485e-01 4.524350450801384316e-02 3.200403932616624481e-02
0.000000000000000000e+00 5.503923418789617994e-01 8.312629187911650952e-01 4.567452699578833375e-02 3.168263128705972598e-02
6.000000000000000000e+00 4.894721687127504550e-01 8.143569460591058018e-01 4.610194448627885633e-02 3.297029125445716247e-02
8.000000000000000000e+00 4.528384397885812374e-01 7.688861014098663516e-01 4.653476947269541419e-02 3.329541694701299015e-02
2.000000000000000000e+00 5.006636433867404090e-01 6.942210030129254417e-01 4.782335885345528892e-02 3.393840200947295660e-02
9.000000000000000000e+00 4.857158741989330286e-01 5.893575746325506737e-01 4.963563041780610918e-02 3.568688202032110901e-02
5.000000000000000000e+00 4.943122155350863078e-01 4.823186430474153963e-01 4.964362900553004332e-02 3.762225860911427855e-02
1.000000000000000000e+00 4.179241819127398339e-01 3.559156375352401369e-01 5.119912900551620849e-02 3.878087093935916885e-02
3.000000000000000000e+00 4.265972561793650031e-01 5.023702716322437922e-01 4.669499470354676607e-02 3.635676374220547791e-02
7.000000000000000000e+00 3.766053224753045936e-01 5.015769187533807294e-01 4.705532544770441028e-02 3.769630187364370055e-02
3.000000000000000000e+00 3.372360202214477187e-01 4.656914098319207551e-01 4.597681165086442423e-02 3.581716887529007298e-02
6.000000000000000000e+00 2.390799990925065455e-01 3.898803729233116244e-01 4.997661246560322623e-02 3.748267762052237551e-02
7.000000000000000000e+00 2.726501562622219987e-01 5.557557892444758840e-01 4.668699611582283193e-02 3.662147756621192407e-02
6.000000000000000000e+00 3.226680149662822239e-01 6.458672870980953773e-01 5.025135268830582813e-02 3.491715877209333740e-02
1.000000000000000000e+00 3.393191594528250921e-01 7.696445308775402561e-01 4.395376040156157016e-02 3.335461776178694215e-02
7.000000000000000000e+00 3.252220428858682566e-01 8.161887071400237836e-01 4.394947946728677834e-02 3.232403916320836235e-02
0.000000000000000000e+00 2.173927015641837768e-01 4.926962895845304335e-01 5.025718264485110054e-02 3.631367275904462399e-02
9.000000000000000000e+00 1.204309625237707515e-01 4.613931405896996019e-01 4.740227827225311497e-02 3.662313924464744019e-02
5.000000000000000000e+00 1.588906225723125676e-01 5.733032825088488771e-01 4.519754079264223789e-02 3.664716317186067496e-02
