1.200000000000000000e+01 2.723101249125100543e-01 8.735248988928618896e-01 3.891110002574066362e-02 3.428153873488726244e-02
2.000000000000000000e+00 1.639519370688162225e-01 3.374236608329481690e-01 3.716695340261486069e-02 3.743189738602964445e-02
8.000000000000000000e+00 2.076221152326870600e-01 4.351731130893102262e-01 3.738947723395980027e-02 3.493309713102366043e-02
0.000000000000000000e+00 3.012058910869592765e-01 6.354707791082296886e-01 4.101705531720656328e-02 4.101711354665349418e-02
1.000000000000000000e+00 2.454048304789536450e-01 2.620506641050721619e-01 3.718069555208430854e-02 3.744555219132869595e-02
7.000000000000000000e+00 2.771016514099276518e-01 3.353806079015007047e-01 3.598058665138581524e-02 3.435013302334072316e-02
8.000000000000000000e+00 3.219639901549945504e-01 4.349686986159525537e-01 3.506280322400301408e-02 3.642831286863329465e-02
9.000000000000000000e+00 3.588913439409597839e-01 5.353407323740775325e-01 3.455879824632251962e-02 3.537625233668906244e-02
6.000000000000000000e+00 4.109560829736248477e-01 6.520287008268843554e-01 3.780343037200278866e-02 3.916931850803795356e-02
5.000000000000000000e+00 3.023452084450896638e-01 1.732524171151864079e-01 3.637314046769146714e-02 3.474277418381674365e-02
3.000000000000000000e+00 3.499849607912381977e-01 2.597920457611848088e-01 3.588209154194715866e-02 3.369135417578847380e-02
0.000000000000000000e+00 3.837867616704424556e-01 3.492026772868017659e-01 3.627615932387229236e-02 3.600245180869843242e-02
0.000000000000000000e+00 4.301661085236230253e-01 4.508901433652192647e-01 3.551847776075295338e-02 3.715845190336691806e-02
7.000000000000000000e+00 4.742204263487218574e-01 5.495526770211265344e-01 3.810354494134771119e-02 3.728629465404531551e-02
5.000000000000000000e+00 5.183179795381471777e-01 6.553871132918158704e-01 3.973242637432639057e-02 3.918253659248527310e-02
1.500000000000000000e+01 4.190457544584279548e-01 1.811535562082749462e-01 3.488118557910829809e-02 3.543142473763091771e-02
5.000000000000000000e+00 4.417054089019332164e-01 2.748171355195295762e-01 3.850075711340578133e-02 3.577061126584873962e-02
2.000000000000000000e+00 4.905758842804901487e-01 3.652999604083579932e-01 3.592588008601915739e-02 3.401860366739090091e-02
9.000000000000000000e+00 5.427565144698565103e-01 4.721863116373741232e-01 3.693639390759717589e-02 3.611969680004029071e-02
2.000000000000000000e+00 5.907337064608157995e-01 5.655843501133832607e-01 3.672938822385229951e-02 3.672938822385218849e-02
1.000000000000000000e+00 6.316730545811284347e-01 6.795337585635554678e-01 3.969483926634964632e-02 4.078652493691226066e-02
1.000000000000000000e+00 5.203836254949933959e-01 1.883191846001530112e-01 3.392948349890378967e-02 3.365507723036706422e-02
3.000000000000000000e+00 5.589423791375159878e-01 2.865327983351512176e-01 3.671570430382975481e-02 3.671570430382964378e-02
1.500000000000000000e+01 6.586316289586022776e-01 4.645516159359581732e-01 3.495245842211935905e-02 3.576991251248590187e-02
8.000000000000000000e+00 7.132758597023209912e-01 5.591701727338057593e-01 4.090077111173850977e-02 4.036063476225382196e-02
3.000000000000000000e+00 7.713360627192362706e-01 4.679951889669872189e-01 3.539651618421180146e-02 3.649719830432113232e-02
6.000000000000000000e+00 7.179943082438737800e-01 3.774878203662886955e-01 3.956300779855814742e-02 3.819709054779957258e-02
7.000000000000000000e+00 6.767782537918716201e-01 2.931094213142301230e-01 3.599150467268030784e-02 3.435214193925895110e-02
6.000000000000000000e+00 6.159699411430294980e-01 1.964175613872682358e-01 3.306093306887858407e-02 3.415189087135492296e-02
1.200000000000000000e+01 3.602210424757439355e-01 8.558238166725811169e-01 3.537022558893454516e-02 3.265035723875608920e-02
