6.000000000000000000e+00 4.743483346807554901e-01 7.567895296016022844e-01 3.556351257580070424e-02 4.997310297492241205e-02
0.000000000000000000e+00 2.567222805824961318e-01 1.968618977802314984e-01 3.147053196856525181e-02 4.472706711334181739e-02
5.000000000000000000e+00 3.405140430977767751e-01 1.875796995264249756e-01 3.215367478967051662e-02 4.349637823091362376e-02
7.000000000000000000e+00 4.367858527410574121e-01 1.720907837489535908e-01 3.330871640550187029e-02 4.380732656855507168e-02
1.000000000000000000e+00 5.426490571153086417e-01 1.571610425240051456e-01 3.332077251618859037e-02 4.657007951222394415e-02
2.000000000000000000e+00 4.823540611787139332e-01 2.857745829718204011e-01 3.423800252076364403e-02 4.718750687416306544e-02
5.000000000000000000e+00 5.911531630061752640e-01 2.696275470102982297e-01 3.539889286763753251e-02 4.658439786793647230e-02
3.000000000000000000e+00 1.910500523669971251e-01 3.095617169760830345e-01 2.985059899991721055e-02 4.256742317589951030e-02
9.000000000000000000e+00 2.983217939475703018e-01 2.834462776323578570e-01 3.239137604751096688e-02 4.318849220056325544e-02
6.000000000000000000e+00 3.895966905656559343e-01 2.895835276807160463e-01 3.192273267855383345e-02 4.349588164054202233e-02
6.000000000000000000e+00 9.632879098211975799e-02 5.065211695822610105e-01 2.869666091824482623e-02 4.286358415581092984e-02
0.000000000000000000e+00 1.931669895324875652e-01 5.088203692082809981e-01 3.076724964905885873e-02 4.287707486090419629e-02
0.000000000000000000e+00 1.511001018627391446e-01 3.978089986581719861e-01 2.914731668041084522e-02 4.071745851181590714e-02
1.000000000000000000e+00 2.415908133132895208e-01 3.926316440038097322e-01 3.146998020148572550e-02 4.440908374543695025e-02
1.500000000000000000e+01 3.353766777624999085e-01 4.067880836668656408e-01 3.239562465402290314e-02 4.565315297954253282e-02
2.000000000000000000e+00 2.909090101473990608e-01 5.083891218531356726e-01 3.262077321080514292e-02 4.657785942804454349e-02
8.000000000000000000e+00 4.346335197174183151e-01 3.954896457395739584e-01 3.423402979779133215e-02 4.473377108335740981e-02
8.000000000000000000e+00 3.832264844563408879e-01 5.354271709304608828e-01 3.238881033059137771e-02 4.596092865647705139e-02
5.000000000000000000e+00 4.701669885757412404e-01 5.115135443232273760e-01 3.424142347665654063e-02 4.473377108335757635e-02
1.000000000000000000e+00 1.341954345243816793e-01 6.519418111546045891e-01 3.245358778572238201e-02 4.551835628202538508e-02
8.000000000000000000e+00 2.357365645999970338e-01 6.271592479564274125e-01 3.442265137391195551e-02 4.479156868493305854e-02
7.000000000000000000e+00 1.736636923682527978e-01 7.694951804942250506e-01 3.085125618690984228e-02 4.552519819381095623e-02
7.000000000000000000e+00 3.225961934597224579e-01 6.352284276685261633e-01 3.359585599366382569e-02 4.700321666961637668e-02
3.000000000000000000e+00 2.767114776310987678e-01 7.496168058635361842e-01 3.332027592581698894e-02 4.626142100796226675e-02
9.000000000000000000e+00 4.366441313666927782e-01 6.280333297753871724e-01 3.445407450908838376e-02 4.663894004374324886e-02
2.000000000000000000e+00 5.193705006223806597e-01 6.429008316737701012e-01 3.525736461175066339e-02 4.811386862390343300e-02
1.400000000000000000e+01 7.687032567934000138e-01 5.276863478073612335e-01 3.164864238182163447e-02 3.813626452565033187e-02
1.400000000000000000e+01 8.152351540237239291e-01 5.580271918573973533e-01 3.555934673435068305e-02 4.147677277824368680e-02
