1.000000000000000000e+01 7.960461885069540777e-01 2.257031533105814947e-01 3.964998579136813639e-02 2.857141152048758848e-02
7.000000000000000000e+00 1.413064460940065548e-01 6.382743292022776682e-01 4.447396145583656923e-02 3.296342072018276781e-02
9.000000000000000000e+00 1.755473703302548594e-01 5.513063468562576785e-01 4.500940810253142854e-02 3.398093095251852880e-02
1.000000000000000000e+00 2.064219027138649576e-01 4.352015962071822397e-01 4.454011120253084655e-02 3.589208224575424211e-02
8.000000000000000000e+00 2.212250632515887216e-01 3.089099731047376673e-01 4.744046516141853242e-02 3.603405102214912725e-02
9.000000000000000000e+00 3.548243614552039626e-01 3.031691527935481689e-01 4.782281931617105020e-02 3.677325289430904975e-02
8.000000000000000000e+00 3.328537304198996294e-01 4.067001455853259673e-01 4.581898834932984776e-02 3.518315411760264411e-02
1.000000000000000000e+00 2.910172342411064261e-01 5.198714808691345945e-01 4.591899405351385077e-02 3.678378406326565653e-02
6.000000000000000000e+00 2.693702952480544477e-01 6.225195657734887700e-01 4.628879699411342363e-02 3.471633513970961982e-02
7.000000000000000000e+00 2.640861936887767270e-01 7.057928854555066689e-01 4.584328275955718013e-02 3.594506129776864345e-02
8.000000000000000000e+00 3.124180913283470806e-01 7.841086910186138015e-01 4.680067644685165229e-02 3.315384364735241007e-02
3.000000000000000000e+00 3.681599322238918726e-01 6.912169126675249409e-01 4.940144423616255054e-02 3.639286491688087377e-02
5.000000000000000000e+00 3.872213211014449707e-01 5.838605064196734640e-01 4.660877215320469169e-02 3.625916485882285656e-02
2.000000000000000000e+00 4.153706778455891202e-01 4.602530655061781717e-01 4.654563900733693638e-02 3.556144124802657069e-02
5.000000000000000000e+00 4.507167957426599370e-01 3.718164160336843715e-01 4.846320057732877995e-02 3.634761590448420954e-02
6.000000000000000000e+00 4.941325497889395013e-01 2.811266485501600076e-01 4.961489567856980365e-02 3.883555743609862221e-02
5.000000000000000000e+00 4.362651634699934444e-01 8.489530845070668574e-01 4.735661981880479043e-02 3.421574100613455904e-02
2.000000000000000000e+00 4.488837663306485259e-01 7.952918766967258524e-01 4.699522026622166004e-02 3.525275140809858154e-02
1.000000000000000000e+00 4.957802467876758490e-01 6.584250072514745700e-01 4.657752878750226477e-02 3.591419500716963586e-02
1.500000000000000000e+01 5.380095474883703766e-01 5.519290594554319140e-01 4.907794073146165559e-02 3.485585292793280665e-02
1.500000000000000000e+01 5.608522993697502290e-01 4.477456998009984313e-01 4.914102000945774762e-02 3.685556300257353257e-02
2.000000000000000000e+00 6.067232432815283794e-01 3.504025902562835637e-01 5.119300885377819910e-02 3.745104539250199149e-02
3.000000000000000000e+00 5.434022601443684319e-01 8.677316401232042509e-01 4.880504609241187453e-02 3.285977893464553379e-02
3.000000000000000000e+00 6.042108188021350079e-01 7.393509805475393382e-01 4.989883323135924087e-02 3.789039175572561646e-02
0.000000000000000000e+00 6.758605829532509102e-01 5.400091228933313614e-01 4.918314468528428574e-02 3.735359841223329092e-02
6.000000000000000000e+00 7.138859137280884060e-01 4.092625863837793254e-01 5.217108780388257649e-02 4.100034560417969987e-02
0.000000000000000000e+00 6.958431663081812157e-01 8.310126591098354609e-01 5.102925052319962074e-02 3.545534847431797143e-02
7.000000000000000000e+00 7.467739463615458151e-01 7.064219813975011197e-01 5.412072769159159691e-02 4.059068043837332773e-02
0.000000000000000000e+00 8.181569029431366991e-01 4.820624969348191180e-01 5.568408106989908291e-02 4.316429882024619413e-02
1.600000000000000000e+01 8.443735881792207021e-01 3.071831172682428779e-01 3.850163049818500216e-02 2.616634570979264884e-02
