1.600000000000000000e+01 2.644918485488924609e-01 1.523769999765493544e-01 3.005772014387783631e-02 3.921637988718035261e-02
9.000000000000000000e+00 6.385126614559684111e-01 9.239011901532860893e-01 3.130806826049337133e-02 4.159677238569348123e-02
6.000000000000000000e+00 5.373195900776401857e-01 8.744983351626532952e-01 3.402232930504522912e-02 4.387196505710155847e-02
2.000000000000000000e+00 4.436782920362729588e-01 8.505384012494392465e-01 3.292715718043048856e-02 4.390267263397618080e-02
7.000000000000000000e+00 3.717226792309376027e-01 8.041331443937802526e-01 3.162225175047045367e-02 4.135944113151157620e-02
3.000000000000000000e+00 3.504496166474588836e-01 7.582341460885133611e-01 3.331425034208285174e-02 4.071063945302255682e-02
2.000000000000000000e+00 3.346626875653939681e-01 6.567858908593211531e-01 3.517811141186405477e-02 4.393504608301412873e-02
3.000000000000000000e+00 5.208721010360677361e-01 7.421433480416153028e-01 3.408330022621786082e-02 4.379677869346954022e-02
6.000000000000000000e+00 5.948219155256855295e-01 7.931011003448301677e-01 3.247001409431604646e-02 4.638054641857181082e-02
9.000000000000000000e+00 7.014698575378317535e-01 8.421984621452707209e-01 3.133450009881610931e-02 4.230060337463981135e-02
1.000000000000000000e+00 7.802150794009341528e-01 7.620862533495935676e-01 3.256402481339193411e-02 4.366878418226483038e-02
8.000000000000000000e+00 7.019717015269917315e-01 7.075322717495637903e-01 3.281818137642200650e-02 4.375729752320223209e-02
7.000000000000000000e+00 5.886596600423065206e-01 6.822283677041629524e-01 3.372724781587277398e-02 4.527085344160108882e-02
2.000000000000000000e+00 5.094401782566130299e-01 6.324774287250323201e-01 3.594160838878845965e-02 4.792791954188357906e-02
0.000000000000000000e+00 2.870150787795024971e-01 5.183995858069303519e-01 3.952703728107853642e-02 5.013847637335994145e-02
1.500000000000000000e+01 3.934663368182484966e-01 5.247698254298832632e-01 3.743531266390959233e-02 4.777527012266369333e-02
7.000000000000000000e+00 3.826270619431152986e-01 4.282580352995933315e-01 3.876223537095968563e-02 4.826817393121440869e-02
0.000000000000000000e+00 5.078663594127106329e-01 4.641048139154923535e-01 3.835059835943632756e-02 4.863841401948254539e-02
1.500000000000000000e+01 6.062964152211778313e-01 5.131837817107975930e-01 3.752665798752419235e-02 4.967761283941440897e-02
6.000000000000000000e+00 6.804651808421103842e-01 5.817682245485646941e-01 3.642757106332594752e-02 4.749457066316675746e-02
8.000000000000000000e+00 8.041513856939670468e-01 6.422749782074529401e-01 3.414704760099585013e-02 4.944874976872859484e-02
3.000000000000000000e+00 8.809375974222342087e-01 7.064655860389394970e-01 3.332732743856370305e-02 4.550640776547587585e-02
5.000000000000000000e+00 8.885661258191139833e-01 5.679853535610810411e-01 3.591909135004922593e-02 5.003047232811341782e-02
1.000000000000000000e+00 7.615362656549176101e-01 5.100284393642382508e-01 3.677934773511881694e-02 4.860659586116572450e-02
5.000000000000000000e+00 6.913784204412890544e-01 4.452007881352811336e-01 3.785389080944612239e-02 5.296715507098648246e-02
0.000000000000000000e+00 9.015354959002415125e-01 4.145342611270987909e-01 3.608479010121445896e-02 5.238745932273364270e-02
8.000000000000000000e+00 7.982079702837585611e-01 3.614200928377110378e-01 3.640869117880984884e-02 5.388374569970771910e-02
5.000000000000000000e+00 6.498086351846391606e-01 2.858113195543839913e-01 3.668611442305258485e-02 5.212802749785350187e-02
1.000000000000000000e+00 5.365438767048524848e-01 2.266766892672403833e-01 4.360903490067857824e-02 5.816242729270795775e-02
1.300000000000000000e+01 3.882109543759720838e-01 2.229791352258855830e-02 3.051050419783191137e-02 3.722130362001220549e-02
