1.000000000000000000e+00 1.699610044567574363e-01 3.470503041683212220e-01 3.147836773758747042e-02 4.257277646681334460e-02
3.000000000000000000e+00 4.949574071550326693e-01 1.881187818538253009e-01 3.584006507814119225e-02 4.603172562923432687e-02
6.000000000000000000e+00 4.066003294498149456e-01 2.738685151405332308e-01 3.475662304211624143e-02 4.533496567559364143e-02
2.000000000000000000e+00 2.460587042140268965e-01 4.137920420666049148e-01 2.987081644099615074e-02 4.045198804968547224e-02
3.000000000000000000e+00 1.578448641801958319e-01 4.721782491339967525e-01 2.985425861549168003e-02 3.936568930339762185e-02
5.000000000000000000e+00 5.878287527168848392e-01 2.701320074542661875e-01 3.853840819929787997e-02 4.706083470016161896e-02
1.500000000000000000e+01 4.895509443072078581e-01 3.465117310786081650e-01 3.562176249096238312e-02 4.709012291411940332e-02
2.000000000000000000e+00 3.924554256556629372e-01 4.155419851155245370e-01 3.431408256682394464e-02 4.445920370217765205e-02
6.000000000000000000e+00 3.070073526522036356e-01 4.746162155954615214e-01 3.267591177382245249e-02 4.443199561705218903e-02
1.000000000000000000e+00 2.332435435771602616e-01 5.240529179776836077e-01 3.520357339053267753e-02 4.477640948156580425e-02
0.000000000000000000e+00 1.475253173084977165e-01 6.010267818666099604e-01 3.059639311272588369e-02 4.267087534254088155e-02
2.000000000000000000e+00 5.807003730892731364e-01 4.055112710659429798e-01 3.864208182029571503e-02 5.090566162848519927e-02
0.000000000000000000e+00 4.756572784734114379e-01 4.783933135290079353e-01 3.501056516995360024e-02 4.730506956011554243e-02
5.000000000000000000e+00 3.804137123887181282e-01 5.629995861291186010e-01 3.438622143472541692e-02 4.709472693260130516e-02
9.000000000000000000e+00 3.095040758194159691e-01 6.252088619772488975e-01 3.310122878238386246e-02 4.351102551034924382e-02
7.000000000000000000e+00 2.271837399981859462e-01 6.679017034802581243e-01 3.312056011299796543e-02 4.352456021528416930e-02
7.000000000000000000e+00 1.501186139236272976e-01 7.384253652109789012e-01 2.957948746428090692e-02 4.314464548536733890e-02
6.000000000000000000e+00 5.989496761549586434e-01 6.004081792869586653e-01 3.930267526730701899e-02 5.427865986755886496e-02
9.000000000000000000e+00 4.815421432175959193e-01 6.407980408221884971e-01 3.676289343326749615e-02 5.026467686259916690e-02
8.000000000000000000e+00 3.898379440759773829e-01 6.868871780071921229e-01 3.252891600301222041e-02 4.648655273216217854e-02
0.000000000000000000e+00 2.875589385198961123e-01 7.436882575668039008e-01 3.547268659131985746e-02 4.667886757646377838e-02
8.000000000000000000e+00 2.095118113586971198e-01 8.326403907932923287e-01 2.912718425100280228e-02 4.380684756534214408e-02
7.000000000000000000e+00 2.819990037668299587e-01 9.305882769026535550e-01 3.355930088628999997e-02 4.922627654955458176e-02
8.000000000000000000e+00 3.649850501519983914e-01 8.601991024346984371e-01 3.400228512239966694e-02 5.130407563748307087e-02
3.000000000000000000e+00 5.746500826328249101e-01 7.474170687763916909e-01 3.671482858971775176e-02 5.119479953616390411e-02
1.200000000000000000e+01 8.845933279511728475e-01 6.709510891431403889e-01 3.233945786897340913e-02 4.311912923835881095e-02
1.000000000000000000e+01 8.321357238035445025e-01 5.020750533178700570e-01 2.791288824390569800e-02 4.033658250207383666e-02
5.000000000000000000e+00 3.407790208247377661e-01 2.180011638111286065e-01 3.277708924022171288e-02 4.190075617875052560e-02
1.500000000000000000e+01 4.143125319030032117e-01 1.428074187067145395e-01 3.406746249247594172e-02 4.422223542561105891e-02
1.000000000000000000e+00 2.571806954515680199e-01 2.577433148305815491e-01 3.269288562509342633e-02 4.298944013943267750e-02
