1.600000000000000000e+01 7.677140198989160780e-01 3.340298786164955791e-01 4.353629203740738696e-02 3.473460987857640569e-02
1.000000000000000000e+01 7.879312772603206394e-01 1.587464841413490646e-01 3.614676201172339898e-02 3.195231778784105026e-02
5.000000000000000000e+00 1.045731121489516802e-01 4.416693203280640523e-01 4.663602567425086109e-02 3.618278913100025918e-02
1.000000000000000000e+00 1.113349411499574143e-01 5.584438410287571042e-01 4.735598415185851562e-02 3.451030164729251837e-02
7.000000000000000000e+00 1.430588779487033113e-01 7.231209128991226143e-01 4.288672366075312048e-02 3.517694933089732245e-02
8.000000000000000000e+00 2.324691812141004288e-01 8.063532804957489475e-01 4.341822585397484002e-02 3.216684556129856265e-02
8.000000000000000000e+00 2.213923018062846082e-01 6.856286518444540956e-01 4.664145601799926655e-02 3.377603742540158382e-02
9.000000000000000000e+00 2.123792011837230820e-01 4.072004469484002409e-01 4.941452236344162641e-02 3.936391953327655902e-02
3.000000000000000000e+00 2.880757260251224361e-01 5.547993504886823413e-01 4.953390233971644019e-02 3.811108667881168977e-02
3.000000000000000000e+00 2.523774199012860375e-01 3.238388167337848955e-01 5.146485666860917130e-02 4.060451951660909442e-02
1.500000000000000000e+01 2.992093612837277150e-01 2.788651915337522214e-01 5.091642114541938824e-02 3.699010023492599331e-02
7.000000000000000000e+00 3.435162366162679559e-01 3.044353664520266234e-01 4.879379903852609779e-02 4.261155704877206407e-02
1.000000000000000000e+00 3.597090107544954618e-01 4.521548177844434413e-01 5.172317753681154873e-02 4.167491033836623338e-02
2.000000000000000000e+00 3.931572130726359582e-01 5.766628486723440750e-01 4.941166121458501204e-02 4.167234114347451168e-02
7.000000000000000000e+00 3.428721277787585842e-01 6.521171247113124458e-01 4.709369270973251531e-02 3.589282045299535540e-02
3.000000000000000000e+00 3.414618733463838929e-01 7.781087196721909738e-01 4.632118251843087009e-02 3.647199872869621995e-02
0.000000000000000000e+00 3.439292638905062094e-01 8.741539541477210129e-01 4.631551861151050886e-02 3.415674539571811330e-02
2.000000000000000000e+00 4.672505019108176283e-01 3.631812776506363472e-01 5.327038757415214487e-02 4.167663286675954426e-02
6.000000000000000000e+00 4.868509919235319838e-01 4.866538208132917265e-01 5.249014060277895632e-02 3.938301332258531406e-02
6.000000000000000000e+00 5.009911837110616606e-01 5.636136450587998503e-01 5.248783416645569355e-02 3.820667240694186617e-02
1.500000000000000000e+01 4.909697762773931329e-01 6.954224227716381268e-01 5.017047876492969349e-02 3.570550278907280717e-02
3.000000000000000000e+00 4.883386287543210469e-01 7.974850036375091822e-01 5.012248153308906939e-02 3.713356641331067021e-02
2.000000000000000000e+00 5.011448536805218623e-01 9.140293186368260159e-01 4.824355340075353604e-02 3.522144311515829074e-02
5.000000000000000000e+00 6.018761390638432962e-01 8.844200190040314435e-01 5.094579171429503006e-02 3.647795458958136283e-02
1.000000000000000000e+00 6.233364488218862132e-01 4.062148687534659075e-01 5.558388918334056239e-02 4.226710976090447547e-02
5.000000000000000000e+00 6.212289499303781382e-01 6.469752606757168678e-01 5.531634256984530040e-02 4.101375138930274389e-02
8.000000000000000000e+00 6.367672654630383011e-01 7.773760611971072265e-01 5.274095825408176008e-02 3.715347767372123577e-02
9.000000000000000000e+00 7.636643848416571068e-01 7.179633417402120354e-01 5.556783171526757936e-02 3.960945281781336202e-02
0.000000000000000000e+00 7.674329850122392216e-01 6.033423026805091460e-01 6.112067934734655150e-02 3.961102936922422657e-02
0.000000000000000000e+00 7.623425048744778554e-01 4.734872663035291640e-01 6.021112596488953361e-02 4.307631856560245609e-02
