3.000000000000000000e+00 9.054914488408738471e-01 4.560292109548995665e-01 5.483145335897865458e-02 4.193505659794560803e-02
8.000000000000000000e+00 8.841422530446199080e-01 3.439143281944335717e-01 4.722678132282853714e-02 3.704446782744597044e-02
7.000000000000000000e+00 8.923544237239500188e-01 2.367721505895865330e-01 4.560189688496663063e-02 3.379877890173016430e-02
2.000000000000000000e+00 7.788493866929149245e-01 1.850283620056620282e-01 4.885663265635198371e-02 3.615492046634002921e-02
2.000000000000000000e+00 7.580430312016750438e-01 2.920773955344267980e-01 5.016062015664901619e-02 3.810717654503953389e-02
1.000000000000000000e+00 7.517076966556116568e-01 3.960413512129611346e-01 5.145922685331272284e-02 3.713313282797642279e-02
5.000000000000000000e+00 7.792610477357240217e-01 5.154802911871252391e-01 5.146354332216163119e-02 4.005940305888400221e-02
9.000000000000000000e+00 7.806136398578524815e-01 6.147412914482328627e-01 5.081205217455020406e-02 3.908278719942448465e-02
6.000000000000000000e+00 6.394296011124088741e-01 1.050699747918212856e-01 4.831778360678007367e-02 3.501691006273416340e-02
3.000000000000000000e+00 6.293999900937649050e-01 2.463834484730174079e-01 4.885911610418269824e-02 3.786631167030771183e-02
0.000000000000000000e+00 6.631780144671948207e-01 3.558740216504306386e-01 5.252172861692050443e-02 3.658408390338518945e-02
7.000000000000000000e+00 6.392253966580363489e-01 4.788400488414233935e-01 5.065382106990257149e-02 3.728707702863037765e-02
6.000000000000000000e+00 6.605135410284499464e-01 5.638147937194804005e-01 5.347826993974758025e-02 4.150882008155820646e-02
0.000000000000000000e+00 6.482599137827655955e-01 6.986708004380772774e-01 5.159155914486801553e-02 4.291634370451535840e-02
3.000000000000000000e+00 5.051147495020837930e-01 6.441776872811890708e-01 5.862196343500225559e-02 4.338595186337634857e-02
8.000000000000000000e+00 5.078702679121969155e-01 5.231119707184350709e-01 5.238268510325128080e-02 4.044661396650184315e-02
1.500000000000000000e+01 5.276855946771021877e-01 3.962941307243097455e-01 5.315488955435221374e-02 3.927895001320208523e-02
8.000000000000000000e+00 5.021603778763765735e-01 2.874647459669900096e-01 5.238357204890503604e-02 4.104314404842929198e-02
2.000000000000000000e+00 4.962442434111798972e-01 1.588616469783584451e-01 5.315574693515090487e-02 3.986758627881031858e-02
6.000000000000000000e+00 5.077191028079248714e-01 5.354962260053031803e-02 5.002145838355925855e-02 3.518078805471140658e-02
5.000000000000000000e+00 3.593853064521932428e-01 1.013186529312704726e-01 5.406043150208267312e-02 3.713532062725585781e-02
0.000000000000000000e+00 3.664476112210111602e-01 2.304441924748776294e-01 5.440356121070399897e-02 3.869930146355290979e-02
7.000000000000000000e+00 3.750410946193610817e-01 3.605181725710067120e-01 5.441039069223868596e-02 3.658565084070697360e-02
5.000000000000000000e+00 3.692389031058296855e-01 4.536474366608933551e-01 5.252894244157180204e-02 4.150802183046964355e-02
9.000000000000000000e+00 3.944084251345044145e-01 5.802405541911870301e-01 5.534922266684383363e-02 4.291941844944857642e-02
1.500000000000000000e+01 2.135233093743341137e-01 1.511502014679118600e-01 5.346316229877695614e-02 3.799397271475254967e-02
1.000000000000000000e+00 2.290217829473633060e-01 2.732888709705614261e-01 5.721982061567845723e-02 3.799707702454102609e-02
1.000000000000000000e+00 2.273838012786795759e-01 5.347492594292559964e-01 5.909594719242217131e-02 4.292255232409225574e-02
1.100000000000000000e+01 1.663005784366581863e-01 6.657726852829812803e-01 4.220859063759438423e-02 2.884926737495951965e-02
1.100000000000000000e+01 4.537076011410798304e-01 8.834056151142383184e-01 3.659812720957122956e-02 3.235944349465480485e-02
