0.000000000000000000e+00 3.966812528179567421e-01 3.108377643981304894e-01 4.528642120944759153e-02 3.354358677989971449e-02
1.100000000000000000e+01 6.138128032771511533e-01 2.236532384753018299e-01 3.098164719264029365e-02 2.414566569263570939e-02
1.300000000000000000e+01 9.133296480422572472e-01 2.272886294550601483e-01 3.218927281718675371e-02 2.109964595900831741e-02
2.000000000000000000e+00 5.329258214585049780e-01 8.759334714292636992e-01 4.386893258687685204e-02 3.272850133465998734e-02
9.000000000000000000e+00 3.948258424013593171e-01 8.229997518904377252e-01 4.449181862295964462e-02 3.285743977977917396e-02
1.000000000000000000e+00 2.938241754635070313e-01 7.595815704045285610e-01 4.386801200895557029e-02 3.226222861745942083e-02
3.000000000000000000e+00 1.779845616680135190e-01 7.221781154723436735e-01 4.211313157818344366e-02 3.285467804601494013e-02
8.000000000000000000e+00 6.386524121141793353e-01 8.194443648856630791e-01 4.856986374262195483e-02 3.388043199496026947e-02
1.500000000000000000e+01 5.393698669084638908e-01 7.891207870665396529e-01 4.471264225186077912e-02 3.290306592300962230e-02
0.000000000000000000e+00 4.070387757000937246e-01 7.354529929395592358e-01 4.346629481849467735e-02 3.235210003703836712e-02
1.000000000000000000e+00 3.018732772875264425e-01 6.772324519341226257e-01 4.483248999000610802e-02 3.260957417443621775e-02
0.000000000000000000e+00 1.500855991015272450e-01 6.535131288913458292e-01 4.330605672404705397e-02 3.226907541574997040e-02
6.000000000000000000e+00 6.550032280974685817e-01 7.302073385668723660e-01 4.564984811198913306e-02 3.453760955861584492e-02
5.000000000000000000e+00 5.380812879629524037e-01 6.748043988983102315e-01 4.402128823287232429e-02 3.362502915788545543e-02
9.000000000000000000e+00 3.883817825673704371e-01 6.014235793064643953e-01 4.483597092527141781e-02 3.423594768098969787e-02
6.000000000000000000e+00 2.842378811190720000e-01 5.954076888941471912e-01 4.330697730196847450e-02 3.269023981480079222e-02
2.000000000000000000e+00 1.692144171870397507e-01 5.265046753843415361e-01 4.381959536390067633e-02 3.311301522521437057e-02
8.000000000000000000e+00 7.464741230467717426e-01 6.708375135626596375e-01 4.721419768108681136e-02 3.362963204749258583e-02
1.500000000000000000e+01 6.493977140616855603e-01 6.079308569524010109e-01 4.279571133885828882e-02 3.311859622886292875e-02
7.000000000000000000e+00 5.200428512732750974e-01 5.749625163011503615e-01 4.482334174691182671e-02 3.331749859601029762e-02
1.000000000000000000e+00 4.027606918749122022e-01 5.453172893378752661e-01 4.330694853390837373e-02 3.269029735092099376e-02
5.000000000000000000e+00 2.775815993061350739e-01 4.742479402185116877e-01 4.483303658314685691e-02 3.286575374913214276e-02
3.000000000000000000e+00 1.714829800979656982e-01 4.245383290890182848e-01 4.449334333014193232e-02 3.362554698296638112e-02
7.000000000000000000e+00 6.528715148481741837e-01 5.167717358538297390e-01 4.549645681583225354e-02 3.704529258463151731e-02
2.000000000000000000e+00 5.443541922237069564e-01 4.740197088141490100e-01 4.670298925409677171e-02 3.438864854370571322e-02
3.000000000000000000e+00 4.003797465374225872e-01 4.365356601617494947e-01 4.557096609134736465e-02 3.523825566099875184e-02
5.000000000000000000e+00 2.757768925953659744e-01 3.772986141386720504e-01 4.550879831359122552e-02 3.438709506846332475e-02
7.000000000000000000e+00 7.938642374150304271e-01 4.824154945297641772e-01 4.823114860365851353e-02 3.515111720712399412e-02
8.000000000000000000e+00 6.387337681879849960e-01 4.150792614901298583e-01 4.822107978264289496e-02 3.541402850787039869e-02
6.000000000000000000e+00 5.421136494032642306e-01 3.512443890385066880e-01 4.857020895934249793e-02 3.820824141192868950e-02
