1.000000000000000000e+00 5.758590456117780310e-01 5.173870463037533174e-01 5.193569311451062820e-02 4.082978198016828930e-02
1.600000000000000000e+01 1.827004050077801200e-01 6.769891642967582612e-01 3.494887576477670454e-02 2.864444403821320151e-02
1.000000000000000000e+01 2.130073532919606050e-01 7.004236429655750218e-01 3.934788503075947741e-02 3.005220485511361783e-02
9.000000000000000000e+00 4.470319892551566365e-01 7.384108321227449423e-01 5.723542395222674939e-02 4.778141565588167605e-02
7.000000000000000000e+00 3.360127327180523205e-01 6.404735508294991941e-01 5.538889164941024346e-02 4.334970274194671624e-02
1.000000000000000000e+00 2.718861429261140716e-01 5.035602742298631584e-01 5.523510488289010145e-02 4.300267250831130150e-02
8.000000000000000000e+00 1.667484413692841838e-01 4.447562400037878838e-01 6.483402366258708693e-02 4.930185513718726709e-02
6.000000000000000000e+00 5.782678801320451090e-01 7.329507384017428517e-01 5.453965841791552638e-02 4.253119737444310822e-02
8.000000000000000000e+00 5.167942079028450264e-01 6.105124089724707215e-01 5.344044428137945113e-02 4.009172345812328508e-02
6.000000000000000000e+00 4.471004781842539688e-01 5.093605124299497300e-01 5.366075893769217675e-02 4.268575086309717159e-02
7.000000000000000000e+00 4.328964198417429854e-01 4.149513620155590443e-01 5.659459169465286266e-02 4.019136784624827152e-02
5.000000000000000000e+00 4.135671189256576175e-01 3.315388648313962738e-01 5.589091771139265141e-02 4.126861244471013990e-02
1.500000000000000000e+01 3.439915381390058480e-01 2.016340773026510380e-01 5.481526553582471983e-02 4.013693057472461634e-02
8.000000000000000000e+00 7.171166582913703902e-01 7.177241381361092465e-01 4.451293817668333652e-02 3.608465664924864758e-02
1.500000000000000000e+01 6.962647356848283842e-01 6.339860494487541409e-01 4.926726417321269924e-02 3.788987442476043910e-02
1.000000000000000000e+00 7.929917460893396441e-01 6.283495506582750245e-01 4.656380192824716158e-02 3.546803511752572025e-02
5.000000000000000000e+00 7.025318929199476647e-01 5.299181759282040050e-01 4.891345139762148797e-02 3.641428818830161340e-02
2.000000000000000000e+00 6.399947328567310301e-01 4.584510768919808354e-01 5.217036906618222059e-02 3.939822328779690741e-02
3.000000000000000000e+00 5.535092133589487595e-01 3.628645804066542579e-01 5.184651743244805822e-02 4.078218622922619163e-02
9.000000000000000000e+00 5.145480511769227050e-01 2.260905523423025199e-01 5.700903449746658191e-02 4.342973673702540949e-02
0.000000000000000000e+00 5.114639703709841223e-01 1.284351299012905512e-01 5.419805421784490429e-02 3.869717385338038163e-02
0.000000000000000000e+00 5.443459991766315120e-01 9.983092403046313346e-02 5.344672550501672337e-02 3.805439530115825586e-02
6.000000000000000000e+00 6.794561812312811533e-01 1.218405380809256255e-01 5.337854621370419217e-02 3.731321091195101414e-02
7.000000000000000000e+00 6.453605197552342299e-01 2.308680864280459599e-01 5.070233209381336259e-02 3.919400979630083270e-02
3.000000000000000000e+00 7.626368629271190747e-01 2.497086904515578021e-01 4.916534910799819080e-02 3.654917230528398342e-02
3.000000000000000000e+00 8.661062213540371424e-01 3.406470077219636572e-01 4.418430927426719723e-02 3.313430987709115039e-02
5.000000000000000000e+00 7.243202781453990102e-01 3.494070145296637731e-01 4.786652181277084583e-02 3.622449497078994440e-02
2.000000000000000000e+00 9.362846521633102492e-01 4.314267167231982669e-01 4.266454804715702487e-02 3.232698095915820247e-02
2.000000000000000000e+00 7.872209529681351015e-01 4.437893739033288432e-01 4.664100494929213081e-02 3.725104744046031646e-02
0.000000000000000000e+00 8.669987448967977350e-01 5.285987650926063930e-01 4.444157403958282071e-02 3.495397741590000606e-02
