1.400000000000000000e+01 3.258545090886836304e-01 2.242894332508776900e-01 2.770657919888291909e-02 3.521909415006768684e-02
2.000000000000000000e+00 8.876468816969736997e-01 5.525636588264132287e-01 3.531095906873393808e-02 4.485391729629117918e-02
1.000000000000000000e+00 8.522385610527103417e-01 4.527752004470539937e-01 3.826674548022568345e-02 4.729318122966641447e-02
1.000000000000000000e+01 2.633323366124941667e-01 2.939489738473303193e-01 2.991664342552671774e-02 3.836862411040525833e-02
8.000000000000000000e+00 8.310031524411387593e-01 3.138389532413273786e-01 3.666525912857276914e-02 5.185818196582686612e-02
3.000000000000000000e+00 8.068804207283135632e-01 6.842938705178441827e-01 3.593659834893925265e-02 4.668011351119805141e-02
6.000000000000000000e+00 7.918624657308176440e-01 5.658160713127069474e-01 3.790799338078998382e-02 4.805955669451089651e-02
5.000000000000000000e+00 7.550835183231610070e-01 4.475970639644936688e-01 3.753073768399250998e-02 5.210811658607239494e-02
1.500000000000000000e+01 7.241780208856882783e-01 3.057285408003935778e-01 3.506524218023976402e-02 4.984719467785664326e-02
1.000000000000000000e+00 6.764995566633100754e-01 5.221578129400510360e-01 3.352993340032750513e-02 4.656207144449953095e-02
8.000000000000000000e+00 7.445237057870618402e-01 7.740999374434789360e-01 3.445701805049261601e-02 4.532499711618143134e-02
0.000000000000000000e+00 6.939899732247418740e-01 6.691093287217481089e-01 3.415502845708107138e-02 4.606067837834348921e-02
0.000000000000000000e+00 6.775169279841311010e-01 8.537444001327070264e-01 3.360536277074888112e-02 4.309384423077977644e-02
7.000000000000000000e+00 6.489148290952883036e-01 7.604942695146128528e-01 3.301977833659708317e-02 4.550976097807213350e-02
1.000000000000000000e+00 6.383836699239271439e-01 3.984356316526814767e-01 3.713530492390459958e-02 4.802129778584823816e-02
5.000000000000000000e+00 5.963202039544668320e-01 6.379816520600724017e-01 3.525218293593790353e-02 4.255032826945326363e-02
7.000000000000000000e+00 5.864469837251762296e-01 8.557234959264008456e-01 3.475296676358896608e-02 4.559547617173287382e-02
2.000000000000000000e+00 5.886792250574813812e-01 4.992404681450621773e-01 3.547384514786178222e-02 4.729794318486973959e-02
5.000000000000000000e+00 5.679483932192591622e-01 3.709645243358120625e-01 3.543803524473232436e-02 4.601455544080218507e-02
0.000000000000000000e+00 5.339790538039370649e-01 2.220823622532188957e-01 3.750771703198096940e-02 5.103379228101911913e-02
9.000000000000000000e+00 4.686828519435752849e-01 3.444446651903683154e-01 3.715925075578424552e-02 5.209132729258397765e-02
3.000000000000000000e+00 4.837425624854115869e-01 4.897635242222098118e-01 3.500186735927623971e-02 4.739318228893724116e-02
3.000000000000000000e+00 4.965635418302798421e-01 6.229432614719608852e-01 3.367929552667781046e-02 4.577164130308508661e-02
6.000000000000000000e+00 5.161038576564864755e-01 7.266272441082316513e-01 3.402874140508771461e-02 4.622846246853762331e-02
7.000000000000000000e+00 4.856649910121854097e-01 8.413183909579927677e-01 3.435911225151144777e-02 4.625366001435660124e-02
8.000000000000000000e+00 3.712625547036117468e-01 7.734774546592941835e-01 3.680566877914082102e-02 4.229900587940549350e-02
2.000000000000000000e+00 4.175360108460280939e-01 5.780046902177400359e-01 3.473748360638490018e-02 4.774657378737268143e-02
6.000000000000000000e+00 3.578268477587470686e-01 4.590344912389878740e-01 3.747076425960266244e-02 4.996131833570205405e-02
9.000000000000000000e+00 3.211594797642984833e-01 6.681422980702198533e-01 3.510793651003463189e-02 4.895747096765867834e-02
1.500000000000000000e+01 2.901234639374945523e-01 5.596417746183601771e-01 3.849472068419051984e-02 5.046050729687834302e-02
