1.400000000000000000e+01 2.333152054593193858e-01 7.558832927054390804e-01 3.795186924793250705e-02 3.144766958546774127e-02
1.200000000000000000e+01 2.562118746787622192e-01 6.457146391849470923e-01 3.685534433548809385e-02 3.358134148580860234e-02
5.000000000000000000e+00 2.432119482927029563e-01 4.599743890664076962e-01 5.222897330190651166e-02 3.699290499008967004e-02
1.500000000000000000e+01 3.272070874704609555e-01 2.735540273252495824e-01 4.995445394714781440e-02 3.522816289862368277e-02
9.000000000000000000e+00 4.025494028403480140e-01 1.843731666785003998e-01 4.822613606348064019e-02 3.542453571714920812e-02
0.000000000000000000e+00 2.956985447359388175e-01 5.573172088271693969e-01 4.933855615536403283e-02 3.514084717563825677e-02
6.000000000000000000e+00 3.989968571767385508e-01 4.540190445617712234e-01 4.883640319000559504e-02 3.550309562095216309e-02
5.000000000000000000e+00 4.388255160606900906e-01 3.680479998748488191e-01 4.740820784693050571e-02 3.444162092621966265e-02
6.000000000000000000e+00 4.782582098602298215e-01 2.793381753591327454e-01 4.547807506635370700e-02 3.373951199171648652e-02
1.000000000000000000e+00 5.497306552088445653e-01 1.735172171184351519e-01 4.477197886649963987e-02 3.320982534265212727e-02
3.000000000000000000e+00 4.089682400010295482e-01 6.583619485267928617e-01 4.865420132806452802e-02 3.723588570764790884e-02
8.000000000000000000e+00 4.517856102047148603e-01 5.478245537843009494e-01 4.987018255513969711e-02 3.740248874095308818e-02
9.000000000000000000e+00 5.182136125944699634e-01 4.482333070099441819e-01 4.619257685262273538e-02 3.427033016202907234e-02
3.000000000000000000e+00 5.590481399861002565e-01 3.535938396865149214e-01 4.466604692488329587e-02 3.274929619463795571e-02
5.000000000000000000e+00 6.189566132945757415e-01 2.580274409329595398e-01 4.498648296597851370e-02 3.410846874157347219e-02
2.000000000000000000e+00 6.774413365220225414e-01 1.773731990634348499e-01 4.192523305194106875e-02 3.106494599375775323e-02
8.000000000000000000e+00 5.426819244161784628e-01 6.152281160768723334e-01 4.722274612615529055e-02 3.619203041520857589e-02
7.000000000000000000e+00 6.007456139753695190e-01 5.482295036862430138e-01 4.663252309031273857e-02 3.367768243779745152e-02
0.000000000000000000e+00 6.308677333595621439e-01 4.502486002349384564e-01 4.634942725040791522e-02 3.424522116671202543e-02
1.500000000000000000e+01 6.936364229736462494e-01 3.285732242612693366e-01 4.358749164749931015e-02 3.114331731068609166e-02
6.000000000000000000e+00 7.442718102433667493e-01 2.478472520269038304e-01 4.252973480829658204e-02 3.115207312986853494e-02
7.000000000000000000e+00 6.451272718932070660e-01 7.026635647868120227e-01 4.794045388929424334e-02 3.670520224224571582e-02
0.000000000000000000e+00 6.907316193426624729e-01 6.132997075191498615e-01 4.794810512821057191e-02 3.670622599956563370e-02
3.000000000000000000e+00 7.286685902274938620e-01 5.128151112488545937e-01 4.509521676973327065e-02 3.456670790610905097e-02
2.000000000000000000e+00 7.703917659136862994e-01 4.117854584992068911e-01 4.384741824279836386e-02 3.176651610861891406e-02
8.000000000000000000e+00 8.300778952968920210e-01 3.205968481024513705e-01 4.346895132626027447e-02 3.215379272630375374e-02
1.000000000000000000e+00 7.839924896710623869e-01 6.664437582190585463e-01 4.726019409127402149e-02 3.668736731209576440e-02
2.000000000000000000e+00 8.218834184174850233e-01 5.784119169883752409e-01 4.552961316511072720e-02 3.352562753482601909e-02
1.000000000000000000e+00 8.493466245143189708e-01 5.020583718553719432e-01 4.370107482803220478e-02 3.401810868761068196e-02
7.000000000000000000e+00 8.729062439507829785e-01 3.829677002338675029e-01 4.247008747392766459e-02 3.159676098040797854e-02
