6.000000000000000000e+00 9.067121625063330193e-01 3.821466168844614986e-01 4.257568518837162586e-02 3.407514620861862298e-02
1.400000000000000000e+01 2.978340805554205994e-01 7.229097189089188635e-01 3.812514458012977725e-02 3.044471072484689067e-02
1.200000000000000000e+01 1.722369878299401247e-01 6.025560245418526417e-01 4.403607443605833671e-02 2.960500149381573021e-02
1.000000000000000000e+00 1.844544158199435679e-01 4.099528249101918043e-01 6.384424457655024643e-02 5.003242218486003701e-02
0.000000000000000000e+00 3.509493360153362884e-01 1.672998744637644863e-01 5.991971832158526912e-02 4.193318393405581768e-02
5.000000000000000000e+00 4.094718387391723669e-01 5.317340120758912159e-02 6.620863985714381394e-02 4.367281500912676556e-02
1.000000000000000000e+00 5.825190231337046276e-01 6.723327972738729619e-02 5.467836205760456814e-02 3.886969221056250923e-02
5.000000000000000000e+00 5.337940956690219174e-01 1.996030661597085754e-01 5.889213640267776384e-02 4.330868039886656695e-02
9.000000000000000000e+00 4.555369965498531348e-01 2.949595409125758128e-01 5.958746955726434980e-02 4.084107183105140093e-02
0.000000000000000000e+00 3.917233688034156280e-01 4.148782108197639484e-01 5.897592062000400759e-02 4.123490432892945590e-02
6.000000000000000000e+00 3.245793038318676160e-01 4.922885992412727729e-01 5.889213640267759731e-02 4.330870957164417723e-02
8.000000000000000000e+00 3.958906125681839194e-01 6.371502711554519749e-01 5.664437388701126785e-02 4.290813816213590037e-02
3.000000000000000000e+00 4.553738477910099225e-01 5.175621871642603899e-01 5.553335782410873112e-02 4.163072057568556472e-02
3.000000000000000000e+00 5.118037434169546707e-01 4.019252641740014287e-01 5.463600318449945981e-02 4.311176414992767825e-02
9.000000000000000000e+00 8.658293152577289931e-01 4.714462249613534106e-01 4.478674834979146091e-02 3.445027895604180213e-02
0.000000000000000000e+00 5.949481433845118517e-01 3.037159689112278738e-01 5.641297541492484857e-02 3.975085595859240151e-02
1.000000000000000000e+00 8.196522506720955725e-01 5.530304501953726692e-01 4.277067603398765350e-02 3.465014165552060543e-02
3.000000000000000000e+00 7.676776216443672585e-01 6.618271736713768894e-01 4.111401233846956327e-02 3.383610446879559142e-02
1.500000000000000000e+01 6.583147420730802724e-01 1.746717186773768804e-01 5.126864780931006393e-02 3.930728387487131270e-02
8.000000000000000000e+00 7.108722431976679523e-01 7.689044640785260010e-02 4.849595033313880421e-02 3.722746903996668189e-02
0.000000000000000000e+00 7.882371950180326881e-01 1.703147789261306722e-01 4.719968713234545810e-02 3.753880092273359503e-02
6.000000000000000000e+00 7.308419430078452184e-01 2.763662565097045887e-01 4.701140602558229187e-02 3.697337414689133572e-02
1.500000000000000000e+01 6.756427885241578224e-01 3.774281389001633569e-01 5.034293722985350161e-02 3.861772693025350423e-02
8.000000000000000000e+00 6.137810092235922443e-01 4.895680189323207143e-01 4.685976592751039949e-02 3.857498881103932353e-02
5.000000000000000000e+00 5.348831446303761172e-01 5.970405025137934807e-01 4.997395993850828333e-02 3.962421693094131392e-02
2.000000000000000000e+00 5.026119846442594907e-01 7.087766458900706112e-01 5.035752361866380200e-02 4.076481419035127285e-02
7.000000000000000000e+00 8.600309339778606788e-01 2.921943116674754481e-01 4.462174711956934381e-02 3.603374815250975916e-02
7.000000000000000000e+00 7.882263135719802527e-01 3.759924444087325290e-01 4.812942355511373727e-02 3.821733055741083351e-02
2.000000000000000000e+00 6.907038475991169602e-01 5.805086395095371277e-01 4.812703138734886199e-02 3.823442580509650579e-02
2.000000000000000000e+00 6.398106534377838717e-01 6.788975953232869731e-01 4.720178757233417510e-02 3.754518976103249361e-02
