3.000000000000000000e+00 7.507860603822829049e-01 1.540046807863992284e-01 4.493050376116314304e-02 3.345882373002231902e-02
1.500000000000000000e+01 6.218428660036094957e-01 1.335636731456787130e-01 4.904830461970821620e-02 3.558808415168640549e-02
7.000000000000000000e+00 8.393364183883886831e-01 2.434486531666989750e-01 4.384370378210478147e-02 3.384326959589495365e-02
8.000000000000000000e+00 6.955375822680398556e-01 2.513204498366098938e-01 4.583824676159620193e-02 3.458084617609699651e-02
9.000000000000000000e+00 8.731782439763914327e-01 3.207497083570536867e-01 4.460466762738346524e-02 3.369615067417786047e-02
5.000000000000000000e+00 9.048610795684801644e-01 4.238385218614675320e-01 4.275758333617196705e-02 3.292632458438476961e-02
2.000000000000000000e+00 7.507873061930132597e-01 3.258208658770950783e-01 4.737240604841630454e-02 3.466748664962548965e-02
2.000000000000000000e+00 8.115854180894412906e-01 4.181013652504660394e-01 4.323688070084219515e-02 3.156578601118448235e-02
9.000000000000000000e+00 8.775886404733168611e-01 4.979789552286058019e-01 4.779031892073037913e-02 3.653090804973430084e-02
0.000000000000000000e+00 4.592512298389593850e-01 1.454020037689626732e-01 5.215841448057989549e-02 3.705256297924067188e-02
6.000000000000000000e+00 5.589827957788434665e-01 2.322792096501594683e-01 5.019167573148219930e-02 3.660933749799377690e-02
5.000000000000000000e+00 6.404448871228667350e-01 3.295089328183266053e-01 4.593723208690836390e-02 3.479775881260094295e-02
8.000000000000000000e+00 6.891155978357197398e-01 4.105638422506459051e-01 4.658176925664803125e-02 3.493621368696503415e-02
8.000000000000000000e+00 6.973652998651684864e-01 4.847649664200744946e-01 4.551116481708572525e-02 3.515567457269047624e-02
1.000000000000000000e+00 8.268541876576702698e-01 5.868058549029968596e-01 4.427498080589120644e-02 3.355121192123922125e-02
0.000000000000000000e+00 3.950591331183929134e-01 2.201386566692142832e-01 5.345875774439395878e-02 3.894854534162325854e-02
5.000000000000000000e+00 4.746511351435112602e-01 3.099518278908784952e-01 5.125064316626681826e-02 3.719498179683816685e-02
2.000000000000000000e+00 5.491119259086032489e-01 4.116111443667723191e-01 4.767542119472423234e-02 3.546845800768050339e-02
7.000000000000000000e+00 6.201557551357431697e-01 5.162715481076811663e-01 4.737234942065571275e-02 3.466748664962554516e-02
3.000000000000000000e+00 7.089387966096454274e-01 5.821628032521551921e-01 4.575053036061837997e-02 3.431291192740393292e-02
3.000000000000000000e+00 7.615788018791949110e-01 6.935169905187295036e-01 4.398663224954657558e-02 3.356282061213677892e-02
6.000000000000000000e+00 3.358354428464838115e-01 3.303686554778756945e-01 5.175584773135483152e-02 3.916223019578002340e-02
6.000000000000000000e+00 4.025628351882686307e-01 4.152217445316724875e-01 5.103092745561926824e-02 3.723436640424937494e-02
7.000000000000000000e+00 4.991952628958733484e-01 5.196196786027742487e-01 4.628934350154922939e-02 3.442916871966161807e-02
1.000000000000000000e+00 5.595967822718063145e-01 6.259521443842028798e-01 4.606447466469831831e-02 3.512144309148268473e-02
1.000000000000000000e+00 6.423642001225653431e-01 6.911306966922640127e-01 4.375802598050426706e-02 3.539948539542048245e-02
1.500000000000000000e+01 4.284006524425888474e-01 6.205161625172936901e-01 5.168019304335874642e-02 3.819078096481154372e-02
0.000000000000000000e+00 2.566366215192915634e-01 4.150180544772397173e-01 5.327035718528988495e-02 4.019214758944023025e-02
1.100000000000000000e+01 1.594285018417460620e-01 7.263639512968068646e-01 3.494068728004270930e-02 2.906776561329960096e-02
1.200000000000000000e+01 2.621832398732308889e-01 7.108517106724103751e-01 3.737406708934407074e-02 2.659500119658708694e-02
