2.000000000000000000e+00 1.522031822879120200e-01 7.386463207005438125e-01 4.075386927543633853e-02 3.111601934945518177e-02
1.000000000000000000e+01 6.992544238617907082e-01 9.018919087870566620e-02 2.667235485086227875e-02 2.664066282687535536e-02
1.100000000000000000e+01 8.937399686976734703e-01 1.979268428898633969e-01 3.457316802445198345e-02 2.546732938708029526e-02
1.000000000000000000e+00 7.640465672357894533e-01 7.151713856384400714e-01 5.038051070487037375e-02 3.722784438915716088e-02
5.000000000000000000e+00 7.571149807798716047e-01 8.047299070467029969e-01 4.890082103320103624e-02 3.445183604932933186e-02
0.000000000000000000e+00 6.386017463900953706e-01 8.547289085503506634e-01 4.711917446455182734e-02 3.334225093364617809e-02
6.000000000000000000e+00 6.188221405546152631e-01 7.631195685288590935e-01 4.623801850849906803e-02 3.467124236923946334e-02
9.000000000000000000e+00 6.179853422236477600e-01 6.387349033290752320e-01 4.800957743025602298e-02 3.400332805999595198e-02
7.000000000000000000e+00 6.119526491695683745e-01 5.286239782696486866e-01 5.067394914447442833e-02 3.534050169806868258e-02
1.000000000000000000e+00 6.139350959538593111e-01 4.179384216134922059e-01 4.801114661977257114e-02 3.800565800704536201e-02
7.000000000000000000e+00 4.785917295631182400e-01 3.736429896734382861e-01 4.801190319328951794e-02 4.001060584815474552e-02
2.000000000000000000e+00 4.957088691287930837e-01 4.930965889022774773e-01 4.694378951483063611e-02 3.680789004477769133e-02
1.000000000000000000e+00 4.875709962532315256e-01 5.970316463748555069e-01 5.014471195876019083e-02 3.520784914143326727e-02
9.000000000000000000e+00 5.109006832107051421e-01 7.009573587634375658e-01 4.587598407002696499e-02 3.441456779831009172e-02
3.000000000000000000e+00 5.028225236004983945e-01 8.016930489709820362e-01 4.694409774848562478e-02 3.760876514431132911e-02
8.000000000000000000e+00 5.047276177479935733e-01 9.097558454563514641e-01 4.480823466770578190e-02 3.440672185072723988e-02
6.000000000000000000e+00 3.550965005962113397e-01 3.199177375033178672e-01 4.890244626520040550e-02 3.867413274111625165e-02
5.000000000000000000e+00 3.791019618211320941e-01 4.215845875721359048e-01 4.978365826373581937e-02 3.734522536924705927e-02
3.000000000000000000e+00 3.740915537052544870e-01 5.408173934296172103e-01 4.694345325993426465e-02 3.600802370993305690e-02
2.000000000000000000e+00 3.798331200721428713e-01 6.441221831307295531e-01 5.013560505531566847e-02 3.600869621972568879e-02
0.000000000000000000e+00 3.893797048149891804e-01 7.442784501092701843e-01 4.587536760271676561e-02 3.280620458627958591e-02
1.500000000000000000e+01 3.909563900136533432e-01 8.427313618675431606e-01 4.481669708259888862e-02 2.961111056055454327e-02
6.000000000000000000e+00 2.708121372382007452e-01 7.871807920241018497e-01 4.371179151422413534e-02 3.334157842385321313e-02
3.000000000000000000e+00 2.657013290145020523e-01 6.989183090715835878e-01 4.371181953546549037e-02 3.333406873116673275e-02
0.000000000000000000e+00 2.618265377475383349e-01 6.052272710288761903e-01 4.519999964326937292e-02 3.390020989176234512e-02
1.500000000000000000e+01 2.603441860579389644e-01 4.868332389998787368e-01 4.445682027971190053e-02 3.723412114722357558e-02
8.000000000000000000e+00 2.324163114663497232e-01 3.747806660835927284e-01 4.444740514261233399e-02 3.722661145453703968e-02
7.000000000000000000e+00 1.439699671385964719e-01 4.545551227284171936e-01 4.297760696914569578e-02 3.556629686101053789e-02
5.000000000000000000e+00 1.415367426444212318e-01 5.487232504266530420e-01 4.667769980680178121e-02 3.167560353957055153e-02
8.000000000000000000e+00 1.667554955993275356e-01 6.493480886033464738e-01 4.075462584895328533e-02 3.334096195654323580e-02
