0.000000000000000000e+00 4.146842694594706225e-01 1.784788431409221610e-01 3.546010618136508086e-02 4.565434456805653185e-02
1.400000000000000000e+01 7.725626067198133606e-01 6.655465374464197836e-01 2.934725927772263709e-02 3.522143951370770854e-02
1.100000000000000000e+01 8.033086230470964928e-01 5.447096396848577493e-01 2.787979641847515566e-02 3.521905312451822923e-02
6.000000000000000000e+00 7.312807098697853281e-01 4.107601437988779303e-01 4.126172353676371696e-02 5.027544848988407811e-02
5.000000000000000000e+00 6.723534906196562133e-01 5.417446343630908379e-01 4.127038113475345327e-02 5.163130603145726916e-02
2.000000000000000000e+00 6.045406899661381894e-01 6.986901811913204252e-01 3.923218277726436831e-02 5.502797030940087541e-02
9.000000000000000000e+00 6.442058913864431302e-01 2.989882089862310188e-01 3.668257566673216452e-02 4.823328206664984075e-02
9.000000000000000000e+00 5.959557103544865786e-01 4.272060697672286356e-01 3.973748681377631264e-02 4.416959426154115631e-02
7.000000000000000000e+00 5.284596334940904194e-01 5.525534234634906783e-01 3.669245420802802471e-02 5.094602385212176898e-02
3.000000000000000000e+00 4.758003764449184048e-01 6.755298023795361928e-01 3.770922249500607837e-02 5.026967675789106860e-02
8.000000000000000000e+00 6.139510272528042600e-01 1.863821201570224906e-01 3.770306228105191337e-02 4.348839114279692830e-02
3.000000000000000000e+00 5.702103448250009921e-01 2.999162091451035295e-01 3.566675083594517126e-02 4.891978518929152031e-02
1.000000000000000000e+00 4.965113071203488548e-01 4.283779533515214566e-01 3.667949555975513753e-02 4.484261151039126148e-02
7.000000000000000000e+00 4.176154907249797210e-01 5.311091637147532518e-01 3.414373505626394634e-02 5.229771908696911886e-02
1.500000000000000000e+01 3.486867756382752148e-01 6.526542918400656257e-01 3.821669093101548453e-02 4.891370822147189656e-02
6.000000000000000000e+00 2.966616737674900861e-01 7.807598535856010713e-01 3.567044141457537121e-02 5.298838451633669511e-02
1.000000000000000000e+00 4.933333720608459316e-01 1.851756478038382725e-01 3.354819220993682238e-02 4.472129414368997136e-02
6.000000000000000000e+00 4.431234105301143367e-01 2.941601274252851894e-01 3.566652884625309827e-02 4.868730648429991925e-02
2.000000000000000000e+00 3.835608012839363257e-01 4.035660961001421576e-01 3.608675533328981055e-02 4.755435434224902780e-02
8.000000000000000000e+00 3.208568852774423275e-01 5.137145370487471441e-01 3.363712683031128137e-02 5.460233282362075835e-02
5.000000000000000000e+00 2.361199928589139962e-01 6.431644822436484166e-01 3.730009549257159995e-02 5.542194651535348182e-02
0.000000000000000000e+00 1.633637037532995606e-01 7.588884856693738357e-01 3.607460139765047979e-02 5.054794083686653394e-02
0.000000000000000000e+00 1.275028368060188433e-01 6.442518710014075722e-01 3.546532293912807443e-02 5.135037807617737204e-02
8.000000000000000000e+00 2.268599009706935843e-01 5.053999547563590156e-01 3.449028871425399712e-02 4.988596757519536684e-02
3.000000000000000000e+00 2.726688613592577193e-01 3.954450333217922608e-01 3.228815096919152028e-02 4.890407941857954910e-02
1.000000000000000000e+00 3.204831795052444088e-01 3.024346544526152480e-01 3.179863594952608841e-02 4.646213730868797853e-02
2.000000000000000000e+00 3.122166302324720921e-01 1.782204610137403389e-01 3.484930154370979860e-02 4.483967014697168296e-02
5.000000000000000000e+00 2.316380487252855946e-01 2.772738987771237729e-01 3.790790326938420218e-02 4.484460941761969632e-02
1.500000000000000000e+01 1.659423082673548155e-01 3.802768938951944788e-01 3.668240917446308202e-02 4.809747987254275881e-02
7.000000000000000000e+00 9.934755117971881544e-02 5.060731107487667080e-01 3.362519488436402360e-02 4.971997478297057738e-02
