2.000000000000000000e+00 1.257707715987348984e-01 6.242326992031865807e-01 4.279135396479470665e-02 3.073715729247450401e-02
1.300000000000000000e+01 8.485309802371563404e-01 3.177313964543178049e-01 4.092284259928613555e-02 3.210479199405102957e-02
1.600000000000000000e+01 8.656655857861514924e-01 3.768678784280444782e-01 4.249735704486590215e-02 3.130663503191916108e-02
9.000000000000000000e+00 7.828542644206948342e-01 5.559604190377054334e-01 4.866407969634922726e-02 3.565011387733363346e-02
3.000000000000000000e+00 6.335625531246324993e-01 5.713367486096969650e-01 4.669372977856933726e-02 3.403985905188700034e-02
6.000000000000000000e+00 5.859895238799412986e-01 6.579387032759710374e-01 4.609271007737480996e-02 3.359450377625705642e-02
1.000000000000000000e+00 6.696721246563988039e-01 7.512948630877895884e-01 4.536961329555067035e-02 3.255830188948494186e-02
3.000000000000000000e+00 5.348829606182188279e-01 7.596525140858092495e-01 4.468887747600858162e-02 3.172098660453215313e-02
5.000000000000000000e+00 6.271579470261287037e-01 8.366242395447234248e-01 4.498944115247915931e-02 3.194667849125154557e-02
5.000000000000000000e+00 4.868912064487097568e-01 8.418801207683350718e-01 4.378753631477311226e-02 3.105004709392944484e-02
0.000000000000000000e+00 6.903882499884665958e-01 4.784448100420975458e-01 4.921310360394226535e-02 3.730213758045597405e-02
5.000000000000000000e+00 6.024203561356247238e-01 3.897146879975472711e-01 4.916196902431368976e-02 3.706508843447164914e-02
1.000000000000000000e+00 5.067391204445541586e-01 3.044956007549916022e-01 4.818048113774431318e-02 3.809902963456540670e-02
6.000000000000000000e+00 4.590350924807350408e-01 4.148895602826872531e-01 4.709150298220793340e-02 3.591046962645394469e-02
7.000000000000000000e+00 5.403076397804786879e-01 4.921295942635010023e-01 4.670357991338203174e-02 3.404709863184490759e-02
1.500000000000000000e+01 5.149094439470441875e-01 5.895312932555865082e-01 4.441894072144186856e-02 3.331417862814467501e-02
8.000000000000000000e+00 4.242405677723373736e-01 5.196821033931638967e-01 4.327675569015498880e-02 3.363616500218613581e-02
9.000000000000000000e+00 3.695398087343818583e-01 6.053801870821579056e-01 4.563023817403749627e-02 3.259113567219396046e-02
0.000000000000000000e+00 4.519658983246772621e-01 6.665040683190299742e-01 4.479965112324646448e-02 3.343690161925383375e-02
1.500000000000000000e+01 3.249172985601441743e-01 7.016248047325226445e-01 4.199946771690155067e-02 3.215293923771200824e-02
8.000000000000000000e+00 4.004939381221022665e-01 7.716308431897223041e-01 4.309180998951867014e-02 3.133844612303560151e-02
2.000000000000000000e+00 3.647746041717132570e-01 8.439308865408152727e-01 4.100315080223992936e-02 2.863595667671836598e-02
8.000000000000000000e+00 2.797558164601509079e-01 7.758246861073809786e-01 4.166555891192569305e-02 3.059015883251003931e-02
1.000000000000000000e+00 3.680879230846327843e-01 3.191796219446829674e-01 4.581940920572730169e-02 3.468991412365191040e-02
6.000000000000000000e+00 2.457974228674935369e-01 3.514731812763740026e-01 4.634555711717075477e-02 3.475380543525119492e-02
3.000000000000000000e+00 3.282340219595495379e-01 4.253312145299458225e-01 4.484454190157310949e-02 3.445065811686248702e-02
0.000000000000000000e+00 1.925872233692483559e-01 4.453457868859749258e-01 4.435467262872949679e-02 3.312856010409231944e-02
7.000000000000000000e+00 2.548445294765289137e-01 6.094368009358548388e-01 4.417702033392451044e-02 3.232033770365461134e-02
7.000000000000000000e+00 1.654043230550231725e-01 5.427393043453200283e-01 4.213823081825207595e-02 3.064899051201996905e-02
2.000000000000000000e+00 1.964181857056309932e-01 7.010839085317968067e-01 4.211425139169983067e-02 3.049337991232858869e-02
