0.000000000000000000e+00 5.138389324939485192e-01 3.305846461679192716e-01 3.775432015022506249e-02 5.154376038255059633e-02
1.600000000000000000e+01 2.963279737748089060e-01 6.385823316241510117e-01 2.807097161560362375e-02 3.591985174462453134e-02
1.600000000000000000e+01 9.029908839556261002e-02 4.258189958205383374e-01 2.647291596546423598e-02 3.427357361368232880e-02
1.000000000000000000e+00 4.329208361622073897e-01 2.210572787239132031e-01 3.971687587166261579e-02 5.357362908263907375e-02
0.000000000000000000e+00 6.240414730499211915e-01 1.157201442009248016e-01 3.788126904187838484e-02 5.231459031630342205e-02
6.000000000000000000e+00 7.923317718849671731e-01 1.427074235648310430e-01 3.523165973045572219e-02 4.938837311862920298e-02
2.000000000000000000e+00 7.099647680663201399e-01 2.053809879783596026e-01 3.890141387183998489e-02 5.186176020450322666e-02
7.000000000000000000e+00 5.939631676949916894e-01 2.646983465419949777e-01 3.680070015909508996e-02 4.908137806378470858e-02
8.000000000000000000e+00 4.040694893639268925e-01 4.202280778934177619e-01 3.914707997258848327e-02 5.340067617782273679e-02
2.000000000000000000e+00 4.106571998300633242e-01 5.492064295817987718e-01 3.912220978273123206e-02 4.975030443792327617e-02
9.000000000000000000e+00 5.061208689797689342e-01 4.723990662155871378e-01 3.624007003421697570e-02 4.892488852408510835e-02
5.000000000000000000e+00 5.916847138577866483e-01 4.088618027262512222e-01 3.703755077001158469e-02 4.764354831989625616e-02
3.000000000000000000e+00 6.917963938069540131e-01 3.322119359672862648e-01 3.745765848412407895e-02 5.028737793931004063e-02
3.000000000000000000e+00 7.790536008725331696e-01 2.734655263220905907e-01 3.423755270489858837e-02 4.600080222295965804e-02
8.000000000000000000e+00 8.793841793589525224e-01 2.244132656460787190e-01 3.410333541268839586e-02 4.511974947594329932e-02
2.000000000000000000e+00 3.900072651829923354e-01 7.159992335695899435e-01 3.627941864446043718e-02 4.435534142220054488e-02
0.000000000000000000e+00 4.981221547139679240e-01 6.323820064744394287e-01 3.766742043754356395e-02 4.776378342790277287e-02
1.000000000000000000e+00 5.908826502348940579e-01 5.632594879885371997e-01 3.614181527006310457e-02 4.914045935987720881e-02
6.000000000000000000e+00 6.801090392344664171e-01 4.967280521348751421e-01 3.800036572570142379e-02 4.966249982396758744e-02
7.000000000000000000e+00 7.689182395562945693e-01 4.355437654812246984e-01 3.501728569957440751e-02 4.518125357222146921e-02
6.000000000000000000e+00 8.544622933677359367e-01 3.806132661283695429e-01 3.713755695598652817e-02 4.700328688289351353e-02
9.000000000000000000e+00 8.481624582682321112e-01 5.003053312041145784e-01 3.191557603544348254e-02 4.046006253100853378e-02
5.000000000000000000e+00 7.670749264704983528e-01 5.669497045748626007e-01 3.223836307704008863e-02 4.256661431648978144e-02
5.000000000000000000e+00 6.704799555859299875e-01 6.409641193487906063e-01 3.480553880142467360e-02 4.430723570285244328e-02
1.500000000000000000e+01 5.802344434191248901e-01 7.156979890163908120e-01 3.705891811622685772e-02 4.648238484298672368e-02
1.500000000000000000e+01 4.925377316427664853e-01 7.747081481926361146e-01 3.577019275002646381e-02 4.560077747906043921e-02
8.000000000000000000e+00 5.763365957759288838e-01 8.154729581204855915e-01 3.496550199440240370e-02 4.535686280013295768e-02
7.000000000000000000e+00 6.631677694835680370e-01 7.824675014762438874e-01 3.311903634932844565e-02 4.331441305329752911e-02
1.000000000000000000e+00 7.594444194521832170e-01 6.951976841735540980e-01 3.360418019372479748e-02 4.146438618385428487e-02
0.000000000000000000e+00 8.320797938746784528e-01 6.471743108414265144e-01 3.472684158093775064e-02 4.378367733985066845e-02
