0.000000000000000000e+00 3.312062688842614122e-01 5.358395021221216137e-01 3.907012025073292039e-02 4.566393443309002542e-02
1.300000000000000000e+01 8.355735430245694317e-01 5.965971909615107593e-01 3.282663385567674563e-02 3.965583479005507783e-02
1.000000000000000000e+01 8.084278499824170128e-01 6.689014010419249701e-01 3.364077898238782005e-02 3.630794777579482435e-02
5.000000000000000000e+00 5.809339621955229571e-01 8.060089121977733750e-01 4.210862225771194733e-02 5.971839950228052807e-02
0.000000000000000000e+00 4.648328221441658803e-01 8.496040175417214346e-01 3.804592086131058926e-02 5.728067459583507937e-02
6.000000000000000000e+00 3.830706244805806016e-01 8.137823714012539789e-01 3.586658734582720554e-02 5.211509246753831537e-02
6.000000000000000000e+00 2.833985075004342158e-01 8.035795949391312254e-01 3.599963084103585675e-02 5.314416664949805913e-02
2.000000000000000000e+00 2.269239127144434820e-01 7.473513004154210826e-01 3.780135964018810357e-02 5.123363138545000695e-02
0.000000000000000000e+00 4.643465068156011899e-01 7.140573437515433941e-01 4.018154556280623124e-02 5.214812055630357879e-02
1.000000000000000000e+00 6.056767659273403215e-01 6.242665134043196007e-01 3.667426926445482849e-02 5.247281460307040568e-02
7.000000000000000000e+00 5.193850233224639457e-01 6.375111877963127727e-01 3.712751542454195697e-02 5.187661104385021815e-02
2.000000000000000000e+00 6.012503995303469795e-01 5.462268360387958488e-01 3.909216636305123949e-02 4.925709471682127027e-02
8.000000000000000000e+00 4.700236272158728745e-01 4.943284527473764678e-01 3.714424856072395809e-02 4.780380403819978197e-02
9.000000000000000000e+00 2.989517932628166230e-01 6.847598406012118666e-01 3.714046922718372556e-02 4.865974092565383824e-02
1.500000000000000000e+01 4.122681533041809843e-01 5.201163791354623811e-01 3.745612573722389982e-02 4.563917705975362171e-02
2.000000000000000000e+00 2.011871305682887967e-01 5.991636049136510600e-01 3.637570191477088044e-02 4.491661230520760384e-02
3.000000000000000000e+00 1.924859408333259303e-01 5.430624931795146049e-01 3.530480858559348345e-02 4.826449931946785732e-02
3.000000000000000000e+00 5.523330340350292023e-01 4.209709314546897785e-01 3.636967689028636208e-02 4.345269567431342406e-02
8.000000000000000000e+00 5.891347051808573099e-01 4.070582872459229673e-01 3.550886521029494869e-02 4.612608119752942271e-02
6.000000000000000000e+00 7.121505878210354634e-01 3.057083378792063710e-01 4.395277270653041857e-02 5.073697766259915864e-02
5.000000000000000000e+00 5.387771671284095065e-01 3.543062401444687648e-01 3.798284980954735879e-02 4.349566505347823853e-02
7.000000000000000000e+00 4.150134146308500083e-01 3.432570162084552789e-01 3.907305060355026338e-02 4.637669482961137568e-02
1.000000000000000000e+00 2.500960747225656755e-01 4.074145852847587679e-01 3.581151314474348424e-02 4.327695666468933666e-02
5.000000000000000000e+00 1.935122763677926960e-01 4.245061145709946304e-01 3.167867498604709509e-02 4.164124467656110662e-02
1.000000000000000000e+00 3.115954714624767918e-01 3.171514067111844137e-01 3.211855654636847079e-02 4.104662953288673588e-02
8.000000000000000000e+00 3.744887576168865473e-01 2.981773448315161446e-01 3.213323569693082860e-02 4.284394910957523006e-02
7.000000000000000000e+00 6.509161278395947381e-01 1.815710338636053189e-01 3.572631382123703236e-02 4.167813425829142160e-02
3.000000000000000000e+00 5.406662313961126953e-01 1.401095950881953711e-01 3.978959033361184616e-02 4.351217909786084248e-02
1.500000000000000000e+01 3.327693656341134121e-01 1.969772405623776423e-01 3.242525767910658940e-02 4.274138676096347900e-02
9.000000000000000000e+00 4.791175253080906526e-01 9.292773789564981457e-02 3.467344079256340361e-02 4.076597293780680198e-02
