1.000000000000000000e+01 2.937253190138730541e-01 8.514663336271617311e-01 4.326011110398908510e-02 3.100083266067754639e-02
7.000000000000000000e+00 8.238972009266247731e-01 2.779156423028065204e-01 4.843324712384133868e-02 3.584091002183115160e-02
9.000000000000000000e+00 8.210959208669250664e-01 3.765673297887858206e-01 4.895563691024118480e-02 3.699325077708620624e-02
1.000000000000000000e+00 8.329350952259537699e-01 5.050887429885496660e-01 4.820944952459593758e-02 3.923559369493068161e-02
8.000000000000000000e+00 8.655310572916242728e-01 6.408598678104877600e-01 5.157860573450245845e-02 3.924423962104084396e-02
9.000000000000000000e+00 7.274494625849159402e-01 6.755318779304461119e-01 5.194765489239883127e-02 4.008192728233339608e-02
8.000000000000000000e+00 7.110544713303019737e-01 5.621210084098998694e-01 4.977620856865794252e-02 3.834523915492638046e-02
1.000000000000000000e+00 7.118427453257580861e-01 4.343291501786029629e-01 4.972486056003078136e-02 4.019646382212532787e-02
6.000000000000000000e+00 6.954444129335963787e-01 3.219147309693114467e-01 5.036981733962631047e-02 3.777712853892695177e-02
7.000000000000000000e+00 6.692513599711117367e-01 2.333506997535581551e-01 4.972445024489324794e-02 3.922905796095588205e-02
8.000000000000000000e+00 5.886549453269186438e-01 1.614873152615818319e-01 5.111629780751236751e-02 3.592602110462436715e-02
3.000000000000000000e+00 5.655372043194903942e-01 2.709684941321527929e-01 5.382132965926023083e-02 3.955241559747679769e-02
5.000000000000000000e+00 5.864447828391385897e-01 3.877719664418872725e-01 5.058482247164086676e-02 3.955171220009834343e-02
2.000000000000000000e+00 6.040049811593886098e-01 5.235864088190484988e-01 5.058447077295180616e-02 3.874459301654464838e-02
5.000000000000000000e+00 6.006031755878321610e-01 6.240170468915903212e-01 5.273592888785483268e-02 3.955215182345983571e-02
6.000000000000000000e+00 5.895876209425268133e-01 7.285434506659833609e-01 5.382244337177610749e-02 4.237893003812864823e-02
5.000000000000000000e+00 4.339077858406839017e-01 1.199589245410145333e-01 5.165943781657661438e-02 3.713249414979641339e-02
2.000000000000000000e+00 4.411130075786706684e-01 1.790048847698748613e-01 5.113786866045166857e-02 3.836127075351025706e-02
1.000000000000000000e+00 4.440441084170316799e-01 3.327602539524872061e-01 5.058467593052046185e-02 3.915259280427296762e-02
1.500000000000000000e+01 4.402990742330130658e-01 4.536276485785855628e-01 5.359545117610364784e-02 3.777783193630535052e-02
1.500000000000000000e+01 4.560269956529461322e-01 5.679104084579517098e-01 5.347349965561387641e-02 4.010484631358135488e-02
2.000000000000000000e+00 4.449697060965190909e-01 6.799487738437863804e-01 5.579881415589194038e-02 4.068151493101856975e-02
3.000000000000000000e+00 3.142636725262802355e-01 1.232135881734651717e-01 5.346189359886932557e-02 3.545855493019235694e-02
3.000000000000000000e+00 2.993534359046898796e-01 2.710419112335291092e-01 5.425257086870172163e-02 4.126518821401636838e-02
0.000000000000000000e+00 3.001087381480307403e-01 4.956988862259760209e-01 5.347373412140671300e-02 4.068101669120888220e-02
6.000000000000000000e+00 3.100210726216765522e-01 6.411263088758019091e-01 5.657806121832442692e-02 4.475283757396830708e-02
0.000000000000000000e+00 1.682076031235715807e-01 1.944502016389013377e-01 5.579793490916890031e-02 3.836226723312979869e-02
7.000000000000000000e+00 1.622237430086008181e-01 3.361814322601751615e-01 5.889217997699547347e-02 4.416934014031520528e-02
0.000000000000000000e+00 1.727950582470752228e-01 5.870478874747162568e-01 6.045058617718818139e-02 4.707287659390801959e-02
1.600000000000000000e+01 2.119275309555018749e-01 7.762798947617920442e-01 4.215302224674796761e-02 2.825863798076810873e-02
