6.000000000000000000e+00 6.689609158990093007e-01 8.910098994636997949e-01 4.558862634375937528e-02 3.155852835386485644e-02
9.000000000000000000e+00 5.594628689779220787e-01 8.510392326665612295e-01 4.277722460881405731e-02 3.076327512652665686e-02
3.000000000000000000e+00 4.279108359881995116e-01 8.234903396985786550e-01 4.190061613217355152e-02 3.142533462746532891e-02
3.000000000000000000e+00 2.896699681577658003e-01 8.129632763708463106e-01 4.327629034078112058e-02 3.136086229201517916e-02
8.000000000000000000e+00 2.400497954652637267e-01 7.192059971838635768e-01 4.498823480164093613e-02 3.232046898608464947e-02
7.000000000000000000e+00 3.675117442849750726e-01 7.406703276572765837e-01 4.253137425759700996e-02 3.521600201992558521e-02
3.000000000000000000e+00 4.951697586889644009e-01 7.663098933729164397e-01 4.634467495235283785e-02 3.286491463078944353e-02
5.000000000000000000e+00 6.305587454490582111e-01 7.939962007957617196e-01 4.613647123286379603e-02 3.301895705617463594e-02
7.000000000000000000e+00 7.954695749538275296e-01 8.156239782707328523e-01 4.662902174639782515e-02 3.365875150629416002e-02
8.000000000000000000e+00 8.792960182808066127e-01 7.479705732573688204e-01 5.113789282646719059e-02 3.362509898673593511e-02
1.000000000000000000e+00 6.847624167997239386e-01 7.405173333322478957e-01 4.914661545705201195e-02 3.543870918218716692e-02
6.000000000000000000e+00 6.049837087229417154e-01 6.945972523324693837e-01 4.779105344447664994e-02 3.489443349970255959e-02
6.000000000000000000e+00 4.641013305599620553e-01 6.856668424263696604e-01 4.782139170074511947e-02 3.539157299317619021e-02
5.000000000000000000e+00 3.335545674474132416e-01 6.436833413849137875e-01 4.408001335208211469e-02 3.543508332149403195e-02
2.000000000000000000e+00 1.930336989263545522e-01 6.124090181899106700e-01 4.517250217514795496e-02 3.530064320548120804e-02
7.000000000000000000e+00 6.779254032302173272e-01 6.225552528367164218e-01 5.090413811990623927e-02 3.587783490457063795e-02
1.000000000000000000e+00 3.986039104707027603e-01 5.636520411221881410e-01 4.444687680393283324e-02 3.428353262698136117e-02
1.500000000000000000e+01 2.670905013954731344e-01 5.424008715996805341e-01 4.646328025486992641e-02 3.482072655029977426e-02
0.000000000000000000e+00 7.531667432280451102e-01 5.723899404871113372e-01 5.222514114774978733e-02 3.575047654772411931e-02
1.000000000000000000e+00 6.390946163884854148e-01 5.412579039972774675e-01 5.236870256956904779e-02 3.730177838365578147e-02
2.000000000000000000e+00 4.874801296428726283e-01 5.040361494922007690e-01 4.785172995701347798e-02 3.588876914072341995e-02
0.000000000000000000e+00 3.527845604133055812e-01 4.770896592859398266e-01 4.794520917800859650e-02 3.738670283957795659e-02
2.000000000000000000e+00 1.280180934037332130e-01 5.096241107069932053e-01 4.668933000745804918e-02 3.833395894566132833e-02
0.000000000000000000e+00 7.354289477360824723e-01 4.435016262266802123e-01 5.463242937762979867e-02 3.861340516236327902e-02
5.000000000000000000e+00 5.812257664177860050e-01 4.013317191204491263e-01 5.065015790916616023e-02 3.930806908250339404e-02
9.000000000000000000e+00 4.517687160787098311e-01 4.080312190904646918e-01 4.975389046908001989e-02 3.810822079047659905e-02
1.500000000000000000e+01 2.147294896163587374e-01 4.323069088082680533e-01 4.844671103512881993e-02 3.557632192630660883e-02
8.000000000000000000e+00 2.815834348374399720e-01 3.629104987383406922e-01 5.062333220544423806e-02 3.796749207232397172e-02
1.100000000000000000e+01 5.850877896156061464e-01 2.770255154933849440e-01 4.093472083596438882e-02 3.168328062333825024e-02
1.100000000000000000e+01 5.235317792444208473e-01 2.478350424236187566e-01 3.962657828276650029e-02 3.110682542720197286e-02
