6.000000000000000000e+00 4.722998235010082979e-01 7.854458833183379785e-01 4.172244002209263281e-02 4.377805653002631026e-02
1.100000000000000000e+01 6.531880135321910252e-01 9.263936850216094587e-01 3.640162301459315408e-02 4.359584880871847368e-02
1.400000000000000000e+01 7.866698568340693143e-01 9.851626000083602008e-01 4.092219777192074304e-02 2.967479998327970936e-02
0.000000000000000000e+00 5.540470823091853125e-01 7.004971639418799967e-01 4.217286489757565704e-02 4.165889373864761769e-02
5.000000000000000000e+00 6.419558727735616976e-01 6.064290613234689653e-01 4.461080182531707017e-02 4.255503635750645941e-02
1.000000000000000000e+00 7.321579899172770967e-01 5.108449642468377849e-01 4.505386808288580625e-02 4.710987188649939927e-02
2.000000000000000000e+00 6.975583941163447932e-01 3.815646832301214375e-01 4.503164326926645256e-02 4.657546343247376264e-02
8.000000000000000000e+00 5.994526744531831763e-01 4.864915884679256175e-01 4.167927144979455267e-02 4.270825648678822084e-02
9.000000000000000000e+00 5.145362048900535834e-01 5.760534611651455528e-01 3.998229074125658755e-02 4.023972320035096306e-02
7.000000000000000000e+00 4.353086172940209275e-01 6.626143434962886714e-01 4.053111851135687838e-02 4.026069675100507617e-02
8.000000000000000000e+00 2.455006651517912530e-01 7.259265215989179065e-01 3.886139746027428288e-02 3.886142725224950301e-02
2.000000000000000000e+00 3.121408452380471932e-01 6.350477393188280750e-01 3.807006301073528887e-02 3.911197776503561041e-02
0.000000000000000000e+00 3.880581123878299454e-01 5.495270735993895705e-01 3.971455025868725341e-02 4.022953434477749557e-02
9.000000000000000000e+00 4.839883624261804851e-01 4.600052562130425016e-01 4.080475780504760897e-02 4.080475780504777550e-02
3.000000000000000000e+00 5.630358873231313677e-01 3.585385995374925638e-01 4.573163552234860152e-02 4.393228958647038551e-02
1.500000000000000000e+01 6.501858761750629601e-01 2.523728247962764848e-01 4.534517401796578362e-02 4.534517401796578362e-02
7.000000000000000000e+00 5.172337639870784320e-01 2.276887878828325329e-01 4.286934169756512203e-02 4.479679312749584863e-02
3.000000000000000000e+00 3.542127600271121057e-01 4.264930228248237642e-01 4.096819658187816904e-02 4.158599277493923996e-02
5.000000000000000000e+00 2.773734014479311005e-01 5.194873928592491641e-01 3.936214098214196877e-02 4.044299384823912824e-02
1.000000000000000000e+00 1.987688534326230161e-01 6.082508704087694618e-01 3.775992854722734493e-02 3.904631625134002970e-02
8.000000000000000000e+00 1.288622364798237829e-01 6.977875837827969274e-01 3.815082905593901452e-02 3.772575715148807074e-02
7.000000000000000000e+00 8.719196220658824437e-02 5.834047800453494581e-01 3.817639057079874609e-02 3.839494450204705700e-02
0.000000000000000000e+00 1.611953034832541154e-01 4.892525895764818222e-01 3.889565823193938399e-02 3.975789758283754249e-02
1.500000000000000000e+01 2.362798402337338011e-01 4.015595377016821788e-01 3.918988378060467292e-02 4.175976936722003430e-02
2.000000000000000000e+00 3.185157768137573675e-01 3.074892453730819208e-01 4.116708780938826973e-02 4.117915355940937605e-02
6.000000000000000000e+00 3.952690067921697525e-01 2.035062094986649917e-01 4.306117222691463464e-02 4.392248802657652829e-02
1.000000000000000000e+00 2.774312574640821483e-01 1.793126676675645403e-01 4.081867065754135604e-02 4.316991293698227428e-02
6.000000000000000000e+00 1.973615698924953976e-01 2.827791553771847877e-01 4.007315626610763459e-02 4.155179158722488442e-02
5.000000000000000000e+00 1.206190799212006337e-01 3.722545121779563537e-01 3.821926122334322329e-02 3.951768488550172487e-02
3.000000000000000000e+00 4.615250321964654845e-02 4.693790629245787605e-01 3.644553638627529707e-02 3.943968949400661339e-02
