1.400000000000000000e+01 2.308741951480418053e-01 6.610274062053902444e-01 4.249282084659064540e-02 3.503892168536804075e-02
1.400000000000000000e+01 1.605393594995446482e-01 6.766556415841950001e-01 4.304661169617307603e-02 3.200158771628691667e-02
3.000000000000000000e+00 2.118644293053352778e-01 4.568906365245474221e-01 5.768401154967894851e-02 4.125160373165143168e-02
2.000000000000000000e+00 3.032317165465528985e-01 2.234357920084357185e-01 5.983665063326654154e-02 4.245779130781746069e-02
6.000000000000000000e+00 3.533337379673361367e-01 1.046877880473377903e-01 5.310677109486922065e-02 3.810156108424481158e-02
9.000000000000000000e+00 3.411362649082656517e-01 5.285029556651795746e-01 5.380616768151136320e-02 4.070261807042352409e-02
5.000000000000000000e+00 3.904850801627572365e-01 4.300733494640255339e-01 5.309770094643684324e-02 3.810119145437135257e-02
1.000000000000000000e+00 4.395585922442200588e-01 3.222876719069031060e-01 4.966787691791973991e-02 3.811970138110948314e-02
5.000000000000000000e+00 4.737144965950585984e-01 2.171928998282672274e-01 5.127991809509924170e-02 3.789448305592890698e-02
5.000000000000000000e+00 5.033345306038431444e-01 9.409472188690731764e-02 4.983108272356751023e-02 3.507881327863011933e-02
1.000000000000000000e+00 4.502700821294803868e-01 6.054841771502823544e-01 5.128580374000674125e-02 3.985110457433604925e-02
1.500000000000000000e+01 4.730416422766346995e-01 5.189827544288798666e-01 5.017879070218561610e-02 3.832518715766303208e-02
7.000000000000000000e+00 5.247241015204202608e-01 4.124359340421202003e-01 5.220490263679533616e-02 3.915347083785936100e-02
1.500000000000000000e+01 5.798261773216031312e-01 2.786793081023355434e-01 4.945033552087940709e-02 3.535816816373288374e-02
7.000000000000000000e+00 6.089969688688483540e-01 1.833590426129113049e-01 4.749379930167385577e-02 3.562060537386002590e-02
7.000000000000000000e+00 6.366320620243084427e-01 9.041384809167102299e-02 4.663233423207135964e-02 3.737395889495416512e-02
8.000000000000000000e+00 5.420932793864924326e-01 6.984609323760990751e-01 4.858369563304898442e-02 3.960714885787997019e-02
8.000000000000000000e+00 5.930937004311529481e-01 5.865728608027074298e-01 5.015848949221479725e-02 3.905787886598000025e-02
1.000000000000000000e+00 6.150060985871467212e-01 4.899449301203301355e-01 4.747554527254038703e-02 3.618596848178712300e-02
0.000000000000000000e+00 6.587100259305265215e-01 3.824391761096542774e-01 4.701225687581100932e-02 3.554170361241876241e-02
6.000000000000000000e+00 7.042111505846014863e-01 2.682094139889549811e-01 4.513391159136714847e-02 3.730125554215943384e-02
3.000000000000000000e+00 7.226946345702280894e-01 1.650492704512577791e-01 4.598644867787327062e-02 3.305722220170292935e-02
0.000000000000000000e+00 6.920713966519185245e-01 6.838993066466440007e-01 4.731865160780779345e-02 3.748120842437985267e-02
9.000000000000000000e+00 7.142203294938330727e-01 5.696401447344743296e-01 4.809151924005861112e-02 3.866578686948451971e-02
6.000000000000000000e+00 8.053206444507073902e-01 3.612644027991341877e-01 4.301877572339796174e-02 3.491370245748076639e-02
3.000000000000000000e+00 8.078047846646170260e-01 2.479302254286607221e-01 4.327217121815984946e-02 3.389352400684578215e-02
0.000000000000000000e+00 9.062672452749045426e-01 3.335768790677828832e-01 4.293961806435209194e-02 3.261926766783646015e-02
2.000000000000000000e+00 8.803487416846669245e-01 4.313591638448460719e-01 4.395285884659361209e-02 3.456192855025513877e-02
2.000000000000000000e+00 8.388211666029077307e-01 5.503675294021664888e-01 4.383309876760599355e-02 3.633256937619844251e-02
8.000000000000000000e+00 8.266860472601762488e-01 6.393179064168358350e-01 4.222947377831354210e-02 3.427646055570732209e-02
