5.000000000000000000e+00 5.524564792284047954e-01 5.120425262864177762e-01 4.324575384961815150e-02 5.557697597851035676e-02
3.000000000000000000e+00 1.001352153346386775e-01 5.470298956142123359e-01 4.339922529114371985e-02 4.657465648940772862e-02
2.000000000000000000e+00 1.400862258372175817e-01 4.207504259477543584e-01 3.491436629422384197e-02 4.781786439334761996e-02
2.000000000000000000e+00 2.187222561624260764e-01 2.929400340382872781e-01 3.585149384840782827e-02 4.278768918470793325e-02
8.000000000000000000e+00 2.580789960957409201e-01 1.629120244125660255e-01 3.585292148972435422e-02 4.404231821917997669e-02
3.000000000000000000e+00 1.369699227834793587e-01 6.671308162167930433e-01 3.774460571916486706e-02 5.159115013543069672e-02
8.000000000000000000e+00 2.202323883787635772e-01 5.365438404018639806e-01 4.056517882269192188e-02 4.656638806678281561e-02
6.000000000000000000e+00 2.675067229546382874e-01 3.878121680470738575e-01 3.492013634454477211e-02 5.158561802532912743e-02
3.000000000000000000e+00 3.168909626836886595e-01 2.761195789183421567e-01 3.679602729192121835e-02 4.531065855879601312e-02
7.000000000000000000e+00 3.703560258884219802e-01 1.289369420057646931e-01 3.585988124114242170e-02 4.405234145092301601e-02
1.500000000000000000e+01 1.952394451562053379e-01 8.231842065483978566e-01 3.869639633937060896e-02 5.786301637911128726e-02
0.000000000000000000e+00 2.498977339475366433e-01 6.538968191528955476e-01 3.961960439071859907e-02 5.033946561117397245e-02
9.000000000000000000e+00 4.399349658602701996e-01 2.541327278141397583e-01 3.680149991696790579e-02 5.032278005328719162e-02
9.000000000000000000e+00 4.668827664405248434e-01 1.348805399742286082e-01 3.774457597663738451e-02 5.158124587379735171e-02
1.000000000000000000e+00 3.029953133546401389e-01 8.042988913330659795e-01 3.932545079446114755e-02 5.766695363830953713e-02
0.000000000000000000e+00 3.565147607707744859e-01 6.538558636926279366e-01 3.774546825246022363e-02 5.242126407593061810e-02
7.000000000000000000e+00 4.264533027704843215e-01 5.250490525005502285e-01 3.931575473051968084e-02 5.036953530640320142e-02
5.000000000000000000e+00 4.972747665681416240e-01 3.741798590558679249e-01 3.931340507085306912e-02 4.824255794248405449e-02
8.000000000000000000e+00 5.612010202322937902e-01 2.042708230946045367e-01 3.773981717224894616e-02 4.719038629221070091e-02
5.000000000000000000e+00 6.136584214790488101e-01 8.274550311099593269e-02 4.167433715551638329e-02 4.929699002484195375e-02
1.500000000000000000e+01 4.447930210626871439e-01 7.930220120589491772e-01 4.639298913188083517e-02 5.767111759214937905e-02
6.000000000000000000e+00 4.559958117009820233e-01 6.234254213483111373e-01 3.853632205675605604e-02 5.556879678346771101e-02
0.000000000000000000e+00 5.857271247443507356e-01 3.685052078916667417e-01 4.168117793682457606e-02 5.556394875149711643e-02
1.000000000000000000e+00 6.704720620054649416e-01 1.974281382645363125e-01 4.088687399934720634e-02 4.823720428754715850e-02
6.000000000000000000e+00 5.590862373046200373e-01 7.976503954645715044e-01 4.635759552424212337e-02 6.081472428606604641e-02
2.000000000000000000e+00 6.690144997063554033e-01 6.519321765036754091e-01 4.404886157521403778e-02 6.289693914620675397e-02
1.000000000000000000e+00 6.851222495128204137e-01 4.757726889184791252e-01 4.167772780364309426e-02 5.242965146866529480e-02
7.000000000000000000e+00 7.447970319501747705e-01 3.333823018663852888e-01 4.717123210454743365e-02 5.768432327432720941e-02
1.600000000000000000e+01 7.549213585439504826e-01 7.557499258730242531e-01 3.460043391722711359e-02 4.508681629737709695e-02
1.200000000000000000e+01 7.815544236989677707e-01 6.839506616149257923e-01 3.851919036095785565e-02 4.091744931754270898e-02
