1.500000000000000000e+01 5.855594483604755762e-01 7.672202986782230560e-01 3.933161928982631395e-02 5.428856246931590412e-02
0.000000000000000000e+00 2.285428284753855399e-01 2.927674987837914911e-01 3.219447851978421427e-02 4.064645661399207688e-02
1.400000000000000000e+01 8.132247595790023098e-01 4.087362394474209348e-01 3.256707344624409917e-02 3.833963463992395848e-02
1.500000000000000000e+01 3.390579990876568250e-01 2.252766589473070014e-01 3.366063068818248016e-02 4.081553450515623682e-02
7.000000000000000000e+00 3.878428487982535366e-01 2.024398593856922279e-01 3.298237405558479551e-02 4.169633563907915175e-02
7.000000000000000000e+00 4.851025816202926833e-01 1.669924692641625019e-01 3.522477995607797840e-02 4.338823010439293859e-02
1.000000000000000000e+00 5.694828325415459691e-01 2.342950093615954188e-01 3.726813103596349208e-02 4.713085546619186217e-02
6.000000000000000000e+00 3.161263059540682097e-01 3.470925169750306849e-01 3.218838588049854899e-02 4.113961714885272514e-02
2.000000000000000000e+00 2.287120779901915257e-01 3.951358524390372051e-01 3.188841635848210787e-02 4.097717537184020209e-02
3.000000000000000000e+00 1.573638108774795263e-01 4.943678269453548046e-01 3.242187984523764444e-02 4.501711008920683543e-02
1.000000000000000000e+00 2.323338231002463339e-01 5.243568844594649336e-01 3.356271940050609137e-02 4.475006370248579834e-02
3.000000000000000000e+00 3.319532951859246461e-01 4.565723107599513053e-01 3.632634630130265885e-02 4.736426361911011407e-02
5.000000000000000000e+00 4.016601680899377080e-01 3.974282580271898402e-01 3.487552584490982710e-02 4.489219668187915957e-02
9.000000000000000000e+00 6.574600575605467068e-01 2.697478485337538867e-01 3.770948983492528050e-02 4.867180693849706974e-02
8.000000000000000000e+00 5.182434644110975874e-01 3.735872742351309395e-01 3.695448883047958155e-02 5.055686381271484731e-02
0.000000000000000000e+00 6.008679625702981753e-01 4.555064421322317925e-01 3.942709924257636889e-02 4.676329483322633207e-02
8.000000000000000000e+00 4.335549774290787806e-01 5.219856750157620962e-01 3.489100057661681520e-02 4.801022640309937639e-02
0.000000000000000000e+00 3.508073393068497081e-01 5.612676664691530481e-01 3.471911949930239771e-02 4.517872235195041775e-02
5.000000000000000000e+00 2.705816962996602237e-01 5.987070492957442536e-01 3.836635072017219317e-02 4.792327042456101527e-02
0.000000000000000000e+00 1.072464037016959554e-01 6.789996255232557676e-01 3.202860426993461851e-02 4.656526975446984018e-02
9.000000000000000000e+00 5.391605963307212201e-01 5.457833238382534535e-01 3.577283145239085194e-02 4.834197490279856790e-02
6.000000000000000000e+00 6.267035563279568233e-01 5.412634722103890628e-01 3.885822407771899467e-02 4.730359466171563110e-02
1.000000000000000000e+00 2.030972780477750539e-01 7.403550202773352407e-01 3.374464046086878000e-02 4.767144133408407480e-02
8.000000000000000000e+00 1.566098682188252766e-01 7.874356758282854418e-01 3.366941209785720424e-02 4.650131134393975518e-02
6.000000000000000000e+00 4.752503262322173017e-01 6.417260025307529592e-01 3.701281226476887953e-02 5.149510165877746459e-02
5.000000000000000000e+00 3.052768456969839894e-01 7.524522559205315542e-01 3.606911106610738438e-02 5.024488063576881824e-02
7.000000000000000000e+00 2.091142456094217394e-01 9.115751463430386003e-01 3.448819988919099577e-02 5.209607044466113557e-02
2.000000000000000000e+00 3.837401427338796855e-01 7.925877603487910816e-01 3.634204986453209996e-02 4.910198159679834973e-02
2.000000000000000000e+00 4.406527591772563257e-01 8.164205634139216627e-01 3.769184120375485003e-02 5.213697407930251160e-02
1.200000000000000000e+01 8.037619182342884416e-01 6.813269565225252844e-01 2.812688379213934553e-02 3.364223835456392475e-02
