1.000000000000000000e+00 5.082298274058112408e-01 5.755038955174367477e-01 4.012108935446628832e-02 4.874229193448553765e-02
1.600000000000000000e+01 2.483565273616510638e-01 3.208587783836687191e-01 2.862050801960086543e-02 3.199002759270430651e-02
1.000000000000000000e+01 2.373020365735871995e-01 3.600479903438865703e-01 2.915501112025126185e-02 3.750510456017186467e-02
9.000000000000000000e+00 2.763059849484782449e-01 5.844105881053123230e-01 4.806491618906871821e-02 5.175762236421055373e-02
7.000000000000000000e+00 3.273199859723045502e-01 4.342353698926549321e-01 4.251540455994817780e-02 5.211209515389580993e-02
1.000000000000000000e+00 4.266747350363074287e-01 3.035186428886011978e-01 4.207921326925612160e-02 5.211737097520341422e-02
8.000000000000000000e+00 4.454585167747788788e-01 1.798778842963601465e-01 4.773418459526790336e-02 6.193609989816248329e-02
6.000000000000000000e+00 3.214584917702666411e-01 6.955806524462745388e-01 4.164756031947375314e-02 5.141497762552171835e-02
8.000000000000000000e+00 4.090386855316062720e-01 5.750939698747601359e-01 3.856755853178417404e-02 5.139461182068882916e-02
6.000000000000000000e+00 4.755716283903478891e-01 4.591073217792928651e-01 4.215145798361386031e-02 5.002139495527879731e-02
7.000000000000000000e+00 5.533225841330593475e-01 3.950799827545303788e-01 3.755868534753814547e-02 5.578849166639304746e-02
5.000000000000000000e+00 6.199300266942980864e-01 3.326130246107606991e-01 3.938758000492170730e-02 5.415868835179582508e-02
1.500000000000000000e+01 7.115107679676166974e-01 2.009922317328462771e-01 3.814242944705958926e-02 5.331994622240543436e-02
8.000000000000000000e+00 3.774504429325717392e-01 8.080275790022057869e-01 3.590360914699941564e-02 4.102501340517339390e-02
1.500000000000000000e+01 4.438722815329155802e-01 7.440579336362589391e-01 3.687489919558634144e-02 4.679205338702641104e-02
1.000000000000000000e+00 4.785541834893151658e-01 8.251130993899189470e-01 3.436675672716082985e-02 4.444436963439257759e-02
5.000000000000000000e+00 5.363274901879737655e-01 6.925515935352972718e-01 3.489870701104935691e-02 4.721599115726204943e-02
2.000000000000000000e+00 5.792417298200003284e-01 5.990371786588404301e-01 3.802148266181382130e-02 5.001177934547618165e-02
3.000000000000000000e+00 6.357639577529834440e-01 4.714898445760837276e-01 4.008376150048331699e-02 4.864366811358955545e-02
9.000000000000000000e+00 7.427450767049490477e-01 3.627400348953659370e-01 4.208369488090457633e-02 5.441056627228912923e-02
0.000000000000000000e+00 8.267433565386069771e-01 3.066089410372298540e-01 3.627529926751105194e-02 5.330528170834070156e-02
0.000000000000000000e+00 8.617486011025137227e-01 3.195566007358121574e-01 3.561497066513685805e-02 5.262935255908890442e-02
6.000000000000000000e+00 8.841987524565348977e-01 4.491313960730710098e-01 3.454619138088155239e-02 5.295696404351435405e-02
7.000000000000000000e+00 7.788618744161859286e-01 4.791450187465082777e-01 3.823325299451685311e-02 4.802585809261389338e-02
3.000000000000000000e+00 7.985781859354115220e-01 5.914722181963132375e-01 3.500320231049725006e-02 4.749197901383861442e-02
3.000000000000000000e+00 7.513280721274340213e-01 7.312492889926696105e-01 3.186840005632196604e-02 4.250122224460517462e-02
5.000000000000000000e+00 7.000570733672755175e-01 6.127081648045510365e-01 3.499418235793916310e-02 4.583837777409560665e-02
2.000000000000000000e+00 6.939668184187536282e-01 8.419807226847006998e-01 3.124704445651049767e-02 4.083224737503010626e-02
2.000000000000000000e+00 6.373213461654388956e-01 7.190806355112526749e-01 3.684486105168960357e-02 4.337598745496695773e-02
0.000000000000000000e+00 5.881087970188072500e-01 8.348946139174175940e-01 3.435393591409052760e-02 4.169850319618617629e-02
