3.000000000000000000e+00 2.351216197727359902e-01 6.831929647781397330e-01 4.293584929719848620e-02 3.325661242070432344e-02
1.000000000000000000e+01 4.479418221610073636e-01 2.016920424981000770e-01 4.146697494838191833e-02 2.927830412888188238e-02
2.000000000000000000e+00 5.009330653349425289e-01 2.234927881542014827e-01 3.886981915735271409e-02 3.217487488455728073e-02
9.000000000000000000e+00 7.789091077852849931e-01 4.052473975043878740e-01 5.692506354050486106e-02 3.785139416510824306e-02
6.000000000000000000e+00 8.547870481830640577e-01 5.573216491160599695e-01 5.622783816067045137e-02 3.880881047847473120e-02
2.000000000000000000e+00 9.004929889623749517e-01 6.623421114205145788e-01 5.683407545345942058e-02 3.884234775414863172e-02
5.000000000000000000e+00 9.149995229736622715e-01 7.905326317654084445e-01 5.269971675978446513e-02 3.398422548858415215e-02
2.000000000000000000e+00 7.967157097228763085e-01 8.250161835445031233e-01 5.063848663402292782e-02 3.489702264388039321e-02
7.000000000000000000e+00 7.526755508448599308e-01 7.246554486478662405e-01 5.505315862663429094e-02 3.624924559904874055e-02
1.500000000000000000e+01 7.091322102523907045e-01 6.016753669402024052e-01 5.043714632858631308e-02 3.888195090229218387e-02
7.000000000000000000e+00 6.461958379315648759e-01 5.144194100016563631e-01 5.074038162637439786e-02 3.654055329183641954e-02
3.000000000000000000e+00 6.231389900686609140e-01 3.964114918782722929e-01 5.493691551286405961e-02 4.322534889338452979e-02
0.000000000000000000e+00 6.886796047526800857e-01 8.973771719123380119e-01 4.897608762314420439e-02 3.269621912561893051e-02
8.000000000000000000e+00 5.981908148348439314e-01 6.999111217244493588e-01 5.006998606707901978e-02 3.704550801209050004e-02
9.000000000000000000e+00 4.923274295598882855e-01 4.857343802794443777e-01 4.945494159406943480e-02 3.809852014255171726e-02
5.000000000000000000e+00 1.305299971541801218e-01 5.166660575176214021e-01 4.468976132639411458e-02 3.597094453665283798e-02
1.000000000000000000e+00 4.397260936692218847e-01 3.537758741054756184e-01 5.059657962085484240e-02 4.248414593814464624e-02
6.000000000000000000e+00 3.090889707382258322e-01 3.098519875040779414e-01 4.848358543916198027e-02 3.999847971659464818e-02
5.000000000000000000e+00 3.803485220658113786e-01 4.527802740853179575e-01 5.154804671314533460e-02 3.561238731542709646e-02
3.000000000000000000e+00 3.878440740160620792e-01 5.459697770688943796e-01 5.163996801134007608e-02 3.691427519423640113e-02
8.000000000000000000e+00 4.659754568734862934e-01 6.594323007316601482e-01 4.564682768557970505e-02 3.726382109530290698e-02
7.000000000000000000e+00 4.839748981462020927e-01 7.484280694621946450e-01 4.789286278172816269e-02 3.349195660738923941e-02
0.000000000000000000e+00 5.268658366568460538e-01 8.443881013706096006e-01 4.459168666718449359e-02 3.526663258465445594e-02
3.000000000000000000e+00 3.822057872297792147e-01 7.906385803936892831e-01 4.375725008557140860e-02 3.311021492167587343e-02
2.000000000000000000e+00 3.580137171667406859e-01 7.249876134912790482e-01 4.390288935054098562e-02 3.468226742817415165e-02
8.000000000000000000e+00 3.061247421742345765e-01 6.180555264734166609e-01 4.482049837582519070e-02 3.567106296643196561e-02
0.000000000000000000e+00 1.905141705859847989e-01 5.993638904122173816e-01 4.401542878256300972e-02 3.405940731179035730e-02
1.000000000000000000e+00 2.482255228453746354e-01 5.110922352077533759e-01 4.655382143404188100e-02 3.637697887509339090e-02
1.500000000000000000e+01 2.052464979511021692e-01 4.112391380134243768e-01 4.916637520903263670e-02 3.775515676534857423e-02
1.000000000000000000e+00 2.577555480079687378e-01 7.698657084927180705e-01 4.226685355462672655e-02 3.135414484169773974e-02
