1.000000000000000000e+00 8.731549530135225279e-01 3.291556162997847923e-01 4.049161924220279207e-02 3.247091467478135929e-02
1.300000000000000000e+01 3.653717418696755814e-01 7.717432616642294629e-01 3.573016505757642403e-02 3.498631589091516503e-02
1.000000000000000000e+01 3.169142164966405328e-01 6.846803469832106748e-01 2.788284318059935929e-02 2.720734181470896296e-02
5.000000000000000000e+00 2.181731977062392469e-01 5.437348890240982779e-01 5.511455199702192109e-02 4.057204127476432554e-02
3.000000000000000000e+00 2.413911532392724046e-01 2.904036698570549579e-01 5.504123245374911710e-02 3.750215418331315220e-02
2.000000000000000000e+00 2.818861325052541833e-01 1.865146575611219548e-01 4.678906868731480539e-02 3.433438932601007298e-02
1.500000000000000000e+01 3.739098627817803999e-01 6.189745902761127905e-01 5.105241983466973776e-02 4.206176108580728101e-02
2.000000000000000000e+00 3.856996262179614998e-01 5.174832964122529910e-01 5.303983292398667393e-02 3.978634205583270189e-02
8.000000000000000000e+00 3.868842394795208306e-01 3.760767639706033005e-01 5.198260007609389888e-02 3.822999543180816140e-02
2.000000000000000000e+00 4.114802964726981260e-01 2.479596309439153767e-01 4.767483105341790983e-02 3.628402263576432918e-02
7.000000000000000000e+00 4.231160315017465923e-01 1.452112237932182137e-01 4.976574926548471556e-02 3.418212288256652909e-02
6.000000000000000000e+00 5.478294740990465872e-01 1.139005963541823152e-01 4.406613819761762141e-02 3.357729128509885641e-02
1.500000000000000000e+01 5.492481143826694057e-01 2.486239732064426111e-01 4.837680285054224427e-02 3.522725418140199016e-02
3.000000000000000000e+00 5.343942960914338514e-01 3.154710589663383691e-01 4.833298595508395135e-02 3.310161572361991489e-02
9.000000000000000000e+00 5.079267058534118195e-01 4.319974485018951427e-01 4.910387921557535229e-02 3.630778865761519203e-02
0.000000000000000000e+00 5.273215279886583895e-01 5.484855528884591269e-01 4.696996362604521913e-02 3.628306653143698046e-02
3.000000000000000000e+00 4.981410463563762381e-01 6.898733593439263512e-01 5.211612687472189087e-02 4.380290901767103229e-02
8.000000000000000000e+00 6.208558484678297074e-01 7.112827206141194569e-01 4.849448563460290185e-02 4.056668709053123933e-02
6.000000000000000000e+00 6.253450860918325915e-01 6.172534385833234882e-01 4.347198765134963061e-02 3.837622475935642541e-02
6.000000000000000000e+00 6.278000615144794239e-01 5.050106969241274779e-01 4.699345647523101022e-02 3.734729259955249514e-02
1.000000000000000000e+00 6.577146537079172628e-01 3.137370544996630484e-01 4.547308669118055313e-02 3.252896386608344903e-02
0.000000000000000000e+00 6.525085017420173550e-01 2.015860578799908154e-01 4.408618907122507924e-02 3.411268239113601775e-02
5.000000000000000000e+00 7.714732851194585628e-01 2.496713581797639359e-01 3.760839103271262918e-02 3.030864376262942805e-02
9.000000000000000000e+00 7.711696263850991162e-01 3.599341033874964291e-01 4.199270303610780353e-02 3.569131990462048876e-02
1.000000000000000000e+00 7.470934169733233210e-01 4.622141560041353459e-01 4.551810554636448458e-02 3.519414565440992515e-02
8.000000000000000000e+00 7.463439677670307137e-01 5.708005361774972641e-01 4.695679670359453883e-02 3.520359742861722818e-02
0.000000000000000000e+00 7.424621022462796205e-01 6.763511758425266862e-01 4.984068052748069633e-02 3.738034649201160686e-02
7.000000000000000000e+00 8.616395232261183645e-01 6.168969209382961782e-01 4.272201941699349526e-02 3.676466993974536468e-02
5.000000000000000000e+00 8.731216259483985942e-01 5.224310543543757568e-01 4.412263030472951542e-02 3.571399323581148089e-02
7.000000000000000000e+00 8.791635496827154839e-01 4.061598354051495496e-01 4.046758004768713501e-02 3.140578713687153245e-02
