0.000000000000000000e+00 7.378247532037867096e-01 3.071474210940943195e-01 4.720401566915233271e-02 3.618494633098395807e-02
1.400000000000000000e+01 5.233226162273931781e-01 8.070963741875689657e-01 3.696068265688434717e-02 2.959561895566087397e-02
1.100000000000000000e+01 6.527510632320628892e-01 7.917031334326597447e-01 3.655573011322155175e-02 2.835442943513388769e-02
6.000000000000000000e+00 7.285696069898333072e-01 6.781988966264971275e-01 5.258301655032338040e-02 4.171279078256651118e-02
5.000000000000000000e+00 5.719502637945905743e-01 6.716184890362666415e-01 5.369818917091528920e-02 4.190395346116548847e-02
2.000000000000000000e+00 3.860703350412638679e-01 6.662730014690541047e-01 5.599764137328028246e-02 4.069337048756982433e-02
9.000000000000000000e+00 7.746378461897611700e-01 5.589728314162738521e-01 4.966673128620024968e-02 3.757401049958042361e-02
9.000000000000000000e+00 6.273406188409562656e-01 5.611042040899603123e-01 4.719882908484940298e-02 3.962236932670171186e-02
7.000000000000000000e+00 4.703812978944187928e-01 5.447141132310873157e-01 5.193651736626037074e-02 3.798038792904090410e-02
3.000000000000000000e+00 3.250367340425720508e-01 5.409583992459134905e-01 5.162794409794363437e-02 3.872543221486202114e-02
8.000000000000000000e+00 8.576920455206218374e-01 4.910895621581892190e-01 4.605390484880445001e-02 3.779275896721978611e-02
3.000000000000000000e+00 7.266156610956573392e-01 4.920532694185020262e-01 4.997952221647772308e-02 3.682856724573585483e-02
1.000000000000000000e+00 5.628708059994746993e-01 4.711424148920364541e-01 4.686643172599758156e-02 3.710089141936301349e-02
7.000000000000000000e+00 4.191983313821910917e-01 4.362802612912049516e-01 5.247127700607967515e-02 3.610498174002574334e-02
1.500000000000000000e+01 2.647813344222104681e-01 4.172243943402756394e-01 5.063451371989405314e-02 3.895706165011125766e-02
6.000000000000000000e+00 1.151792688027258316e-01 4.158846027225583386e-01 5.341321201140590558e-02 3.745546000122462749e-02
1.000000000000000000e+00 7.818840174200372140e-01 3.810310411830860611e-01 4.592988278898613164e-02 3.445202872172359321e-02
6.000000000000000000e+00 6.508179206705311248e-01 3.744833062241933463e-01 4.978442685307760129e-02 3.679439848431070859e-02
2.000000000000000000e+00 5.134055678139055612e-01 3.595863959391435438e-01 4.894696447442747900e-02 3.697846523163778043e-02
8.000000000000000000e+00 3.733155268199559451e-01 3.421007246393947820e-01 5.433263382113090456e-02 3.607802290073608420e-02
5.000000000000000000e+00 2.016349840072061417e-01 3.115122880065772648e-01 5.586430056034588643e-02 3.916862869333098685e-02
0.000000000000000000e+00 5.006817185920030278e-02 2.868899764478097247e-01 5.144772454226992364e-02 3.741043361002205359e-02
0.000000000000000000e+00 1.313935430030395701e-01 2.131833556725891698e-01 5.197706961605853826e-02 3.703115750843108400e-02
8.000000000000000000e+00 3.209409283152398484e-01 2.536876723125404687e-01 5.050353821738351456e-02 3.600489776160598066e-02
3.000000000000000000e+00 4.500830302700345453e-01 2.558874110067931862e-01 4.914972572341835821e-02 3.405360215501354593e-02
1.000000000000000000e+00 5.651033170670709538e-01 2.659868305535089128e-01 4.695910629826993699e-02 3.326854707599716243e-02
2.000000000000000000e+00 6.727273066662016188e-01 2.139249089882064303e-01 4.636755071056042343e-02 3.555768310518800379e-02
5.000000000000000000e+00 5.313245183869721444e-01 1.762143374337891144e-01 4.721079812554862531e-02 3.814390782316720574e-02
1.500000000000000000e+01 3.958211847753257961e-01 1.534467854688302546e-01 4.955365234930703133e-02 3.755477454131356252e-02
7.000000000000000000e+00 2.390286324625331416e-01 1.380368450523737078e-01 5.015472617414409862e-02 3.527182251648414146e-02
