0.000000000000000000e+00 6.593117386824269843e-01 5.267416775942488361e-01 4.950866266714870623e-02 3.606618209262368868e-02
1.600000000000000000e+01 3.970673061220096889e-01 2.950080015704971137e-01 3.423668822594821970e-02 2.701462661423548184e-02
1.600000000000000000e+01 6.289481805517863622e-01 1.159088431185848339e-01 3.271713872332671080e-02 2.544376459735556151e-02
1.000000000000000000e+00 7.751010137044259674e-01 4.584795912555600372e-01 5.139069942989582529e-02 3.799407854113862060e-02
0.000000000000000000e+00 8.481714880958520775e-01 6.488604281488734582e-01 5.031400349038528397e-02 3.613430050392263393e-02
6.000000000000000000e+00 7.985206324396008082e-01 8.069101026863301218e-01 4.757411097155295199e-02 3.354283677292835275e-02
2.000000000000000000e+00 7.505823843777634785e-01 7.234783873027271772e-01 4.968097204745369755e-02 3.726681103659901240e-02
7.000000000000000000e+00 7.106277483436120868e-01 6.082956345882282179e-01 4.701987989111711119e-02 3.525267600826265113e-02
8.000000000000000000e+00 5.895996473767897150e-01 4.150633039529734170e-01 5.128768291625684927e-02 3.740030746333972145e-02
2.000000000000000000e+00 4.658754862432328281e-01 4.110058682546813280e-01 4.738136047521368521e-02 3.767440297547047789e-02
9.000000000000000000e+00 5.254044203425536352e-01 5.080373713239592082e-01 4.693571058979972843e-02 3.466474924407686453e-02
5.000000000000000000e+00 5.737097695963162547e-01 5.945816031548682989e-01 4.544202706847999540e-02 3.562408353653456761e-02
3.000000000000000000e+00 6.324270292023843609e-01 6.960253253146192476e-01 4.821312654421272548e-02 3.585287862735819786e-02
3.000000000000000000e+00 6.759304219447064277e-01 7.837980234780289601e-01 4.410723058041132738e-02 3.276764030411705164e-02
8.000000000000000000e+00 7.083438241394914847e-01 8.832400542436915636e-01 4.318198345682611183e-02 3.269985745149472933e-02
2.000000000000000000e+00 3.100300826690984834e-01 3.779901522174621276e-01 4.201927264327826039e-02 3.507513750525120821e-02
0.000000000000000000e+00 3.742408013288925916e-01 4.876108520921448308e-01 4.547351365761070907e-02 3.628415541613527751e-02
1.000000000000000000e+00 4.268386870785639831e-01 5.814535410600820686e-01 4.717924229915976264e-02 3.454224236398661940e-02
6.000000000000000000e+00 4.774730232703585653e-01 6.717242778263456948e-01 4.746192252076036899e-02 3.648563043805952422e-02
7.000000000000000000e+00 5.230762862828240989e-01 7.611696241384611206e-01 4.311039760587176417e-02 3.366917461457363814e-02
6.000000000000000000e+00 5.631908719527015661e-01 8.470058411438861068e-01 4.473919942086790336e-02 3.578067758549707822e-02
9.000000000000000000e+00 4.501419508427148553e-01 8.314232512212790249e-01 3.851886434772477941e-02 3.074433333862702789e-02
5.000000000000000000e+00 3.982414259305534499e-01 7.488915321708659034e-01 4.072874193726455649e-02 3.091848829165200208e-02
5.000000000000000000e+00 3.415323591679280124e-01 6.510067173692450915e-01 4.220287916568693509e-02 3.351381094742422739e-02
1.500000000000000000e+01 2.832345059624611361e-01 5.591088845445899569e-01 4.418997375735428390e-02 3.573834126583119719e-02
1.500000000000000000e+01 2.395426131337002884e-01 4.708967303496672252e-01 4.344285236446412957e-02 3.443752009374290157e-02
8.000000000000000000e+00 1.888045333844678986e-01 5.474080094267603780e-01 4.330798573979499633e-02 3.359904285121673162e-02
7.000000000000000000e+00 2.078634273043774572e-01 6.327137081648781525e-01 4.139865687137148087e-02 3.179636571542598933e-02
1.000000000000000000e+00 2.772368140710753104e-01 7.313569694647159558e-01 3.933114005027260607e-02 3.245926188055270334e-02
0.000000000000000000e+00 3.126135768815294091e-01 8.043510483308267123e-01 4.165368146539649707e-02 3.347153055420426515e-02
