1.600000000000000000e+01 5.388283649081513360e-01 8.570283650031055300e-01 3.274557599532490482e-02 2.581872269116858298e-02
1.600000000000000000e+01 2.335770615126956939e-01 7.617918345699596916e-01 3.838596358203050229e-02 2.526354922556806049e-02
0.000000000000000000e+00 2.154934284305941583e-01 4.575350708308925096e-01 5.129249213463740742e-02 3.664886794933436276e-02
8.000000000000000000e+00 1.658895102317977377e-01 3.989696660061889943e-01 5.119231917916189367e-02 3.416167571521505630e-02
6.000000000000000000e+00 1.584323311032997394e-01 2.504446035485986544e-01 4.871834664560356631e-02 3.472499683299803963e-02
2.000000000000000000e+00 2.194186812749235882e-01 2.018884140667132066e-01 5.207288613142813105e-02 3.542086568314062323e-02
9.000000000000000000e+00 2.971192519349236116e-01 2.967690242964897140e-01 4.635129181270475351e-02 3.779196736314982541e-02
0.000000000000000000e+00 3.012716138390947873e-01 3.985013243900897284e-01 5.129249213463737966e-02 3.664884097035370214e-02
0.000000000000000000e+00 3.690316036832708146e-01 5.809705849991764204e-01 4.798176651352931144e-02 3.719921217738308972e-02
7.000000000000000000e+00 3.672252125385525590e-01 4.932666129667070409e-01 5.130549600335249094e-02 3.727335041644758151e-02
1.000000000000000000e+00 4.221008640417777125e-01 4.350742060401791567e-01 4.883994091178406327e-02 3.784279576285776159e-02
6.000000000000000000e+00 4.723850977083219327e-01 5.334908973171577085e-01 4.708279989640057339e-02 3.532530613337103720e-02
5.000000000000000000e+00 5.797647864341288759e-01 5.653848817855273712e-01 4.348229304319928268e-02 3.471315306045463789e-02
8.000000000000000000e+00 6.004285813179685016e-01 5.280199377294786389e-01 4.344182457209422310e-02 3.300770377216277751e-02
1.500000000000000000e+01 5.136158734036274653e-01 3.511039091098276943e-01 4.390200504652064240e-02 3.167313453205888862e-02
2.000000000000000000e+00 7.857782258264317532e-01 3.012028713961776294e-01 4.047618709358946631e-02 3.159006625037047433e-02
1.000000000000000000e+00 4.617037010604481129e-01 2.763285344362079732e-01 4.343008871547365812e-02 3.339126394129693365e-02
2.000000000000000000e+00 3.109236679454296937e-01 1.220772912331690024e-01 4.136854386043770093e-02 3.103281540325322774e-02
9.000000000000000000e+00 4.336727693963191577e-01 1.285429253721402931e-01 4.066671265555238390e-02 3.154641425953842726e-02
6.000000000000000000e+00 5.595902283869691463e-01 3.025013022915847838e-01 4.204258671516425405e-02 3.022544242572583473e-02
5.000000000000000000e+00 6.210599204879818647e-01 3.989342560939720395e-01 4.161000573803164126e-02 3.727955558201700992e-02
3.000000000000000000e+00 6.356137046674315005e-01 3.534430002291927830e-01 4.115735239923068445e-02 3.191397589309563632e-02
3.000000000000000000e+00 5.811295451536773182e-01 2.393323390888688063e-01 4.307437085445975367e-02 3.160002149426233142e-02
3.000000000000000000e+00 5.506353381218520582e-01 1.806786455497042809e-01 4.304809332722225879e-02 3.087943989776492648e-02
7.000000000000000000e+00 6.710645709771514422e-01 1.897166580544711323e-01 4.112897051149555505e-02 2.676061286664946359e-02
7.000000000000000000e+00 6.743185598017702453e-01 3.105832606559840170e-01 4.355125131796244720e-02 3.161777366358708985e-02
0.000000000000000000e+00 6.848265220719779167e-01 5.658979140832171018e-01 4.460121929027449639e-02 3.387054553408508362e-02
1.500000000000000000e+01 7.935139359520557711e-01 4.933461200229381505e-01 4.285362883407195511e-02 3.340062564761259178e-02
1.000000000000000000e+00 7.705993116843312674e-01 3.601364313920146776e-01 3.990088730835938957e-02 3.160652342861985931e-02
5.000000000000000000e+00 8.372552272103277460e-01 4.234860593392341110e-01 4.170076302922975930e-02 3.337707299742936895e-02
