3.000000000000000000e+00 6.870936902165123428e-01 8.619587971534976578e-01 4.434056710318545758e-02 3.294489198013017539e-02
1.500000000000000000e+01 7.897686415762872336e-01 8.022606451085049217e-01 4.859905496867222841e-02 3.488646503142733835e-02
7.000000000000000000e+00 5.409735717457702098e-01 8.548973034459708131e-01 4.301185502969839813e-02 3.351047239976479020e-02
8.000000000000000000e+00 6.247274242643443554e-01 7.687759900147093095e-01 4.514344345292986560e-02 3.411987246304526433e-02
9.000000000000000000e+00 4.418962131292685225e-01 8.247186032250986010e-01 4.391867045774522360e-02 3.325430890334724054e-02
5.000000000000000000e+00 3.183376569262097444e-01 7.768868944110365327e-01 4.196303046351984589e-02 3.259132048605506426e-02
2.000000000000000000e+00 5.148144306901141221e-01 7.524564662077857236e-01 4.687755700663792657e-02 3.403407527542379185e-02
2.000000000000000000e+00 3.835373512755601566e-01 7.279345749649008823e-01 4.280018103135108110e-02 3.097635728822067946e-02
9.000000000000000000e+00 2.613791955247800614e-01 7.142531890796274263e-01 4.696128880978159281e-02 3.612005777654303529e-02
0.000000000000000000e+00 8.815225096732254295e-01 7.030118874909678794e-01 5.184048053197298778e-02 3.618408469534684091e-02
6.000000000000000000e+00 7.308498930655576986e-01 7.038926902388380480e-01 4.969142007248561477e-02 3.592016205183767852e-02
5.000000000000000000e+00 5.814405660825207045e-01 6.878713074723084020e-01 4.520992650462596352e-02 3.435688928714397683e-02
8.000000000000000000e+00 4.691484449643651966e-01 6.636638012396272046e-01 4.591698576097280604e-02 3.443755092417244423e-02
8.000000000000000000e+00 3.894898591163495905e-01 6.210263948335876805e-01 4.464219696871030152e-02 3.481389746870255930e-02
1.000000000000000000e+00 2.046476891757714467e-01 6.290265499649568826e-01 4.357115556409763002e-02 3.312815298661075936e-02
0.000000000000000000e+00 8.474959702600843858e-01 6.191750009342762429e-01 5.293468773545539907e-02 3.820832894694792259e-02
5.000000000000000000e+00 7.067150660380052685e-01 6.068256484840146570e-01 5.077920783772704727e-02 3.646319070582604294e-02
2.000000000000000000e+00 5.573263649891428972e-01 5.840323444958301913e-01 4.705693843957281519e-02 3.491794818940929801e-02
7.000000000000000000e+00 4.071061931797623767e-01 5.573992116578778688e-01 4.687755700663787106e-02 3.403407527542390287e-02
3.000000000000000000e+00 2.844538662821284314e-01 5.654797772308661763e-01 4.509758633540811301e-02 3.382318277390572447e-02
3.000000000000000000e+00 1.392511274019296030e-01 5.242004727612170623e-01 4.323681447414463863e-02 3.317649414762557925e-02
6.000000000000000000e+00 7.747142215830626899e-01 5.155195362043876184e-01 5.094600158958939584e-02 3.865905724327078907e-02
6.000000000000000000e+00 6.471056976149460738e-01 4.990755450720908981e-01 5.051969506918341235e-02 3.653553498374229047e-02
7.000000000000000000e+00 4.808403911175443413e-01 4.870419592067848358e-01 4.569063078647428444e-02 3.389337793554131339e-02
1.000000000000000000e+00 3.357263242168747608e-01 4.533407318041577927e-01 4.528500602144486242e-02 3.471319602012173933e-02
1.000000000000000000e+00 2.176225042402163967e-01 4.584826460140131732e-01 4.256087553796622514e-02 3.528966157416546512e-02
1.500000000000000000e+01 4.247917036678724445e-01 3.828088287670074474e-01 5.106568224688284863e-02 3.755510924002258832e-02
0.000000000000000000e+00 7.403125916024387854e-01 4.169009860032120707e-01 5.246193797490583677e-02 3.965705660494112106e-02
1.100000000000000000e+01 4.900822330683332062e-01 1.636452578685176351e-01 3.379396037460868918e-02 2.908460465979390008e-02
1.200000000000000000e+01 4.401478651690260424e-01 2.314867045623537067e-01 3.713734336353741172e-02 2.598019223703743052e-02
