1.400000000000000000e+01 6.353490347235863922e-01 7.978235958097426028e-01 3.518238047429400606e-02 4.335807046635598017e-02
1.400000000000000000e+01 6.441832112394185739e-01 8.710825798904535677e-01 3.239313095379559027e-02 4.350911742752139322e-02
3.000000000000000000e+00 4.287214365722449294e-01 7.815842356111741829e-01 4.189997262094080632e-02 5.812288216037242439e-02
2.000000000000000000e+00 2.034226566594457830e-01 6.495500662234435785e-01 4.315692377054675122e-02 6.025611850794976299e-02
6.000000000000000000e+00 8.917622262169616620e-02 5.787511459211329701e-01 3.868959197851866427e-02 5.352400261503686973e-02
9.000000000000000000e+00 5.131360382600567149e-01 6.642928190790720056e-01 4.114065391022364571e-02 5.446335825966419630e-02
5.000000000000000000e+00 4.191985756443667999e-01 5.977639952185092032e-01 3.868852786245569053e-02 5.351554720631990225e-02
1.000000000000000000e+00 3.158488338916746740e-01 5.298929758837225279e-01 3.848508037515874225e-02 5.033982223568067571e-02
5.000000000000000000e+00 2.137470558218397820e-01 4.774518695422494963e-01 3.837869752874767393e-02 5.180571401226030659e-02
5.000000000000000000e+00 9.314400944191139620e-02 4.264469028674311990e-01 3.568352162020133056e-02 5.015038081656486568e-02
1.000000000000000000e+00 6.009771368107166278e-01 5.681313826515097531e-01 4.019344681464487312e-02 5.203665595783479869e-02
1.500000000000000000e+01 5.164194977921059415e-01 5.303264162401053472e-01 3.870756691201604482e-02 5.083535520233684046e-02
7.000000000000000000e+00 4.145663633823538086e-01 4.600525653151739114e-01 3.960251728093122647e-02 5.280362480024858307e-02
1.500000000000000000e+01 2.857506417871991111e-01 3.816419652941091534e-01 3.591443480588224491e-02 4.982599797669751140e-02
7.000000000000000000e+00 1.929690536750724716e-01 3.358923083560044209e-01 3.602910050164886968e-02 4.803857058971638949e-02
7.000000000000000000e+00 1.024205994009284026e-01 2.920939670585365189e-01 3.760491259155179788e-02 4.744982680791604013e-02
8.000000000000000000e+00 7.031798189672324728e-01 4.921016129019889496e-01 3.980144946493346936e-02 4.951705919969101588e-02
8.000000000000000000e+00 5.959022810263701064e-01 4.215880626438830436e-01 3.938655923992018248e-02 5.090216443516004663e-02
1.000000000000000000e+00 5.011027262201982468e-01 3.828934233040383051e-01 3.655310576296505465e-02 4.808786504733963962e-02
0.000000000000000000e+00 3.975113582214607755e-01 3.204572761016307170e-01 3.592593876332061953e-02 4.758387667196628534e-02
6.000000000000000000e+00 2.873497206310210439e-01 2.550552936320463759e-01 3.744831497092243611e-02 4.606351365691613298e-02
3.000000000000000000e+00 1.856638393824754929e-01 2.186704763864574241e-01 3.356155915091352249e-02 4.635465005978675612e-02
0.000000000000000000e+00 7.031643173845842920e-01 3.391336921637229107e-01 3.774620994878818969e-02 4.809413470414353187e-02
9.000000000000000000e+00 5.907011980690315411e-01 2.971521133447038721e-01 3.889551281666492333e-02 4.894948269957721809e-02
6.000000000000000000e+00 3.905343662145262518e-01 1.697236108371973917e-01 3.509658971169749009e-02 4.382608021484099559e-02
3.000000000000000000e+00 2.770858466646994867e-01 1.476286356428896107e-01 3.416229580834323487e-02 4.393608680784505394e-02
0.000000000000000000e+00 3.725813189961564298e-01 6.367084172500722672e-02 3.295903938008076794e-02 4.348038629381907605e-02
2.000000000000000000e+00 4.681490937001134833e-01 1.065838240780741103e-01 3.482561399423761417e-02 4.464263111381391869e-02
2.000000000000000000e+00 5.834909489450881281e-01 1.688263596767945462e-01 3.646869547526121469e-02 4.474927279926727008e-02
8.000000000000000000e+00 6.715400534261797283e-01 1.963850387968112399e-01 3.445573300270166062e-02 4.302229870862464556e-02
