0.000000000000000000e+00 6.836329537246449428e-01 6.482186421757203387e-01 4.477193539982593506e-02 3.324123619837759946e-02
1.100000000000000000e+01 5.230155553342317187e-01 7.857519199465938797e-01 3.078228233267676917e-02 2.381390810394068414e-02
1.300000000000000000e+01 2.438667030018161208e-01 8.606933212046805615e-01 3.149882942768081340e-02 2.118963445148869251e-02
2.000000000000000000e+00 2.947641408309440436e-01 1.603603785823317085e-01 4.340006021455694585e-02 3.241116344202712996e-02
9.000000000000000000e+00 4.472975696455631089e-01 1.732894052738875867e-01 4.397412363527530843e-02 3.257056064599425649e-02
1.000000000000000000e+00 5.703379598933544514e-01 2.056302095713983258e-01 4.334066354298204971e-02 3.199322272037130599e-02
3.000000000000000000e+00 6.950318469851923808e-01 2.099926616121264855e-01 4.184657813988068575e-02 3.240031486490824175e-02
8.000000000000000000e+00 2.230800319712888391e-01 2.403317895353816736e-01 4.776298207555407238e-02 3.378269693982777211e-02
1.500000000000000000e+01 3.291454172673413670e-01 2.424646454235129533e-01 4.417762699661026415e-02 3.262696755222121991e-02
0.000000000000000000e+00 4.766760005407281175e-01 2.575819383209779212e-01 4.299217079926059837e-02 3.204567174675709840e-02
1.000000000000000000e+00 6.011576854777670453e-01 2.840192231477660645e-01 4.424812851090509369e-02 3.237400492984826572e-02
0.000000000000000000e+00 7.527918925346362977e-01 2.663066715587001365e-01 4.283826906874210749e-02 3.195996514012228173e-02
6.000000000000000000e+00 2.494109523365873882e-01 3.272719591155696661e-01 4.522213711328149088e-02 3.415732877487520636e-02
5.000000000000000000e+00 3.834736535439138283e-01 3.480253583288701047e-01 4.364878021753171300e-02 3.322494909572137889e-02
9.000000000000000000e+00 5.562562505274513125e-01 3.768629549096101927e-01 4.445519111670159784e-02 3.382967896672056662e-02
6.000000000000000000e+00 6.555267106958689860e-01 3.552072445143672486e-01 4.289185705335563092e-02 3.233727352700482838e-02
2.000000000000000000e+00 7.941056375416415403e-01 3.889628911962870195e-01 4.340404656835383790e-02 3.275208211353453081e-02
8.000000000000000000e+00 1.922715820733305048e-01 4.061847511069026639e-01 4.651234899362416408e-02 3.345906195942571770e-02
1.500000000000000000e+01 3.114380906491449608e-01 4.390778789599604215e-01 4.248957700733069220e-02 3.268482663018862366e-02
7.000000000000000000e+00 4.465904331929154703e-01 4.357982914542214425e-01 4.432882370133783834e-02 3.300609827226813620e-02
1.000000000000000000e+00 5.690145758546298893e-01 4.325967225870801514e-01 4.289185705335574195e-02 3.233727352700488389e-02
5.000000000000000000e+00 7.180081652084797650e-01 4.657039745869461234e-01 4.428075966412869935e-02 3.260233758054714714e-02
3.000000000000000000e+00 8.393983900650405783e-01 4.840130982587054764e-01 4.407198862099070968e-02 3.325877615508410212e-02
7.000000000000000000e+00 3.505910610544623052e-01 5.244318783643369120e-01 4.541356751740277531e-02 3.640025073873620620e-02
2.000000000000000000e+00 4.709879577297093056e-01 5.356634586612347704e-01 4.614680035044271822e-02 3.409801752516761209e-02
3.000000000000000000e+00 6.217821403827136217e-01 5.327447073590101390e-01 4.524124313755129023e-02 3.477922844115710621e-02
5.000000000000000000e+00 7.647422124211264993e-01 5.550416939473836742e-01 4.507694841320508683e-02 3.401259565808978369e-02
7.000000000000000000e+00 2.359505589208742427e-01 5.931207406397993598e-01 4.761124436566829821e-02 3.489010602462405686e-02
8.000000000000000000e+00 4.109545657947468178e-01 6.149389376632020676e-01 4.763521943636139788e-02 3.512364940921464118e-02
6.000000000000000000e+00 5.301297731640253197e-01 6.488112706155502174e-01 4.830435739513727622e-02 3.765282004965320173e-02
