8.000000000000000000e+00 4.491458357491352471e-01 5.140085609929799793e-01 3.853674350931057813e-02 3.640888327027780313e-02
1.000000000000000000e+00 7.734164105308596326e-01 7.139220942694094463e-01 3.506592221221949135e-02 3.764601647039045318e-02
6.000000000000000000e+00 6.718556869576997048e-01 7.139440355425752394e-01 3.720863159571774492e-02 3.785323960584463521e-02
7.000000000000000000e+00 5.649962013222695756e-01 7.149033567637659292e-01 3.742859839992995763e-02 3.936319813188660088e-02
1.500000000000000000e+01 4.502074387639219410e-01 7.188015619259175981e-01 3.871936582333646015e-02 3.980230063147882635e-02
2.000000000000000000e+00 3.871210701304143020e-01 6.183943065971118092e-01 3.980213440971230865e-02 3.829289617799136458e-02
3.000000000000000000e+00 5.039467003625007768e-01 6.146671990398486773e-01 3.871806375283298740e-02 3.678254980116091311e-02
2.000000000000000000e+00 7.161492997174980779e-01 6.132363343709885672e-01 3.571119510941178632e-02 3.656197351713863508e-02
6.000000000000000000e+00 8.218229869750075522e-01 6.129782750786416656e-01 3.478151676989693630e-02 3.532301187759567807e-02
5.000000000000000000e+00 8.667979704589365841e-01 5.246521839540702059e-01 3.372273952513915596e-02 3.425121392780283713e-02
1.500000000000000000e+01 7.664977342440693064e-01 5.206170120563992088e-01 3.426445626185992133e-02 3.426445626185992133e-02
3.000000000000000000e+00 6.642545318016694900e-01 5.197502209518416461e-01 3.747890818789578748e-02 3.747885278064022607e-02
9.000000000000000000e+00 5.489747501453551282e-01 5.153525055298230351e-01 3.692417074613985051e-02 3.746652466629846190e-02
1.000000000000000000e+00 3.334726348753630498e-01 5.149544736583473448e-01 4.067984074359726199e-02 3.746815918033480353e-02
3.000000000000000000e+00 9.113673451292043648e-01 4.309575868844071067e-01 3.265182809143363230e-02 3.532209765788058009e-02
0.000000000000000000e+00 8.117053450900849620e-01 4.338987148192143262e-01 3.586450698529453085e-02 3.425212814751799062e-02
5.000000000000000000e+00 7.106176332568640008e-01 4.290494441169369066e-01 3.265166186966728112e-02 3.479340162619498633e-02
0.000000000000000000e+00 6.119564821769094554e-01 4.242533228244680377e-01 3.746677399894804417e-02 3.746677399894804417e-02
9.000000000000000000e+00 5.021945982782450857e-01 4.239986849301462524e-01 3.533647584067461933e-02 3.586492253971057531e-02
5.000000000000000000e+00 3.914525461785198224e-01 4.199822960920792658e-01 3.960851375547580489e-02 3.747976700035554609e-02
0.000000000000000000e+00 4.477535622337093790e-01 3.284499394634675662e-01 3.746655236992613158e-02 3.693713604391957173e-02
7.000000000000000000e+00 5.521845201583039930e-01 3.384682499911481068e-01 3.586561513040409377e-02 3.693649886048167019e-02
2.000000000000000000e+00 6.586997605155047175e-01 3.399740252694022358e-01 3.585076598593828212e-02 3.265229905310512715e-02
1.000000000000000000e+00 7.584776448294378026e-01 3.431959710267403763e-01 3.533581095360904811e-02 3.426489951990357996e-02
7.000000000000000000e+00 8.540094772313846505e-01 3.449724245997746741e-01 3.586489483608301665e-02 3.533644813704694965e-02
8.000000000000000000e+00 7.985676476349394814e-01 2.574250131917511508e-01 3.212135902757307093e-02 3.105050300112313644e-02
8.000000000000000000e+00 6.968758027917120179e-01 2.553711354905834341e-01 3.467812683119175787e-02 3.475522602717681653e-02
6.000000000000000000e+00 5.012107593465092714e-01 2.429253222862935990e-01 3.341256970902350965e-02 3.462554534575154608e-02
1.100000000000000000e+01 2.721677203196958272e-01 2.422376905422952142e-01 3.404615167531188646e-02 3.661328063570304381e-02
1.100000000000000000e+01 3.051097854670901111e-01 1.396475140143344507e-01 3.277064895078701801e-02 3.853521980978510952e-02
