1.000000000000000000e+01 9.112268532469975924e-01 2.678548649154896544e-01 4.305923055315075132e-02 3.149491176375629475e-02
7.000000000000000000e+00 7.043013008158330313e-02 5.753309087796305565e-01 4.854237978929750591e-02 3.613818686552583426e-02
9.000000000000000000e+00 1.375426346127684996e-01 4.898588004532441476e-01 4.929442760752167363e-02 3.712501761344627615e-02
1.000000000000000000e+00 2.113939159731815509e-01 3.727973987449207938e-01 4.941937608347124478e-02 3.876640631707806151e-02
8.000000000000000000e+00 2.717956915292072950e-01 2.417267568251532106e-01 5.201819242750227446e-02 3.932426988512927046e-02
9.000000000000000000e+00 4.155994257623393251e-01 2.622292667566321622e-01 5.256188475836137686e-02 4.004090434138898869e-02
8.000000000000000000e+00 3.556464306024235134e-01 3.677201626489284836e-01 5.034592751477001693e-02 3.831931998778431714e-02
1.000000000000000000e+00 2.712006468772965584e-01 4.794865891168348382e-01 5.088632009809160306e-02 3.976891086580147672e-02
6.000000000000000000e+00 2.119035796575606256e-01 5.841049964057898336e-01 5.063332963287611732e-02 3.797484991449928682e-02
7.000000000000000000e+00 1.768267772108797764e-01 6.714206177034929279e-01 5.057867756428702233e-02 3.900590317182794919e-02
8.000000000000000000e+00 2.004003209286249754e-01 7.641483258171613002e-01 5.067566657226293958e-02 3.667339413128856140e-02
3.000000000000000000e+00 2.924254037820520069e-01 6.766700741051120405e-01 5.386030595231883211e-02 3.994509381467636899e-02
5.000000000000000000e+00 3.506449413896347567e-01 5.665406464981312951e-01 5.134348244218722712e-02 3.939992838223804750e-02
2.000000000000000000e+00 4.242595100572826849e-01 4.409751177590568449e-01 5.109464612342512480e-02 3.876696609567814589e-02
5.000000000000000000e+00 4.930645788409618868e-01 3.541644904137266625e-01 5.301197621487668821e-02 3.975910000928384314e-02
6.000000000000000000e+00 5.712302064515200062e-01 2.665692891673030473e-01 5.472071512271048377e-02 4.215492295569817083e-02
5.000000000000000000e+00 3.088760005097241912e-01 8.576127320305984014e-01 5.145196164248111437e-02 3.769702295665788849e-02
2.000000000000000000e+00 3.412565704049400628e-01 8.031807448174150821e-01 5.140782751916767035e-02 3.856026048208194279e-02
1.000000000000000000e+00 4.394574253950322973e-01 6.672765178028585709e-01 5.122041953625905419e-02 3.908586312554807041e-02
1.500000000000000000e+01 5.219576544024497888e-01 5.626720165928114081e-01 5.316503146895795728e-02 3.853592484399304130e-02
1.500000000000000000e+01 5.830670784951019758e-01 4.566624710965027090e-01 5.375324092954103516e-02 4.031478338699784336e-02
2.000000000000000000e+00 6.661926391228989441e-01 3.624956458570455786e-01 5.574257622618483676e-02 4.116178733301867343e-02
3.000000000000000000e+00 4.159215783466992944e-01 8.988670596048236039e-01 5.240759209895368143e-02 3.674374946271197206e-02
3.000000000000000000e+00 5.258824094779381841e-01 7.747374513611109403e-01 5.471072749400340829e-02 4.135231829127505865e-02
0.000000000000000000e+00 6.724599203296652838e-01 5.774637830941538041e-01 5.392783292871039524e-02 4.076514000179753960e-02
6.000000000000000000e+00 7.590810331568287328e-01 4.462883741900719459e-01 5.758707617555980374e-02 4.447420354405612342e-02
0.000000000000000000e+00 5.906822771088877655e-01 8.902469700177561007e-01 5.507425950172362139e-02 3.937747831417071076e-02
7.000000000000000000e+00 6.888198034620891530e-01 7.681729571797208944e-01 5.920041702512324200e-02 4.440046007900033675e-02
0.000000000000000000e+00 8.439676277985219688e-01 5.442981089812759521e-01 6.129787797768204705e-02 4.693219137711368560e-02
1.600000000000000000e+01 9.336758606811966787e-01 3.639394032528090461e-01 4.140511425187431982e-02 2.919931864879227179e-02
