2.000000000000000000e+00 5.121174140400033270e-01 3.709239285561669597e-01 4.123367249710613303e-02 5.710258530611495020e-02
2.000000000000000000e+00 3.792524266752980155e-01 8.101714789636154102e-01 3.833383601239676031e-02 5.037673321003988125e-02
2.000000000000000000e+00 4.759913198583105576e-01 7.772300706988923835e-01 3.944347895271849147e-02 4.814457571371344446e-02
6.000000000000000000e+00 7.049984307443993847e-01 7.121450346006490406e-01 3.550614983980993067e-02 4.882099931992589514e-02
8.000000000000000000e+00 7.937773118823536755e-01 6.962555445226228379e-01 3.373944843704945740e-02 4.276354771535528787e-02
3.000000000000000000e+00 8.550124073257313606e-01 5.841930650196871522e-01 3.320559384759147470e-02 4.501856243056190365e-02
1.500000000000000000e+01 7.443803799109397490e-01 6.228360218293422790e-01 3.322239044025354637e-02 4.651951980371227258e-02
9.000000000000000000e+00 6.484030332723819123e-01 6.264415172267363552e-01 3.440911877404717600e-02 4.728812264869264315e-02
6.000000000000000000e+00 5.367402664986058447e-01 6.453757216162141486e-01 3.854258129542997846e-02 5.036184138561772272e-02
9.000000000000000000e+00 4.304481669383670717e-01 6.638990732683407447e-01 4.088631203442283368e-02 4.988183978912807959e-02
8.000000000000000000e+00 2.925518785682245104e-01 6.841428058228451459e-01 4.119751076067024176e-02 5.386217048806163366e-02
3.000000000000000000e+00 3.280782449254912025e-01 5.137256156370928473e-01 4.233485942084719289e-02 5.499798956162155195e-02
1.500000000000000000e+01 4.770037330380158536e-01 5.157948288685212379e-01 3.889969648031244009e-02 5.038798865873089783e-02
7.000000000000000000e+00 5.861271840066971661e-01 4.827765660913251322e-01 3.608202477104827111e-02 5.033205773677346118e-02
6.000000000000000000e+00 7.033521337825092701e-01 4.753501056044140416e-01 3.665789970228650052e-02 5.184409739786582927e-02
5.000000000000000000e+00 8.035683689785233508e-01 4.679854202147423203e-01 3.773386287690960739e-02 4.659856768567388619e-02
0.000000000000000000e+00 8.965124876353192107e-01 4.522661904432632163e-01 3.604837386547410372e-02 4.732067686952234897e-02
5.000000000000000000e+00 3.932166145344556663e-01 3.597107166577472870e-01 4.124573602929304528e-02 5.818550377082654101e-02
8.000000000000000000e+00 6.389075038546666585e-01 3.592780023758227470e-01 3.953623539398343212e-02 5.057996620922694531e-02
7.000000000000000000e+00 7.441710574254094546e-01 3.666083442169240092e-01 3.633749459621216094e-02 5.484563696254335374e-02
0.000000000000000000e+00 8.671617983840675947e-01 3.223704625935918111e-01 3.464380930931976188e-02 4.831640889706484421e-02
3.000000000000000000e+00 7.995551088771368775e-01 2.087811093253913175e-01 3.632369945653446397e-02 5.377004896954346025e-02
5.000000000000000000e+00 6.857825515363945579e-01 2.083585970976009616e-01 4.445036429253357291e-02 5.392854877521449652e-02
1.000000000000000000e+00 4.506237895982276864e-01 2.032127213965128631e-01 4.209526266435026365e-02 6.146577442129630420e-02
1.200000000000000000e+01 1.769246541641816828e-01 1.558192015718714574e-01 3.292752654467065443e-02 4.070016422914632392e-02
1.200000000000000000e+01 2.118160544845816284e-01 5.071874986531608176e-01 3.802607164100627046e-02 3.774188599161742985e-02
0.000000000000000000e+00 5.612542008460278398e-01 8.652943751455838273e-01 3.603157727281214306e-02 4.581971949637209107e-02
1.000000000000000000e+00 6.619890813457045553e-01 8.382455405921687142e-01 3.828693830951690469e-02 4.586745414287241029e-02
7.000000000000000000e+00 7.451000648443009133e-01 8.424826109617598036e-01 3.544929539385721640e-02 4.430762211503014303e-02
1.000000000000000000e+00 4.321017799419065719e-01 9.000129321782626146e-01 3.996772312060187238e-02 4.440822851025394424e-02
