6.000000000000000000e+00 3.714383520605842315e-01 9.094112943698910989e-01 4.641252023371122970e-02 3.248573788774289373e-02
9.000000000000000000e+00 3.038624528487809950e-01 8.308830593450858837e-01 4.365368136176106528e-02 3.157524627272256801e-02
3.000000000000000000e+00 2.082025252842569785e-01 7.544560569273992545e-01 4.287737203537267394e-02 3.215783336214228516e-02
3.000000000000000000e+00 9.465419127966066826e-02 6.902668328782091134e-01 4.418348254761683691e-02 3.217058778145498454e-02
8.000000000000000000e+00 1.175109658136925528e-01 5.884758124691400472e-01 4.590727130503226283e-02 3.317604184572087167e-02
7.000000000000000000e+00 2.138929239542348704e-01 6.579509316785403517e-01 4.384957764747612896e-02 3.581400360736763933e-02
3.000000000000000000e+00 3.074946215958452300e-01 7.311582838519756766e-01 4.725355823811117073e-02 3.376738310476001814e-02
5.000000000000000000e+00 4.064155932927532300e-01 8.092313890185373060e-01 4.706801042442942951e-02 3.390257994947387665e-02
7.000000000000000000e+00 5.354579234100127483e-01 8.937422873331372086e-01 4.759520275178930060e-02 3.453763408197496609e-02
8.000000000000000000e+00 6.566544449554139184e-01 8.678669620639023474e-01 5.191355925787177750e-02 3.476216983651003734e-02
1.000000000000000000e+00 4.916645231821454853e-01 7.839814940926859155e-01 5.016173976528531808e-02 3.636690768456907197e-02
6.000000000000000000e+00 4.543057130038299918e-01 7.120650051029530081e-01 4.881629346438831618e-02 3.577556642552992550e-02
6.000000000000000000e+00 3.373166279974667003e-01 6.482227302463824392e-01 4.889174744954905005e-02 3.624997284932574004e-02
5.000000000000000000e+00 2.527416242321626205e-01 5.595620946464761047e-01 4.533578635787766098e-02 3.609964462533665763e-02
2.000000000000000000e+00 1.518658058770646080e-01 4.763078110009923427e-01 4.636167648036051969e-02 3.602598785380639601e-02
7.000000000000000000e+00 5.690784277814615599e-01 6.780200104669273919e-01 5.188236890518926892e-02 3.687992521410210500e-02
1.000000000000000000e+00 3.662551009885238740e-01 5.153861488011802772e-01 4.557345336684143211e-02 3.501615670473068320e-02
1.500000000000000000e+01 2.661765208024137186e-01 4.444863899418783904e-01 4.754386621405606861e-02 3.563434021895955928e-02
0.000000000000000000e+00 6.703972737901144896e-01 6.640364709550177214e-01 5.313462098315413495e-02 3.683505284797494728e-02
1.000000000000000000e+00 5.925692563855713413e-01 5.914248951000644627e-01 5.341063821200564554e-02 3.831346397020585215e-02
2.000000000000000000e+00 4.861888480600269902e-01 4.985536053689754166e-01 4.896717244739312580e-02 3.672539382920314566e-02
0.000000000000000000e+00 3.873517656574160251e-01 4.214037317430885943e-01 4.919962173936542893e-02 3.815983119212207342e-02
2.000000000000000000e+00 1.676306739698794623e-01 3.604931616211288770e-01 4.810242281799839703e-02 3.900327514380147464e-02
0.000000000000000000e+00 7.459952969271148593e-01 5.441771633125938035e-01 5.569205597923165829e-02 3.968357847754599987e-02
5.000000000000000000e+00 6.408474872788674226e-01 4.459456694351402462e-01 5.195715618206764308e-02 4.013259201198299264e-02
9.000000000000000000e+00 5.228079164118695221e-01 4.003266480065730271e-01 5.098799423820915555e-02 3.894086545111957731e-02
1.500000000000000000e+01 2.981843592947081012e-01 3.273072351004406300e-01 4.950506109458574500e-02 3.645894241483615961e-02
8.000000000000000000e+00 4.057585377869376009e-01 2.931567556192364865e-01 5.180343644203411202e-02 3.885259907201304985e-02
1.100000000000000000e+01 7.321106621395112590e-01 3.386865395935905187e-01 4.198279445717634228e-02 3.235314990152488024e-02
1.100000000000000000e+01 6.988730222459738073e-01 2.886588661676706691e-01 4.068329305312146094e-02 3.173728537262571203e-02
