6.000000000000000000e+00 4.245101925845476409e-01 7.295582944574172668e-01 3.679121328886048037e-02 4.992628667042409152e-02
7.000000000000000000e+00 8.083560351414578182e-01 7.103707033239308188e-01 3.670117451391241570e-02 4.762254972306767531e-02
5.000000000000000000e+00 7.239849656342278728e-01 7.915244919139585722e-01 3.529565639467502347e-02 4.706148401293142047e-02
3.000000000000000000e+00 7.001701805447008153e-01 9.031818193038172460e-01 3.453453622736435413e-02 4.517452242828245979e-02
6.000000000000000000e+00 8.551158963929230694e-01 4.370007253219899690e-01 3.615066802619482100e-02 5.126842091671052204e-02
2.000000000000000000e+00 7.917839063241893793e-01 5.486429701468532594e-01 3.613457234661610062e-02 4.926510811638373788e-02
3.000000000000000000e+00 6.998706125508402653e-01 6.620384882390140113e-01 3.681150411896749741e-02 4.694955625529395604e-02
8.000000000000000000e+00 6.362536376305595320e-01 7.807543133544625480e-01 3.569861915292138477e-02 4.846968474543167371e-02
5.000000000000000000e+00 5.716940380711232894e-01 8.694063484761579419e-01 3.533184313528814346e-02 4.798042174774241886e-02
1.500000000000000000e+01 8.351756039316217128e-01 2.752487202025689639e-01 3.885285865844045894e-02 5.369267569183427957e-02
0.000000000000000000e+00 6.857999920629854751e-01 5.277978379395920072e-01 3.925513649415157680e-02 5.129812943167766370e-02
3.000000000000000000e+00 5.955325386034338031e-01 6.291105805103036630e-01 3.665865223984809962e-02 4.835724329589285997e-02
8.000000000000000000e+00 5.154855705611713912e-01 7.363811502924376695e-01 3.621724820431021508e-02 4.776832406932274289e-02
9.000000000000000000e+00 4.729725714896032551e-01 8.700006329292543361e-01 3.565920756870477604e-02 4.818293051066846466e-02
6.000000000000000000e+00 7.104907645366747015e-01 2.587699976960471382e-01 3.868025817955422774e-02 5.734548172614667427e-02
2.000000000000000000e+00 6.314238492962758187e-01 3.834161104293128397e-01 3.682029395817010275e-02 5.223276330792159250e-02
2.000000000000000000e+00 5.562869910247760785e-01 5.007825953426351395e-01 3.749163219648343759e-02 4.841543317295116111e-02
9.000000000000000000e+00 4.918635483576623280e-01 6.185841772964831842e-01 3.582709920516119473e-02 4.829902488039561348e-02
5.000000000000000000e+00 9.184640392181129265e-01 5.526831854901737007e-01 3.462523138640860587e-02 4.747831645251687771e-02
7.000000000000000000e+00 3.051001556719517005e-01 8.133222942908924225e-01 3.594165249918385152e-02 4.572639876107043033e-02
1.000000000000000000e+00 5.141058369215428803e-01 3.771848992417839996e-01 3.824327760205653570e-02 5.171002472132124606e-02
0.000000000000000000e+00 4.564513837858951151e-01 4.546325006474072339e-01 3.717973559698828367e-02 5.115469523741794644e-02
1.000000000000000000e+00 3.832037559049423781e-01 5.966264455075653839e-01 3.755555829977480498e-02 5.007405870740710974e-02
0.000000000000000000e+00 2.991352794661037429e-01 6.783668417106067938e-01 3.688593236779946771e-02 4.855278867971046797e-02
7.000000000000000000e+00 5.118778409912108085e-01 2.116928318109020379e-01 3.724306239306118815e-02 5.272479453419101625e-02
8.000000000000000000e+00 4.214773984060623535e-01 3.553613266544608518e-01 3.876022288554620276e-02 4.905269651513533002e-02
1.000000000000000000e+00 3.528853174202662979e-01 4.345006867221832270e-01 3.932231597948515622e-02 5.173836339121773431e-02
1.500000000000000000e+01 2.765018573269297231e-01 5.818348869744687235e-01 3.911361437530280760e-02 4.743202710450866721e-02
1.200000000000000000e+01 1.207838485125403427e-01 1.810391808220927490e-01 2.599235359820027680e-02 3.246233163536563215e-02
0.000000000000000000e+00 2.111332072919338554e-01 5.807499525870123136e-02 2.661803033416287878e-02 3.496112881307714831e-02
