1.300000000000000000e+01 2.866149782318742623e-01 8.643899812795257098e-01 3.420198736746571377e-02 2.256938693755095038e-02
6.000000000000000000e+00 6.599068045587692666e-01 2.091077603342046398e-01 4.152125816816099046e-02 3.195775568182285253e-02
0.000000000000000000e+00 6.983197658656694617e-01 3.011246864699067549e-01 4.134134650003662426e-02 3.100578235473888666e-02
9.000000000000000000e+00 7.552529639758756019e-01 3.782323929610035829e-01 4.220182823111084947e-02 3.226556219211562659e-02
3.000000000000000000e+00 8.010225947308917682e-01 4.815429427368045356e-01 4.197965466939890256e-02 3.271238359867661982e-02
5.000000000000000000e+00 5.408629850934834060e-01 2.053125370619341417e-01 4.133292824936241061e-02 3.100492915365707369e-02
9.000000000000000000e+00 5.898634323851132955e-01 2.963240083827387572e-01 4.224568276671758493e-02 3.140229333750726992e-02
2.000000000000000000e+00 6.235816547391741516e-01 3.717976783819085806e-01 4.212020532761462377e-02 3.210314114616891201e-02
7.000000000000000000e+00 6.827787365999415936e-01 4.704808494302817889e-01 4.372695360494072148e-02 3.378622248028378960e-02
3.000000000000000000e+00 7.414813599937450928e-01 5.561919654503373334e-01 4.494851003385091914e-02 3.474183613198356113e-02
6.000000000000000000e+00 3.953267601163341638e-01 1.809105168606393033e-01 4.246501232482330357e-02 3.142569948718582085e-02
1.000000000000000000e+00 4.378433057865007139e-01 2.694235452334661218e-01 4.196128240610341731e-02 3.130155872977774534e-02
1.000000000000000000e+00 5.035565118295889375e-01 3.734958898152082041e-01 4.373571313604762700e-02 3.383240909884754899e-02
1.500000000000000000e+01 5.348783483050784104e-01 4.508499581186871108e-01 4.424211641815722906e-02 3.232574130842169602e-02
3.000000000000000000e+00 5.927915331778890184e-01 5.404353891512999608e-01 4.423767977253179051e-02 3.369103367958614648e-02
8.000000000000000000e+00 6.554314236040718056e-01 6.286851907703603359e-01 4.552971061080213211e-02 3.538054246185107221e-02
8.000000000000000000e+00 2.805494011008384803e-01 1.671359266747224348e-01 4.212378877215833262e-02 3.015681883826940024e-02
2.000000000000000000e+00 3.245947124694507635e-01 2.533675806748101889e-01 4.498383255863913632e-02 3.209327245365556358e-02
2.000000000000000000e+00 3.727468077053863738e-01 3.173434986750504061e-01 4.430067445240776225e-02 3.178907782794260228e-02
5.000000000000000000e+00 4.114390501664096922e-01 4.496523197601045574e-01 4.357226824880267024e-02 3.292753247148133555e-02
0.000000000000000000e+00 4.746862064625939626e-01 5.324573333552777843e-01 4.476950844688026843e-02 3.333473690780863752e-02
1.500000000000000000e+01 5.184960627726538096e-01 6.271769872179870919e-01 4.574767504717686117e-02 3.455356309325707809e-02
8.000000000000000000e+00 1.724390975390416303e-01 2.226540054705843374e-01 4.412363522792542292e-02 3.186532556462323695e-02
1.000000000000000000e+00 2.315935051256989285e-01 3.121732707593002920e-01 4.476828552532965966e-02 3.332802505929821635e-02
5.000000000000000000e+00 2.617015777421590750e-01 4.194039951058075033e-01 4.543452181010457225e-02 3.284258208376589216e-02
0.000000000000000000e+00 3.325293118903710488e-01 5.155849833414607453e-01 4.755151277440861080e-02 3.418751138911041432e-02
7.000000000000000000e+00 3.657978261742107495e-01 6.087345623533451100e-01 4.842413840088116705e-02 3.549589524811624930e-02
6.000000000000000000e+00 9.339428331172927589e-02 3.089021973516418162e-01 4.639280882519414284e-02 3.294126900889893239e-02
7.000000000000000000e+00 1.548860352620944902e-01 4.206770991000789994e-01 4.785465511878730926e-02 3.349758455429641124e-02
1.300000000000000000e+01 4.846708916629838271e-01 7.341399344049579501e-01 3.299029963106886454e-02 2.354891865957842167e-02
