1.400000000000000000e+01 2.915348293902394472e-01 2.967378719261294928e-01 3.524646396496405876e-02 4.220685149343594844e-02
1.400000000000000000e+01 2.625835986987791193e-01 2.343418014180859710e-01 3.198914479546011158e-02 4.308003530824369709e-02
3.000000000000000000e+00 4.847831140470241218e-01 2.068295864125682393e-01 4.112287955866489320e-02 5.786981368166344009e-02
2.000000000000000000e+00 7.280896668650356229e-01 2.131598278047545647e-01 4.230055722134729024e-02 6.005669776813710170e-02
6.000000000000000000e+00 8.525642037629694858e-01 2.198804907707289646e-01 3.799197069585769082e-02 5.326765379373690767e-02
9.000000000000000000e+00 4.411670933506329773e-01 3.566848529421323688e-01 4.073355287729701901e-02 5.378597870934037628e-02
5.000000000000000000e+00 5.458852634438760010e-01 3.698015503811802329e-01 3.799191381832933700e-02 5.325809836897882343e-02
1.000000000000000000e+00 6.595780107566950878e-01 3.793726591178032681e-01 3.818455800675779610e-02 4.960095861413132967e-02
5.000000000000000000e+00 7.677323371878703728e-01 3.754912797075442565e-01 3.786456503241530935e-02 5.133976153247998830e-02
5.000000000000000000e+00 8.923659320937580297e-01 3.609212761035628381e-01 3.492814887770701038e-02 5.003720925636534478e-02
1.000000000000000000e+00 3.883988242555679871e-01 4.889886100524292178e-01 3.995063369993712143e-02 5.117194438516431410e-02
1.500000000000000000e+01 4.763651687583766448e-01 4.806392448435565790e-01 3.837833974575260987e-02 5.012761608763399712e-02
7.000000000000000000e+00 5.893768361082974971e-01 4.931623683970303151e-01 3.916108829052755702e-02 5.221513513212822089e-02
1.500000000000000000e+01 7.293210084756905909e-01 4.994466385269499265e-01 3.524751619923804924e-02 4.961005901866294421e-02
7.000000000000000000e+00 8.270596090940348644e-01 4.941811018068155148e-01 3.562751496596106016e-02 4.750305942071841869e-02
7.000000000000000000e+00 9.222034284315403507e-01 4.882662085652045292e-01 3.753495975578602373e-02 4.642130570955177449e-02
8.000000000000000000e+00 3.167809299123302003e-01 6.101947224434540740e-01 3.981631741680341507e-02 4.830068143914956202e-02
8.000000000000000000e+00 4.348125510344708067e-01 6.201871941292727008e-01 3.916051951524440744e-02 5.003931372491321472e-02
1.000000000000000000e+00 5.323818272509989180e-01 6.074586858210262452e-01 3.623138368416145561e-02 4.743375415245731919e-02
0.000000000000000000e+00 6.447456026757976133e-01 6.119461521730904519e-01 3.556728166346734277e-02 4.699647971471343499e-02
6.000000000000000000e+00 7.639526263594877964e-01 6.158107811512583130e-01 3.752699690182070835e-02 4.482165366424439856e-02
3.000000000000000000e+00 8.671494505445414003e-01 5.974833058324686696e-01 3.296667043597556468e-02 4.612050890101804246e-02
0.000000000000000000e+00 3.604079564104518685e-01 7.498223429269681439e-01 3.761726153926875371e-02 4.714629512431522951e-02
9.000000000000000000e+00 4.750384293133427249e-01 7.311412315758328839e-01 3.883941742909935435e-02 4.786232632836773249e-02
6.000000000000000000e+00 6.940904133411284205e-01 7.460057185827042581e-01 3.508922603791631012e-02 4.278293553905088142e-02
3.000000000000000000e+00 8.039504968466968382e-01 7.086718777670668601e-01 3.399421986265060980e-02 4.315059188212788666e-02
0.000000000000000000e+00 7.407155681121881940e-01 8.337153605808111934e-01 3.265299086727679878e-02 4.291159250811649173e-02
2.000000000000000000e+00 6.412423166350628145e-01 8.429825869029889951e-01 3.467265502048211268e-02 4.381674149384151562e-02
2.000000000000000000e+00 5.182073926371187911e-01 8.446277125321902668e-01 3.655840103325208590e-02 4.351915826565799783e-02
8.000000000000000000e+00 4.299752167863126751e-01 8.641000187410563527e-01 3.444892726282533513e-02 4.199768438302964313e-02
