0.000000000000000000e+00 6.156416197206771024e-01 4.327737723978385964e-01 3.863521200407371570e-02 4.701710825454497034e-02
1.200000000000000000e+01 9.510833540960231258e-02 4.857046770241889577e-01 3.230834309996143128e-02 3.674818158337167517e-02
1.400000000000000000e+01 2.016869039448357936e-01 2.212830163798660543e-01 3.513912530475252205e-02 4.385059834389559708e-02
6.000000000000000000e+00 4.605524233515472798e-01 1.685381474266905988e-01 4.041613910330854598e-02 5.960182567472493975e-02
2.000000000000000000e+00 7.247070218174498368e-01 8.930841972089928471e-02 4.018855516740738043e-02 6.045946461820271567e-02
1.000000000000000000e+00 8.185118505158870406e-01 7.459975806732599413e-02 3.674729443185442701e-02 5.461281083039732503e-02
7.000000000000000000e+00 4.206670374293138837e-01 3.260711948663471138e-01 4.012249195108680277e-02 5.662682220494030805e-02
1.500000000000000000e+01 5.546365273476261404e-01 2.965881484176282612e-01 3.958186181645262369e-02 5.277483988860109942e-02
8.000000000000000000e+00 6.604957047174923046e-01 2.507081614062233732e-01 3.724747045730025796e-02 5.590388243350385977e-02
5.000000000000000000e+00 7.724701949263153011e-01 2.405074862584465345e-01 3.816892516658820789e-02 5.402211577847101931e-02
7.000000000000000000e+00 8.730939363320688873e-01 2.055137798732358245e-01 3.765875390071415918e-02 5.209542968494615400e-02
3.000000000000000000e+00 9.093912083709212446e-01 3.279884475820714629e-01 3.401930351619930626e-02 4.612365796148615305e-02
2.000000000000000000e+00 8.252419297846058654e-01 3.632757124043521912e-01 3.576782001333600469e-02 4.770027406628990496e-02
0.000000000000000000e+00 7.214470357085955854e-01 4.031621333366891546e-01 3.524984181410972806e-02 5.074379520492627860e-02
5.000000000000000000e+00 4.875518151983304627e-01 4.347058701156188421e-01 3.697582466270737944e-02 5.155973802709146181e-02
6.000000000000000000e+00 3.550514481926440036e-01 4.695020374296471344e-01 4.270049511688583932e-02 4.943521714521187382e-02
9.000000000000000000e+00 3.324715051302321589e-01 6.247900444538007081e-01 3.859614776559594507e-02 4.472497487933280169e-02
8.000000000000000000e+00 4.487627119777246598e-01 5.718146491788584918e-01 3.978371835835248227e-02 4.704251035965667516e-02
6.000000000000000000e+00 5.649769288593755601e-01 5.832481692184905420e-01 3.740242625565304291e-02 4.087816761351115158e-02
5.000000000000000000e+00 6.727989289612372747e-01 5.232212205366821856e-01 3.863917461418431287e-02 4.778499703619065730e-02
9.000000000000000000e+00 7.791975535970478983e-01 4.800612105055593881e-01 3.458501046705553250e-02 4.535958393136479971e-02
1.500000000000000000e+01 8.723735988717498113e-01 4.568522326598157268e-01 3.284938723863695120e-02 4.455316320215174652e-02
1.000000000000000000e+00 8.207904696163190739e-01 5.869542742536707491e-01 3.282572986484255662e-02 4.301300902470850396e-02
8.000000000000000000e+00 7.245845653363470751e-01 6.068033727297137414e-01 3.509541830666762507e-02 4.079022132643084220e-02
0.000000000000000000e+00 5.161470447661252736e-01 6.788433288222456286e-01 3.740230796878396546e-02 4.086852723368994411e-02
2.000000000000000000e+00 4.394585773674586915e-01 7.118941290270238698e-01 3.912418034868458960e-02 4.092843953282399028e-02
3.000000000000000000e+00 5.055542930052836503e-01 7.772946431641862830e-01 3.503512157520949355e-02 3.622003071341395319e-02
7.000000000000000000e+00 5.945375862799983091e-01 7.537138009741135569e-01 3.332637903776469734e-02 3.768939019977790572e-02
3.000000000000000000e+00 6.820380205794276396e-01 7.138237722922728956e-01 3.106550296767807140e-02 4.066720298270043443e-02
1.000000000000000000e+00 7.690298509139968930e-01 6.882578398671208575e-01 3.505437276313450035e-02 3.774800134335321022e-02
