1.000000000000000000e+00 5.735144204395026257e-01 5.136202183920188791e-01 4.935760590772442225e-02 3.913705458624411326e-02
1.600000000000000000e+01 2.097922714095639407e-01 6.810651491476692465e-01 3.306777792278015049e-02 2.754703671419211908e-02
1.000000000000000000e+01 2.403037502452373686e-01 7.022234721028635107e-01 3.749933069158653542e-02 2.873576948902334394e-02
9.000000000000000000e+00 4.660119155565451976e-01 7.293221088824770604e-01 5.404232672095982126e-02 4.601256716924562173e-02
7.000000000000000000e+00 3.534061870083028967e-01 6.402881748358473235e-01 5.266204992585776790e-02 4.153706963035652677e-02
1.000000000000000000e+00 2.828020448609164239e-01 5.122754830909780344e-01 5.254215192727851313e-02 4.118635602004899754e-02
8.000000000000000000e+00 1.785115479598549659e-01 4.603154234193047034e-01 6.181297822408901577e-02 4.712416434508492902e-02
6.000000000000000000e+00 5.907316210164159642e-01 7.190076717133184747e-01 5.187250795164943806e-02 4.074043343317523824e-02
8.000000000000000000e+00 5.236581920028193782e-01 6.046895328674528614e-01 5.101495152227153440e-02 3.827406488292262043e-02
6.000000000000000000e+00 4.502226384905344547e-01 5.109823638924012590e-01 5.093379023325911303e-02 4.095483661635901385e-02
7.000000000000000000e+00 4.301480566253390592e-01 4.215420181396224986e-01 5.428082774090892126e-02 3.816508973558752071e-02
5.000000000000000000e+00 4.059491553342569059e-01 3.427835311874785074e-01 5.343059074793171659e-02 3.933907103090356072e-02
1.500000000000000000e+01 3.306359833992812414e-01 2.216636512320269703e-01 5.244021469955956194e-02 3.823071129808772173e-02
8.000000000000000000e+00 7.220320909857678160e-01 6.990870654534833140e-01 4.216620334067566755e-02 3.467245174692068499e-02
1.500000000000000000e+01 6.963592241136546956e-01 6.200775218327949645e-01 4.692259832728096214e-02 3.625164830205107602e-02
1.000000000000000000e+00 7.881718977347762500e-01 6.109385579979109693e-01 4.438720186143385593e-02 3.390633196919468073e-02
5.000000000000000000e+00 6.951298403151209282e-01 5.206331815451221701e-01 4.672542397131729253e-02 3.473934013495183493e-02
2.000000000000000000e+00 6.305708629185938774e-01 4.549436749689886317e-01 4.977306837849981846e-02 3.763409277639484518e-02
3.000000000000000000e+00 5.415141541640866585e-01 3.671953576986249912e-01 4.927016679441442726e-02 3.909322242287527338e-02
9.000000000000000000e+00 4.949079807027439437e-01 2.383355819487664451e-01 5.434354968052723667e-02 4.151792648900093363e-02
0.000000000000000000e+00 4.852085873288329854e-01 1.453678308844174871e-01 5.196014412670874050e-02 3.676876648376087298e-02
0.000000000000000000e+00 5.145727022811782403e-01 1.168212125229954462e-01 5.125151007640654788e-02 3.614650178298714489e-02
6.000000000000000000e+00 6.448868922713744123e-01 1.325408141848071764e-01 5.126161652897531784e-02 3.537506133803139385e-02
7.000000000000000000e+00 6.199327377504533221e-01 2.377963928511407365e-01 4.826605272695172477e-02 3.751594018188042501e-02
3.000000000000000000e+00 7.330278832287966395e-01 2.511895679563455053e-01 4.697253940487655655e-02 3.486346088530062337e-02
3.000000000000000000e+00 8.379523418530336887e-01 3.338458377777746566e-01 4.218044808997845063e-02 3.163094440564351295e-02
5.000000000000000000e+00 7.034044350144386115e-01 3.477166201839646531e-01 4.565830644745150213e-02 3.460939198716073140e-02
2.000000000000000000e+00 9.111319543805610488e-01 4.176471067415408189e-01 4.069178733278921989e-02 3.088937289153814714e-02
2.000000000000000000e+00 7.698960532892147324e-01 4.352354027439700457e-01 4.425319987194409332e-02 3.575212491938140058e-02
0.000000000000000000e+00 8.518128207449058298e-01 5.129718570853087911e-01 4.223348585220509932e-02 3.350609955646838278e-02
