1.400000000000000000e+01 2.691725504568840410e-01 3.191413233971489571e-01 3.648903770977385275e-02 4.382939359581816685e-02
1.400000000000000000e+01 2.344601832431407185e-01 2.587806805181639969e-01 3.316748377510769785e-02 4.465409206395720698e-02
3.000000000000000000e+00 4.615182775777706969e-01 1.997004238016230060e-01 4.266550534195945321e-02 5.994761556016342530e-02
2.000000000000000000e+00 7.129783720264175617e-01 1.726118666412254921e-01 4.389325149028755479e-02 6.220560830231836036e-02
6.000000000000000000e+00 8.418948132051697897e-01 1.623452949718935112e-01 3.941500289652266620e-02 5.518303830938769972e-02
9.000000000000000000e+00 4.281758037137329831e-01 3.603010088785760789e-01 4.222206739610873116e-02 5.576704617251881935e-02
5.000000000000000000e+00 5.372109326331232504e-01 3.593616403824877459e-01 3.941476704095681072e-02 5.517325030340253234e-02
1.000000000000000000e+00 6.552276331348935168e-01 3.535250258798010581e-01 3.957078549780423948e-02 5.144021685206628947e-02
5.000000000000000000e+00 7.664859808414403730e-01 3.345775247697558852e-01 3.926317087597019917e-02 5.321057821170877000e-02
5.000000000000000000e+00 8.939117853617153386e-01 3.023278876703475726e-01 3.624811124920002126e-02 5.182200804937803218e-02
1.000000000000000000e+00 3.840287568935568663e-01 5.040620077428578094e-01 4.139288767221754872e-02 5.308050386711116175e-02
1.500000000000000000e+01 4.741161783292818233e-01 4.832952494661630904e-01 3.977468263453065589e-02 5.198218346057448258e-02
7.000000000000000000e+00 5.916598410116802320e-01 4.805976956540221057e-01 4.059781855954558427e-02 5.413073922014866035e-02
1.500000000000000000e+01 7.364991273003693717e-01 4.677435230891803242e-01 3.656981824109695189e-02 5.139118837630335390e-02
7.000000000000000000e+00 8.369062026487281702e-01 4.488074314921359775e-01 3.693456887377177811e-02 4.924581666686894676e-02
7.000000000000000000e+00 9.345863159440721546e-01 4.295601137349045473e-01 3.887235820326262470e-02 4.817833437557456078e-02
8.000000000000000000e+00 3.195760052051152544e-01 6.389803981759971663e-01 4.122596089544694475e-02 5.014566461469516234e-02
8.000000000000000000e+00 4.421009964033577044e-01 6.329788469278774254e-01 4.057293579734244648e-02 5.190744672812785954e-02
1.000000000000000000e+00 5.417533929047060326e-01 6.063682363308172674e-01 3.755080050359504984e-02 4.918691173928380067e-02
0.000000000000000000e+00 6.580041838206404092e-01 5.954715028123007681e-01 3.686740900137985832e-02 4.872705234965668541e-02
6.000000000000000000e+00 7.812652507581323569e-01 5.829867242865875987e-01 3.884883161056340573e-02 4.654692142619698547e-02
3.000000000000000000e+00 8.862872530006989935e-01 5.498232795380462168e-01 3.420035426210521479e-02 4.778038707199827595e-02
0.000000000000000000e+00 3.754289322855699496e-01 7.769767774490854428e-01 3.896369327115994929e-02 4.892074873315788164e-02
9.000000000000000000e+00 4.922170906264771717e-01 7.418687330415876247e-01 4.022156996803272211e-02 4.967666582188934310e-02
6.000000000000000000e+00 7.193221202187225494e-01 7.269344470542032921e-01 3.633360889184122922e-02 4.441313612143749090e-02
3.000000000000000000e+00 8.297399376522688330e-01 6.732454063451067672e-01 3.521712760672968123e-02 4.476597604803433939e-02
0.000000000000000000e+00 7.742323915661390998e-01 8.109637119059907029e-01 3.384397650202009000e-02 4.449509593059042256e-02
2.000000000000000000e+00 6.723470914584590563e-01 8.342671262759593365e-01 3.591773656525598657e-02 4.546021690628121448e-02
2.000000000000000000e+00 5.455657917539701307e-01 8.529639866243099444e-01 3.784485343038945793e-02 4.519700209472898855e-02
8.000000000000000000e+00 4.560686430948456827e-01 8.852407028908788611e-01 3.567053045023982349e-02 4.359790135788066401e-02
