1.000000000000000000e+00 7.280196577185922280e-01 1.753986906260587286e-01 4.481718918207411306e-02 3.296872841230771845e-02
3.000000000000000000e+00 8.248535753058053865e-01 5.315625395120393559e-01 4.799622919482171568e-02 3.787868200095101390e-02
6.000000000000000000e+00 7.543612069123289965e-01 4.297126886864422457e-01 4.741149179237802436e-02 3.663686494545748129e-02
2.000000000000000000e+00 6.427664705026665537e-01 2.465289027400062172e-01 4.259415026368940094e-02 3.127739338656232437e-02
3.000000000000000000e+00 6.006529710054842042e-01 1.480562904724465612e-01 4.125203259986764959e-02 3.141179736665389299e-02
5.000000000000000000e+00 7.202270809556351461e-01 6.183053538520606462e-01 4.855498862321505626e-02 4.105166436952545350e-02
1.500000000000000000e+01 6.615436239050640488e-01 5.072613242813017731e-01 4.936875157266640279e-02 3.746312178601590714e-02
2.000000000000000000e+00 6.102423964712986315e-01 3.983118562382075289e-01 4.643551212155960783e-02 3.621099508611236306e-02
6.000000000000000000e+00 5.668344541348686594e-01 3.026295026329659521e-01 4.681720195104599469e-02 3.418785842544119769e-02
1.000000000000000000e+00 5.309813842741788470e-01 2.202148750546522593e-01 4.659662215793358708e-02 3.726415147355968682e-02
0.000000000000000000e+00 4.690466614534112288e-01 1.221401160421370369e-01 4.515263122816176589e-02 3.185423837760735510e-02
2.000000000000000000e+00 5.811712087419089734e-01 5.949317008236902904e-01 5.333627551975783643e-02 4.066444111507327985e-02
0.000000000000000000e+00 5.275381086576673706e-01 4.772766263366293726e-01 4.979115576058557036e-02 3.667423012562182061e-02
5.000000000000000000e+00 4.596773789313697289e-01 3.684121109284055340e-01 4.968264238467640093e-02 3.592762548128236588e-02
9.000000000000000000e+00 4.099650890381920654e-01 2.874537060613672201e-01 4.557101640215838190e-02 3.484645248953427421e-02
7.000000000000000000e+00 3.829082864210409110e-01 1.969513371831023707e-01 4.558298607405825154e-02 3.486829495650470290e-02
7.000000000000000000e+00 3.258551074202105102e-01 1.086213035765614954e-01 4.597163636968581990e-02 3.050521849422292708e-02
6.000000000000000000e+00 3.750008765283978085e-01 5.908829811460474257e-01 5.734413522252146400e-02 4.099796102406738640e-02
9.000000000000000000e+00 3.576946967833030122e-01 4.642247330066588962e-01 5.301184207702347440e-02 3.842337488061547957e-02
8.000000000000000000e+00 3.290801622300424389e-01 3.635793049331018656e-01 4.937917771023359048e-02 3.369567483637370131e-02
0.000000000000000000e+00 2.915625798930469026e-01 2.506912323691848909e-01 4.889811921767628355e-02 3.733608599811572004e-02
8.000000000000000000e+00 2.155829469472534954e-01 1.591673495572905606e-01 4.687981702302793097e-02 2.982486933302727627e-02
7.000000000000000000e+00 9.868874751628592401e-02 2.228672058188742588e-01 5.249347665088065218e-02 3.456462641903687572e-02
8.000000000000000000e+00 1.543602885497227239e-01 3.173285072738890045e-01 5.492617412889247430e-02 3.478963295212178508e-02
3.000000000000000000e+00 2.274728792809745381e-01 5.483100035136745376e-01 5.417077425118632661e-02 3.822548212986320859e-02
1.200000000000000000e+01 2.418482368079740708e-01 8.791158258086639865e-01 4.527672556384321201e-02 3.395781356330829226e-02
1.000000000000000000e+01 4.281789397790664031e-01 8.445793033637956082e-01 4.291922441878831540e-02 2.884522012775792010e-02
5.000000000000000000e+00 8.261691325297910726e-01 3.679684467393016800e-01 4.364823859639432868e-02 3.466757724669089491e-02
1.500000000000000000e+01 8.888115221571120106e-01 4.531829727886897974e-01 4.620468093061591563e-02 3.593936216686782759e-02
1.000000000000000000e+00 8.024437866599072322e-01 2.764874334092480845e-01 4.502751757735512506e-02 3.441452498601588195e-02
