1.400000000000000000e+01 2.245689129481360236e-01 2.779692820231600692e-01 2.651065144173472832e-02 3.534816022328335361e-02
6.000000000000000000e+00 8.240851114237384145e-01 3.995689926378840351e-01 3.298547473537960517e-02 4.435066046101127091e-02
2.000000000000000000e+00 7.892827718165982276e-01 5.190053311376073841e-01 3.285036979127597956e-02 4.269165122091728160e-02
8.000000000000000000e+00 7.462672660973151961e-01 6.542689983651355234e-01 3.099790974782901110e-02 4.346153672675301394e-02
8.000000000000000000e+00 7.094817269482085464e-01 7.583997068679820819e-01 3.171171606808409482e-02 4.229260472072771115e-02
7.000000000000000000e+00 7.715272453628245763e-01 2.785137454334644103e-01 3.489558104743706313e-02 4.652747870808354724e-02
6.000000000000000000e+00 7.386237066830239062e-01 4.195861137323010359e-01 3.265230168970922886e-02 4.594161352379394492e-02
5.000000000000000000e+00 7.099347258784378667e-01 5.497326672100975031e-01 3.184973130924373397e-02 4.357554201719993081e-02
3.000000000000000000e+00 6.522055977523737447e-01 6.668193465996055114e-01 3.444375742948058150e-02 4.246033857220987695e-02
1.000000000000000000e+00 6.199110387315582837e-01 7.836439313523128058e-01 3.491891939113678234e-02 4.842443271613783295e-02
1.500000000000000000e+01 6.838174682445339325e-01 3.004916651776033953e-01 3.446961429947881239e-02 4.819407151069871054e-02
2.000000000000000000e+00 6.386668678638577346e-01 4.344687152619008952e-01 3.445265622240190062e-02 4.689342057926021434e-02
0.000000000000000000e+00 5.947522202723733997e-01 5.631855153518336987e-01 3.426270337224168738e-02 4.489681688066082810e-02
2.000000000000000000e+00 5.615542658682745047e-01 6.746415534793392954e-01 3.418216649793959228e-02 4.480827668945452924e-02
3.000000000000000000e+00 5.019780645466797031e-01 8.043695558699451853e-01 3.394522914049885598e-02 4.493823264645890880e-02
0.000000000000000000e+00 6.181535551131915884e-01 1.546541052038166164e-01 3.397195350288884086e-02 5.082151007982943502e-02
1.000000000000000000e+00 5.725207968644743239e-01 3.419322104760993963e-01 3.394357810659209829e-02 4.871258010831547303e-02
3.000000000000000000e+00 5.225456235554537532e-01 4.444135361060375100e-01 3.533391655788375996e-02 4.756715434774311246e-02
1.500000000000000000e+01 4.968014716008644083e-01 5.528917946644738013e-01 3.425699471263160545e-02 4.566659045199417122e-02
1.000000000000000000e+00 4.447013756783341210e-01 6.903276068736091675e-01 3.602362897654964868e-02 4.664736055989382457e-02
5.000000000000000000e+00 4.206435729659908085e-01 8.297077773524621502e-01 3.507699889180804220e-02 4.600172235145227884e-02
7.000000000000000000e+00 4.827712513051898857e-01 3.268709055138059316e-01 3.690841524884935776e-02 4.824522557818450297e-02
8.000000000000000000e+00 4.221423059908088193e-01 4.507986578880161521e-01 3.890065350186472370e-02 4.634189130350729879e-02
9.000000000000000000e+00 3.900423730856187321e-01 6.028170731691580020e-01 3.710505618551362961e-02 4.900901065365259601e-02
7.000000000000000000e+00 3.752485356162292840e-01 6.979090426392032809e-01 3.676295636329646177e-02 4.993622010226994590e-02
5.000000000000000000e+00 3.896884082061728427e-01 1.996362301669337425e-01 4.034634356447319714e-02 5.563326650767691506e-02
0.000000000000000000e+00 3.772037935080945759e-01 3.468628413452375936e-01 3.746828364501308961e-02 5.042237962876316981e-02
9.000000000000000000e+00 3.124264576010866712e-01 4.689539584162434327e-01 3.891095147606321580e-02 4.846472913691440842e-02
1.600000000000000000e+01 1.769673387409796961e-01 4.155442987775403441e-01 2.497994712473808332e-02 2.912323070570399519e-02
3.000000000000000000e+00 3.065740600984985798e-01 6.188249382571292534e-01 3.805994143978930211e-02 5.035804527364851069e-02
