1.600000000000000000e+01 3.920259357368886532e-01 7.728533688973855398e-01 3.616132588023668326e-02 3.071878046725962097e-02
2.000000000000000000e+00 9.215951730224196670e-01 3.352377727423020426e-01 4.470308656234833755e-02 3.422356878992743878e-02
1.000000000000000000e+01 1.365930019313102983e-01 6.670477087567285857e-01 4.761035473766597748e-02 2.912000723496499521e-02
9.000000000000000000e+00 5.591915844245397560e-01 6.820167356451284357e-01 4.782955854881976165e-02 3.803243627140440175e-02
5.000000000000000000e+00 4.440495641622446699e-01 6.061517744479324454e-01 5.352330853919040621e-02 4.014230170557064881e-02
9.000000000000000000e+00 3.517880630097708350e-01 5.132423943502024688e-01 5.144383376981814804e-02 3.807682906841669546e-02
3.000000000000000000e+00 2.619240029104507594e-01 4.404930657065285748e-01 5.513726272797633832e-02 3.775285365602415455e-02
1.000000000000000000e+00 4.106946594783615900e-01 4.080020235761633862e-01 4.561434647718398683e-02 3.421097549647444946e-02
5.000000000000000000e+00 4.875002649417833900e-01 4.920161250930353836e-01 4.695722858680440037e-02 3.701545594554939145e-02
1.500000000000000000e+01 5.858379870575911585e-01 5.711214873299158556e-01 4.764307429919445447e-02 3.572636847531351911e-02
5.000000000000000000e+00 6.780117233053499781e-01 6.426163744362554109e-01 5.026656209464752667e-02 3.529566633849789969e-02
3.000000000000000000e+00 8.189195213410530583e-01 6.109096817246038036e-01 4.898768151750698685e-02 3.853852565806858976e-02
0.000000000000000000e+00 7.276366887255620863e-01 5.391501054412599636e-01 4.579318274494048602e-02 3.534557948332517352e-02
1.000000000000000000e+00 6.372981806081735590e-01 4.710789984285843612e-01 4.730259534698011414e-02 3.547677399936582932e-02
7.000000000000000000e+00 5.404548338969716870e-01 3.842829147551647395e-01 4.966426914658228498e-02 3.724805810087905567e-02
6.000000000000000000e+00 4.426615129567004203e-01 3.145556027666502885e-01 5.158704654308110538e-02 3.808950861730425741e-02
7.000000000000000000e+00 3.541174485250178083e-01 2.339504166568777688e-01 5.361787324733369164e-02 3.961283709612731241e-02
8.000000000000000000e+00 8.461396663733138368e-01 5.208562765704105590e-01 5.047564526814041219e-02 3.761254481572640085e-02
2.000000000000000000e+00 6.742083761716881618e-01 3.740300618889912387e-01 4.646189237765485647e-02 3.554224187423427050e-02
6.000000000000000000e+00 5.737337044152466259e-01 2.893124466715401022e-01 4.701501972799271289e-02 3.442747663734380126e-02
0.000000000000000000e+00 4.781154867695178723e-01 2.103326292197334468e-01 4.723603490327321630e-02 3.584356085913600887e-02
8.000000000000000000e+00 8.852255115157900978e-01 4.205665508416773224e-01 4.441326830206115961e-02 3.373199906808910242e-02
8.000000000000000000e+00 7.920835580145419996e-01 3.483650304632069927e-01 4.512608321367228559e-02 3.426051486775177901e-02
2.000000000000000000e+00 7.148131507658221917e-01 2.601483341576781849e-01 4.645849966389359320e-02 3.484386037201436803e-02
1.000000000000000000e+00 6.052941079098008714e-01 1.993706272979197114e-01 4.590358970124042148e-02 3.526150918639256449e-02
7.000000000000000000e+00 5.238899089574309276e-01 1.226474532781728216e-01 4.779177866846079370e-02 3.542723462808852752e-02
0.000000000000000000e+00 3.959945051555446849e-01 1.311308046551482587e-01 4.892865404842278165e-02 3.408955659635609647e-02
6.000000000000000000e+00 6.484455742107742005e-01 1.078808678948010302e-01 4.785618272630243197e-02 3.450458899588448869e-02
1.500000000000000000e+01 7.422213326455312510e-01 1.747516011517365464e-01 4.849815317428785022e-02 3.533695393986416300e-02
3.000000000000000000e+00 8.312347847764519626e-01 2.615634408178781900e-01 4.451769488156154253e-02 3.304342193360315649e-02
