6.000000000000000000e+00 4.100664603253887930e-01 8.309482832580813438e-01 3.341812630491536318e-02 3.397736466418721513e-02
5.000000000000000000e+00 5.045219729947644227e-01 8.735893013814897134e-01 3.511885160526501126e-02 3.530557390287902830e-02
3.000000000000000000e+00 6.074063797218312022e-01 9.154409208869356274e-01 3.492980797372580160e-02 3.510315358459525914e-02
1.000000000000000000e+01 8.004961253094842188e-01 2.384513168470666633e-01 3.778220506775031851e-02 3.135469257874232141e-02
1.000000000000000000e+00 4.203542785904367252e-01 3.507770819316685107e-01 3.830914786878664158e-02 4.117837463376949891e-02
1.000000000000000000e+01 7.058383083885213516e-01 2.349693014508235644e-01 3.968877465392306458e-02 3.647448160094898806e-02
7.000000000000000000e+00 6.913560283288906483e-01 8.519590828491432344e-01 3.692313741535568905e-02 3.769382027854562001e-02
0.000000000000000000e+00 5.856474142066544486e-01 8.124880203007363022e-01 3.469372831352579567e-02 3.247470718101130860e-02
1.500000000000000000e+01 4.905166254984176244e-01 7.714658424234637213e-01 3.471224095157976475e-02 3.471229898492766974e-02
2.000000000000000000e+00 3.920241390329518572e-01 7.276575415357329213e-01 3.632632246316858105e-02 3.536917845243126024e-02
6.000000000000000000e+00 2.938272889512063557e-01 6.921350679942115391e-01 3.310103209072334796e-02 3.437640196594116127e-02
7.000000000000000000e+00 2.771847465240446784e-01 5.936556390320755217e-01 3.408492947494939918e-02 3.502863876559414447e-02
3.000000000000000000e+00 4.724549210677047029e-01 6.683940315069425431e-01 3.502582414820970547e-02 3.375045427299194767e-02
5.000000000000000000e+00 5.710724839067313763e-01 7.066482798283963973e-01 3.601857161802590745e-02 3.697571562876300622e-02
0.000000000000000000e+00 5.590629757943212930e-01 6.072416230464851017e-01 3.473040538954486056e-02 3.664353274405685035e-02
1.000000000000000000e+00 6.739573403922461958e-01 7.503658165596490681e-01 3.728932784206717699e-02 3.505777150635625006e-02
8.000000000000000000e+00 7.784609790905483440e-01 7.870854020064325107e-01 3.922584263587614029e-02 3.571999004188786131e-02
8.000000000000000000e+00 7.604804778222089556e-01 6.779756564669119356e-01 3.955901208750056686e-02 3.700815627036879718e-02
2.000000000000000000e+00 6.566816831536410604e-01 6.452646955256562400e-01 3.633700059922484460e-02 3.665682238077894173e-02
9.000000000000000000e+00 4.572077179546861769e-01 5.554463085220753271e-01 3.568064343185461951e-02 3.505533410573480335e-02
3.000000000000000000e+00 3.574643226702401977e-01 5.231048459083746938e-01 3.504825403726269384e-02 3.632359489580638812e-02
1.000000000000000000e+00 3.094932316876696232e-01 7.896262760876856523e-01 3.398479293274808688e-02 3.268264066736747964e-02
1.500000000000000000e+01 2.572433854723549240e-01 4.885884965234136845e-01 3.408417504142369214e-02 3.631564432711231749e-02
2.000000000000000000e+00 3.356127649481192021e-01 4.161538683776705438e-01 3.503914280160602690e-02 3.535800703291597236e-02
8.000000000000000000e+00 4.423219755505063966e-01 4.572290597184616168e-01 3.666480196614707587e-02 3.730258846211526036e-02
9.000000000000000000e+00 5.391699275049511852e-01 4.974433408480550267e-01 3.631303282644648966e-02 3.376322160958100671e-02
7.000000000000000000e+00 6.380189418446644556e-01 5.364903537216629825e-01 3.570205773731516263e-02 3.600754528188077064e-02
6.000000000000000000e+00 7.307646179780337148e-01 4.679115482758167688e-01 3.859867624261603680e-02 3.764156124855289054e-02
0.000000000000000000e+00 6.273540373917931845e-01 4.271766789968073352e-01 3.700258506894804622e-02 3.762789439506791789e-02
5.000000000000000000e+00 5.228347296894952922e-01 3.885026609599792069e-01 3.537562015407391680e-02 3.697034754406092194e-02
