8.000000000000000000e+00 8.216241351651077940e-01 4.826365952843608698e-01 4.314728190354344406e-02 3.442169237951436811e-02
2.000000000000000000e+00 5.178901734333141160e-01 1.092623254892729767e-01 4.343641767247446994e-02 2.963895259411876426e-02
2.000000000000000000e+00 6.380705384805550606e-01 1.642985909478933415e-01 4.589573528902568533e-02 3.236717029382968347e-02
7.000000000000000000e+00 7.234887225541384304e-01 2.244458670135113243e-01 4.229132875850716289e-02 3.201454574258652541e-02
9.000000000000000000e+00 8.387807786251204600e-01 2.999154843491486089e-01 4.310964680062645549e-02 3.292395164249023454e-02
6.000000000000000000e+00 4.058482903045985690e-01 1.381213178472526226e-01 4.546598604861645798e-02 3.116161976887196761e-02
3.000000000000000000e+00 5.173688454424738570e-01 2.105912129418099910e-01 4.595164250712685527e-02 3.475978105405119756e-02
2.000000000000000000e+00 6.123275553773057656e-01 2.621615308681070067e-01 4.432416975229414025e-02 3.323561392954405003e-02
6.000000000000000000e+00 7.197147671577980299e-01 3.199106736312276045e-01 4.189637835238935182e-02 3.230403604509590743e-02
5.000000000000000000e+00 8.314259522734916974e-01 3.707091583218704023e-01 4.468912116333323414e-02 3.204847187883919091e-02
8.000000000000000000e+00 2.912853052653766595e-01 1.673383345755896090e-01 4.669973562894813579e-02 3.267310550000493419e-02
9.000000000000000000e+00 3.947664842557412346e-01 2.228433616041282095e-01 4.634498387623581239e-02 3.476537177586130900e-02
5.000000000000000000e+00 4.979388372276775110e-01 2.972425466158235552e-01 4.631214861253157844e-02 3.296927739687272041e-02
1.500000000000000000e+01 6.018123348941369910e-01 3.517123901396376762e-01 4.394460064910754582e-02 3.413642920812975934e-02
1.000000000000000000e+00 2.641971672227989565e-01 2.660249787211298456e-01 4.796280240901593106e-02 3.428369700215239124e-02
7.000000000000000000e+00 3.723453716929964186e-01 3.416136647954158834e-01 4.686145748423603541e-02 3.598676722458332700e-02
1.500000000000000000e+01 4.899061426745251469e-01 3.959961976076441514e-01 4.741109361770506903e-02 3.513866836189510900e-02
1.000000000000000000e+00 5.906786442197002884e-01 4.599895630168598926e-01 4.738166733071424996e-02 3.384718435194372654e-02
0.000000000000000000e+00 6.934942273247098887e-01 5.142161010546789646e-01 4.562803516566882323e-02 3.295959590300640007e-02
3.000000000000000000e+00 8.083016905379161177e-01 5.707623113869577658e-01 4.390358384129078306e-02 3.250783830893499982e-02
5.000000000000000000e+00 3.663635448024918917e-01 4.409175519006070521e-01 4.681994978377268524e-02 3.469487413742644577e-02
1.000000000000000000e+00 4.614716360969088882e-01 5.019013635799011164e-01 4.854470109810138378e-02 3.471925513888124426e-02
0.000000000000000000e+00 5.709925945819072091e-01 5.483887608673196912e-01 4.682892221048251535e-02 3.469498322468123064e-02
6.000000000000000000e+00 6.982088966630906057e-01 6.148245353685874992e-01 4.629308561474976269e-02 3.641528923337566948e-02
3.000000000000000000e+00 2.264085376306277653e-01 4.620347854140701704e-01 4.743277470960288733e-02 3.600176672212268558e-02
7.000000000000000000e+00 3.462611500207271042e-01 5.250662875897151860e-01 4.969742611990685122e-02 3.430815981904833389e-02
8.000000000000000000e+00 4.663766354231569933e-01 6.014219388809084466e-01 4.683988547959311299e-02 3.513062317685133884e-02
0.000000000000000000e+00 5.538300604101336067e-01 6.474518787651906138e-01 4.913579038840631963e-02 3.516307663516360371e-02
1.200000000000000000e+01 2.896342014839661250e-01 6.469770219449086923e-01 3.393840856879665191e-02 2.749522440579565963e-02
1.600000000000000000e+01 2.903986031503847931e-01 7.235280757813190577e-01 4.094481022849333351e-02 3.088042009772973273e-02
