1.000000000000000000e+01 8.811365601270140235e-01 6.020108783152595677e-01 2.929236060213469273e-02 3.194515008648413090e-02
6.000000000000000000e+00 4.209646172980830992e-01 7.136414932335154171e-02 3.360890726954751662e-02 4.941610470821367063e-02
3.000000000000000000e+00 3.451625607651948591e-01 5.675141286122383638e-02 3.195684629245210129e-02 4.385925412236156562e-02
1.000000000000000000e+00 2.012727422005248235e-01 1.244457353299943253e-01 2.985844572463233759e-02 4.120427159939307749e-02
9.000000000000000000e+00 3.018210605680738956e-01 1.684834831148261103e-01 3.292020879554430346e-02 4.490530542774162637e-02
9.000000000000000000e+00 3.879233274664786180e-01 1.910690958239433246e-01 3.450847484153063416e-02 5.002264858164370831e-02
1.500000000000000000e+01 5.497001032093733475e-01 2.016533749803187947e-01 3.449728472139779178e-02 4.900440388131727110e-02
1.000000000000000000e+00 4.472896420113813276e-01 2.573708528275929219e-01 3.451314207756589481e-02 5.104170864248233630e-02
6.000000000000000000e+00 2.123885801790885430e-01 2.954791865042613042e-01 3.140571881797132869e-02 4.589557482773598540e-02
3.000000000000000000e+00 2.940892498738952310e-01 3.288438792424680512e-01 3.254829193846686675e-02 4.540090403975438615e-02
5.000000000000000000e+00 6.637935559118564033e-01 3.611334488556531275e-01 3.831485887123009526e-02 5.009372552560281688e-02
3.000000000000000000e+00 5.770968912000653539e-01 3.425652017377344150e-01 3.872962432901727592e-02 5.213569752280328151e-02
7.000000000000000000e+00 4.614113065181328910e-01 3.664765062920330996e-01 3.549756337457643518e-02 4.817014949794840017e-02
8.000000000000000000e+00 5.600984239372099882e-01 4.837795272451724804e-01 3.671765197548937376e-02 5.016002277000791709e-02
8.000000000000000000e+00 5.125762611194146778e-01 4.449984086824285145e-01 3.763349864183673787e-02 5.017798881715573867e-02
1.000000000000000000e+00 3.862545094250637856e-01 3.796008864867974619e-01 3.622663625187277914e-02 4.709966549308230999e-02
2.000000000000000000e+00 2.114016003370225993e-01 3.988630616323491918e-01 3.292616936204720290e-02 4.476967442392082441e-02
7.000000000000000000e+00 1.433400141892700597e-01 3.949331223691732173e-01 3.069115373461595020e-02 4.549604817676300428e-02
8.000000000000000000e+00 1.064809252807954187e-01 3.821168922162572201e-01 2.942742928836092342e-02 4.470824122670929990e-02
6.000000000000000000e+00 7.915265568900708981e-02 4.986176405992213123e-01 2.794707198878094989e-02 4.277204116905575226e-02
5.000000000000000000e+00 1.652876072975987265e-01 5.204265380728385626e-01 3.176810439182009560e-02 4.385557094211683937e-02
0.000000000000000000e+00 2.468957616901515939e-01 4.957575949074370936e-01 3.368990911905153651e-02 4.491016947493503553e-02
2.000000000000000000e+00 3.444319977462727556e-01 5.144283244069741690e-01 3.485430016221807703e-02 4.707275859618009761e-02
5.000000000000000000e+00 5.098135244873783778e-01 5.664680483743167461e-01 3.761328332431035371e-02 4.834733577201111299e-02
2.000000000000000000e+00 3.598228130640674927e-01 6.468517140307787905e-01 3.402670924234535432e-02 5.440051598274908695e-02
0.000000000000000000e+00 1.394800834666235223e-01 7.027587069653775664e-01 2.951953691035863470e-02 4.687338889300984857e-02
0.000000000000000000e+00 2.303526873312942147e-01 7.416995658988112528e-01 3.260244312282814527e-02 4.999059647875070400e-02
1.500000000000000000e+01 3.598281129073966356e-01 7.654823105930415039e-01 3.447861577725663818e-02 4.798565309515578914e-02
7.000000000000000000e+00 4.492182788973873020e-01 7.384182459230823614e-01 3.603229929117435226e-02 5.055308276864278749e-02
1.300000000000000000e+01 6.655106208028890302e-01 8.501995611400330333e-01 2.517580218724635444e-02 3.407301609626200989e-02
