2.000000000000000000e+00 4.959307900304327221e-01 6.324770319813169950e-01 4.207311426657600606e-02 5.814416097073693557e-02
2.000000000000000000e+00 6.028459035722883996e-01 1.712589503535640878e-01 3.905557919133662015e-02 5.136737056795126488e-02
2.000000000000000000e+00 5.066910579548242755e-01 2.156941707918782480e-01 4.011363732162537277e-02 4.920262993390298045e-02
6.000000000000000000e+00 2.782434852634722566e-01 3.077859102253135415e-01 3.622139300892412983e-02 4.971999562089790548e-02
8.000000000000000000e+00 1.890852839915160566e-01 3.339984480794300770e-01 3.434451572562252641e-02 4.365056777640008434e-02
3.000000000000000000e+00 1.340415225001727051e-01 4.547680958236982596e-01 3.386068408929707174e-02 4.586340329890842282e-02
1.500000000000000000e+01 2.439436374816580655e-01 4.029653562058057581e-01 3.390980853194441869e-02 4.735563913786472456e-02
9.000000000000000000e+00 3.411973115752249264e-01 3.884128430961260037e-01 3.510176753823962548e-02 4.815951504724585996e-02
6.000000000000000000e+00 4.534043042235561538e-01 3.565112535459384890e-01 3.926234308796416883e-02 5.136060492614957784e-02
9.000000000000000000e+00 5.601825017664285866e-01 3.256364089708312370e-01 4.158045788007436183e-02 5.097887564936237625e-02
8.000000000000000000e+00 6.989511688016792901e-01 2.894280471763339690e-01 4.196745259113310311e-02 5.492948097656191742e-02
3.000000000000000000e+00 6.737442406459712707e-01 4.665512552489265441e-01 4.311943547913044128e-02 5.609817205822598130e-02
1.500000000000000000e+01 5.223490916428235042e-01 4.813478903643130247e-01 3.961783344089420122e-02 5.140028688610837060e-02
7.000000000000000000e+00 4.136202419051767665e-01 5.272665071834903294e-01 3.682447643596353792e-02 5.124126488793356859e-02
6.000000000000000000e+00 2.950293073160690227e-01 5.481108612579412842e-01 3.742755986300294602e-02 5.276359312499079302e-02
5.000000000000000000e+00 1.937100708163410623e-01 5.669624984951113777e-01 3.838613364297238650e-02 4.760446767699877402e-02
0.000000000000000000e+00 1.003104004513787340e-01 5.934746660335428192e-01 3.672587456066180034e-02 4.825273382494021934e-02
5.000000000000000000e+00 6.174135952522710191e-01 6.303747705785160971e-01 4.210853093061617258e-02 5.922095698723306434e-02
8.000000000000000000e+00 3.678938722685873297e-01 6.586924231713238154e-01 4.025409792859602209e-02 5.161490481039276990e-02
7.000000000000000000e+00 2.605102086161280028e-01 6.631911043161313746e-01 3.717976087805610619e-02 5.573206258925078593e-02
0.000000000000000000e+00 1.384125095099311142e-01 7.220789269842140534e-01 3.535647924415777354e-02 4.918945164030652517e-02
3.000000000000000000e+00 2.143302762363173408e-01 8.297800021925931802e-01 3.714172620479683218e-02 5.466185571955273215e-02
5.000000000000000000e+00 3.299156185787575080e-01 8.172995404242781037e-01 4.519884077897501351e-02 5.512456678712318592e-02
1.000000000000000000e+00 5.690939698209954711e-01 7.958431016776079669e-01 4.302395168222417077e-02 6.250617615114950620e-02
1.200000000000000000e+01 8.501141386276920286e-01 8.129243175344350592e-01 3.349745737204590235e-02 4.157745746501428918e-02
1.200000000000000000e+01 7.922486044358507673e-01 4.599999077973080386e-01 3.851979919230752447e-02 3.889126234305628760e-02
0.000000000000000000e+00 4.144690505008715720e-01 1.359222679656348631e-01 3.668060359225799871e-02 4.676561634108607202e-02
1.000000000000000000e+00 3.138794296377923621e-01 1.748258996668547449e-01 3.891967803862356190e-02 4.690413550301794632e-02
7.000000000000000000e+00 2.291935087997000187e-01 1.799527559450359582e-01 3.607293129512703644e-02 4.524561195490872656e-02
1.000000000000000000e+00 5.434327729420521669e-01 8.600403903994627286e-02 4.056608226315749910e-02 4.553668163155269455e-02
