1.400000000000000000e+01 8.246007138845860007e-01 1.489997043637688035e-01 3.817962121831786071e-02 3.333323503714322178e-02
3.000000000000000000e+00 5.365396682247876026e-01 8.879557857575290925e-01 3.484605379900229671e-02 3.333209676433790403e-02
6.000000000000000000e+00 3.500291430685918970e-01 7.843935848842289449e-01 3.509902137913833986e-02 3.408937340073825428e-02
1.000000000000000000e+00 2.513843349181371645e-01 7.333275772358451849e-01 3.737177274727704335e-02 3.434293721901049423e-02
6.000000000000000000e+00 2.480690069654417629e-01 6.319857942833682074e-01 3.585781571261251188e-02 3.585781571261248413e-02
2.000000000000000000e+00 3.446341093952088874e-01 6.796001522597415745e-01 3.585765310221178392e-02 3.535236838354283151e-02
1.500000000000000000e+01 4.391841301877290604e-01 7.329788863331208049e-01 3.662742363773818788e-02 3.485992988653496827e-02
0.000000000000000000e+00 5.298488464711106349e-01 7.847659356002656406e-01 3.610931979914167034e-02 3.484697525794000494e-02
7.000000000000000000e+00 6.267673826069581899e-01 8.336505789257453447e-01 3.636217897234372831e-02 3.535247679047659464e-02
8.000000000000000000e+00 7.194225450518696441e-01 7.780105575174819377e-01 3.509853354793601721e-02 3.258669068719388662e-02
1.000000000000000000e+00 6.244943873232182696e-01 7.306875973792938961e-01 3.535155533153899743e-02 3.358495593753996200e-02
5.000000000000000000e+00 5.306682131788729162e-01 6.787056595468221598e-01 3.459460391594015860e-02 3.434196155660573790e-02
3.000000000000000000e+00 4.369638342247064711e-01 6.276101923141651495e-01 3.661525495941364561e-02 3.636261260007911389e-02
7.000000000000000000e+00 2.441790409581476307e-01 5.277140429262945354e-01 3.610899457834013115e-02 3.408980702847352884e-02
1.500000000000000000e+01 2.392950782235277463e-01 4.164882713310259499e-01 3.662801987587435693e-02 3.661533626461399571e-02
3.000000000000000000e+00 3.398401650682837394e-01 4.669403840638909342e-01 3.813024185994967619e-02 3.506313868403437839e-02
9.000000000000000000e+00 4.373208860122039798e-01 5.129491404938975041e-01 3.737196245941126760e-02 3.484743598740885906e-02
0.000000000000000000e+00 5.321593776556956534e-01 5.770662995609304735e-01 3.509950921034066251e-02 3.560479392900961493e-02
2.000000000000000000e+00 6.224769071825599909e-01 6.275895136915334849e-01 3.383629741366822596e-02 3.408893977300275768e-02
8.000000000000000000e+00 7.177658973905267636e-01 6.693676488754931597e-01 3.661498394207907126e-02 3.560533596367887466e-02
7.000000000000000000e+00 6.192227207405551770e-01 5.166476869577483200e-01 3.610899457834004789e-02 3.408972572327317874e-02
9.000000000000000000e+00 5.280501315229589876e-01 4.649707113810598313e-01 3.460782956186969628e-02 3.585738208487715406e-02
8.000000000000000000e+00 4.360186070667458891e-01 4.120135176699515345e-01 3.787803312835058556e-02 3.661574279061596826e-02
2.000000000000000000e+00 3.322139947384932235e-01 3.535314729821764645e-01 3.711975372781223248e-02 3.636277521047998063e-02
1.000000000000000000e+00 4.291328154425420038e-01 2.994841391442852885e-01 3.636347985554994056e-02 3.914064868688676979e-02
5.000000000000000000e+00 5.268309600431626549e-01 3.536895709443280689e-01 3.585803252648023243e-02 3.661506524727942136e-02
0.000000000000000000e+00 6.252873027391214755e-01 4.072659308581133564e-01 3.737372407208627845e-02 3.989822344235521845e-02
6.000000000000000000e+00 7.181949720347000632e-01 4.609989252404433913e-01 3.686811413261592563e-02 3.661541756981445683e-02
1.100000000000000000e+01 7.984750764547765556e-01 2.757875758812244338e-01 3.696741488402133236e-02 3.212010724390890193e-02
5.000000000000000000e+00 4.393004101751485924e-01 8.364125165828762976e-01 3.688009309880613262e-02 3.459547117141092976e-02
