3.000000000000000000e+00 7.501206854020745496e-01 8.055768968500611749e-01 4.277777053906384186e-02 3.148441838698079476e-02
9.000000000000000000e+00 1.518440468937911902e-01 5.561044486414827848e-01 4.323128824913735624e-02 3.506348881432963527e-02
2.000000000000000000e+00 2.356743879244129758e-01 6.388637920254465197e-01 4.171852785983456990e-02 3.128872719557296289e-02
6.000000000000000000e+00 2.798291766456638685e-01 7.183789263504205547e-01 4.168926865273314686e-02 3.193404926511433928e-02
5.000000000000000000e+00 3.865943903498269552e-01 8.004358598207286235e-01 4.317908593683639218e-02 3.204941259643545592e-02
3.000000000000000000e+00 4.735870875376531064e-01 7.951362184547461354e-01 4.518760634166812951e-02 3.488798755549760156e-02
0.000000000000000000e+00 4.423423166324534916e-01 7.132529507948541792e-01 4.124773534114034579e-02 3.113314595043170652e-02
9.000000000000000000e+00 3.529490823476011396e-01 6.395662019391021857e-01 4.641832848834759329e-02 3.361289074417339595e-02
2.000000000000000000e+00 2.811044219123746135e-01 5.418491955919180203e-01 4.841448660826003225e-02 3.691410667161176828e-02
5.000000000000000000e+00 2.166584675378350755e-01 4.485510717939950043e-01 4.741289860280276103e-02 3.855810162265577157e-02
3.000000000000000000e+00 2.586683728337036414e-01 3.575627923478389425e-01 4.956728317292657948e-02 3.717563107899790609e-02
8.000000000000000000e+00 3.171340313907120012e-01 4.248796039800507574e-01 4.679578305671250327e-02 3.789299449886579518e-02
6.000000000000000000e+00 4.324107592374601960e-01 5.684584470509959075e-01 4.712700052012819274e-02 3.454529853948207219e-02
1.000000000000000000e+00 4.863254234470908433e-01 6.245035945135102295e-01 4.757439107151895108e-02 3.388011044002647854e-02
7.000000000000000000e+00 5.572042331371942492e-01 7.161750386568426219e-01 4.145997256018030264e-02 3.249656022082980655e-02
1.000000000000000000e+00 6.114816008481408494e-01 8.121197576070846580e-01 4.338821908870205135e-02 3.214091509834871019e-02
1.000000000000000000e+00 3.881183388769006148e-01 3.351787026544728043e-01 5.117313858556243877e-02 3.924474827344487382e-02
2.000000000000000000e+00 4.695775369770399110e-01 4.445248942300842332e-01 4.941132404134673806e-02 3.734354761716990323e-02
7.000000000000000000e+00 5.501798910736424020e-01 5.518346287962974106e-01 4.586747802845114741e-02 3.399649946310934201e-02
1.500000000000000000e+01 6.264239324187104163e-01 6.353706097872092728e-01 4.953351632045055464e-02 3.434960734807424032e-02
0.000000000000000000e+00 6.910262103153240743e-01 7.347029726917708725e-01 4.796852662695827441e-02 3.397290855258650044e-02
5.000000000000000000e+00 8.355640211998325295e-01 7.412862672977225120e-01 4.519197902760019314e-02 3.272744883480249722e-02
6.000000000000000000e+00 7.725885984050844257e-01 6.648461568748080808e-01 4.844828045262461469e-02 3.681671993801183262e-02
7.000000000000000000e+00 6.995430418599377642e-01 5.587885760147195402e-01 4.710484017969440718e-02 3.532887306176690778e-02
1.500000000000000000e+01 6.062646086446535909e-01 4.494150686479764234e-01 4.941356436808974628e-02 3.734916192997167483e-02
7.000000000000000000e+00 5.600170578346559402e-01 3.576476413492445383e-01 5.331232672247776527e-02 4.084563717860228982e-02
0.000000000000000000e+00 8.677825649694209664e-01 5.789200441598751912e-01 4.987204858564164844e-02 3.596264260304327109e-02
8.000000000000000000e+00 6.857767738618958386e-01 3.521385834165673412e-01 5.486041949378772653e-02 3.970482501241651141e-02
1.600000000000000000e+01 4.827704837680341088e-01 2.468895175837100275e-01 3.218442602256244012e-02 2.573781833982305423e-02
1.400000000000000000e+01 3.004136631509563005e-01 1.682247762009285719e-01 3.437147077773500259e-02 2.594579084048462270e-02
