7.000000000000000000e+00 5.656616307488244733e-01 7.506537023188526447e-01 3.589548388325636274e-02 3.589548388325647377e-02
1.500000000000000000e+01 7.596083913286252320e-01 5.402849200470204449e-01 3.464316046041693298e-02 3.765031002709262609e-02
1.500000000000000000e+01 4.519137467622732496e-01 7.621409220643016180e-01 3.806679027392328996e-02 3.723978373165259814e-02
1.400000000000000000e+01 1.561407852766776849e-01 1.701232898854153630e-01 3.471846043388812642e-02 3.709866700140498907e-02
1.100000000000000000e+01 2.859848131452039088e-01 1.946836761342086441e-01 3.406527694307959209e-02 3.600623815550701989e-02
1.000000000000000000e+00 7.466163305748819701e-01 3.551658218670040723e-01 3.400164240378100722e-02 3.561793814919544943e-02
2.000000000000000000e+00 6.442046488020112260e-01 3.600174301398553767e-01 3.507960395602838233e-02 3.470350820301992822e-02
7.000000000000000000e+00 5.342635893240175182e-01 3.668338289011752740e-01 3.506823487237731296e-02 3.579432059152676260e-02
0.000000000000000000e+00 4.245829141907822013e-01 3.650367728079952911e-01 3.869416432838646003e-02 3.706526021532119408e-02
6.000000000000000000e+00 4.749975800071175591e-01 2.698130190573228560e-01 3.579714939196138035e-02 3.760106195857548794e-02
8.000000000000000000e+00 6.812427794741175990e-01 2.652264559147077261e-01 3.363691573442395555e-02 3.488972409448087841e-02
8.000000000000000000e+00 7.872432121830008622e-01 2.604531784729360866e-01 3.297265951048611310e-02 3.513997863958781553e-02
7.000000000000000000e+00 8.447684854763244378e-01 3.489315767646297695e-01 3.288391599971163259e-02 3.414933272741949022e-02
3.000000000000000000e+00 9.039736890543604853e-01 4.363001288820357870e-01 3.263083265417021650e-02 3.238012011280211322e-02
0.000000000000000000e+00 8.033703920468860948e-01 4.473430653135261892e-01 3.313462854107940281e-02 3.388595793648768728e-02
5.000000000000000000e+00 6.997497887321282306e-01 4.509467684804070453e-01 3.614420279384189527e-02 3.388935249700902874e-02
0.000000000000000000e+00 5.998539881838051979e-01 4.527965076140604284e-01 3.564563345249727178e-02 3.614619642462435500e-02
9.000000000000000000e+00 4.873330627095308065e-01 4.608332643533098461e-01 3.664907631901220819e-02 3.639836377764432696e-02
5.000000000000000000e+00 3.748764318279894647e-01 4.666068190992054276e-01 3.890680929819267941e-02 3.665193206040323615e-02
1.000000000000000000e+00 3.238319807415824814e-01 5.697342143229657818e-01 4.016158434807548527e-02 3.715454254522587707e-02
8.000000000000000000e+00 4.393486866988814965e-01 5.572030325123970007e-01 3.790247738011248702e-02 3.564762708327950946e-02
9.000000000000000000e+00 5.407575991291502238e-01 5.516611699925667578e-01 3.514302296767457534e-02 3.564450193232349129e-02
3.000000000000000000e+00 6.556554713152027425e-01 5.475678149409490825e-01 3.514329237723978760e-02 3.589462177264779452e-02
5.000000000000000000e+00 8.612290596771348117e-01 5.356406493755410114e-01 3.465388296111149291e-02 3.589402907160443856e-02
6.000000000000000000e+00 8.161482991372579487e-01 6.287770986379737082e-01 3.438883783087531842e-02 3.388735886622651350e-02
2.000000000000000000e+00 7.111807288194085253e-01 6.373229316916104725e-01 3.439142416270135616e-02 3.614479549488536225e-02
3.000000000000000000e+00 4.981289775106965134e-01 6.547551045483301912e-01 3.815599178095840927e-02 3.865747074560721419e-02
2.000000000000000000e+00 3.831435068045217496e-01 6.677710619305060602e-01 3.840586915267418799e-02 3.765456669822264679e-02
1.000000000000000000e+00 7.711717731581538837e-01 7.330766409979725395e-01 3.564557957058411830e-02 3.614619642462435500e-02
6.000000000000000000e+00 6.691791310229832090e-01 7.403956367736368449e-01 3.614786676392856002e-02 3.714990870070467022e-02
