1.300000000000000000e+01 5.471386182676678256e-02 6.733984567389796894e-01 3.244764565269259854e-02 2.124554917790766329e-02
6.000000000000000000e+00 8.477853962352537298e-01 3.569329188582052170e-01 3.922749184636653563e-02 3.023894062770166036e-02
0.000000000000000000e+00 8.033034570356121229e-01 4.417764832832405952e-01 3.908873855399319641e-02 2.931636568428436229e-02
9.000000000000000000e+00 7.842491611604569535e-01 5.238799794208932603e-01 3.987850293325712059e-02 3.052443359381162846e-02
3.000000000000000000e+00 7.362532141609441361e-01 6.203120117706100167e-01 3.964531135351678781e-02 3.096381901966005490e-02
5.000000000000000000e+00 7.631290008589710627e-01 3.011844677744993648e-01 3.908056394141923295e-02 2.931572032013379792e-02
9.000000000000000000e+00 7.272382567924515762e-01 3.899972637371164064e-01 3.995417187991201491e-02 2.968274429059925001e-02
2.000000000000000000e+00 6.923818432280903767e-01 4.605708856369252757e-01 3.980514654147537801e-02 3.036804034798934460e-02
7.000000000000000000e+00 6.579325468820491629e-01 5.595684824967268600e-01 4.130631733605460987e-02 3.197257696735189558e-02
3.000000000000000000e+00 6.333775165596562395e-01 6.487941636197596118e-01 4.245979819451228821e-02 3.287726994576378736e-02
6.000000000000000000e+00 6.752609238971879480e-01 2.184777174970983782e-01 4.016676558718001999e-02 2.970089515733423391e-02
1.000000000000000000e+00 6.365715313015347654e-01 3.025665823283842926e-01 3.968107528352760038e-02 2.959061855810501962e-02
1.000000000000000000e+00 6.026586132351386960e-01 4.084310016462359694e-01 4.131309365963553581e-02 3.201737599547083146e-02
1.500000000000000000e+01 5.645505861784603230e-01 4.793232989855632509e-01 4.186289013557809024e-02 3.053968032186876735e-02
3.000000000000000000e+00 5.363504315729381577e-01 5.710506401226878026e-01 4.180717369724529231e-02 3.186942626395194988e-02
8.000000000000000000e+00 5.126869987147351093e-01 6.638970561419926808e-01 4.300168895961048454e-02 3.348676260563432372e-02
8.000000000000000000e+00 6.016378353801424828e-01 1.572788165895535606e-01 3.988086926847600466e-02 2.847144956031932850e-02
2.000000000000000000e+00 5.658782884673999591e-01 2.403678106753044941e-01 4.259263564883863928e-02 3.029605535502741254e-02
2.000000000000000000e+00 5.507426437145253040e-01 3.088956954432286461e-01 4.193925822672917025e-02 3.001521438883625326e-02
5.000000000000000000e+00 4.746034148252596396e-01 4.235323479835249039e-01 4.118800057511617929e-02 3.114024544432297814e-02
0.000000000000000000e+00 4.556929007048177160e-01 5.126396316751004045e-01 4.233900753766345337e-02 3.151095336848147577e-02
1.500000000000000000e+01 4.130476275424478372e-01 6.018740117690792868e-01 4.324501813454934007e-02 3.267747596081538308e-02
8.000000000000000000e+00 4.781272240931675466e-01 1.500690906461655816e-01 4.176455277313445569e-02 3.009392192503324015e-02
1.000000000000000000e+00 4.508933409620912158e-01 2.422998696010830177e-01 4.233806638161052849e-02 3.150449972697574874e-02
5.000000000000000000e+00 3.882650256864591531e-01 3.346518560105300466e-01 4.300418974569381048e-02 3.101768003606003576e-02
0.000000000000000000e+00 3.643586804509975630e-01 4.369805671589475082e-01 4.501441840421049889e-02 3.228219041858942928e-02
7.000000000000000000e+00 3.151929302580519510e-01 5.203697900255797038e-01 4.581579933818485939e-02 3.353796149491306000e-02
6.000000000000000000e+00 3.517174488106072916e-01 1.784165361739695477e-01 4.393246540577450121e-02 3.109184313303009484e-02
7.000000000000000000e+00 3.086048916679630105e-01 2.880749168821764572e-01 4.533403499978189144e-02 3.160224550561463452e-02
1.300000000000000000e+01 3.035539491435018666e-01 6.655896311875626470e-01 3.123616269120194078e-02 2.223053621271997571e-02
