6.000000000000000000e+00 6.438404692007102526e-01 1.901972089615327488e-01 4.257361188977681898e-02 3.428021266229777653e-02
1.400000000000000000e+01 5.960760091207427669e-01 7.606706231892225167e-01 3.812754100586590589e-02 3.062510001866458609e-02
1.200000000000000000e+01 3.918107582305743186e-01 7.545858022545259836e-01 4.437744853668518230e-02 2.952928322993642052e-02
1.000000000000000000e+00 2.033324508479029680e-01 6.225466395396244135e-01 6.391125198064381840e-02 5.028980797325199870e-02
0.000000000000000000e+00 6.396677660380242769e-02 3.695208778162473173e-01 6.029090673218765600e-02 4.192172323020731950e-02
1.000000000000000000e+00 1.122493820807476117e-01 1.717291520213322376e-01 5.498173818955520709e-02 3.888967274425020326e-02
5.000000000000000000e+00 2.156045658100675388e-01 2.856082331185463286e-01 5.913263740027113746e-02 4.340533694948345289e-02
9.000000000000000000e+00 2.620437677055257875e-01 3.923997846301772174e-01 6.000603650941552236e-02 4.078294471073862226e-02
0.000000000000000000e+00 3.429067294630657736e-01 5.068511961682833356e-01 5.934346594812917042e-02 4.122131239790766122e-02
6.000000000000000000e+00 3.782594050577354761e-01 5.956181506211259968e-01 5.913257886930278762e-02 4.340533694948345289e-02
8.000000000000000000e+00 5.722765565026934897e-01 6.487518612826975728e-01 5.679833458755545461e-02 4.306445259003721659e-02
3.000000000000000000e+00 4.889395492455941294e-01 5.369990346713359175e-01 5.571053654148599987e-02 4.176178735929614305e-02
3.000000000000000000e+00 4.076496772379321065e-01 4.295625889508487005e-01 5.467152405750425048e-02 4.334595728213141985e-02
9.000000000000000000e+00 7.083651549947429515e-01 2.716183512983755266e-01 4.487405453732418170e-02 3.459938203250040312e-02
0.000000000000000000e+00 3.614739524963280770e-01 3.181156744453670360e-01 5.674650541511566670e-02 3.975402881879047667e-02
1.000000000000000000e+00 7.615851988345740953e-01 3.510677755384504772e-01 4.273814244170037746e-02 3.487567746841496730e-02
3.000000000000000000e+00 8.387918773291146435e-01 4.515081755768252658e-01 4.104964106785002897e-02 3.407749065355092366e-02
1.500000000000000000e+01 2.710148677495996528e-01 1.979967092456571542e-01 5.137634760350262564e-02 3.947176322410825278e-02
8.000000000000000000e+00 2.054196651778915639e-01 1.043727965113569328e-01 4.859504378579204698e-02 3.738525126573941093e-02
0.000000000000000000e+00 3.509127562688774127e-01 1.206427083038764947e-01 4.721207406652766503e-02 3.775499139256321968e-02
6.000000000000000000e+00 4.218011337961268259e-01 2.224103712124253229e-01 4.705058712495618911e-02 3.716912566524915862e-02
1.500000000000000000e+01 4.890268628175729049e-01 3.196792268346146937e-01 5.044746113639897445e-02 3.878021983350771196e-02
8.000000000000000000e+00 5.632244203329923593e-01 4.279612987197823903e-01 4.678573449334655354e-02 3.885048626096571089e-02
5.000000000000000000e+00 6.216030910649588126e-01 5.429856406412056913e-01 4.999463630005684944e-02 3.984747350969974899e-02
2.000000000000000000e+00 7.145980885447518194e-01 6.340320251239719429e-01 5.032159028904514830e-02 4.102897963603602260e-02
7.000000000000000000e+00 5.218068243328520817e-01 1.585805065432186467e-01 4.459661774752765595e-02 3.626376864740665784e-02
7.000000000000000000e+00 5.606480041698561623e-01 2.541675040564607690e-01 4.814587713496965016e-02 3.843488712046980171e-02
2.000000000000000000e+00 7.058977234946028911e-01 4.428725165121446539e-01 4.814230674590247450e-02 3.845285612774146378e-02
2.000000000000000000e+00 7.731930019391449749e-01 5.359362586142195628e-01 4.721400558848198870e-02 3.776160539198247790e-02
