6 0.339828 0.198833 0.031203 0.040667
16 0.775980 0.473911 0.026945 0.035927
11 0.729887 0.847703 0.028367 0.039719
3 0.263117 0.793281 0.039000 0.057521
7 0.165367 0.823625 0.036641 0.058312
2 0.097695 0.729849 0.037234 0.055156
0 0.219738 0.686115 0.041367 0.054375
8 0.337938 0.653016 0.037828 0.051219
1 0.456434 0.641990 0.040773 0.052792
3 0.596203 0.649474 0.041375 0.056740
6 0.624570 0.517484 0.040187 0.051219
3 0.488937 0.512365 0.039594 0.048854
0 0.394676 0.531667 0.039008 0.048063
2 0.275586 0.542307 0.039594 0.048865
15 0.251887 0.227203 0.035461 0.038760
9 0.144094 0.561219 0.036641 0.048854
6 0.064012 0.555703 0.034867 0.042552
1 0.124234 0.439865 0.031203 0.043500
7 0.245508 0.426250 0.036875 0.047271
9 0.351176 0.402615 0.034039 0.043500
5 0.438406 0.406870 0.039719 0.050115
8 0.557551 0.394573 0.036883 0.044438
1 0.693008 0.376135 0.042547 0.049167
8 0.197637 0.328380 0.031914 0.044448
0 0.297633 0.312307 0.034750 0.044448
5 0.403305 0.296229 0.034750 0.044437
15 0.515352 0.281578 0.034750 0.047281
5 0.605777 0.257932 0.039711 0.045385
2 0.549750 0.156760 0.034047 0.041604
7 0.442309 0.182755 0.036164 0.042552
