0.000000000000000000e+00 5.016714717578489857e-01 5.387505424961860356e-01 3.700790944765708357e-02 4.588429817222128282e-02
1.000000000000000000e+01 8.495908093449950904e-01 6.664489874774102152e-01 2.921793097988412136e-02 3.376275813510221102e-02
1.300000000000000000e+01 6.493168248889086280e-01 8.012017865411582562e-01 2.856891163168140402e-02 4.156157719266817541e-02
2.000000000000000000e+00 5.054516970390514619e-01 7.995913803387317831e-01 3.922875291814004184e-02 6.373312153515087175e-02
2.000000000000000000e+00 2.698407837492794448e-01 7.697423294763989787e-01 4.004050460438518533e-02 5.122434183647917028e-02
6.000000000000000000e+00 1.504301324842214349e-01 7.684923410226652818e-01 3.623760484750968014e-02 5.555115568167723339e-02
0.000000000000000000e+00 1.293009591641905431e-01 6.489493674113064881e-01 3.765946637255959684e-02 4.934522536157726069e-02
2.000000000000000000e+00 2.239086672634398034e-01 6.496651004695215281e-01 3.766083066110792466e-02 5.540894224340109364e-02
1.000000000000000000e+00 3.350174317116274558e-01 6.448675252178432959e-01 3.506368912322987974e-02 4.934413393073844301e-02
1.500000000000000000e+01 4.394586588093940538e-01 6.537740647193251986e-01 3.896080664725171117e-02 4.848719700777337493e-02
6.000000000000000000e+00 5.773516408247899578e-01 6.621518605510235966e-01 3.831200558521685728e-02 5.713454897084702111e-02
8.000000000000000000e+00 9.998769170055046840e-02 5.407313803252500328e-01 3.376796971735675224e-02 4.243144757107153442e-02
3.000000000000000000e+00 1.786925294077538473e-01 5.312929320045525206e-01 3.506292512164277397e-02 4.588347959909222507e-02
5.000000000000000000e+00 2.944802987898860192e-01 5.162157290419445710e-01 3.246046285842629775e-02 4.847543684048677415e-02
0.000000000000000000e+00 4.063231596201489770e-01 5.300529847145343254e-01 3.311856836836063467e-02 4.847568241242561360e-02
7.000000000000000000e+00 6.259891278590452579e-01 5.424845456813718325e-01 3.765943908678859309e-02 4.934522536157726069e-02
6.000000000000000000e+00 6.884886051172711685e-01 4.053902181821572581e-01 3.700752744686364171e-02 4.415803658627220907e-02
5.000000000000000000e+00 5.641102927472170236e-01 4.302272685616738701e-01 3.569093442620141499e-02 4.242214312317205138e-02
7.000000000000000000e+00 4.591629282409123158e-01 4.117848568942596432e-01 3.701464903308576693e-02 4.329034906954631889e-02
7.000000000000000000e+00 3.579937971545297248e-01 4.263315289690857712e-01 3.506216112005572372e-02 4.243193871494893576e-02
3.000000000000000000e+00 2.696313790999991800e-01 4.043748464300767065e-01 3.441175019753384134e-02 4.414785899370182731e-02
1.000000000000000000e+00 1.531196090710492119e-01 4.250687025601124769e-01 3.310989149319332192e-02 4.242110626387529670e-02
7.000000000000000000e+00 2.247832717231056376e-01 3.072297117027089630e-01 3.181482694582349335e-02 3.895987893103891597e-02
3.000000000000000000e+00 3.109700724725298904e-01 3.217766839210157159e-01 3.311619450628655592e-02 3.809273712973226811e-02
8.000000000000000000e+00 5.218465435245038808e-01 3.106404057877160119e-01 3.375986584337986596e-02 3.900828388873295305e-02
1.000000000000000000e+00 6.073914192261766765e-01 2.991759889727764188e-01 3.830807643419775754e-02 3.983018588177761332e-02
5.000000000000000000e+00 5.500467971046607563e-01 2.134503586813377984e-01 3.110654290308223491e-02 3.547054725410719866e-02
9.000000000000000000e+00 4.531855981099675024e-01 2.195695611784214962e-01 3.065575468094927647e-02 3.728169487353222289e-02
1.500000000000000000e+01 3.573734551516126734e-01 2.179588548325143704e-01 2.841027215928387806e-02 3.607904723242494338e-02
9.000000000000000000e+00 2.786231593499795545e-01 2.221538920468309752e-01 2.886002352212013733e-02 3.366744893711720588e-02
