6.000000000000000000e+00 1.066279698564510520e-01 5.919499948539768130e-01 4.095843070209356784e-02 3.125565042705380492e-02
0.000000000000000000e+00 1.752109313431576831e-01 5.124376140739548280e-01 4.060402797264167640e-02 3.045293718312336306e-02
9.000000000000000000e+00 2.171528659312352838e-01 4.317880329215988411e-01 4.158117730148905289e-02 3.158994203062248651e-02
3.000000000000000000e+00 2.924952187254464264e-01 3.410197482720321860e-01 4.150182215060849167e-02 3.193174737427811882e-02
5.000000000000000000e+00 1.775133480034658540e-01 6.617835331851837921e-01 4.059704494282112552e-02 3.045120539172785357e-02
9.000000000000000000e+00 2.384391100386415441e-01 5.769031577215186779e-01 4.142931036895203256e-02 3.088789614458498090e-02
2.000000000000000000e+00 2.933041049677381773e-01 5.104329677712540203e-01 4.147942059094417155e-02 3.144645473387019941e-02
7.000000000000000000e+00 3.555585141208077449e-01 4.149605092188440869e-01 4.316389497637340700e-02 3.302372564549438394e-02
3.000000000000000000e+00 4.050563802619588927e-01 3.279090818518546335e-01 4.437240604923475829e-02 3.395598805865540637e-02
6.000000000000000000e+00 2.442670629305039309e-01 7.595602239856553695e-01 4.161450031979266329e-02 3.093359309173060456e-02
1.000000000000000000e+00 3.067452083590234690e-01 6.799217017549552544e-01 4.117518394772301527e-02 3.077086056479283460e-02
1.000000000000000000e+00 3.703389207334931710e-01 5.773750429446711241e-01 4.318146427940178222e-02 3.306280268037020686e-02
1.500000000000000000e+01 4.286019417696209644e-01 5.110825571372796805e-01 4.326844489884645872e-02 3.188889950329931722e-02
3.000000000000000000e+00 4.824978876844620013e-01 4.220470694395003775e-01 4.355905066785797919e-02 3.300593288551167959e-02
8.000000000000000000e+00 5.320820501081353626e-01 3.311715394179499117e-01 4.498914724298463952e-02 3.455119358843872224e-02
8.000000000000000000e+00 3.024225732395147137e-01 8.332391213141969732e-01 4.106574590437556127e-02 2.985653057221082651e-02
2.000000000000000000e+00 3.616432749173501549e-01 7.541660569062447195e-01 4.383096984906970084e-02 3.179261748813377864e-02
2.000000000000000000e+00 3.958681794543945087e-01 6.867330887025033803e-01 4.320330719668052932e-02 3.145994594748335871e-02
5.000000000000000000e+00 5.048623674603976985e-01 5.817765025047942906e-01 4.284887653510932592e-02 3.229874748952632491e-02
0.000000000000000000e+00 5.485808267329989052e-01 4.939738687218308000e-01 4.391700077645865896e-02 3.277957099084921611e-02
1.500000000000000000e+01 6.164993389662217771e-01 4.097074272739276157e-01 4.498434291846820088e-02 3.389666023730009137e-02
8.000000000000000000e+00 4.261934109881598820e-01 8.596543589266087970e-01 4.307375802744989324e-02 3.150016819924972289e-02
1.000000000000000000e+00 4.792437678559725023e-01 7.699570615606179391e-01 4.391451481784247601e-02 3.277387283851573851e-02
5.000000000000000000e+00 5.683636105539839889e-01 6.856026479030356002e-01 4.435983659555786662e-02 3.246064205288567983e-02
0.000000000000000000e+00 6.207985390376529189e-01 5.851104243980729258e-01 4.638731740577184404e-02 3.382238873212894958e-02
7.000000000000000000e+00 6.937509498757852278e-01 5.078021531845456904e-01 4.738253881579479465e-02 3.499618018072264691e-02
6.000000000000000000e+00 5.626784187237726664e-01 8.503153945052189799e-01 4.517120879646574494e-02 3.266119466933137261e-02
7.000000000000000000e+00 6.366802672154545650e-01 7.453267701666932421e-01 4.649452087957683943e-02 3.330061674393824944e-02
1.300000000000000000e+01 7.454720730511990023e-01 3.617464561659785027e-01 3.214735540301716377e-02 2.332622454099897435e-02
