6.000000000000000000e+00 6.767266436823611286e-01 2.226584107591614292e-01 3.956261690140183696e-02 3.234986428994365837e-02
1.400000000000000000e+01 5.534851440597945427e-01 7.502175743542450759e-01 3.544199200533315608e-02 2.889389877278247809e-02
1.200000000000000000e+01 3.640977647996727073e-01 7.286879632918499272e-01 4.205603563834059422e-02 2.726293577171379212e-02
1.000000000000000000e+00 2.068016995797202773e-01 5.910859490696862562e-01 5.955951871941725373e-02 4.735403286023609493e-02
0.000000000000000000e+00 1.119464451796421123e-01 3.446260804535697941e-01 5.692037839078299688e-02 3.893346927658641876e-02
5.000000000000000000e+00 5.380562789175673266e-02 2.382805661172689438e-01 6.338497101236023612e-02 4.005215808599851823e-02
1.000000000000000000e+00 1.842180475536829842e-01 1.641768314541131590e-01 5.182445538966337639e-02 3.619615745787507777e-02
5.000000000000000000e+00 2.647481345750326565e-01 2.782562025431948305e-01 5.553350042691446165e-02 4.057633351416162215e-02
9.000000000000000000e+00 2.932522267189194842e-01 3.813150697605134365e-01 5.676547036077028707e-02 3.776347352361714149e-02
0.000000000000000000e+00 3.527568598971665415e-01 4.941806792591502129e-01 5.603058271759248088e-02 3.827810602481185320e-02
6.000000000000000000e+00 3.734247830454017203e-01 5.795927275354388897e-01 5.553352784911835816e-02 4.057630609195761462e-02
8.000000000000000000e+00 5.467727918256902742e-01 6.441420179045542760e-01 5.315695512313456383e-02 4.039981678745041549e-02
3.000000000000000000e+00 4.845915732993397729e-01 5.335973551912250867e-01 5.220375931445292439e-02 3.912852341315575799e-02
3.000000000000000000e+00 4.237209030322125480e-01 4.272314661574027062e-01 5.090435818112798438e-02 4.084501626828890286e-02
9.000000000000000000e+00 7.255759544786095638e-01 3.034949271983509167e-01 4.191950048496229098e-02 3.251362969182641782e-02
0.000000000000000000e+00 3.961049200959743111e-01 3.198576328847481109e-01 5.353675264759477637e-02 3.695567024018386881e-02
1.000000000000000000e+00 7.641697174928846481e-01 3.816172898700497251e-01 3.964833871089368245e-02 3.295021860063018782e-02
3.000000000000000000e+00 8.222037115853522149e-01 4.811508819497686273e-01 3.799477981378507341e-02 3.224593413704074374e-02
1.500000000000000000e+01 3.284461163341764189e-01 2.009687088702103441e-01 4.801424984210661551e-02 3.707893304685891400e-02
8.000000000000000000e+00 2.802845544125462385e-01 1.086849305105637986e-01 4.540760482513206409e-02 3.512372990649652305e-02
0.000000000000000000e+00 4.135326356275864090e-01 1.351355520462974025e-01 4.391128484537021315e-02 3.560583967382770221e-02
6.000000000000000000e+00 4.654992751446380139e-01 2.354144659177902499e-01 4.382726321252217172e-02 3.501253286955161026e-02
1.500000000000000000e+01 5.146760619002442860e-01 3.312193375289368413e-01 4.714288188995857665e-02 3.643146738981689614e-02
8.000000000000000000e+00 5.688250700950323591e-01 4.378219898715094427e-01 4.330240222926085014e-02 3.676335832400767778e-02
5.000000000000000000e+00 6.073115026031168373e-01 5.494750854899801418e-01 4.651886221727841164e-02 3.756732249889049857e-02
2.000000000000000000e+00 6.813456945571005896e-01 6.414862871425411894e-01 4.668855081521072758e-02 3.876084650283351252e-02
7.000000000000000000e+00 5.674445815046799124e-01 1.837375145630779083e-01 4.139052617111116383e-02 3.425118279957936607e-02
7.000000000000000000e+00 5.904196717807467243e-01 2.757718194224516584e-01 4.478967288172497341e-02 3.624102018350811028e-02
2.000000000000000000e+00 6.996347140920178287e-01 4.627882749305996524e-01 4.478325608600475238e-02 3.625980439320153348e-02
2.000000000000000000e+00 7.494568824171672361e-01 5.546824523278801600e-01 4.391227204471181977e-02 3.561255811379104852e-02
