1.200000000000000000e+01 1.927969104222907737e-01 3.771937968128486474e-01 3.230039258230893440e-02 4.386981566498404650e-02
1.500000000000000000e+01 8.454136676717126653e-01 4.364580377575218439e-01 3.494583993353050921e-02 4.686734534805059305e-02
3.000000000000000000e+00 8.230553272676124354e-01 5.706816111779329237e-01 3.512568644557367836e-02 4.627968281944061513e-02
1.000000000000000000e+00 8.047674192493650125e-01 7.164746369529122472e-01 3.494677663411394075e-02 4.687688798524558553e-02
6.000000000000000000e+00 7.763063574558091151e-01 1.955051459845038586e-01 3.553525877573449065e-02 4.897565345838772455e-02
2.000000000000000000e+00 7.591748648517508968e-01 3.395316715464652413e-01 3.456050473096916598e-02 4.608148283033836057e-02
9.000000000000000000e+00 7.552438252214888070e-01 4.768001951169853481e-01 3.599424206167811668e-02 4.679442906199926533e-02
7.000000000000000000e+00 7.160075453525422962e-01 6.294534549705333992e-01 3.486668873421971959e-02 4.568587319325123630e-02
8.000000000000000000e+00 7.257144564123846342e-01 7.441161735515344766e-01 3.520542308274898780e-02 4.575864311983635080e-02
3.000000000000000000e+00 6.962459438693184843e-01 1.064687844201186451e-01 3.569584438202832999e-02 4.718769694762751932e-02
9.000000000000000000e+00 6.761657763720050340e-01 2.519425562915174610e-01 3.648560006154100144e-02 4.824145583223740652e-02
8.000000000000000000e+00 6.599297987977218449e-01 3.969297414816509439e-01 3.599424206167811668e-02 4.679439979010596717e-02
5.000000000000000000e+00 6.452888466858791583e-01 5.386202821476839819e-01 3.565041440372573867e-02 4.673843193023841103e-02
2.000000000000000000e+00 6.299121162656513562e-01 7.920126601219832363e-01 3.490614724630214383e-02 4.614327579696009263e-02
0.000000000000000000e+00 5.954602395304817719e-01 1.643409565741045797e-01 3.578928026523831019e-02 4.811702101409034982e-02
7.000000000000000000e+00 8.580868167607519359e-01 2.866411219069351368e-01 3.532941882249751586e-02 4.599287680951236190e-02
6.000000000000000000e+00 5.679320437024703017e-01 3.101308502565077174e-01 3.588546770641243278e-02 4.903762205636885696e-02
5.000000000000000000e+00 5.674037153014501733e-01 4.468417442608783041e-01 3.530488897596562037e-02 4.667467774676986592e-02
6.000000000000000000e+00 5.425829939664275070e-01 5.887885896240874217e-01 3.544510134456702044e-02 4.805525731936199918e-02
2.000000000000000000e+00 5.346503694432043208e-01 7.305316147946928629e-01 3.421591600379259024e-02 4.601986549507608437e-02
5.000000000000000000e+00 5.271032557539016006e-01 8.584285953861778840e-01 3.514676220870360801e-02 4.481503436947420482e-02
1.000000000000000000e+00 4.825121806395775703e-01 3.585046004102261374e-01 3.583693490742684284e-02 4.857685318493776272e-02
1.500000000000000000e+01 4.707365370690533846e-01 5.029736145462924135e-01 3.594284061715535827e-02 4.634478350999793328e-02
8.000000000000000000e+00 4.450036889048442634e-01 6.325303700280564545e-01 3.687834105309095722e-02 4.877259433500824581e-02
0.000000000000000000e+00 4.432140346242763318e-01 7.843726081716557719e-01 3.629670853448785373e-02 4.640221496452745509e-02
7.000000000000000000e+00 3.903213335005933926e-01 2.740300585034498582e-01 3.604145762546812071e-02 4.726075959314507413e-02
3.000000000000000000e+00 3.841006317454492835e-01 3.931686544635183411e-01 3.519371432545459477e-02 4.892574488042006342e-02
1.000000000000000000e+00 3.695410994046430808e-01 5.487699891365103166e-01 3.673853849099489866e-02 4.738188668735643372e-02
0.000000000000000000e+00 3.423109646295091624e-01 6.941308446797505027e-01 3.747803432982099725e-02 4.797756971471300869e-02
1.100000000000000000e+01 2.453963218116935741e-01 5.433342571063346504e-01 3.081680521741866907e-02 3.551705165814167398e-02
