1.000000000000000000e+01 6.016174197961274839e-01 8.777824672753691271e-01 3.215995949200889381e-02 2.873682736727101172e-02
6.000000000000000000e+00 8.514566166869832475e-01 3.044640579430296645e-01 4.871457520488875481e-02 3.354534572795214720e-02
3.000000000000000000e+00 8.260577389500426415e-01 2.309614465501839409e-01 4.340404875380188265e-02 3.174043013228122767e-02
1.000000000000000000e+00 6.905982283881807460e-01 1.188838896045708721e-01 4.076394890422641026e-02 2.966678272097453273e-02
9.000000000000000000e+00 7.017490796120834373e-01 2.234729966041587024e-01 4.445572922304141805e-02 3.268435028627877936e-02
9.000000000000000000e+00 7.251255699531673482e-01 3.086853857188978090e-01 4.935087951847993981e-02 3.440742824988801685e-02
1.500000000000000000e+01 7.981668272700359612e-01 4.596293093491600201e-01 4.840127309849462378e-02 3.434591065657732756e-02
1.000000000000000000e+00 6.948654922735983952e-01 3.820284193039938936e-01 5.030226986504982012e-02 3.446337107262226196e-02
6.000000000000000000e+00 5.399194269096061483e-01 1.782372176082133441e-01 4.525877492457308637e-02 3.133235692608815626e-02
3.000000000000000000e+00 5.511908882949294597e-01 2.625257696799564444e-01 4.488872165371105005e-02 3.236352223960639596e-02
5.000000000000000000e+00 7.107035827242926818e-01 6.098040818829950638e-01 4.972472363333391154e-02 3.793865517610250926e-02
3.000000000000000000e+00 6.833504412879392031e-01 5.252037328929133331e-01 5.165610289953070922e-02 3.841959063372923922e-02
7.000000000000000000e+00 6.023393525857723141e-01 4.263186475255481556e-01 4.770320032691666157e-02 3.523149083649274038e-02
8.000000000000000000e+00 5.455578892398502688e-01 5.502780753607483533e-01 4.965331082225021841e-02 3.645810760641987613e-02
8.000000000000000000e+00 5.567139250003889650e-01 4.956784517860945427e-01 4.974624224775892056e-02 3.730968168581905164e-02
1.000000000000000000e+00 5.519125144721925835e-01 3.613834411130121826e-01 4.676948200307406989e-02 3.585859677863290074e-02
2.000000000000000000e+00 4.448990651812626540e-01 2.070692063092235968e-01 4.433026901121928098e-02 3.268351407069228221e-02
7.000000000000000000e+00 4.136914994945274371e-01 1.437155483722882821e-01 4.483160812915576443e-02 3.065248578044224570e-02
8.000000000000000000e+00 4.065620368997699963e-01 1.063321264086696805e-01 4.400146904262275394e-02 2.944708101255828769e-02
6.000000000000000000e+00 2.860814192104397247e-01 1.148548496028095472e-01 4.208076546207978330e-02 2.798211492663674194e-02
5.000000000000000000e+00 3.101847202654228752e-01 1.998736966200621856e-01 4.338604224484010619e-02 3.156490848068305155e-02
0.000000000000000000e+00 3.744644451535847351e-01 2.673865654517179058e-01 4.452429890113118738e-02 3.339962122508488562e-02
2.000000000000000000e+00 4.072662697928348119e-01 3.619261868394048620e-01 4.663025210792826059e-02 3.458255966754586463e-02
5.000000000000000000e+00 4.442512350295045875e-01 5.280886487923519557e-01 4.804409754766408858e-02 3.720668779942015725e-02
2.000000000000000000e+00 2.940714312652243922e-01 4.140831271275201564e-01 5.341265736045125445e-02 3.419594932807196175e-02
0.000000000000000000e+00 1.302972010272108183e-01 2.287205838954378678e-01 4.603570282595423335e-02 2.964844172577815740e-02
0.000000000000000000e+00 1.411604777109294051e-01 3.229980098859898674e-01 4.917814525217002741e-02 3.264822577294357320e-02
1.500000000000000000e+01 1.856195378593901713e-01 4.482073570321266631e-01 4.745027298586504405e-02 3.427745247389907268e-02
7.000000000000000000e+00 2.560679275703918734e-01 5.221458318624888628e-01 4.996636206396837254e-02 3.584242994396125148e-02
1.300000000000000000e+01 2.644669466054412332e-01 7.520343743007281700e-01 3.374832312463924011e-02 2.498277686111749496e-02
