1.600000000000000000e+01 6.244624119304080789e-01 6.216462470706510257e-02 3.832033164187809149e-02 3.268437418950301959e-02
1.400000000000000000e+01 6.058984648088641123e-01 2.333171204611902416e-01 3.915042911140453885e-02 2.778324988314687105e-02
6.000000000000000000e+00 7.820796337040943902e-01 4.866587715299250383e-01 5.983270516151173446e-02 4.266920539815022284e-02
1.500000000000000000e+01 8.258627283146147136e-01 7.096306006546762024e-01 5.052440662780866010e-02 3.651722550265390499e-02
1.000000000000000000e+00 8.352912182283624976e-01 8.145934620935582071e-01 4.854578104916551506e-02 3.410868913074516229e-02
3.000000000000000000e+00 6.463721174338777908e-01 4.243632172658796109e-01 5.379823853254817045e-02 4.310768026869105096e-02
6.000000000000000000e+00 6.528452649421140341e-01 5.710674502050969714e-01 5.053435390656857429e-02 3.679521957119069597e-02
8.000000000000000000e+00 6.595898436692910760e-01 6.581217665874694589e-01 4.668923035897143414e-02 3.501712877796026024e-02
3.000000000000000000e+00 7.145285759704189665e-01 7.801581608335921292e-01 4.739795925570045032e-02 3.390279811830787526e-02
9.000000000000000000e+00 7.144574735281592481e-01 8.737066376148352465e-01 4.584477113786267211e-02 3.273849562630581911e-02
1.500000000000000000e+01 5.967682755386363169e-01 8.872708116773515563e-01 4.275911349463334954e-02 3.098524360015608714e-02
9.000000000000000000e+00 5.751832692261644731e-01 8.009178373071854651e-01 4.357302456381106914e-02 3.268746432047864303e-02
5.000000000000000000e+00 5.462977843388985288e-01 7.240941499802121539e-01 4.580368711079529920e-02 3.160003251522414125e-02
2.000000000000000000e+00 5.343552815826053681e-01 6.193402402549244012e-01 5.045195041388350621e-02 3.451205422743863771e-02
5.000000000000000000e+00 5.150407857917946863e-01 5.256181864023037331e-01 4.815854349318343663e-02 3.391986741322117194e-02
8.000000000000000000e+00 5.084860146810720183e-01 3.959275230144893576e-01 5.128396082163316771e-02 3.677470698747586919e-02
6.000000000000000000e+00 3.541364298352642770e-01 3.401520862495106545e-01 4.763351552550448842e-02 3.957480709873262281e-02
0.000000000000000000e+00 3.764955875316932099e-01 4.577649138592059241e-01 4.529873027954883780e-02 3.782414489663876722e-02
7.000000000000000000e+00 4.124074710911190267e-01 5.724727240535651962e-01 4.597620470869523412e-02 3.613457899840710752e-02
3.000000000000000000e+00 4.307105817284958560e-01 6.687019924605848153e-01 4.675727210007413204e-02 3.672011467357205738e-02
7.000000000000000000e+00 4.319363189672765779e-01 7.523181114001300518e-01 4.277880204342127124e-02 3.153163761629573791e-02
7.000000000000000000e+00 4.744935880495597669e-01 8.644672342869808013e-01 4.201942442850981063e-02 3.151462718101993854e-02
0.000000000000000000e+00 3.516312459383635347e-01 8.091118051812360434e-01 4.184961437394096873e-02 3.075498469773907395e-02
0.000000000000000000e+00 3.321675115363366126e-01 7.195809106858521709e-01 4.095724340779949291e-02 3.039105555825938332e-02
5.000000000000000000e+00 2.949069770998447026e-01 5.343651700017274520e-01 4.411547498422924152e-02 3.276674825236924882e-02
2.000000000000000000e+00 2.535982975106528814e-01 4.007160046893268879e-01 4.336604464807755632e-02 3.570596311716961457e-02
2.000000000000000000e+00 2.377933811882078641e-01 7.694926179157287605e-01 3.910281166456017199e-02 3.118383601752716672e-02
1.000000000000000000e+00 2.100410767595460304e-01 6.852497026950383763e-01 3.947936619631201016e-02 3.137889685664019268e-02
1.000000000000000000e+00 1.388017711274725785e-01 4.860734271485824820e-01 4.211836747936946457e-02 3.399173503077018710e-02
8.000000000000000000e+00 1.846013086338147979e-01 5.667311429814592127e-01 3.775274815619092394e-02 3.335122445405680480e-02
