2.000000000000000000e+00 6.305131753464467970e-01 1.987325745675687649e-01 4.071170223765674390e-02 5.118529849399433562e-02
1.100000000000000000e+01 8.146724084680585509e-01 5.426352165863193022e-01 3.817072086249184704e-02 5.141676808466166815e-02
1.200000000000000000e+01 7.653010255364081083e-01 5.107311914796601737e-01 3.100497530846579863e-02 4.340439973070797652e-02
6.000000000000000000e+00 1.389702045128816121e-01 7.895309096499927293e-01 3.705194629279583152e-02 5.301435637930118627e-02
2.000000000000000000e+00 2.240286305196283467e-01 9.041162064356077499e-01 4.045879322646964149e-02 5.446760934016747768e-02
8.000000000000000000e+00 3.018335909389378569e-01 9.772826358571455874e-01 4.298738542830127241e-02 4.543472828570893629e-02
1.000000000000000000e+00 3.122800510981283972e-01 8.022685907219394563e-01 4.106489618854330947e-02 5.681739326020451841e-02
6.000000000000000000e+00 4.288730676067156189e-01 9.384858234797019971e-01 4.569106623104501885e-02 6.092169500376798386e-02
3.000000000000000000e+00 2.199863478647953730e-01 7.439113081540137395e-01 3.891881605227084928e-02 5.240415298160883140e-02
8.000000000000000000e+00 1.465062926253274944e-01 6.329490391256475945e-01 3.544431193089092602e-02 4.881176133619558044e-02
6.000000000000000000e+00 2.300274213854403560e-01 5.532458552587942169e-01 3.777763553080196179e-02 4.986246867462384991e-02
1.500000000000000000e+01 3.120233491839941031e-01 6.528734365509267779e-01 3.776694510936789984e-02 5.190331405962866906e-02
7.000000000000000000e+00 4.160029424642895934e-01 7.320363880250360111e-01 3.951434574821366397e-02 5.475065655315103363e-02
5.000000000000000000e+00 4.675753220806752042e-01 6.983304557746301544e-01 4.220628173179291620e-02 5.731014846625104298e-02
5.000000000000000000e+00 4.127493346674462327e-01 5.777905063837541766e-01 4.201344410241764082e-02 5.652983556804058729e-02
5.000000000000000000e+00 3.366985113169274069e-01 4.908515620246878819e-01 3.970147205654894762e-02 5.138235371429156206e-02
5.000000000000000000e+00 2.376716877761513858e-01 4.293347766573645807e-01 3.716836937553691378e-02 4.955806990759792363e-02
9.000000000000000000e+00 2.279196656777884300e-01 2.538618624168542115e-01 3.815057015030925980e-02 4.931511909719873965e-02
7.000000000000000000e+00 3.337280532439580449e-01 3.506932541498058997e-01 3.775244714057374162e-02 4.982442248984869648e-02
3.000000000000000000e+00 4.328886827856150976e-01 3.960047225534635285e-01 4.131806879916299913e-02 5.145701093137505788e-02
1.500000000000000000e+01 3.469255688816995642e-01 1.724671902796964806e-01 3.620763731011017450e-02 4.775876946935156409e-02
7.000000000000000000e+00 4.291155644403141789e-01 2.415729593789449625e-01 3.797038529369978210e-02 4.856283560532370647e-02
0.000000000000000000e+00 5.300419001369713889e-01 4.542053538363476917e-01 3.931169636217968222e-02 5.396820557065373780e-02
8.000000000000000000e+00 6.710205001573446015e-01 6.974302930010546353e-01 4.356045059481972181e-02 5.860307439443213084e-02
2.000000000000000000e+00 6.378517542617948566e-01 5.608246611237375223e-01 4.057738368232333137e-02 5.874137623008068854e-02
3.000000000000000000e+00 5.025346842776077239e-01 3.472225722201990328e-01 3.756157186253028524e-02 5.111743628450732269e-02
9.000000000000000000e+00 5.437123717344870544e-01 1.933744767671554399e-01 3.911399678771387833e-02 5.111629402029926883e-02
0.000000000000000000e+00 5.036260298618981945e-01 2.784418065769595496e-01 3.659260963704047409e-02 4.930299352329814422e-02
1.000000000000000000e+00 4.349747061844886908e-01 8.152368727348793809e-02 3.467328359047394670e-02 4.779356459445752159e-02
1.000000000000000000e+00 6.344447023063402025e-01 3.876219091301996711e-01 4.260897379836059429e-02 5.888149397293174214e-02
