1.300000000000000000e+01 2.202568543046207195e-01 8.232251791282756415e-01 3.353196010701769980e-02 2.149297017508244867e-02
6.000000000000000000e+00 7.133440929252683471e-01 2.407475873039872094e-01 4.008205203474723977e-02 3.103022234974270321e-02
0.000000000000000000e+00 7.309005918193601792e-01 3.331743644733018428e-01 4.002973170740720121e-02 3.002209225294755202e-02
9.000000000000000000e+00 7.692576977357422630e-01 4.135222092713091158e-01 4.077086291268305906e-02 3.130688673331272209e-02
3.000000000000000000e+00 7.914936716330787103e-01 5.176022103379782635e-01 4.046608323742140190e-02 3.180448058332874250e-02
5.000000000000000000e+00 6.003775393339596533e-01 2.231849751927008074e-01 4.002086478877397990e-02 3.002187195683239662e-02
9.000000000000000000e+00 6.282605287721260146e-01 3.158903718736071342e-01 4.094522728779659282e-02 3.037456603713156733e-02
2.000000000000000000e+00 6.447737878760763097e-01 3.919590747835627331e-01 4.070714226138605341e-02 3.113891094553755678e-02
7.000000000000000000e+00 6.808039059284984873e-01 4.931891187774959384e-01 4.219232359546276623e-02 3.281913695253430019e-02
3.000000000000000000e+00 7.190612452417477485e-01 5.819654103287610347e-01 4.336925559046478362e-02 3.374859379921901770e-02
6.000000000000000000e+00 4.663839143140228183e-01 1.828294668365599840e-01 4.117741939312785648e-02 3.038125753162820852e-02
1.000000000000000000e+00 4.885909743462504284e-01 2.723883603367712181e-01 4.065388567555694443e-02 3.028975203281236706e-02
1.000000000000000000e+00 5.297262345703480646e-01 3.795310143753197751e-01 4.219502222287285775e-02 3.286807022710419579e-02
1.500000000000000000e+01 5.435581870461902998e-01 4.571160567511336481e-01 4.295922944620678141e-02 3.120439396575552804e-02
3.000000000000000000e+00 5.802548385319072910e-01 5.495021342131807263e-01 4.275743820476152202e-02 3.267641260695408612e-02
8.000000000000000000e+00 6.217462074260884375e-01 6.411652548994490886e-01 4.390248233710070114e-02 3.438855401362816977e-02
8.000000000000000000e+00 3.595711950133805290e-01 1.562301703981833767e-01 4.098774443801378453e-02 2.904009478280797363e-02
2.000000000000000000e+00 3.837139006295735566e-01 2.437879628312256686e-01 4.378553263698897746e-02 3.089129811214830212e-02
2.000000000000000000e+00 4.164128109772837760e-01 3.105593160358810501e-01 4.309622609279406547e-02 3.062091216785900460e-02
5.000000000000000000e+00 4.258507784465632717e-01 4.415210882345331767e-01 4.215305581294348514e-02 3.190914877502287750e-02
0.000000000000000000e+00 4.690556105241090457e-01 5.280523145396465168e-01 4.338329946780333790e-02 3.225019469823531271e-02
1.500000000000000000e+01 4.912068392596622424e-01 6.236935700096764013e-01 4.426032583909061957e-02 3.348291668439018487e-02
8.000000000000000000e+00 2.447084013056977647e-01 1.966263233875629179e-01 4.289691318264374220e-02 3.071817290268227807e-02
1.000000000000000000e+00 2.826049506564175529e-01 2.890945024580119371e-01 4.338294148661625549e-02 3.224309014852283495e-02
5.000000000000000000e+00 2.890592137740719547e-01 3.950871281646168853e-01 4.416703043433944931e-02 3.166368382875595078e-02
0.000000000000000000e+00 3.367241472297293203e-01 4.952876733385889185e-01 4.625001281379514939e-02 3.293917079825758876e-02
7.000000000000000000e+00 3.491289801663348125e-01 5.881945308167678688e-01 4.700378350867562283e-02 3.427735954952382258e-02
6.000000000000000000e+00 1.512247535241189045e-01 2.697902705661477940e-01 4.517857512091888461e-02 3.168830191962007659e-02
7.000000000000000000e+00 1.867230216806245457e-01 3.837991965316446263e-01 4.666810730326906298e-02 3.216433428736920064e-02
1.300000000000000000e+01 4.366232171701663889e-01 7.219459127211215188e-01 3.210983853589260972e-02 2.266847024533613641e-02
