3.000000000000000000e+00 5.536105975355148923e-01 1.231998790912456621e-01 3.915971754200797683e-02 5.145459324753830221e-02
8.000000000000000000e+00 4.494889215423035767e-01 9.661415490272427797e-02 3.449039520344859833e-02 4.446620468240147783e-02
7.000000000000000000e+00 3.565154017322320623e-01 4.587674913106359886e-02 3.168599000585242687e-02 4.262356603101297159e-02
2.000000000000000000e+00 2.848066587084216450e-01 1.253646148866270071e-01 3.390157887526279445e-02 4.565684465566770267e-02
2.000000000000000000e+00 3.748236292259448099e-01 1.872132582015609281e-01 3.561383993114070057e-02 4.703105384800029820e-02
1.000000000000000000e+00 4.654119253817020629e-01 2.349997880848506693e-01 3.493269932814629941e-02 4.794610475395713611e-02
5.000000000000000000e+00 5.774330833006540153e-01 2.590645697210777199e-01 3.733072273578752487e-02 4.840446046120533419e-02
9.000000000000000000e+00 6.656125073929772817e-01 2.981374288288870522e-01 3.647168631790409510e-02 4.771764645403347993e-02
6.000000000000000000e+00 1.822070325178629102e-01 2.163468113431489814e-01 3.292312421823087587e-02 4.504179229255420025e-02
3.000000000000000000e+00 3.050159470789788885e-01 2.825563928856733575e-01 3.530506836817914884e-02 4.592869757876277825e-02
0.000000000000000000e+00 4.096507617236782028e-01 2.970747725513200321e-01 3.458523791620915500e-02 4.873949573423685955e-02
7.000000000000000000e+00 5.130402779890119724e-01 3.681661800127748463e-01 3.498685958168351595e-02 4.730625546331712616e-02
6.000000000000000000e+00 5.931222598625172093e-01 3.837951354649307700e-01 3.869438769889299579e-02 5.028072441052333641e-02
0.000000000000000000e+00 7.097071179393309448e-01 4.493537561471701025e-01 3.970087727510374087e-02 4.898436539356137986e-02
3.000000000000000000e+00 6.288004998498568643e-01 5.539650884336035919e-01 4.068135221752566810e-02 5.478338704197904807e-02
8.000000000000000000e+00 5.222559343336219406e-01 5.024093978911383651e-01 3.772725217507344464e-02 4.921725171625762618e-02
1.500000000000000000e+01 4.145124401389933544e-01 4.334178280163040742e-01 3.683769007520137917e-02 4.966473109257063534e-02
8.000000000000000000e+00 3.123462343524446849e-01 4.118619225703159525e-01 3.821843060112356527e-02 4.931389331326946346e-02
2.000000000000000000e+00 1.971503224812535815e-01 3.649248535056639486e-01 3.731918220143645715e-02 4.975819004821474545e-02
6.000000000000000000e+00 1.065414913698883859e-01 3.120416555735459618e-01 3.321363018725546901e-02 4.646891635701932977e-02
5.000000000000000000e+00 1.149782861839410975e-01 4.627339955845481967e-01 3.517574242807708362e-02 5.009292089468059261e-02
0.000000000000000000e+00 2.308983181541631735e-01 5.088683609835268351e-01 3.647777484921638225e-02 5.060549220575089047e-02
7.000000000000000000e+00 3.480073572642540247e-01 5.540320346028966281e-01 3.476637172275065524e-02 5.030416525607572797e-02
5.000000000000000000e+00 4.291258839185391194e-01 5.969509774279839753e-01 3.861338255729673818e-02 4.950856026440975111e-02
9.000000000000000000e+00 5.469362941606668027e-01 6.260285022439275870e-01 4.001388313484166570e-02 5.203325279848947105e-02
1.500000000000000000e+01 1.258050371016462554e-01 6.120749445580677683e-01 3.581766735439173566e-02 4.972520127855895034e-02
1.000000000000000000e+00 2.374651174386354091e-01 6.479065878593355254e-01 3.617630952382966392e-02 5.283317511235874342e-02
1.000000000000000000e+00 4.685490273028030672e-01 7.554311855157151978e-01 4.034443503481588422e-02 5.510336703758378363e-02
1.100000000000000000e+01 5.705979043234490344e-01 8.626613473328594850e-01 2.734735794297904476e-02 3.909019758447807025e-02
1.100000000000000000e+01 8.288454506982465553e-01 6.965280767866827150e-01 2.975564882842407499e-02 3.508460818438852158e-02
