0 0.314594 0.519771 0.042547 0.049646
13 0.857910 0.642792 0.035742 0.043125
10 0.823855 0.718161 0.036648 0.039448
5 0.568316 0.841151 0.045805 0.065010
0 0.439582 0.875302 0.041367 0.062375
6 0.353160 0.827182 0.039008 0.056740
6 0.245676 0.804828 0.039148 0.057865
2 0.187988 0.737432 0.041133 0.055760
0 0.447687 0.728193 0.043734 0.056740
1 0.606734 0.646781 0.039891 0.057125
7 0.512273 0.651380 0.040391 0.056469
2 0.606902 0.561615 0.042555 0.053583
8 0.467840 0.490453 0.040430 0.052010
9 0.270117 0.677682 0.040422 0.052948
15 0.403539 0.511891 0.040781 0.049635
2 0.169504 0.573750 0.039602 0.048854
3 0.163637 0.511901 0.038414 0.052531
3 0.561809 0.420187 0.039602 0.047250
8 0.602621 0.409260 0.038648 0.050188
6 0.742535 0.313234 0.047867 0.055156
5 0.551348 0.346328 0.041367 0.047281
7 0.417781 0.320328 0.042547 0.050427
1 0.234777 0.371260 0.038992 0.047063
5 0.172301 0.383396 0.034477 0.045312
1 0.307246 0.280297 0.034961 0.044656
8 0.376687 0.266833 0.034969 0.046625
7 0.684008 0.171625 0.038906 0.045312
3 0.567039 0.114161 0.043344 0.047281
15 0.337871 0.152318 0.035289 0.046510
9 0.503270 0.056005 0.037758 0.044323
