7.000000000000000000e+00 7.273981895103978079e-01 2.722175337312913168e-01 3.669911340737586070e-02 4.987871889943734649e-02
8.000000000000000000e+00 3.732566407921731333e-01 7.892207141605209753e-01 3.343497384509969139e-02 4.176104312729467249e-02
2.000000000000000000e+00 4.746899279474163791e-01 8.113105628237976541e-01 3.136270419145614774e-02 4.557261178689997472e-02
3.000000000000000000e+00 5.622896342771384059e-01 8.324166345734689276e-01 3.284164790759136476e-02 4.566817556484470408e-02
2.000000000000000000e+00 6.588092139186492169e-01 8.434185169576653429e-01 3.567249944293648944e-02 4.192905834580817892e-02
1.500000000000000000e+01 3.284107289747789649e-01 6.882349348567998737e-01 3.276411503114551316e-02 4.368543206909847321e-02
1.500000000000000000e+01 4.445669984915299189e-01 6.966318437262477570e-01 3.284203038125943497e-02 4.567773740654879067e-02
9.000000000000000000e+00 6.263511051415802111e-01 7.307079800369237210e-01 3.489274491174743087e-02 4.088944027665131209e-02
2.000000000000000000e+00 7.151914604323991176e-01 7.633891802407214433e-01 3.188043694040731957e-02 3.968983893601230051e-02
6.000000000000000000e+00 2.980753353962291019e-01 5.606917139306577536e-01 3.744141283863305913e-02 4.993035284463898105e-02
7.000000000000000000e+00 4.031255667530792008e-01 5.897382668659223448e-01 3.808181035687308036e-02 4.701082205737583397e-02
8.000000000000000000e+00 4.836350308615297022e-01 6.055065907418353266e-01 3.666734077337086006e-02 4.888947807628685194e-02
6.000000000000000000e+00 5.977959762308067138e-01 6.303715044240012499e-01 3.510621985767670150e-02 4.680778317867795302e-02
6.000000000000000000e+00 6.954802155114151452e-01 6.486519426719429271e-01 3.210177991608165193e-02 4.562036635632460424e-02
5.000000000000000000e+00 7.968911962559402928e-01 6.637986375589036703e-01 3.503185604876679626e-02 4.483023039699962631e-02
5.000000000000000000e+00 3.509268991803163873e-01 4.449325886791962725e-01 3.830566673093810381e-02 5.294462782341519125e-02
3.000000000000000000e+00 4.627681554119714713e-01 4.669580998075787415e-01 3.733789907230011806e-02 4.696394171347845203e-02
8.000000000000000000e+00 5.609773124825829793e-01 5.056732046002830883e-01 3.588635686253394130e-02 4.784904042069820784e-02
1.000000000000000000e+00 6.696442285053365584e-01 5.299371155520296028e-01 3.596388973897968189e-02 4.983134680368073166e-02
1.000000000000000000e+00 7.681267176509443129e-01 5.623312419483248448e-01 4.032168543581426956e-02 4.718861767397508622e-02
3.000000000000000000e+00 8.647011276247407174e-01 5.728167848805039153e-01 3.431296946991080343e-02 4.379318036532897640e-02
5.000000000000000000e+00 8.503510707494637000e-01 4.431717618696266459e-01 3.674490096936444683e-02 5.087172982017396095e-02
9.000000000000000000e+00 7.444946531989997673e-01 4.282838240789506035e-01 3.733795371139547736e-02 4.696391439393077238e-02
0.000000000000000000e+00 6.477250177371549622e-01 3.740157280855077593e-01 3.834489760147230530e-02 5.394591656711267280e-02
5.000000000000000000e+00 5.402097299292338839e-01 3.618236286253162515e-01 3.818934009672181329e-02 4.997291669999576191e-02
1.000000000000000000e+00 4.138380941475379160e-01 3.311441180236124882e-01 3.612838073583662934e-02 5.380549409180224174e-02
1.300000000000000000e+01 2.782731846801875797e-01 3.334195085145972293e-01 2.360917067095041899e-02 3.617373118506145291e-02
1.100000000000000000e+01 3.271856658156595543e-01 2.761938119441353923e-01 2.668649916587767512e-02 3.932954874060479167e-02
0.000000000000000000e+00 4.997750371842520911e-01 2.019036565352323453e-01 3.929209364067282051e-02 5.895454584941847709e-02
0.000000000000000000e+00 8.240678081080183848e-01 3.035259403216425955e-01 3.456720518104694495e-02 5.171587652535275526e-02
