8.000000000000000000e+00 8.827882291031565742e-01 5.899590899260535037e-01 3.260662938419689461e-02 4.589184001572310656e-02
8.000000000000000000e+00 7.871363431300189006e-01 7.164070623513807412e-01 3.317358431942740715e-02 4.630730582620790070e-02
5.000000000000000000e+00 7.190102239275354412e-01 8.092320510828525659e-01 3.341701357115534066e-02 4.559282802695219239e-02
5.000000000000000000e+00 6.450779948126579288e-01 9.106882841858419120e-01 3.295345684943307152e-02 4.451587806739565334e-02
5.000000000000000000e+00 5.481123676062473749e-01 8.859195643986068625e-01 3.608090851459466730e-02 4.782676929088569562e-02
8.000000000000000000e+00 6.172649495745312631e-01 7.763565698174477170e-01 3.413380502249807602e-02 4.674519202715499144e-02
1.000000000000000000e+00 6.794345990224410770e-01 6.777726531500707363e-01 3.281304020253239528e-02 4.664256503100894236e-02
2.000000000000000000e+00 7.459703027629114302e-01 5.706706682591002888e-01 3.518844476550109235e-02 4.830442827294767483e-02
0.000000000000000000e+00 8.463543784713815077e-01 4.725308626185235616e-01 3.397730298489709533e-02 5.026045585166571961e-02
3.000000000000000000e+00 8.387440330832649504e-01 3.181357495361925025e-01 3.717063864758418656e-02 4.956054855186281527e-02
0.000000000000000000e+00 7.312216520993861657e-01 4.266069895387858413e-01 3.801065961603844467e-02 5.233943751272268630e-02
1.500000000000000000e+01 6.736837964123179034e-01 5.475194116285149182e-01 3.690159396203573916e-02 4.961026452825667565e-02
1.500000000000000000e+01 5.770286943681590675e-01 6.615316693469357467e-01 3.590149030394107488e-02 4.935598314650146978e-02
7.000000000000000000e+00 5.061849704416446771e-01 7.596518089447727995e-01 3.659134423455623342e-02 4.730030326717815647e-02
3.000000000000000000e+00 4.403047601439494807e-01 8.614398858613869780e-01 3.671438094732698554e-02 4.994767212428141701e-02
1.000000000000000000e+00 3.356175532166431053e-01 8.340918020623210305e-01 3.698725417621012701e-02 4.733423683112114588e-02
1.000000000000000000e+00 4.063000513992121032e-01 7.193571340232032263e-01 3.666507812309155456e-02 4.888680755542507139e-02
6.000000000000000000e+00 4.794070090776902937e-01 6.131637258155037129e-01 3.820065452194687516e-02 4.927544601909117361e-02
0.000000000000000000e+00 5.627065269060091968e-01 5.206253958232667234e-01 3.728946120833931399e-02 5.096091402101321499e-02
9.000000000000000000e+00 7.122527072247832880e-01 2.785208476325732319e-01 3.746105707146052399e-02 5.282285308152523395e-02
3.000000000000000000e+00 2.863664831748973238e-01 6.770503254598054799e-01 3.791519392397124655e-02 5.013700598673642705e-02
7.000000000000000000e+00 3.804980656073018719e-01 5.943077091975295101e-01 3.829829614871482768e-02 5.007855872806177278e-02
6.000000000000000000e+00 4.549970430813307098e-01 4.858225184237208172e-01 3.827827204077111078e-02 5.007685103247377922e-02
9.000000000000000000e+00 5.317239711129961854e-01 3.657402154223828861e-01 3.774029284358304537e-02 5.478494022523289209e-02
7.000000000000000000e+00 4.920001347569460393e-01 2.371134713180071130e-01 3.760174915313352351e-02 5.212682941201124409e-02
2.000000000000000000e+00 4.358687041040179566e-01 3.348370123872596027e-01 3.998773041135728068e-02 5.233081640435077730e-02
6.000000000000000000e+00 3.461947993411677027e-01 4.353306009611822569e-01 4.236032553964891312e-02 5.360602431298383541e-02
2.000000000000000000e+00 2.584687555160377626e-01 5.633437727951216001e-01 4.295297853913176978e-02 5.440387621780418126e-02
1.300000000000000000e+01 3.097854073171698031e-01 2.123851440401249291e-01 2.218043168878247595e-02 3.453830852904654636e-02
1.200000000000000000e+01 2.435252485228734942e-01 2.635535843903011322e-01 2.794054399420820012e-02 3.974576096392237745e-02
