3.000000000000000000e+00 8.164961491031652585e-01 5.438410554062287350e-01 4.071381461131229340e-02 5.138615493209075513e-02
1.000000000000000000e+01 2.009877357631726369e-01 4.074069731411112949e-01 3.166520091664190573e-02 4.703938771244647876e-02
1.300000000000000000e+01 1.720243178268837381e-01 8.066434893294185948e-02 3.455824421546688230e-02 4.317958134016766647e-02
7.000000000000000000e+00 2.728836171051349235e-01 5.818064832486700144e-01 4.596611832243005513e-02 5.261813619383726159e-02
2.000000000000000000e+00 3.312855555398325214e-01 4.584976894450871199e-01 4.299630899543788187e-02 5.347373693688994845e-02
5.000000000000000000e+00 4.302575541585692553e-01 2.910354071566487733e-01 4.840220296306335657e-02 6.163820270365844012e-02
8.000000000000000000e+00 4.739292179613251443e-01 1.965690476797620767e-01 4.385566364964793573e-02 5.847391749863684041e-02
7.000000000000000000e+00 3.323608037357304590e-01 7.175820160064187991e-01 4.285697778131181135e-02 4.654238733524107552e-02
1.500000000000000000e+01 3.963624863642233320e-01 5.695401856902645443e-01 3.856448222297598205e-02 5.527398468766198114e-02
1.000000000000000000e+00 4.701123633167093030e-01 4.690900336280979799e-01 3.921693526222436166e-02 5.132399714734281471e-02
6.000000000000000000e+00 6.379129341106231088e-01 2.000268072570605127e-01 4.328870666451456461e-02 6.543459998747006012e-02
3.000000000000000000e+00 7.445788355475012610e-01 2.353836160460546223e-01 4.537366966152922565e-02 5.954235627429549371e-02
1.500000000000000000e+01 8.578011028714862540e-01 2.743603446443265703e-01 3.877679645402520858e-02 6.327807987777028798e-02
7.000000000000000000e+00 8.807542034936570730e-01 4.146064072895723207e-01 4.306219159125679319e-02 5.645026838386185686e-02
5.000000000000000000e+00 3.824821961586409858e-01 8.330421672819363632e-01 4.146328733892640228e-02 5.141996923259495311e-02
2.000000000000000000e+00 4.365139854541975062e-01 7.102708520758699295e-01 4.234554376120613917e-02 5.741615845472081148e-02
3.000000000000000000e+00 4.903874702792349605e-01 8.524347559214039416e-01 4.152911173457252136e-02 5.440563810672571776e-02
1.000000000000000000e+00 5.095073911082677043e-01 5.793355658045054035e-01 4.375340594571341946e-02 5.350795863860502433e-02
0.000000000000000000e+00 5.356338416124026836e-01 7.786531744246842912e-01 3.766080813703776009e-02 4.828297990870356049e-02
0.000000000000000000e+00 5.990770644810179402e-01 8.575441491077572254e-01 3.549116388832995739e-02 5.117541210571219246e-02
6.000000000000000000e+00 5.873147513205760895e-01 5.282661362137988093e-01 4.069297894938339599e-02 5.039296898010170445e-02
0.000000000000000000e+00 6.195312242757319288e-01 6.248497015835339230e-01 4.621291615597300506e-02 6.353881665274319079e-02
8.000000000000000000e+00 6.444521309466988424e-01 7.442114178554468662e-01 4.308523885975912293e-02 5.744671354553798626e-02
1.000000000000000000e+00 6.919742599939693317e-01 8.698911412060064130e-01 4.146331643901290942e-02 5.141996923259517516e-02
2.000000000000000000e+00 7.584889096916086482e-01 7.739965203839813679e-01 3.689041244723534341e-02 4.725574685551836573e-02
8.000000000000000000e+00 7.235633350843470035e-01 6.564668873574630581e-01 3.772989174237095789e-02 5.126265416501663008e-02
5.000000000000000000e+00 7.042464939700194826e-01 5.212327762589505920e-01 4.298309755617035766e-02 5.248092928602510199e-02
9.000000000000000000e+00 6.616946596956678750e-01 3.696289062055519992e-01 4.311591035092210422e-02 5.844339150790622828e-02
6.000000000000000000e+00 7.634177659413625694e-01 4.246638773328077487e-01 4.085361142682220059e-02 5.835431614315272908e-02
9.000000000000000000e+00 8.919868659798488864e-01 5.578427075225279586e-01 3.928727017127675580e-02 5.431414743479323626e-02
