1.600000000000000000e+01 6.809367285288767668e-01 8.411481016272668310e-01 3.388694827540605914e-02 2.622850592888248400e-02
1.600000000000000000e+01 3.436752117326123956e-01 8.165328293239566548e-01 3.849951727230555010e-02 2.659821048612198702e-02
0.000000000000000000e+00 2.041879220819390606e-01 5.224311396284659903e-01 5.212029589714406441e-02 3.791459876076597180e-02
8.000000000000000000e+00 1.321377162401592698e-01 4.762034836493884704e-01 5.145076287960949346e-02 3.585401432539409017e-02
6.000000000000000000e+00 6.538905162775278390e-02 3.323271483218189770e-01 4.948369682962159427e-02 3.594186409191235665e-02
2.000000000000000000e+00 1.057234316973789390e-01 2.710129333123363904e-01 5.248856256081753380e-02 3.702028426635783909e-02
9.000000000000000000e+00 2.198419928161961523e-01 3.465046406228654563e-01 4.829892783489617147e-02 3.818005603447555130e-02
0.000000000000000000e+00 2.646251602752027199e-01 4.452678672216466849e-01 5.212035120074276495e-02 3.791462641256532207e-02
0.000000000000000000e+00 4.040554457415267975e-01 6.088344958266298512e-01 4.948754042973046996e-02 3.790110468268581556e-02
7.000000000000000000e+00 3.671855319600058065e-01 5.232909446772917583e-01 5.228568130902500055e-02 3.843312530207876332e-02
1.000000000000000000e+00 3.976749174758213989e-01 4.539088194765884543e-01 5.036689530069310416e-02 3.856076600785413033e-02
6.000000000000000000e+00 4.863405641596774687e-01 5.390377595465511984e-01 4.826046418200757859e-02 3.620383723890452377e-02
5.000000000000000000e+00 6.043371795293993598e-01 5.461210721185032479e-01 4.511097954023868262e-02 3.519084122170879070e-02
8.000000000000000000e+00 6.096340752564827214e-01 5.048515911504354303e-01 4.463365417994946682e-02 3.375029308304439146e-02
1.500000000000000000e+01 4.537545224362447560e-01 3.510161837708587473e-01 4.468591608071104115e-02 3.270381073684208717e-02
2.000000000000000000e+00 7.005038330402095781e-01 2.408449723121041663e-01 4.180172280185567857e-02 3.214850730240070842e-02
1.000000000000000000e+00 3.729549001565933830e-01 2.894223122887029653e-01 4.472128273207293114e-02 3.407144108063436816e-02
2.000000000000000000e+00 1.634577341564920627e-01 1.721985785365667543e-01 4.240201571383092616e-02 3.180556968692704878e-02
9.000000000000000000e+00 2.863398417826460429e-01 1.509021581460122108e-01 4.194780725779390096e-02 3.213838674384050798e-02
6.000000000000000000e+00 4.793585401287253633e-01 2.930359185565740709e-01 4.276704711698103845e-02 3.123085468934561071e-02
5.000000000000000000e+00 5.781920161237419364e-01 3.737027568957719259e-01 4.429702117472655853e-02 3.713797032436910728e-02
3.000000000000000000e+00 5.742489248407783853e-01 3.258448752604246046e-01 4.245043401448356235e-02 3.251514250991283106e-02
3.000000000000000000e+00 4.751865195989866120e-01 2.262813088073084844e-01 4.397305269360318736e-02 3.252260849573590518e-02
3.000000000000000000e+00 4.218285706408702596e-01 1.756652016650207537e-01 4.377282601454790534e-02 3.192082238659602056e-02
7.000000000000000000e+00 5.434666652922026664e-01 1.574119862254536595e-01 4.118011035258561936e-02 2.824802744222745798e-02
7.000000000000000000e+00 5.950270675562141509e-01 2.751291110332984013e-01 4.437781973241183842e-02 3.260608927795777268e-02
0.000000000000000000e+00 7.075033053565483732e-01 5.229728383776297562e-01 4.582024819343155642e-02 3.463586960885955968e-02
1.500000000000000000e+01 7.849816838428007593e-01 4.274045698046399777e-01 4.424514639915566594e-02 3.399910397354843905e-02
1.000000000000000000e+00 7.092139839230116038e-01 3.020170708988543229e-01 4.133020431942879824e-02 3.208277897535821710e-02
5.000000000000000000e+00 7.998899025933317031e-01 3.490946464084920819e-01 4.328535244389908332e-02 3.382196654694596960e-02
