1.000000000000000000e+00 4.581434505952707015e-02 5.548927321569615545e-01 4.331416544194613416e-02 3.366634198109452747e-02
1.300000000000000000e+01 7.754721936517267045e-01 2.755647867070952217e-01 4.056679370791060890e-02 3.499900814165390894e-02
1.000000000000000000e+01 7.764187226596190872e-01 3.748384553826518140e-01 3.161915105288504169e-02 2.723147973255934939e-02
5.000000000000000000e+00 7.977157978096847124e-01 5.416155701550968704e-01 5.774815790401544024e-02 4.288212186235973444e-02
3.000000000000000000e+00 6.405315308929040441e-01 7.814083804499181163e-01 5.672970786910214169e-02 4.042450390625029755e-02
2.000000000000000000e+00 5.459051333758133673e-01 8.704903911681365347e-01 4.898971756707637404e-02 3.631707163165920349e-02
1.500000000000000000e+01 6.860048219070322695e-01 4.218016212291131328e-01 5.500049871583512218e-02 4.336961534647187921e-02
2.000000000000000000e+00 6.206093776626788738e-01 5.171256699555559777e-01 5.581359150972631245e-02 4.186387304534766596e-02
8.000000000000000000e+00 5.443395431217483704e-01 6.544937248671656160e-01 5.445479576740741567e-02 4.041605275439419387e-02
2.000000000000000000e+00 4.523276847783957999e-01 7.719231697987618546e-01 5.034092451997324025e-02 3.805237481279510892e-02
7.000000000000000000e+00 3.864144350103643766e-01 8.685175933725930442e-01 5.137504080577648402e-02 3.676584504247104590e-02
6.000000000000000000e+00 2.483181437683993353e-01 8.617475021004292746e-01 4.654365526758674765e-02 3.520422165560377348e-02
1.500000000000000000e+01 3.185024590829313995e-01 7.301106073182553891e-01 5.056439137211604651e-02 3.733109487274299809e-02
3.000000000000000000e+00 3.684788773746314194e-01 6.694436975190936057e-01 4.986688388983617770e-02 3.563155098721615399e-02
9.000000000000000000e+00 4.561564158869272356e-01 5.638621638361605015e-01 5.150209553776402549e-02 3.833425234715470697e-02
0.000000000000000000e+00 4.991462036992098117e-01 4.446140252760308331e-01 4.977521476306961956e-02 3.792371033759689425e-02
3.000000000000000000e+00 6.026725264832945017e-01 3.156294555149249392e-01 5.645058989453222154e-02 4.498562505752917717e-02
8.000000000000000000e+00 4.945279941547801039e-01 2.581102835826317721e-01 5.246009396603268371e-02 4.170117399940892478e-02
6.000000000000000000e+00 4.402067495830319643e-01 3.483481330442552704e-01 4.775487205198158946e-02 3.905093302089052143e-02
6.000000000000000000e+00 3.781916223540788824e-01 4.569327145502879439e-01 5.015390685338710908e-02 3.879621990321147074e-02
1.000000000000000000e+00 2.474506502776109285e-01 6.342839162742709425e-01 4.734464624198306271e-02 3.462316184736957680e-02
0.000000000000000000e+00 1.929457943708922096e-01 7.450683124866777085e-01 4.673826172359471509e-02 3.564172686394095901e-02
5.000000000000000000e+00 1.026239651808746878e-01 6.626887838257736751e-01 4.028106428801109251e-02 3.139154486105777409e-02
9.000000000000000000e+00 1.614920300601994096e-01 5.553897978640944810e-01 4.562739518113842485e-02 3.657583785277929156e-02
1.000000000000000000e+00 2.392727667041527062e-01 4.629688347819079786e-01 4.824745347445613675e-02 3.677786062572235837e-02
8.000000000000000000e+00 2.976845699921942812e-01 3.574357083769538201e-01 4.940606615035847415e-02 3.704657276025152823e-02
0.000000000000000000e+00 3.575344776210961362e-01 2.557952572550346027e-01 5.244514635050467888e-02 3.933373040851334546e-02
7.000000000000000000e+00 2.098798617662530619e-01 2.780896833057875384e-01 4.658401382951213310e-02 3.758790640567882813e-02
5.000000000000000000e+00 1.485160481385155440e-01 3.666632595054472032e-01 4.731138779743335188e-02 3.695616843172194743e-02
7.000000000000000000e+00 8.086745207122633672e-02 4.780995298546518169e-01 4.293300124598363465e-02 3.279167650939418532e-02
