0.000000000000000000e+00 5.442649421841252444e-01 4.428102268025992938e-01 3.482560097850406766e-02 3.373371651284523542e-02
1.200000000000000000e+01 1.727686715441341669e-01 4.167267285286007650e-01 2.913080187269909138e-02 2.858477855934005163e-02
6.000000000000000000e+00 7.006241760354829928e-01 6.454822537749000944e-01 3.138146224096016734e-02 3.035028006514950416e-02
7.000000000000000000e+00 6.180150622091109547e-01 6.895736295719345765e-01 3.148481288939275480e-02 3.211437617511203602e-02
1.500000000000000000e+01 5.312263281609382881e-01 7.377458154519965783e-01 3.139329999828577300e-02 3.114319359122630360e-02
2.000000000000000000e+00 4.444874451250652725e-01 6.935144946608237104e-01 3.182905379135059221e-02 3.156362316419136782e-02
3.000000000000000000e+00 5.325880486291996174e-01 6.430481892486201723e-01 3.182389166429766547e-02 3.031509111529084866e-02
2.000000000000000000e+00 7.041372872768971725e-01 5.497055268027027930e-01 3.195345835064355988e-02 3.206772784373268514e-02
6.000000000000000000e+00 7.909144538361763122e-01 4.998997168982716177e-01 3.471479092134566180e-02 3.433525296215639289e-02
5.000000000000000000e+00 8.046638197820834559e-01 4.027802828420108394e-01 3.495749197336583958e-02 3.408549790405851487e-02
1.500000000000000000e+01 7.139231126124625515e-01 4.510432248615697803e-01 3.286447918154511427e-02 3.260664309732763666e-02
3.000000000000000000e+00 6.260331698377237242e-01 4.992929777816426662e-01 3.439300932609479222e-02 3.300528903466604103e-02
9.000000000000000000e+00 5.314677319244844877e-01 5.480402408315137031e-01 3.454387316488949367e-02 3.258848105869094347e-02
8.000000000000000000e+00 4.494338304021376906e-01 5.911550016491773363e-01 3.386998585630690561e-02 3.321804434441022469e-02
1.000000000000000000e+00 3.617819265489655711e-01 6.421150604599731304e-01 3.357336625208390268e-02 3.423290230692233038e-02
5.000000000000000000e+00 3.624078006705866994e-01 5.445681563380911916e-01 3.416398385673846683e-02 3.329204384111750237e-02
9.000000000000000000e+00 4.538593678703006229e-01 4.951495329894776143e-01 3.425376702988003341e-02 3.250294109993334679e-02
5.000000000000000000e+00 6.310010009148828702e-01 3.981619358743921921e-01 3.241588763795588690e-02 3.285599275277734099e-02
0.000000000000000000e+00 7.229406458761149512e-01 3.501314247064338803e-01 3.307285614268951068e-02 3.329290870010020997e-02
3.000000000000000000e+00 8.147343999377028023e-01 2.936462818517664441e-01 3.314658537096459856e-02 3.358617697576521399e-02
7.000000000000000000e+00 7.295001147767176120e-01 2.405026973512418287e-01 3.677153368957930546e-02 3.720404426145901278e-02
1.000000000000000000e+00 6.405543683720043013e-01 2.921135625465194341e-01 3.475289877027087915e-02 3.562486581273499597e-02
2.000000000000000000e+00 5.501591453391290187e-01 3.416187934141974858e-01 3.535765141392388511e-02 3.797960655419529985e-02
7.000000000000000000e+00 4.568304557711508895e-01 3.962232733841402621e-01 3.271745315448609803e-02 3.292993819579825843e-02
0.000000000000000000e+00 3.619824522121575239e-01 4.392366429995039900e-01 3.554256907516251118e-02 3.554259610200571906e-02
6.000000000000000000e+00 3.651985925003871092e-01 3.375569291482599654e-01 3.788974230052416514e-02 4.051883252740290375e-02
8.000000000000000000e+00 5.466457097755962335e-01 2.370094508395864108e-01 3.655483246072654957e-02 3.633469882278614338e-02
1.200000000000000000e+01 1.461828929025109636e-01 3.369544062191717204e-01 3.223313212417405760e-02 3.368139254439184160e-02
8.000000000000000000e+00 6.419231158195002340e-01 1.806243478450585693e-01 3.756877151056958741e-02 3.713680147555409317e-02
1.000000000000000000e+00 7.836169088743687450e-01 6.014246345050339171e-01 3.240859039028931576e-02 3.140016481646101809e-02
