1.000000000000000000e+00 8.515110148286059166e-02 6.624473288120307224e-01 4.082307896003627146e-02 3.062331366754544870e-02
1.100000000000000000e+01 7.080587590943915322e-01 2.863451644409112373e-01 3.177743024057355647e-02 2.886666622607469979e-02
1.200000000000000000e+01 8.175340147093952403e-01 3.513509190336767674e-01 4.009922394059739492e-02 2.821283335803670411e-02
1.500000000000000000e+01 7.485933500845252109e-01 5.661653609463817016e-01 5.010138458082113999e-02 3.916321635033304105e-02
2.000000000000000000e+00 7.116304652427898336e-01 7.126423141518782867e-01 4.754232335969654777e-02 3.279067904371191222e-02
0.000000000000000000e+00 6.556393421091646356e-01 8.496258721331498842e-01 4.796805584430063885e-02 3.248176909002187251e-02
5.000000000000000000e+00 5.385203081456653162e-01 8.888164824886173321e-01 4.377836509510413254e-02 3.018583305248279114e-02
1.500000000000000000e+01 5.573169874923509237e-01 7.798091208731341428e-01 4.603279839139740037e-02 3.320427911321643943e-02
8.000000000000000000e+00 5.940947569326566757e-01 7.501331786416705061e-01 4.656129956860999286e-02 3.438644846504945729e-02
8.000000000000000000e+00 6.488073376162255546e-01 6.622080841740030088e-01 4.798820333905873259e-02 3.488865359324522242e-02
3.000000000000000000e+00 5.881036221323910906e-01 6.168190723521675967e-01 4.880327106296822315e-02 3.596497997534064961e-02
2.000000000000000000e+00 4.387055155026328146e-01 7.441749276271272251e-01 4.390888462858538732e-02 3.133824779352856194e-02
0.000000000000000000e+00 4.010587549685913356e-01 8.163595310503855007e-01 4.427019453798858306e-02 3.107490301871929095e-02
6.000000000000000000e+00 3.525729579170306383e-01 7.858303122221194092e-01 4.477580333014896663e-02 3.225531564076411506e-02
8.000000000000000000e+00 3.388888563342004057e-01 7.350795689444394876e-01 4.519763807053561733e-02 3.257213087850119315e-02
2.000000000000000000e+00 4.154911273700256924e-01 6.783633006929372655e-01 4.642260026205258239e-02 3.322349334527474607e-02
9.000000000000000000e+00 4.477330204972520544e-01 5.784652143539323887e-01 4.822621277645416926e-02 3.489776662902133175e-02
5.000000000000000000e+00 5.025303084952946753e-01 4.823750319731272551e-01 4.842148427197145999e-02 3.663896033813679454e-02
1.000000000000000000e+00 4.878399164062213744e-01 3.475680896483129834e-01 4.993669116317928092e-02 3.776875718315969577e-02
3.000000000000000000e+00 4.316134875521403513e-01 4.840797186413319242e-01 4.564453365930670747e-02 3.533667458703687592e-02
7.000000000000000000e+00 3.860930915563811627e-01 4.710279711599889563e-01 4.610482431271273329e-02 3.656635798985974350e-02
3.000000000000000000e+00 3.656982410093506664e-01 4.283974780124938930e-01 4.494453173652307454e-02 3.481086340231243081e-02
6.000000000000000000e+00 3.088634895683065595e-01 3.346429776806851275e-01 4.870813316537708770e-02 3.653130574080487580e-02
7.000000000000000000e+00 2.669691897221219135e-01 4.951109386527875467e-01 4.566443411393844576e-02 3.557493106455877907e-02
6.000000000000000000e+00 2.733694641451643315e-01 5.901193872176182520e-01 4.871167407385643133e-02 3.424212213338939659e-02
1.000000000000000000e+00 2.344014369436397405e-01 7.077909950462087929e-01 4.287598241094170426e-02 3.247962807559234832e-02
7.000000000000000000e+00 2.010690812493038937e-01 7.470205553949486044e-01 4.277206086440965560e-02 3.155103168912187783e-02
0.000000000000000000e+00 2.439058803512982876e-01 4.236313191281966262e-01 4.884762849011972663e-02 3.549634485544067575e-02
9.000000000000000000e+00 1.686611771570945550e-01 3.710076411317394518e-01 4.630687568725627701e-02 3.561555544091049574e-02
5.000000000000000000e+00 1.549034576165784216e-01 4.831672759342418022e-01 4.433006059530139598e-02 3.552066458344582678e-02
