2.000000000000000000e+00 8.196896187859588068e-01 6.344199593231962808e-01 3.370330563890233666e-02 4.655907482808929743e-02
1.300000000000000000e+01 1.542077839935705186e-01 4.475441222922991180e-01 3.492671287252951950e-02 4.487968210958565018e-02
1.600000000000000000e+01 1.863681339786071312e-01 3.705597143133225746e-01 3.424593835914116480e-02 4.633907667453135426e-02
9.000000000000000000e+00 3.665540284941193327e-01 2.346592423659513427e-01 3.901759102948670899e-02 5.303774857556847744e-02
3.000000000000000000e+00 4.694103222030715505e-01 3.256342102770306002e-01 3.727241930394714631e-02 5.086865789628580714e-02
6.000000000000000000e+00 5.611682454666633291e-01 2.653533200882557397e-01 3.678557235464385844e-02 5.021301343250234028e-02
1.000000000000000000e+00 5.771312938537134229e-01 1.029373098304454115e-01 3.570342245247948298e-02 4.936076674438344414e-02
3.000000000000000000e+00 6.660073441772427216e-01 1.911115851488405792e-01 3.482254808212070785e-02 4.857809061464429812e-02
5.000000000000000000e+00 6.648612963477791293e-01 4.039481804878405219e-02 3.506885196011888528e-02 4.890636842053473765e-02
5.000000000000000000e+00 7.548647012708905590e-01 1.359125935235150628e-01 3.408957360604447651e-02 4.759434469619562569e-02
0.000000000000000000e+00 3.674248214527652268e-01 3.861081021859577023e-01 4.069980536759526535e-02 5.379761661350257462e-02
5.000000000000000000e+00 3.574351417689763943e-01 5.465631602981421144e-01 4.045990891744949414e-02 5.371558390186859100e-02
1.000000000000000000e+00 3.547207731010751930e-01 7.087502372736460554e-01 4.142202241892833925e-02 5.287926760776817670e-02
6.000000000000000000e+00 4.637349723746267416e-01 6.225679225246580906e-01 3.916128788623296497e-02 5.150666723753960508e-02
7.000000000000000000e+00 4.695448487961022543e-01 4.795008747877302913e-01 3.728035510908556116e-02 5.087944471289979065e-02
1.500000000000000000e+01 5.554703961610576446e-01 3.914114684965093183e-01 3.638266858858185682e-02 4.851022478477579059e-02
8.000000000000000000e+00 5.607711612910362131e-01 5.331863614138148133e-01 3.662062517524933281e-02 4.741908097012126344e-02
9.000000000000000000e+00 6.562572964167618927e-01 4.790387170099684733e-01 3.575556363142562422e-02 4.962641047342258860e-02
0.000000000000000000e+00 6.497237186544735366e-01 3.527479613355480881e-01 3.653268469756787429e-02 4.890454612454003813e-02
1.500000000000000000e+01 7.531629413386450311e-01 4.060918997260386520e-01 3.505168710752326611e-02 4.595363167977378760e-02
8.000000000000000000e+00 7.572512330109646417e-01 2.750409101231106601e-01 3.432229843969480942e-02 4.693487928919737318e-02
2.000000000000000000e+00 8.313990462269735815e-01 2.218294555906245857e-01 3.148715857433614929e-02 4.451187223735775245e-02
8.000000000000000000e+00 8.344854571965096834e-01 3.576210306563749053e-01 3.347257945247184008e-02 4.541887598093130585e-02
1.000000000000000000e+00 4.505375667742328449e-01 7.928001717900837741e-01 3.785314388885041570e-02 5.008245474204064962e-02
6.000000000000000000e+00 5.490114737508118292e-01 8.457981825562186362e-01 3.795536881578076560e-02 5.061350706515199693e-02
3.000000000000000000e+00 5.516643546248261032e-01 7.055860554137538543e-01 3.754523464948167355e-02 4.908295478079893748e-02
0.000000000000000000e+00 6.494827934888467436e-01 7.816426649005071559e-01 3.619344372383814790e-02 4.842193160464369761e-02
7.000000000000000000e+00 7.296784838008052443e-01 5.574063799123685214e-01 3.537781930683936427e-02 4.814188585887213545e-02
7.000000000000000000e+00 7.364993671009733012e-01 6.948506157900546931e-01 3.356675100678052637e-02 4.589675840961537912e-02
2.000000000000000000e+00 8.317491621929300472e-01 4.994481088404329472e-01 3.341068017239268162e-02 4.585278817077476088e-02
