5.000000000000000000e+00 2.312852873514650298e-01 2.366462667013625731e-01 3.423936115582454365e-02 4.392308841303113609e-02
1.000000000000000000e+01 7.858223673796218556e-01 6.342737910053156680e-01 2.646659822510322169e-02 3.095945459905369290e-02
1.200000000000000000e+01 8.243634312108111262e-01 5.152603558103543424e-01 2.485250051739229527e-02 3.096194566732457520e-02
9.000000000000000000e+00 6.864562882839339020e-01 3.463994562451812032e-01 3.931214967644325320e-02 4.982305476445342274e-02
3.000000000000000000e+00 6.705612684073717356e-01 4.917966688034782208e-01 3.639021249350693488e-02 4.903644985020105818e-02
3.000000000000000000e+00 6.469130419176636337e-01 5.967209368205150799e-01 3.846421294338164820e-02 4.919997273405718463e-02
3.000000000000000000e+00 5.365365555961839616e-01 6.585282919728331352e-01 3.584154754858470682e-02 4.908990760263653996e-02
7.000000000000000000e+00 5.697227961657314044e-01 5.062095460082690623e-01 3.674360059236037035e-02 4.755701299396530857e-02
8.000000000000000000e+00 5.984428949210620630e-01 3.587666223731056370e-01 3.637944649730140423e-02 4.561838921978184080e-02
0.000000000000000000e+00 6.196060946961862159e-01 2.447983019345805478e-01 3.640807946593316302e-02 4.612834239111390788e-02
1.000000000000000000e+00 3.997465422569600468e-01 8.357158306139409465e-01 3.710663800164276660e-02 4.910084539665404701e-02
7.000000000000000000e+00 4.251041856069543989e-01 6.723361402339500525e-01 3.647545284112369002e-02 4.791240540062313702e-02
6.000000000000000000e+00 4.674986027741875327e-01 5.572179770411097577e-01 3.519415612782011982e-02 4.943911528806976818e-02
1.500000000000000000e+01 4.893024365894791949e-01 4.065285185741157603e-01 3.518590983285407869e-02 4.571118867111739759e-02
5.000000000000000000e+00 5.021489472452683733e-01 2.642963227859546627e-01 3.610116267516899624e-02 4.727096963733387613e-02
8.000000000000000000e+00 5.535977962851188483e-01 1.353564816081482269e-01 3.638293971947448302e-02 4.903584855785977914e-02
6.000000000000000000e+00 2.919833583495347051e-01 8.611207183621776284e-01 3.944824217635006791e-02 5.303386996791570329e-02
2.000000000000000000e+00 3.292692673677810600e-01 7.400039482409784819e-01 3.898977108261791891e-02 5.024902743878834066e-02
8.000000000000000000e+00 3.593599261161248837e-01 5.821465267231880070e-01 3.687571310962739490e-02 4.916733114981697295e-02
0.000000000000000000e+00 4.114716856457383276e-01 4.422059133135344267e-01 3.548652737051921635e-02 4.731595203105437575e-02
9.000000000000000000e+00 4.223644972693593180e-01 3.128294193640932530e-01 3.629609592561422460e-02 4.683486089210314729e-02
1.000000000000000000e+00 4.594867545553907862e-01 1.876631743882068715e-01 3.760940429784831451e-02 4.858628231737210923e-02
1.500000000000000000e+01 2.274838455875505538e-01 7.710712632328680094e-01 3.804465405401996625e-02 4.916652942669530457e-02
2.000000000000000000e+00 2.454149701800032723e-01 5.982833520198457267e-01 3.638293971947442751e-02 4.903590582379702134e-02
0.000000000000000000e+00 3.223484497857298514e-01 4.739824669384333222e-01 3.804499764964364150e-02 4.917560607775151027e-02
1.000000000000000000e+00 3.404228823861846776e-01 2.330761650075086067e-01 3.806793265751767796e-02 4.972395606001880908e-02
7.000000000000000000e+00 2.834361165667765858e-01 3.435250927396266696e-01 3.680075199774940353e-02 4.906745935522927038e-02
5.000000000000000000e+00 1.494643031651360920e-01 6.458944526915565421e-01 3.629615319155152231e-02 4.683488952507164349e-02
6.000000000000000000e+00 1.615495920333649416e-01 5.056259202086473836e-01 3.795279949064928049e-02 4.696917814795481538e-02
2.000000000000000000e+00 2.031514056794173628e-01 3.718530773060291783e-01 3.792599903200988276e-02 4.971264603740921384e-02
