0 0.547911 0.948934 0.053406 0.038086
2 0.684495 0.905926 0.053406 0.037430
6 0.407385 0.772293 0.054292 0.040711
7 0.143406 0.670184 0.056917 0.038742
6 0.112161 0.523629 0.057156 0.040133
0 0.261432 0.595980 0.057781 0.040711
1 0.552469 0.703934 0.059521 0.040055
5 0.675917 0.777148 0.057792 0.040703
1 0.827474 0.851094 0.058656 0.038750
8 0.851812 0.721074 0.059542 0.040711
8 0.683005 0.653109 0.056906 0.042031
7 0.555333 0.583004 0.053583 0.043336
3 0.403510 0.533359 0.060937 0.041766
15 0.250120 0.462836 0.054635 0.040969
1 0.103026 0.399008 0.054635 0.042547
5 0.843214 0.596008 0.059885 0.047281
7 0.653047 0.547152 0.066198 0.044133
8 0.691922 0.512086 0.066198 0.041766
6 0.512260 0.436043 0.057792 0.042555
2 0.370391 0.383176 0.057865 0.044367
15 0.247854 0.345105 0.055979 0.047664
5 0.862021 0.441402 0.063042 0.044914
9 0.689187 0.381906 0.066187 0.045703
0 0.539469 0.319262 0.058833 0.049648
2 0.382083 0.231000 0.063042 0.049656
15 0.733568 0.256926 0.046698 0.032836
3 0.689354 0.216594 0.041583 0.038859
9 0.386807 0.848465 0.055156 0.039398
8 0.255036 0.813664 0.052531 0.036766
3 0.135964 0.758504 0.049031 0.034148
