9.000000000000000000e+00 1.947272761674949948e-01 2.402149483395432106e-01 3.451309428196724927e-02 4.864029909271982977e-02
7.000000000000000000e+00 9.489470992381932035e-02 6.650212929246552829e-01 3.450122144624755138e-02 4.853488444936382429e-02
5.000000000000000000e+00 1.428948556847981499e-01 4.985081436107454689e-01 3.571628514839608748e-02 4.762223224731848559e-02
0.000000000000000000e+00 1.635348584214891821e-01 3.757837703023764742e-01 3.532413575889703505e-02 4.815627931420529695e-02
3.000000000000000000e+00 1.904200159730831121e-01 7.759096881756732955e-01 3.662395191214173895e-02 5.135468293279144003e-02
8.000000000000000000e+00 1.972382656519606758e-01 6.361339919971407131e-01 3.603062711934371110e-02 5.242456375543536051e-02
6.000000000000000000e+00 2.412051486020782010e-01 4.705989827958902971e-01 3.537033031146660789e-02 4.935921082257227477e-02
1.000000000000000000e+00 2.675449193759704691e-01 3.352359038200005692e-01 3.596039871971051793e-02 5.321283935804838050e-02
8.000000000000000000e+00 2.794652320297624781e-01 1.959203088431685225e-01 3.792278826826395166e-02 5.056375611443519880e-02
9.000000000000000000e+00 2.227162328127089697e-01 8.723700520817692095e-01 3.303501268755262843e-02 5.106887034864582287e-02
7.000000000000000000e+00 2.861970290213606827e-01 7.411536042073263442e-01 3.685420423592900008e-02 5.158170768958680874e-02
1.500000000000000000e+01 3.143985584158133229e-01 5.718910000798720361e-01 3.653530909011798444e-02 5.013956159551780090e-02
6.000000000000000000e+00 3.414641859521028167e-01 4.469008171081615410e-01 3.626476981405857281e-02 5.128258139160035700e-02
2.000000000000000000e+00 4.087652399589407626e-01 1.508347569372189001e-01 3.787734297231737379e-02 4.944600932060072562e-02
8.000000000000000000e+00 3.567933136565374364e-01 8.620846317883352761e-01 3.730710104702295027e-02 5.413615405819161008e-02
7.000000000000000000e+00 3.930920449679155548e-01 6.972706524077758594e-01 3.964492579886813584e-02 5.198325160443684201e-02
5.000000000000000000e+00 4.145609416614596254e-01 5.270544175045055457e-01 3.686653815264756551e-02 5.169692030416772610e-02
1.500000000000000000e+01 4.567397813157036968e-01 3.924260134651156307e-01 3.768971182335889569e-02 5.099408877414923769e-02
5.000000000000000000e+00 4.962972025862639192e-01 2.482627425456885861e-01 3.932392697100006718e-02 5.536118863693961778e-02
3.000000000000000000e+00 5.262468053175045624e-01 7.819931276718458668e-02 4.002678731858089201e-02 4.894907927411914356e-02
2.000000000000000000e+00 5.225653905350888806e-01 6.634134746641968672e-01 3.895414000994390502e-02 5.340096040556818746e-02
1.000000000000000000e+00 5.291671194586754501e-01 4.948330254657200000e-01 3.833312153965406921e-02 5.254579924056346218e-02
1.000000000000000000e+00 5.605945444262689925e-01 3.561273397888623515e-01 3.984229728392685299e-02 5.384573066405790032e-02
2.000000000000000000e+00 6.004135283021927449e-01 1.895999834166762765e-01 3.995854733075510090e-02 5.108737122372364325e-02
3.000000000000000000e+00 6.010891560532807265e-01 7.718572472770173221e-01 4.019398681577912580e-02 5.541461639767819580e-02
0.000000000000000000e+00 6.399902429307975371e-01 6.507548416522581647e-01 4.279177479827334096e-02 5.522453575591357300e-02
6.000000000000000000e+00 6.897532742556515828e-01 4.777289232299722910e-01 4.391058784191737008e-02 5.416399182349551644e-02
0.000000000000000000e+00 6.804028109575812611e-01 3.218217319563654866e-01 4.268117299368068274e-02 5.479895799399969736e-02
1.200000000000000000e+01 7.625458029584724073e-01 6.016770055092177660e-01 2.648460784264772272e-02 3.860585095045798720e-02
1.600000000000000000e+01 8.550185942989341203e-01 4.279397111496537898e-01 2.871923690344357905e-02 3.683123663867510222e-02
