9.000000000000000000e+00 6.355643035992806222e-01 5.146770411646213184e-01 3.626761453668869706e-02 4.921805822226693605e-02
1.100000000000000000e+01 6.772369278853662689e-01 7.533622017446821584e-01 2.752574393973772349e-02 4.101644464545062263e-02
1.000000000000000000e+01 7.923478549047848762e-01 4.569747785859242240e-01 2.536436315345624859e-02 3.310190415038505307e-02
2.000000000000000000e+00 1.317925027477576672e-01 5.377013339853128349e-01 3.729854402807825098e-02 4.866604434406918145e-02
1.500000000000000000e+01 1.780864834090583049e-01 6.320870658664554664e-01 3.622914021867792989e-02 4.913625988229430863e-02
1.000000000000000000e+00 1.870177129011847406e-01 4.158517874142786952e-01 3.622476078904948715e-02 4.413894857837319385e-02
6.000000000000000000e+00 2.264310511654702429e-01 5.042953093089859173e-01 3.123003599390228313e-02 4.372034564704402326e-02
5.000000000000000000e+00 2.314124760149338100e-01 2.939474832768166346e-01 3.410161918361762079e-02 4.497685985251526075e-02
7.000000000000000000e+00 2.857885911829864956e-01 1.808167785570029273e-01 3.148130944285137955e-02 4.047883291837989228e-02
7.000000000000000000e+00 2.674305218470925949e-01 4.048850636935792391e-01 3.447889675885568161e-02 4.496760132679072930e-02
1.000000000000000000e+00 3.479323596006815844e-01 2.895363101316208998e-01 3.184644806213943191e-02 4.461480740846857085e-02
1.500000000000000000e+01 6.947303390950250179e-01 3.811380768077619052e-01 3.949992752391862094e-02 4.835131325372549194e-02
8.000000000000000000e+00 3.783594168849611084e-01 1.898949981670606246e-01 3.291564612652370103e-02 4.389734514518081610e-02
0.000000000000000000e+00 2.217082478012450397e-01 7.880923425603417742e-01 3.562289783266511800e-02 5.094093759494766616e-02
5.000000000000000000e+00 2.723094121981751714e-01 6.661666997254955813e-01 4.018038507645343982e-02 5.267195859183704254e-02
0.000000000000000000e+00 3.348032998489831047e-01 5.238294465490558327e-01 3.367264082504795031e-02 4.662816935173841326e-02
2.000000000000000000e+00 3.665240524023577473e-01 3.941050241828458200e-01 3.626764392883385923e-02 4.921805822226676952e-02
3.000000000000000000e+00 4.769527666100132901e-01 1.731652830650218799e-01 3.368028278278883958e-02 4.749018218490921872e-02
9.000000000000000000e+00 4.796335800815857420e-01 3.825640661222096672e-01 3.625994318680270112e-02 4.835613356553125630e-02
3.000000000000000000e+00 4.255460957789769516e-01 5.504379792070173139e-01 3.626611553728564807e-02 4.749417951665069193e-02
1.000000000000000000e+00 3.774835603514211102e-01 6.618886436057169753e-01 3.950983267683660927e-02 5.180894642573063980e-02
2.000000000000000000e+00 3.333746799375437719e-01 7.757516095339050954e-01 3.756254427588040512e-02 5.094393559375376412e-02
5.000000000000000000e+00 5.775994662918215727e-01 1.657122433371424064e-01 3.264614954757727450e-02 5.221887867423843921e-02
0.000000000000000000e+00 5.381470658666220874e-01 2.850515390549515082e-01 3.543434722148142146e-02 4.600540858014706691e-02
3.000000000000000000e+00 5.030430275724173672e-01 6.558539659306168446e-01 3.756175068796119287e-02 5.004165552171735420e-02
7.000000000000000000e+00 5.552728989089446010e-01 7.485301624729800984e-01 3.756486625534771751e-02 5.354061404981347305e-02
6.000000000000000000e+00 6.110880241117497835e-01 6.233435199172305818e-01 3.885571048636260461e-02 5.180794709279534782e-02
