1.600000000000000000e+01 4.605298715928816677e-01 9.493061627551530046e-01 3.893958879423253805e-02 3.261112118735387533e-02
1.400000000000000000e+01 4.460091506894556801e-01 7.769329160156981384e-01 3.923260958472285509e-02 2.806025581408699843e-02
6.000000000000000000e+00 2.217987530094022719e-01 5.438714788786007670e-01 5.997714358398795187e-02 4.307781553537171071e-02
1.500000000000000000e+01 1.352287368446016547e-01 3.266804077032188225e-01 5.069028787293972105e-02 3.682820512476209229e-02
1.000000000000000000e+00 1.056067000499049113e-01 2.232261600251236322e-01 4.861667514282326519e-02 3.447598731533521588e-02
3.000000000000000000e+00 3.688886480035327153e-01 5.911608725561454669e-01 5.438136115805858317e-02 4.316827634310360651e-02
6.000000000000000000e+00 3.341604301441256641e-01 4.458379530188020246e-01 5.072486189893155029e-02 3.708774712809764784e-02
8.000000000000000000e+00 3.106627469184425339e-01 3.599181831116737840e-01 4.696171005791383024e-02 3.522146014973320804e-02
3.000000000000000000e+00 2.324494474820474332e-01 2.444050746274849528e-01 4.752161391205289576e-02 3.421937581591502631e-02
9.000000000000000000e+00 2.144837860213465730e-01 1.512820520936819513e-01 4.595947771884734134e-02 3.304850629698974362e-02
1.500000000000000000e+01 3.290127928093798948e-01 1.250171147414222972e-01 4.290683987259041876e-02 3.124275346516060259e-02
9.000000000000000000e+00 3.671469666436720791e-01 2.086292460198972687e-01 4.382796533561450492e-02 3.287761943735739711e-02
5.000000000000000000e+00 4.107105502043332246e-01 2.819645588833377126e-01 4.581789589836909871e-02 3.198695345442365001e-02
2.000000000000000000e+00 4.427946395031850946e-01 3.849382631214067763e-01 5.044297110310985710e-02 3.495949086032629216e-02
5.000000000000000000e+00 4.800895939788361044e-01 4.761316524305932996e-01 4.823639045796346281e-02 3.427845951101743394e-02
8.000000000000000000e+00 5.116187820009396869e-01 6.045109163474688962e-01 5.142599236095318771e-02 3.711077674472573751e-02
6.000000000000000000e+00 6.760073084029467605e-01 6.432886170011629101e-01 4.829340207959020859e-02 3.954463424908871705e-02
0.000000000000000000e+00 6.310755791279645255e-01 5.286452317572800652e-01 4.594603884230596957e-02 3.778455583687034824e-02
7.000000000000000000e+00 5.732139633603982043e-01 4.183632947699507110e-01 4.640337505940617113e-02 3.623020471972288048e-02
3.000000000000000000e+00 5.364422962404685746e-01 3.245645838763007163e-01 4.718886851293158102e-02 3.681908800146976857e-02
7.000000000000000000e+00 5.191008173132228842e-01 2.414685913000566009e-01 4.297640233926897091e-02 3.175455561361764656e-02
7.000000000000000000e+00 4.551178968847569006e-01 1.344541809789219777e-01 4.226458589832365886e-02 3.169840242243070205e-02
0.000000000000000000e+00 5.880840802533737754e-01 1.762286918992320706e-01 4.203396412049653641e-02 3.097897851172506933e-02
0.000000000000000000e+00 6.247194641407125548e-01 2.632340951028169784e-01 4.116546932375120260e-02 3.059141196865111656e-02
5.000000000000000000e+00 6.975176511577199090e-01 4.435512571327764886e-01 4.434278679113590194e-02 3.298045348384326392e-02
2.000000000000000000e+00 7.644030285070411157e-01 5.721015855155822116e-01 4.393304906187378567e-02 3.569697141131877860e-02
2.000000000000000000e+00 7.090334955085000335e-01 2.033184773005275725e-01 3.951171788187735068e-02 3.123709966467735910e-02
1.000000000000000000e+00 7.528995869960644072e-01 2.841615339878725832e-01 3.988161259830991234e-02 3.143912682854199669e-02
1.000000000000000000e+00 8.622108759643043463e-01 4.746895040921460529e-01 4.259946257301971961e-02 3.402403848927143537e-02
8.000000000000000000e+00 8.010723055962295502e-01 3.993723269519808827e-01 3.848912002065141280e-02 3.321302893094718600e-02
