3.000000000000000000e+00 6.798063830356699810e-01 8.516927358359895894e-01 4.514125752176012529e-02 3.291625402749620566e-02
9.000000000000000000e+00 1.260629931382654945e-01 5.076384013731236600e-01 4.444799543452694623e-02 3.749050786074331620e-02
2.000000000000000000e+00 1.913756396906658164e-01 6.052118644721007357e-01 4.382468335012423832e-02 3.286833529835819778e-02
6.000000000000000000e+00 2.165500984717829425e-01 6.937032397998532662e-01 4.355900376904553450e-02 3.371669528404386273e-02
5.000000000000000000e+00 3.057271794717892899e-01 7.938646970550298221e-01 4.547442028351844634e-02 3.357815628370774963e-02
3.000000000000000000e+00 3.969223052940288321e-01 8.009599297093770165e-01 4.711482865958332988e-02 3.690530392543023286e-02
0.000000000000000000e+00 3.856877167162088282e-01 7.118883124448907029e-01 4.325972436901504015e-02 3.275695969595926460e-02
9.000000000000000000e+00 3.123003248127531606e-01 6.228800669908323151e-01 4.917000340832916594e-02 3.498940538823813728e-02
2.000000000000000000e+00 2.632065093483256790e-01 5.115919658926455504e-01 5.064720456254886982e-02 3.893189756235881926e-02
5.000000000000000000e+00 2.206181008556841738e-01 4.059359600162741888e-01 4.870918968883161670e-02 4.124872558476444517e-02
3.000000000000000000e+00 2.873693300362178960e-01 3.180450999337367524e-01 5.206971031528512261e-02 3.905245995069883680e-02
8.000000000000000000e+00 3.304550867350399268e-01 3.960071851617422700e-01 4.813569607016587870e-02 4.050286631258998016e-02
6.000000000000000000e+00 4.126204951367757334e-01 5.609297415615128735e-01 4.977942189670958584e-02 3.607747243672432269e-02
1.000000000000000000e+00 4.539015871294165283e-01 6.265944773559670722e-01 5.058272693529458630e-02 3.510441033816935619e-02
7.000000000000000000e+00 5.035507211205704214e-01 7.315000022129156676e-01 4.305069663457400386e-02 3.449269515330355418e-02
1.000000000000000000e+00 5.349586693513235236e-01 8.384199850759816997e-01 4.571594202008488761e-02 3.365720800964666637e-02
1.000000000000000000e+00 4.267964147010632758e-01 3.136316857401555414e-01 5.345147097111524470e-02 4.144734729932758599e-02
2.000000000000000000e+00 4.828319811152084196e-01 4.383178209739101439e-01 5.180431427698234392e-02 3.930333859887219505e-02
7.000000000000000000e+00 5.385057611243616593e-01 5.607771955480440607e-01 4.832187025686418558e-02 3.560531700618818629e-02
1.500000000000000000e+01 5.957848610910541076e-01 6.580566106112070157e-01 5.296312524807167410e-02 3.531536616348684987e-02
0.000000000000000000e+00 6.369848456726303620e-01 7.699665210170838492e-01 5.106151726678820335e-02 3.514637466901204821e-02
5.000000000000000000e+00 7.845526986239145240e-01 7.976463921209008268e-01 4.787007319764224889e-02 3.406840174335035165e-02
6.000000000000000000e+00 7.391531052789730438e-01 7.096114639538958491e-01 5.072449832327674546e-02 3.879880258332102372e-02
7.000000000000000000e+00 6.909612960934439219e-01 5.895369393141216552e-01 4.948286450732830577e-02 3.711251698610507077e-02
1.500000000000000000e+01 6.227274642688082062e-01 4.631150544458840779e-01 5.180530667669813738e-02 3.931020033405058234e-02
7.000000000000000000e+00 5.985387419483316762e-01 3.616689357585065601e-01 5.570033379012229169e-02 4.312784862391383367e-02
0.000000000000000000e+00 8.595253214792324403e-01 6.346316674663460278e-01 5.287823254094781156e-02 3.739316762575461972e-02
8.000000000000000000e+00 7.298209186022093231e-01 3.741485748427253455e-01 5.811952075465132150e-02 4.132488517438864806e-02
1.600000000000000000e+01 5.472160250763250522e-01 2.361333488993787588e-01 3.322956879493688120e-02 2.743789569880875079e-02
1.400000000000000000e+01 3.791072134402087013e-01 1.285540156650850641e-01 3.604710500541846718e-02 2.729958353269332227e-02
