6.000000000000000000e+00 1.563026131190136669e-01 6.855241764085768796e-01 4.063427989213039271e-02 3.358903576729688201e-02
1.400000000000000000e+01 6.171365759119900041e-01 2.533508367721742371e-01 3.641019336400697082e-02 2.999586493197414772e-02
1.200000000000000000e+01 7.745031220818252571e-01 3.433656877606811597e-01 4.379248495972043465e-02 2.786976857901224403e-02
1.000000000000000000e+00 8.259689902408083872e-01 5.266139154227617025e-01 6.130093375890632856e-02 4.909316276209541030e-02
0.000000000000000000e+00 7.488074173547830670e-01 7.852593733257231534e-01 5.911890837874911320e-02 3.997180141498546391e-02
5.000000000000000000e+00 7.311091951897636942e-01 9.032704140276628380e-01 6.607949397609513831e-02 4.085170611031574417e-02
1.000000000000000000e+00 5.638899887260393484e-01 9.218701305124921141e-01 5.376530483027419649e-02 3.721886929825846124e-02
5.000000000000000000e+00 5.664184397472902255e-01 7.885158650170929207e-01 5.746869041523749999e-02 4.185293202877216068e-02
9.000000000000000000e+00 6.087970876319954705e-01 6.845162922725971377e-01 5.903861310870250900e-02 3.868673710015402278e-02
0.000000000000000000e+00 6.295746929022654204e-01 5.600892515010337247e-01 5.819860105283070073e-02 3.929549651166452939e-02
6.000000000000000000e+00 6.673748670895661705e-01 4.749978123768973104e-01 5.746869041523727795e-02 4.185296036161273436e-02
8.000000000000000000e+00 5.530145412220546230e-01 3.519713205781431209e-01 5.487515885930160930e-02 4.177538504425648558e-02
3.000000000000000000e+00 5.361984337139265033e-01 4.752916239331367865e-01 5.394006179062948991e-02 4.042685516665012191e-02
3.000000000000000000e+00 5.209604370901750325e-01 5.943374224702936415e-01 5.235721932188530658e-02 4.236598310499051223e-02
9.000000000000000000e+00 1.655377024879892134e-01 5.940874701511860145e-01 4.321744162843427217e-02 3.366145450767776826e-02
0.000000000000000000e+00 4.749212287089594753e-01 7.019164529552983645e-01 5.557727498034031877e-02 3.796640296265818559e-02
1.000000000000000000e+00 1.822696472933392209e-01 5.089281880404137315e-01 4.067403086738635709e-02 3.424182441298240231e-02
3.000000000000000000e+00 1.955562903580639889e-01 3.971296467810302988e-01 3.891198318232433340e-02 3.354305156712555913e-02
1.500000000000000000e+01 4.575461850893833282e-01 8.348371693249909686e-01 4.951486876046284902e-02 3.837807913547963690e-02
8.000000000000000000e+00 4.401116850039664130e-01 9.363909096112053021e-01 4.682177560292377638e-02 3.635783427471750429e-02
0.000000000000000000e+00 3.368733306858436860e-01 8.628165009983116418e-01 4.512911504430638931e-02 3.695299392277617834e-02
6.000000000000000000e+00 3.561512503743090585e-01 7.526013263652222562e-01 4.509279234275398451e-02 3.630751514994601248e-02
1.500000000000000000e+01 3.749961450946175945e-01 6.474789231507388498e-01 4.861408276166601095e-02 3.770948076478153332e-02
8.000000000000000000e+00 3.964817455503353294e-01 5.307209873195186667e-01 4.434644865765641208e-02 3.824281815481567204e-02
5.000000000000000000e+00 4.355027535029980523e-01 4.152174030040014507e-01 4.782356817819066741e-02 3.898003866526433825e-02
2.000000000000000000e+00 4.293120420148052174e-01 3.042787492881177114e-01 4.790020851180948336e-02 4.027819275241789621e-02
7.000000000000000000e+00 2.295707012265762459e-01 7.614765603266955285e-01 4.247526287089378738e-02 3.558599103314807888e-02
7.000000000000000000e+00 2.696630305451531151e-01 6.695253580182196629e-01 4.603913754911428957e-02 3.760787919866048767e-02
2.000000000000000000e+00 2.944706282195332370e-01 4.593993795224127763e-01 4.603032603571111103e-02 3.762873216928674935e-02
2.000000000000000000e+00 3.101424572973965899e-01 3.575805005145697435e-01 4.512951170407375479e-02 3.696030379563153279e-02
