3.000000000000000000e+00 9.258680767133562473e-01 3.940241230384665672e-01 4.406260073425161128e-02 3.324452366972180384e-02
0.000000000000000000e+00 8.645749791580225052e-01 4.792241540187757165e-01 4.406795864934398566e-02 3.305085736377683103e-02
2.000000000000000000e+00 8.196122486882435609e-01 5.743866979031009290e-01 4.406795864934398566e-02 3.305080155216144622e-02
3.000000000000000000e+00 7.587981264175263085e-01 6.659606665310435769e-01 4.395320996778129263e-02 3.390762147402492932e-02
9.000000000000000000e+00 8.439852928204522042e-01 2.996625595546510978e-01 4.281666222880065042e-02 3.306419633989243767e-02
7.000000000000000000e+00 7.841776772244931637e-01 4.032433647524474307e-01 4.393802920835265802e-02 3.377049233462814382e-02
0.000000000000000000e+00 7.387467710177059166e-01 4.891869878395810334e-01 4.499381753963804798e-02 3.351166596753313298e-02
1.000000000000000000e+00 6.916756730532501729e-01 5.755212085181140580e-01 4.544170575439543391e-02 3.349333185182634676e-02
5.000000000000000000e+00 6.365028493528928077e-01 6.749515550200175795e-01 4.686339503720093891e-02 3.534984943135155433e-02
9.000000000000000000e+00 7.850084889335122718e-01 2.314277806925412462e-01 4.364579958935332904e-02 3.286907893194329633e-02
3.000000000000000000e+00 7.251983339090459779e-01 3.063130856160271032e-01 4.423600742375322081e-02 3.278583590735628661e-02
2.000000000000000000e+00 6.535510096259858903e-01 4.009192435049733216e-01 4.450356830868118507e-02 3.259222541302692067e-02
1.500000000000000000e+01 5.950944258075512305e-01 4.932321160640344426e-01 4.372399166273333027e-02 3.318391225523875665e-02
1.000000000000000000e+00 5.544186134336752669e-01 5.942154486743157493e-01 4.371377813708854365e-02 3.317637768714010171e-02
0.000000000000000000e+00 4.895141555299122316e-01 6.958969287834630979e-01 4.819648338032711532e-02 3.496586551639424556e-02
2.000000000000000000e+00 6.883112372449007310e-01 1.384113608608099066e-01 4.456546339032185777e-02 3.276900870526916476e-02
5.000000000000000000e+00 6.270140375358242979e-01 2.393649458800051755e-01 4.705460563206198543e-02 3.464009311645180333e-02
6.000000000000000000e+00 5.869908024767210852e-01 3.193068250306783651e-01 4.647606242531110432e-02 3.452908381313068986e-02
8.000000000000000000e+00 5.307088345406163477e-01 4.244741870236033998e-01 4.525920177155973168e-02 3.394914531599119156e-02
5.000000000000000000e+00 4.504316252508382412e-01 5.345074010004909892e-01 4.591853229181347418e-02 3.396745152589031314e-02
1.000000000000000000e+00 3.986401482783408223e-01 6.037589837804272497e-01 4.549430820204763970e-02 3.506364746683110489e-02
6.000000000000000000e+00 3.343893002042381823e-01 5.107487032264058646e-01 4.672291720087146105e-02 3.528053140484316286e-02
7.000000000000000000e+00 3.853930799407258578e-01 4.329917651069388196e-01 4.582345720473068873e-02 3.366316659793300303e-02
1.500000000000000000e+01 4.532397448283281838e-01 3.442952759417059472e-01 4.467418441740561574e-02 3.374392600562825528e-02
6.000000000000000000e+00 5.124484738836698750e-01 2.329695207603864615e-01 4.611574263534556906e-02 3.458651396552755997e-02
8.000000000000000000e+00 5.606609472918510084e-01 1.573104435989696737e-01 4.457656990181546597e-02 3.343704583754805726e-02
8.000000000000000000e+00 3.779805020806835669e-01 2.595556349780364092e-01 4.781858293146457051e-02 3.552649319455483679e-02
7.000000000000000000e+00 2.305807557092060533e-01 4.155013954509700902e-01 4.614063461587913917e-02 3.342889734167836524e-02
1.000000000000000000e+01 2.163315060970376624e-01 6.471055214872223349e-01 2.906035475803919743e-02 2.391985381397432331e-02
1.600000000000000000e+01 2.452748657559883916e-01 7.259264801512679277e-01 3.154416699049464312e-02 2.248281633689364067e-02
