6.000000000000000000e+00 7.145383631099642141e-01 7.470974240051077020e-01 3.230361905619083540e-02 3.200692333255994448e-02
5.000000000000000000e+00 7.985153245040123027e-01 6.948832404704039512e-01 3.364877256840426156e-02 3.354920950175843686e-02
3.000000000000000000e+00 8.863444573631784618e-01 6.355688480750447678e-01 3.345850632980862382e-02 3.336603117891967507e-02
1.000000000000000000e+01 4.523292258397244026e-01 1.228753843983861893e-01 3.138219000781139467e-02 3.478591236545937326e-02
1.000000000000000000e+00 3.394120829134377182e-01 4.838546138955591713e-01 3.870090602140585645e-02 3.717811162053835661e-02
1.000000000000000000e+01 3.992828628521175593e-01 1.960529232424352841e-01 3.550500356871988394e-02 3.721122547696459337e-02
7.000000000000000000e+00 8.806255060856225114e-01 5.353045484512237717e-01 3.580571393213494158e-02 3.539677441757460574e-02
0.000000000000000000e+00 7.931829415069092670e-01 5.981221432093641877e-01 3.146868472978070486e-02 3.264644160658236594e-02
1.500000000000000000e+01 7.101303163141876595e-01 6.517315386613136141e-01 3.312166420833673186e-02 3.312166420833684288e-02
2.000000000000000000e+00 6.230834844695034569e-01 7.065254189725995726e-01 3.395410668936371668e-02 3.446177865544186592e-02
6.000000000000000000e+00 5.427612573247080352e-01 7.654867168771539720e-01 3.253458543604603737e-02 3.185813247600965958e-02
7.000000000000000000e+00 4.558635208954541218e-01 7.263611450281025617e-01 3.322632171443279381e-02 3.272573766411124296e-02
3.000000000000000000e+00 6.188387089206708325e-01 6.112911861265531988e-01 3.247782673565002831e-02 3.315427969568629507e-02
5.000000000000000000e+00 7.015497574856923713e-01 5.534476469994062953e-01 3.508141754074045604e-02 3.457374557466208476e-02
0.000000000000000000e+00 6.163783715379456130e-01 5.101572739947387580e-01 3.456820814047723012e-02 3.355239352641475881e-02
1.000000000000000000e+00 7.908580497643484808e-01 4.951241092335206817e-01 3.393527941313478902e-02 3.511987502115504478e-02
8.000000000000000000e+00 8.754796238718693946e-01 4.317998946217971867e-01 3.485250001153361588e-02 3.671305021051352035e-02
8.000000000000000000e+00 7.794453702219491520e-01 3.880875137578928546e-01 3.586657033382767423e-02 3.722052836639527795e-02
2.000000000000000000e+00 6.983755340878405882e-01 4.529826430735511833e-01 3.491031082442463962e-02 3.474025622060422647e-02
9.000000000000000000e+00 5.212144917932193255e-01 5.633734700887986779e-01 3.358337547067968831e-02 3.391506777835961994e-02
3.000000000000000000e+00 4.425919246971594667e-01 6.252504485891087205e-01 3.439261610247174028e-02 3.371610776809363941e-02
1.000000000000000000e+00 6.283567830438527846e-01 8.048613071415036124e-01 3.146469777716742744e-02 3.215549269174278191e-02
1.500000000000000000e+01 3.619918291049620818e-01 6.863506081347797716e-01 3.419116424682244748e-02 3.300665170031491513e-02
2.000000000000000000e+00 3.462122735899514359e-01 5.857532041575619353e-01 3.367125455119529542e-02 3.350169831645144480e-02
8.000000000000000000e+00 4.354578821136336764e-01 5.229946938221752273e-01 3.546012266465076168e-02 3.512173006160712596e-02
9.000000000000000000e+00 5.187823953248374975e-01 4.675950458982242042e-01 3.277103387574431537e-02 3.412427204186790908e-02
7.000000000000000000e+00 6.022447352729054515e-01 4.099892011334673736e-01 3.429377290226998110e-02 3.413135995762467401e-02
6.000000000000000000e+00 5.971587127226917202e-01 3.000453281184598531e-01 3.612234441883166447e-02 3.663007175925175885e-02
0.000000000000000000e+00 5.099352367275068465e-01 3.603700530680382097e-01 3.577309844478532286e-02 3.544129538842177851e-02
5.000000000000000000e+00 4.237562038811205634e-01 4.226684026226535940e-01 3.494436604466238938e-02 3.409730473738709078e-02
