1.000000000000000000e+00 4.351685590472479936e-01 3.827910059267782827e-01 4.999100963362723693e-02 3.821609540739334676e-02
1.400000000000000000e+01 3.397225193825068046e-01 1.706104600963328499e-01 4.012267330612073746e-02 3.353217529740032399e-02
1.400000000000000000e+01 4.106130370633209736e-01 2.273509067386988436e-01 3.944611505529643791e-02 3.093794001550909112e-02
6.000000000000000000e+00 7.370059550064433918e-01 3.669864740682388105e-01 5.196734529156654681e-02 3.915250562441680016e-02
3.000000000000000000e+00 8.842304534333761401e-01 5.618422950917105752e-01 4.896270090117016416e-02 3.653707847585641044e-02
5.000000000000000000e+00 9.730668160187478932e-01 6.590230198750599566e-01 4.831734098865814175e-02 3.497882930552742575e-02
3.000000000000000000e+00 5.800231914400765243e-01 3.676844542195630838e-01 5.079963605760107193e-02 3.863941516465602133e-02
1.000000000000000000e+00 6.623013757699653947e-01 4.660383371632466631e-01 4.850234569713718358e-02 3.619625460119024751e-02
8.000000000000000000e+00 7.287158807925517845e-01 5.659039161807364327e-01 5.041714730531832167e-02 3.619346544099089069e-02
6.000000000000000000e+00 8.032733246399579308e-01 6.603452543349139781e-01 4.802565809111192241e-02 3.655847162212755297e-02
2.000000000000000000e+00 8.949849950943181698e-01 7.475471690434801753e-01 4.770418581246804735e-02 3.506233158613403234e-02
9.000000000000000000e+00 5.218772812224240498e-01 4.806713929838400956e-01 4.825298902447139326e-02 3.709045361024854159e-02
0.000000000000000000e+00 5.842399991022544370e-01 5.549512291287267418e-01 5.059421584663215121e-02 3.740637632272281188e-02
8.000000000000000000e+00 6.602417391110213529e-01 6.555594004836156063e-01 4.641024551381112140e-02 3.498458015129912724e-02
0.000000000000000000e+00 7.269525852162289636e-01 7.409558946705805393e-01 4.711587429001196092e-02 3.515630040604544870e-02
1.500000000000000000e+01 8.072679196215133413e-01 8.600593323579512894e-01 4.667869499443910719e-02 3.410441320592394465e-02
0.000000000000000000e+00 2.811666457468966485e-01 3.655014906730426061e-01 4.975663391419721249e-02 3.839764960840935659e-02
7.000000000000000000e+00 3.629765387055872150e-01 4.805878475718901033e-01 4.768770963933172125e-02 3.576566002402603583e-02
5.000000000000000000e+00 4.531830402960921322e-01 5.781812818020530820e-01 4.779927604730477286e-02 3.603037145490228799e-02
1.000000000000000000e+00 5.215031599507391480e-01 6.611097430175891798e-01 4.945175282560476671e-02 3.618380402009435670e-02
3.000000000000000000e+00 5.950685253940508623e-01 7.577630864894348006e-01 4.700574559348191794e-02 3.489417685576645667e-02
2.000000000000000000e+00 6.597551025418110227e-01 8.436119134505813966e-01 4.668364072180297697e-02 3.481648292938932521e-02
5.000000000000000000e+00 2.144416669382047669e-01 4.868820044979892403e-01 4.837450439562979154e-02 3.664088124203751518e-02
6.000000000000000000e+00 3.077156984176206977e-01 5.790031064170733099e-01 4.850240320559479068e-02 3.619628335541913433e-02
7.000000000000000000e+00 4.464599996694459949e-01 7.533378106680288511e-01 4.721484634574479866e-02 3.613049367978959925e-02
8.000000000000000000e+00 5.141843892105913971e-01 8.446810244337893403e-01 4.641027426804006373e-02 3.498458015129912724e-02
2.000000000000000000e+00 1.497372334143231010e-01 5.691647319960380091e-01 4.744240731293522528e-02 3.594612156434540129e-02
7.000000000000000000e+00 2.271216780262345636e-01 6.560377270806856398e-01 4.745045849701576279e-02 3.594801934345015493e-02
9.000000000000000000e+00 3.020252652806459381e-01 7.573041114883867220e-01 4.782041040551610056e-02 3.532629540706000437e-02
1.500000000000000000e+01 3.826770816720387880e-01 8.481786600779738228e-01 4.686680515963503879e-02 3.533497918417549677e-02
