9.000000000000000000e+00 9.527103393949989396e-01 3.482853017462285150e-01 4.975439584594132381e-02 3.559420859188244801e-02
7.000000000000000000e+00 6.636203703960505962e-01 8.269209662473250844e-02 4.965277606154716583e-02 3.557671957249484984e-02
5.000000000000000000e+00 7.702563961682358240e-01 1.944026753023829768e-01 4.890255335509408052e-02 3.667657470545257481e-02
0.000000000000000000e+00 8.599502377292633781e-01 2.640984890193289747e-01 4.937064355589371178e-02 3.633508014752934168e-02
3.000000000000000000e+00 4.965788252522719270e-01 1.176265608126618178e-01 5.254899910127891483e-02 3.775592240958530743e-02
8.000000000000000000e+00 6.113054755796705209e-01 1.826941171332690517e-01 5.351148701258334750e-02 3.726137673783372350e-02
6.000000000000000000e+00 7.201405901805340015e-01 2.905316770073049781e-01 5.052284737801682191e-02 3.644960215265613535e-02
1.000000000000000000e+00 8.163793791306808156e-01 3.704700044703707063e-01 5.426082195155490506e-02 3.724246729047564486e-02
8.000000000000000000e+00 9.268684933265187720e-01 4.397178211238506051e-01 5.192315261899826950e-02 3.894242364874744844e-02
9.000000000000000000e+00 3.895348555261654022e-01 1.044529495609081149e-01 5.194102633762787136e-02 3.435387905108573670e-02
7.000000000000000000e+00 4.542425405019802631e-01 2.144841089013611035e-01 5.278766059258310772e-02 3.798765931453304545e-02
1.500000000000000000e+01 5.781489581232718278e-01 3.103816104393304354e-01 5.137906952177329067e-02 3.760041513905787447e-02
6.000000000000000000e+00 6.649459256150812569e-01 3.865475919311954223e-01 5.244510071368191362e-02 3.741090637398503116e-02
2.000000000000000000e+00 8.681400703005457409e-01 5.696988025341340744e-01 5.085688468909455029e-02 3.883544766721447328e-02
8.000000000000000000e+00 2.973660661876761369e-01 2.237862105542189617e-01 5.526766864468996010e-02 3.857249093916359506e-02
7.000000000000000000e+00 4.113586511767866605e-01 3.247425367171044575e-01 5.344753816165848104e-02 4.066087516288607873e-02
5.000000000000000000e+00 5.411539412221681999e-01 4.152707021573424084e-01 5.289898663477610175e-02 3.800615447039978889e-02
1.500000000000000000e+01 6.248324774736008225e-01 5.084802804990133929e-01 5.230879881300665168e-02 3.874530967558226235e-02
5.000000000000000000e+00 7.186619838476751010e-01 6.034816991333022962e-01 5.663341013838774085e-02 4.055233079213538261e-02
3.000000000000000000e+00 8.419384416640213198e-01 7.012175599799252979e-01 5.061742420705694911e-02 4.085890649578216571e-02
2.000000000000000000e+00 3.428710002255539457e-01 4.501149395768914152e-01 5.472539067467757645e-02 4.008640082554087991e-02
1.000000000000000000e+00 4.824617243133200728e-01 5.272008997138166730e-01 5.384928253933318754e-02 3.944706027753996924e-02
1.000000000000000000e+00 5.777347850008547336e-01 6.129183123557477852e-01 5.523849068679465013e-02 4.095478538379537792e-02
2.000000000000000000e+00 6.905451744230888256e-01 7.176193009405326118e-01 5.263129514682329813e-02 4.091016027172011960e-02
3.000000000000000000e+00 1.907315348240849195e-01 4.715057858228596244e-01 5.676624974588495576e-02 4.138070662921894405e-02
0.000000000000000000e+00 2.652799447799706889e-01 5.561738425054113533e-01 5.685135705512120441e-02 4.383783987254985526e-02
6.000000000000000000e+00 3.761730671605613141e-01 6.721555741099258796e-01 5.596734778919054687e-02 4.484835600460901350e-02
0.000000000000000000e+00 5.169115266407929843e-01 7.301925446367277805e-01 5.643614820397563347e-02 4.370964624820650180e-02
1.200000000000000000e+01 2.150550913532786879e-01 6.820627632821195663e-01 3.940193209722508971e-02 2.739366362632211782e-02
1.600000000000000000e+01 2.943886124233777712e-01 8.349708281769109286e-01 3.793501470287397037e-02 2.940913254755561645e-02
