1.300000000000000000e+01 3.497672012228785765e-01 2.249315643755193106e-01 4.167820455410398139e-02 3.303836504035928545e-02
6.000000000000000000e+00 7.349416711275098546e-01 3.638392599461827137e-01 5.146457243732582842e-02 3.797834967613983315e-02
9.000000000000000000e+00 9.335364576866185260e-01 5.560388971040135520e-01 5.396781865754440854e-02 3.918996764741966565e-02
2.000000000000000000e+00 5.982205636711541707e-01 3.808439848954255913e-01 5.137705750290011419e-02 3.853263062476480760e-02
5.000000000000000000e+00 6.769014238839972109e-01 4.707672050419854926e-01 5.207924519080087133e-02 3.803295048600441319e-02
8.000000000000000000e+00 7.498701766449393791e-01 5.640533977969881541e-01 5.002432834768455461e-02 3.649160035125675883e-02
5.000000000000000000e+00 8.286849979356641915e-01 6.613325111404779744e-01 5.155250101425057352e-02 3.789343478027906720e-02
1.000000000000000000e+00 9.297024644554154893e-01 7.638373179029680493e-01 5.035447415365112978e-02 3.725039796973150796e-02
7.000000000000000000e+00 4.381914548178892366e-01 3.830766350565832923e-01 4.881663998014490469e-02 3.584156116411940651e-02
1.500000000000000000e+01 4.973118999015793684e-01 4.701950045093872266e-01 4.915163131252808792e-02 3.660809980650353568e-02
6.000000000000000000e+00 5.906421308097762335e-01 5.493292907658373636e-01 5.035707419221624459e-02 3.725630714828820356e-02
2.000000000000000000e+00 6.977339078810655959e-01 6.664055409314640910e-01 4.796391596851035111e-02 3.699949424821102895e-02
8.000000000000000000e+00 7.665109848327638087e-01 7.475653310947645291e-01 4.863809415005204695e-02 3.647452282522778422e-02
6.000000000000000000e+00 8.444123357562904886e-01 8.565112311218110452e-01 5.002426925589908979e-02 3.649160035125664781e-02
3.000000000000000000e+00 2.762056544420676829e-01 3.858574797124524336e-01 5.088059786645310334e-02 3.944648508856912761e-02
1.000000000000000000e+00 3.676086067639744437e-01 4.773938169673318521e-01 5.035453324543681664e-02 3.725045706151702829e-02
2.000000000000000000e+00 4.368682420095647001e-01 5.684302672622013608e-01 5.001886235751951126e-02 3.854090347474414813e-02
1.500000000000000000e+01 5.522270928382913002e-01 6.602783136859504687e-01 5.189818795982148458e-02 3.969467058795339565e-02
0.000000000000000000e+00 6.179541768238058230e-01 7.647068830734893297e-01 4.932923167405189879e-02 3.699293506001299914e-02
0.000000000000000000e+00 7.032792287682014809e-01 8.493813935505702961e-01 5.017696242980584920e-02 3.789231203635334833e-02
3.000000000000000000e+00 2.257710370542403144e-01 4.883682251993920476e-01 4.829471178411826049e-02 3.673600397636467285e-02
7.000000000000000000e+00 3.280670429924269493e-01 5.760778375126933692e-01 4.847305079296149177e-02 3.712949617645999734e-02
9.000000000000000000e+00 4.494251873509131912e-01 7.584578972038134026e-01 5.052214709519947666e-02 3.763213090449868403e-02
3.000000000000000000e+00 5.709807869108739498e-01 8.568164106483755482e-01 5.002172830911955081e-02 3.648575026448563907e-02
1.000000000000000000e+00 1.458577585615976335e-01 5.849474849805108567e-01 5.018960807191735762e-02 3.687144234888584116e-02
7.000000000000000000e+00 2.395209125896829994e-01 6.799536032462467627e-01 5.103819565856218543e-02 3.879038899341102908e-02
5.000000000000000000e+00 3.306773044363084946e-01 7.665521718073043944e-01 4.949486594899799030e-02 3.738075444869370934e-02
0.000000000000000000e+00 4.093073457135631976e-01 8.461199997215184121e-01 4.829471178411831600e-02 3.673600397636467285e-02
1.100000000000000000e+01 2.967142415894932217e-01 1.054260213593120610e-01 4.585493014159952585e-02 3.646905683506268536e-02
