2.000000000000000000e+00 9.022957380683682693e-01 2.894042693530020083e-01 4.242998814885412528e-02 3.237110447055346896e-02
1.000000000000000000e+01 2.197921398928198988e-01 9.024093569098696754e-01 2.798896340295459195e-02 2.759561357385509339e-02
1.100000000000000000e+01 3.875242902420166641e-02 7.713298424786931839e-01 3.596768323488658270e-02 2.651495140992421451e-02
1.000000000000000000e+00 2.667552311044043001e-01 2.509510135640640183e-01 5.241570199313880241e-02 3.875636087855419132e-02
5.000000000000000000e+00 2.902159033308832070e-01 1.592595586063495217e-01 5.082897520996398910e-02 3.590690765334425549e-02
0.000000000000000000e+00 4.215962189788633463e-01 1.198132169833132643e-01 4.898118172526949587e-02 3.474677645884555188e-02
6.000000000000000000e+00 4.253212605247195244e-01 2.163566280847527001e-01 4.812005822633391716e-02 3.608273106079085135e-02
9.000000000000000000e+00 4.035336228230538280e-01 3.447754610466328140e-01 4.990763022547900496e-02 3.543484703029931016e-02
7.000000000000000000e+00 3.897060989931360186e-01 4.589996815832668164e-01 5.266189559168982237e-02 3.684216336354706467e-02
1.000000000000000000e+00 3.675044057700030398e-01 5.729957020596472272e-01 5.002848147783567345e-02 3.951071882853274264e-02
7.000000000000000000e+00 4.990776780567906523e-01 6.325609921386383672e-01 5.009263996122970131e-02 4.155498308714788980e-02
2.000000000000000000e+00 5.031702164792329901e-01 5.075620979711288339e-01 4.890515392244759729e-02 3.827257675081624511e-02
1.000000000000000000e+00 5.304934481281337044e-01 4.011613774810338651e-01 5.211856072618337166e-02 3.669783593885728168e-02
9.000000000000000000e+00 5.253484918559271355e-01 2.915469002318389347e-01 4.774371039533398253e-02 3.581530683682587757e-02
3.000000000000000000e+00 5.520275140056580820e-01 1.884409657490757617e-01 4.893075898991117167e-02 3.908916842968712668e-02
8.000000000000000000e+00 5.697406797305459847e-01 7.675272592037796215e-02 4.665733229379143143e-02 3.579051833187812254e-02
6.000000000000000000e+00 6.167095306241624497e-01 7.006417460890463911e-01 5.095606733297808333e-02 4.020643009209978747e-02
5.000000000000000000e+00 6.104560032477484022e-01 5.932886512388613198e-01 5.181042502821020523e-02 3.886534281148301684e-02
3.000000000000000000e+00 6.373382911380502946e-01 4.707841805798169688e-01 4.887954885498391189e-02 3.745694744919669805e-02
2.000000000000000000e+00 6.502266805858147869e-01 3.636119980713294897e-01 5.213180070412037903e-02 3.751215290786236167e-02
0.000000000000000000e+00 6.586159563855744636e-01 2.592985134422500781e-01 4.769792456854826668e-02 3.417949881385451416e-02
1.500000000000000000e+01 6.749179562682112721e-01 1.575588192818888067e-01 4.652889867521536882e-02 3.091225720996162996e-02
6.000000000000000000e+00 7.887600109659195224e-01 2.271796101373291243e-01 4.550854548567473401e-02 3.468705074339517580e-02
3.000000000000000000e+00 7.779600676414708538e-01 3.187673908184682769e-01 4.550837050799272365e-02 3.467941005128183374e-02
0.000000000000000000e+00 7.648963213934116823e-01 4.158294066063602523e-01 4.703995015839568250e-02 3.528022508531974966e-02
1.500000000000000000e+01 7.448656345965440906e-01 5.381335569824803322e-01 4.638938313678031555e-02 3.866779300852352108e-02
8.000000000000000000e+00 7.532747995261559470e-01 6.566038588574973911e-01 4.637964271248329329e-02 3.866003566462217211e-02
7.000000000000000000e+00 8.590560115331877800e-01 5.833569471724157074e-01 4.483243172248985164e-02 3.694391288562037801e-02
5.000000000000000000e+00 8.787149290817342084e-01 4.864488242558282494e-01 4.848421594548890656e-02 3.304401030956860552e-02
8.000000000000000000e+00 8.710198772352446550e-01 3.800465289665954094e-01 4.250137904310347103e-02 3.463969011747153326e-02
