0.000000000000000000e+00 6.428431126580483879e-01 3.017229143034003136e-01 3.389272128069475976e-02 4.560788358987133417e-02
1.100000000000000000e+01 7.897503501770115619e-01 4.545405324741702557e-01 2.423721817133772660e-02 3.141623769063295324e-02
1.300000000000000000e+01 8.781141319837815207e-01 7.327903860637272615e-01 2.171288276983707188e-02 3.196036705163451952e-02
2.000000000000000000e+00 1.633257978905184316e-01 7.350229676070064722e-01 3.303667007544960899e-02 4.422134180553860539e-02
9.000000000000000000e+00 1.698627209685098505e-01 5.788248467547509879e-01 3.321292956767529780e-02 4.479057232899907870e-02
1.000000000000000000e+00 1.974305732112920930e-01 4.511381932322797161e-01 3.262985713150617917e-02 4.413910285246513965e-02
3.000000000000000000e+00 1.964590566587361420e-01 3.239272139930754468e-01 3.297500536998701492e-02 4.270993261997968471e-02
8.000000000000000000e+00 2.478059220379131566e-01 8.017920887663179119e-01 3.452573487361726423e-02 4.855586277257106786e-02
1.500000000000000000e+01 2.453740982039487040e-01 6.937073827976039109e-01 3.327526170289113461e-02 4.499242630132738174e-02
0.000000000000000000e+00 2.543546557206683989e-01 5.424307728710149323e-01 3.266720417900276230e-02 4.380219592050249577e-02
1.000000000000000000e+00 2.758531774649751189e-01 4.137329632723821815e-01 3.303144671216340367e-02 4.504640105528529004e-02
0.000000000000000000e+00 2.512517167604767510e-01 2.608133299147634143e-01 3.257834896576683459e-02 4.364703301221628529e-02
6.000000000000000000e+00 3.351240155334624382e-01 7.682945729555972214e-01 3.479955518455601915e-02 4.610140436436638289e-02
5.000000000000000000e+00 3.504236093324250012e-01 6.302866406355678297e-01 3.383854339594238869e-02 4.451477874748566155e-02
9.000000000000000000e+00 3.722687302494587236e-01 4.522581403582197068e-01 3.445490026371889059e-02 4.533658790452088638e-02
6.000000000000000000e+00 3.459271205754914646e-01 3.529220745763164135e-01 3.294787289958350796e-02 4.372169808852466311e-02
2.000000000000000000e+00 3.742603551424751318e-01 2.093160316729426595e-01 3.336928224204344096e-02 4.424571750087433197e-02
8.000000000000000000e+00 4.178959693021740418e-01 8.203462296448552626e-01 3.416465537711343980e-02 4.731630062737623987e-02
1.500000000000000000e+01 4.461939171482907085e-01 6.965586136847686793e-01 3.327366567522038743e-02 4.335350901421430869e-02
7.000000000000000000e+00 4.369929046822066399e-01 5.592957361001518191e-01 3.364812278547396618e-02 4.516189542128101753e-02
1.000000000000000000e+00 4.284235854588812620e-01 4.349776730890049237e-01 3.294787289958350796e-02 4.372166906983965262e-02
5.000000000000000000e+00 4.556452012624979675e-01 2.808248471875319785e-01 3.325500666081454559e-02 4.509158314771127829e-02
3.000000000000000000e+00 4.690075802026757446e-01 1.558995246663321677e-01 3.388535053472407910e-02 4.492669897997561557e-02
7.000000000000000000e+00 5.313417177077491838e-01 6.501371622443803400e-01 3.699307757792813511e-02 4.643082447561852621e-02
2.000000000000000000e+00 5.375459125444069786e-01 5.267684890385353480e-01 3.477477322763133927e-02 4.699883621431244496e-02
3.000000000000000000e+00 5.280333844956685008e-01 3.735624122420361237e-01 3.540685822263633931e-02 4.615981897711751714e-02
5.000000000000000000e+00 5.445174774851835320e-01 2.263824426128187572e-01 3.465359119939048771e-02 4.595097150172258726e-02
7.000000000000000000e+00 6.062058331759679897e-01 7.614841777908860632e-01 3.559606004833804072e-02 4.847339167001851745e-02
8.000000000000000000e+00 6.208124752882983044e-01 5.817368137494607350e-01 3.582443709868643467e-02 4.851041951198087343e-02
6.000000000000000000e+00 6.501063153823067875e-01 4.578647969442739551e-01 3.830855260288312802e-02 4.931600722414392068e-02
