7.000000000000000000e+00 3.051829561991647455e-01 2.187719899224997433e-01 4.801980507652092722e-02 3.483746908128890207e-02
6.000000000000000000e+00 2.226835767197208604e-01 1.278796072015120910e-01 4.871805911882276519e-02 3.448777025640657745e-02
6.000000000000000000e+00 3.855013128745071183e-01 1.241642171560382313e-01 4.010587806127885457e-02 3.042186452357688309e-02
1.500000000000000000e+01 5.150897098707291066e-01 1.436963791311065275e-01 4.648911371627911793e-02 3.287506590383071359e-02
0.000000000000000000e+00 6.526495410003236852e-01 1.618036334362442652e-01 4.180375394108604148e-02 3.577231372464992343e-02
6.000000000000000000e+00 7.118591366693480804e-01 2.218110586830837616e-01 4.319704903329413259e-02 3.239796376183989857e-02
0.000000000000000000e+00 5.856664369752424548e-01 2.306161826568557394e-01 4.431217522454489188e-02 3.372770695361396176e-02
5.000000000000000000e+00 4.243149417315430494e-01 2.189023203301380671e-01 4.734170030856410527e-02 3.649278642622952318e-02
3.000000000000000000e+00 1.740189676354105819e-01 2.309212127188151609e-01 4.682413624538853125e-02 3.388642333220456826e-02
5.000000000000000000e+00 4.695580567522590620e-02 2.844615922208788561e-01 4.780733914717755217e-02 3.259104282181346512e-02
9.000000000000000000e+00 3.698775519330134709e-01 3.233350834828437881e-01 4.809160728793682171e-02 3.432031344935010386e-02
8.000000000000000000e+00 5.053459836862181920e-01 3.078093460381636781e-01 4.879315600888162185e-02 3.631103452588774205e-02
2.000000000000000000e+00 6.381075101892912382e-01 3.008002439703835185e-01 4.462122152699865563e-02 3.403272340119878336e-02
0.000000000000000000e+00 7.881798500858918644e-01 3.134189448589376203e-01 4.590630957022445724e-02 3.557289036613259237e-02
3.000000000000000000e+00 1.366336500419445543e-01 3.898246800445924753e-01 5.514317258996172255e-02 3.848682941015918457e-02
7.000000000000000000e+00 2.917370595268753419e-01 3.927511034700882364e-01 5.184307542598792784e-02 3.559794081531825194e-02
2.000000000000000000e+00 3.899221453520491654e-01 3.778607352716292223e-01 5.187403451373145957e-02 3.851958559534435222e-02
1.000000000000000000e+00 5.653255811514623641e-01 3.878403304953477182e-01 4.865624985833205685e-02 3.550598932955728593e-02
2.000000000000000000e+00 7.217789784031340972e-01 3.943187170141299047e-01 4.895456803363462672e-02 3.671578988148033185e-02
8.000000000000000000e+00 8.836804671502047626e-01 3.939302580648825214e-01 4.942943741819805226e-02 3.854771289318004168e-02
1.500000000000000000e+01 1.908022648579612013e-01 4.847102132807749042e-01 5.183741184617199349e-02 3.887301475885546198e-02
3.000000000000000000e+00 3.516787409589769986e-01 4.807310038851269063e-01 5.138685773456824757e-02 3.706437232764897560e-02
9.000000000000000000e+00 4.783718778330650068e-01 4.709868692693793824e-01 4.703232726112077655e-02 3.527408207334586931e-02
7.000000000000000000e+00 8.295575557895773500e-01 4.960686859740451871e-01 4.878139318926388857e-02 3.904673417820836434e-02
5.000000000000000000e+00 2.747444140667549828e-01 5.861172089168391608e-01 5.398358185140650356e-02 3.802772547133326242e-02
1.000000000000000000e+00 4.199907032414859631e-01 5.931146706943728475e-01 5.325537618507825144e-02 4.139276320194607006e-02
1.000000000000000000e+00 5.883211310989462373e-01 6.074870119409212510e-01 5.199601930976627262e-02 4.244264931031749288e-02
8.000000000000000000e+00 7.424544483247869087e-01 5.900087689690862724e-01 5.501977189897311327e-02 4.224616665670444249e-02
1.400000000000000000e+01 6.345833476488511593e-01 8.049778372185900643e-01 4.172615200610874098e-02 3.170548221435043335e-02
1.400000000000000000e+01 5.596886582809517119e-01 6.984833404116550515e-01 4.065769589084089475e-02 3.049832285109144170e-02
