2 0.322927 0.270090 0.050438 0.042555
11 0.750885 0.238898 0.052583 0.038641
12 0.689297 0.270250 0.045177 0.030734
6 0.510469 0.928617 0.055687 0.036250
2 0.669125 0.897336 0.055688 0.040969
8 0.792047 0.859117 0.059885 0.043344
1 0.639177 0.780715 0.058833 0.040977
6 0.838276 0.729887 0.061990 0.046492
3 0.525177 0.839813 0.053583 0.039406
8 0.377563 0.862270 0.050438 0.035461
6 0.363927 0.758262 0.050479 0.038633
15 0.507323 0.723977 0.053583 0.037828
7 0.647583 0.662512 0.056729 0.039398
5 0.652833 0.604203 0.058833 0.042547
5 0.509422 0.606566 0.057781 0.042555
5 0.381240 0.640449 0.051479 0.040977
5 0.259891 0.704277 0.050427 0.037820
9 0.098615 0.645965 0.049375 0.039398
7 0.255688 0.589625 0.050438 0.038609
3 0.362844 0.519500 0.050417 0.043359
15 0.107542 0.510035 0.048333 0.037039
7 0.224167 0.463941 0.048333 0.039398
0 0.480000 0.456059 0.055687 0.039398
8 0.789948 0.424539 0.059896 0.044125
2 0.647057 0.401687 0.061990 0.039406
3 0.367057 0.439512 0.052531 0.037820
9 0.259365 0.344555 0.051479 0.040188
0 0.307172 0.412324 0.050427 0.037039
1 0.087068 0.397750 0.049406 0.034672
1 0.492083 0.338648 0.060937 0.042547
