0.000000000000000000e+00 7.164194949596274231e-01 8.745964458121804341e-01 4.816847936083867854e-02 3.471438467448417775e-02
2.000000000000000000e+00 8.167934114967858594e-01 8.076984845518677680e-01 4.808932491436856971e-02 3.418558974779306592e-02
6.000000000000000000e+00 5.268861179792732052e-01 7.539329753705128478e-01 4.921337208458220758e-02 3.690423430959111073e-02
7.000000000000000000e+00 2.605541388726146934e-01 7.243260516158862572e-01 5.111656375672182784e-02 3.550825244375699352e-02
6.000000000000000000e+00 1.765174029200123063e-01 6.054664110531442489e-01 5.147505505523986002e-02 3.664629347174253038e-02
0.000000000000000000e+00 3.328251877063401754e-01 6.347430203309827323e-01 5.205471954599349971e-02 3.715914944846177015e-02
1.000000000000000000e+00 6.246516388611336179e-01 6.634203521050514585e-01 5.340277650123437247e-02 3.676478200492261372e-02
5.000000000000000000e+00 7.591440394651871593e-01 6.991097682750978537e-01 5.206266200580988990e-02 3.715358432355642115e-02
1.000000000000000000e+00 9.180358117012206165e-01 7.292524838853016167e-01 5.254418038597452600e-02 3.565154090248634500e-02
8.000000000000000000e+00 8.881385559205824398e-01 6.123676792240639877e-01 5.349489822903730207e-02 3.729179393043036139e-02
8.000000000000000000e+00 7.167845509443202534e-01 5.911450753973080952e-01 5.150144887578644859e-02 3.816195253821219602e-02
7.000000000000000000e+00 5.798826943927521960e-01 5.590505948403050596e-01 4.898266253753302824e-02 3.899385766606167092e-02
3.000000000000000000e+00 4.302528433715527845e-01 5.498130818310631440e-01 5.475977547756111230e-02 3.824672613992652348e-02
1.500000000000000000e+01 2.711254178124617997e-01 5.230094681792709643e-01 4.952434370004879516e-02 3.713807761629572823e-02
1.000000000000000000e+00 1.200135956410890992e-01 5.005661433984471831e-01 4.972525551520157183e-02 3.842148727105787476e-02
5.000000000000000000e+00 8.319217172790751569e-01 5.069676849649970007e-01 5.458976901625189893e-02 4.264023016172585612e-02
7.000000000000000000e+00 6.497062634279708870e-01 5.068300021539271505e-01 5.934600571817194581e-02 4.055641506668561380e-02
8.000000000000000000e+00 6.693614201084334692e-01 4.682087782275872190e-01 5.908428275660115858e-02 3.866770352536780253e-02
6.000000000000000000e+00 4.855406978738148194e-01 4.424409261722668241e-01 5.228672582117593892e-02 3.865030575624600617e-02
2.000000000000000000e+00 3.431916646466344201e-01 4.282528158245422212e-01 5.257632843761256281e-02 4.012568520507520109e-02
1.500000000000000000e+01 2.232049512147011028e-01 4.225109171578839140e-01 5.150296172527518701e-02 4.269744829060756475e-02
5.000000000000000000e+00 7.876782718867125777e-01 3.702065909538153066e-01 5.685418051902335623e-02 4.094256989871392083e-02
9.000000000000000000e+00 6.161770072218125671e-01 3.571337883689893467e-01 5.951625531600601704e-02 4.181488972005115157e-02
0.000000000000000000e+00 4.632765241891567687e-01 3.362826025993302936e-01 5.406632309311071305e-02 4.450838315909694254e-02
2.000000000000000000e+00 2.937936303713197805e-01 2.951392694688954599e-01 5.745189114296533894e-02 4.479223154444200716e-02
1.500000000000000000e+01 6.054420433703060489e-01 2.401697482157733599e-01 4.206207852046106588e-02 2.997830128896925017e-02
3.000000000000000000e+00 5.517622263064264621e-01 2.152831444952913176e-01 3.876595769663460089e-02 3.456372107449662279e-02
9.000000000000000000e+00 5.389799988841370570e-01 8.237979316453193368e-01 4.975464801955642447e-02 3.590348437271839721e-02
8.000000000000000000e+00 4.123487964668464123e-01 8.228896816486219734e-01 4.729529505407920054e-02 3.358461028834835993e-02
3.000000000000000000e+00 2.886609237756170288e-01 8.017267003008283766e-01 4.412387625240471456e-02 3.121116556170211442e-02
