1.000000000000000000e+00 4.769616686302492470e-01 8.439179611951492799e-01 3.223106864173636010e-02 4.079321532626500879e-02
1.100000000000000000e+01 2.247220121618318522e-01 3.035201475104923885e-01 2.771239063042385542e-02 3.726194575367175466e-02
1.000000000000000000e+00 3.203950630668569444e-01 2.948449705647253616e-01 2.458830479477641662e-02 3.031996683230625544e-02
8.000000000000000000e+00 5.883920620224409870e-01 2.387085876341794588e-01 3.685042454275155865e-02 5.003211571412033432e-02
8.000000000000000000e+00 8.626202060434082775e-01 4.526718682555707085e-01 3.573658277880509271e-02 5.078096308425050776e-02
3.000000000000000000e+00 5.195241422847335366e-01 3.322834191801544712e-01 3.957357691450935633e-02 5.126697569603450022e-02
3.000000000000000000e+00 5.919236279441878468e-01 3.902645621209887006e-01 3.956800016225670014e-02 5.126455102114196860e-02
9.000000000000000000e+00 6.917508608721035790e-01 4.609192113165574978e-01 3.419583658878688759e-02 4.559479901586704909e-02
2.000000000000000000e+00 7.770084917793558255e-01 5.378626185470384291e-01 3.351019241085451128e-02 4.580216260083935786e-02
2.000000000000000000e+00 8.339805119707670578e-01 6.063859515712746173e-01 3.275051482620450205e-02 4.254981146337910580e-02
5.000000000000000000e+00 4.033487005391829250e-01 3.868719300705816266e-01 3.518044318096374967e-02 4.851620897133429589e-02
0.000000000000000000e+00 4.906172625093555562e-01 4.567541721383149844e-01 3.407034619268434206e-02 4.480594451001085332e-02
9.000000000000000000e+00 5.906639285150419028e-01 5.326030945927411331e-01 3.348777763851495948e-02 4.620525133130015671e-02
7.000000000000000000e+00 6.716635339619244638e-01 5.942695817251704149e-01 3.339111393280091988e-02 4.452112603263946866e-02
1.000000000000000000e+00 5.684796888761713962e-01 8.981233734525626566e-01 2.938107883226892536e-02 3.917983665280078132e-02
5.000000000000000000e+00 7.455468802443357967e-01 6.655978056058735604e-01 3.346126785969039119e-02 4.619447499844453464e-02
8.000000000000000000e+00 8.293496792752607094e-01 7.126994323040958257e-01 2.825608356381703601e-02 3.954213696340336259e-02
2.000000000000000000e+00 3.144833689185595471e-01 4.818587171585351214e-01 3.653518986589543438e-02 4.746786037031719419e-02
6.000000000000000000e+00 4.014400368750613568e-01 5.209009130999386894e-01 3.394113796174674791e-02 4.556772347956750124e-02
1.500000000000000000e+01 4.873125922758817508e-01 6.031943250694551395e-01 3.420903759653493026e-02 4.405731266653778455e-02
6.000000000000000000e+00 5.827256776211835465e-01 6.456740903692733680e-01 3.305085122288786703e-02 4.438071041553204310e-02
5.000000000000000000e+00 6.639079688507993904e-01 7.282172438527163560e-01 3.273364986528559673e-02 4.301922852256556684e-02
1.000000000000000000e+00 7.303794342176802568e-01 7.839744749821568881e-01 2.966751375956877546e-02 4.059487692005914194e-02
0.000000000000000000e+00 6.462052019340577269e-01 8.372163483781261961e-01 2.938662864368968286e-02 3.918209968270058852e-02
0.000000000000000000e+00 5.825126564614619973e-01 7.823094507334826808e-01 3.049012512809490261e-02 4.127480964157825838e-02
1.500000000000000000e+01 5.002835657286769377e-01 7.156502616482587342e-01 3.205595323283416676e-02 4.274109137156456573e-02
7.000000000000000000e+00 4.078412863545689548e-01 6.447839383345752573e-01 3.307795370001948010e-02 4.317068988084993286e-02
7.000000000000000000e+00 3.256749408198351681e-01 6.053718717087379630e-01 3.519709261522552257e-02 4.567370871320164394e-02
3.000000000000000000e+00 3.116857655571861896e-01 7.119538178338223888e-01 3.164200734702143913e-02 4.094392234124955010e-02
6.000000000000000000e+00 4.102497428661134871e-01 7.694318676752966990e-01 3.164200734702138362e-02 4.094392234124943908e-02
