8.000000000000000000e+00 4.487452911971054892e-01 4.965693525447884560e-01 3.727909261203071756e-02 3.572030340474718901e-02
1.000000000000000000e+00 6.827947104428198077e-01 7.844055249344460412e-01 3.447072518288463172e-02 3.636090244827205886e-02
6.000000000000000000e+00 5.894006092977541744e-01 7.518494203598324876e-01 3.631498349729167519e-02 3.678696124608815676e-02
7.000000000000000000e+00 4.908336115215290452e-01 7.184556591518225233e-01 3.668827057470952502e-02 3.810647009130030405e-02
1.500000000000000000e+01 3.840327819649024255e-01 6.852209145695933312e-01 3.783994052800088159e-02 3.863375562476778491e-02
2.000000000000000000e+00 3.582299332647536083e-01 5.726591587131266703e-01 3.858373580389962143e-02 3.747687864589521745e-02
3.000000000000000000e+00 4.668488376211417101e-01 6.067046075010028572e-01 3.747817365743871809e-02 3.605943455270499420e-02
2.000000000000000000e+00 6.624321377884554440e-01 6.734542508293748231e-01 3.488194530676480554e-02 3.550538544733816693e-02
6.000000000000000000e+00 7.596838624863920808e-01 7.071124641863331117e-01 3.393869127375781503e-02 3.433501876488731508e-02
5.000000000000000000e+00 8.293703761601967095e-01 6.403209757974612781e-01 3.290591956780530847e-02 3.329280426643010937e-02
1.500000000000000000e+01 7.384366890301790054e-01 6.044386070939249400e-01 3.336872431816861884e-02 3.336872431816872986e-02
3.000000000000000000e+00 6.447001382700754402e-01 5.708463853668714894e-01 3.649909097172787664e-02 3.649909097172787664e-02
9.000000000000000000e+00 5.401087737728302862e-01 5.298258695085931169e-01 3.602538654087328318e-02 3.642236153777467234e-02
1.000000000000000000e+00 3.420781715823465463e-01 4.603361975894025848e-01 3.924397585583444537e-02 3.689045425194059646e-02
3.000000000000000000e+00 9.004058871712354861e-01 5.684629166210338758e-01 3.213198829411278989e-02 3.408853490110508311e-02
0.000000000000000000e+00 8.078213840761233611e-01 5.392001073397979516e-01 3.473706589033409564e-02 3.355439659821990439e-02
5.000000000000000000e+00 7.164247572987066937e-01 5.023165867954965114e-01 3.206394622926378446e-02 3.363269083778824831e-02
0.000000000000000000e+00 6.272423574460346263e-01 4.662602683643182200e-01 3.648732795020759312e-02 3.648735492961474591e-02
9.000000000000000000e+00 5.263958695591531844e-01 4.308192692721591333e-01 3.447747003467394045e-02 3.486430077448443576e-02
5.000000000000000000e+00 4.258547480921731632e-01 3.916049033156789871e-01 3.832271003966009060e-02 3.676297655312599222e-02
0.000000000000000000e+00 5.069842130894284260e-01 3.254980848319223297e-01 3.642392634338970092e-02 3.603644809780742753e-02
7.000000000000000000e+00 5.997969889484918715e-01 3.682070124591678706e-01 3.505930792941192031e-02 3.584438169826009712e-02
2.000000000000000000e+00 6.972568327932340271e-01 4.037570488253501289e-01 3.454437896442208444e-02 3.219989546192575380e-02
1.000000000000000000e+00 7.879710154666259569e-01 4.387241006719901915e-01 3.428553853216220748e-02 3.350043778390682236e-02
7.000000000000000000e+00 8.752444873659369629e-01 4.710000241032831214e-01 3.486430077448443576e-02 3.447747003467388494e-02
8.000000000000000000e+00 8.523461472123363691e-01 3.727151904568046237e-01 3.115527979623156085e-02 3.037004415094046728e-02
8.000000000000000000e+00 7.594973268653116838e-01 3.382082858889229326e-01 3.378102361833490441e-02 3.383722172344200141e-02
6.000000000000000000e+00 5.835716814021761900e-01 2.640033015736514832e-01 3.268781804035181260e-02 3.357727513548869336e-02
1.100000000000000000e+01 3.731828110313453739e-01 1.899039821065086064e-01 3.347621027628022716e-02 3.535694474916284413e-02
1.100000000000000000e+01 4.363801162885262430e-01 1.061367539612618344e-01 3.266032602445928523e-02 3.688036395366414699e-02
