1.000000000000000000e+01 1.190959365746762644e-01 6.123416617601427081e-01 2.903734350688270960e-02 3.263476864075876005e-02
6.000000000000000000e+00 7.028657724287499242e-01 8.507815389923703009e-01 3.399434140547219485e-02 4.926486090434412102e-02
3.000000000000000000e+00 7.768961261925708683e-01 8.232281968371846226e-01 3.213852147797757741e-02 4.392250118239393597e-02
1.000000000000000000e+00 8.884104930323182270e-01 6.833163202926005875e-01 3.004123673247727222e-02 4.124844338131183896e-02
9.000000000000000000e+00 7.827169575648760258e-01 6.972312453557307776e-01 3.309219182719336239e-02 4.498970909034483157e-02
9.000000000000000000e+00 6.968069466956270386e-01 7.230321759215840860e-01 3.486071423810610526e-02 4.991454177597265396e-02
1.500000000000000000e+01 5.450745518933062250e-01 8.007497916947812211e-01 3.479062793196829872e-02 4.896329792527842617e-02
1.000000000000000000e+00 6.221509513246016310e-01 6.942509408691341921e-01 3.492701972096567964e-02 5.086792997419742335e-02
6.000000000000000000e+00 8.262099967240328358e-01 5.323115364655925941e-01 3.174875809915889135e-02 4.577233950888170977e-02
3.000000000000000000e+00 7.410637685871293012e-01 5.458381371199578780e-01 3.277612628719583920e-02 4.541761928313203800e-02
5.000000000000000000e+00 3.918507069531287912e-01 7.160067573238625416e-01 3.839561471240038326e-02 5.034358057272325659e-02
3.000000000000000000e+00 4.770851072746863375e-01 6.861965458227277104e-01 3.889378050191966141e-02 5.228353792570206160e-02
7.000000000000000000e+00 5.760177406983687520e-01 6.017218088290485767e-01 3.566918968740862006e-02 4.827874319117553270e-02
8.000000000000000000e+00 4.497594891842496279e-01 5.473716841856552939e-01 3.691364484783787869e-02 5.024905999077444729e-02
8.000000000000000000e+00 5.051757636693777753e-01 5.572896583118058800e-01 3.776650264800784917e-02 5.035531805394455329e-02
1.000000000000000000e+00 6.410233821581048375e-01 5.490539248235530856e-01 3.628851111241693239e-02 4.735430368461623907e-02
2.000000000000000000e+00 7.956863100122288923e-01 4.368694211653373349e-01 3.309027320045532239e-02 4.486420832959592264e-02
7.000000000000000000e+00 8.593630767350607380e-01 4.036924993955791074e-01 3.106572698040710456e-02 4.533489261260237324e-02
8.000000000000000000e+00 8.970968216530259554e-01 3.955371225095323240e-01 2.985270344036317081e-02 4.448601314140393503e-02
6.000000000000000000e+00 8.867674149519564342e-01 2.738169452102755530e-01 2.836999998322442540e-02 4.254151315747184414e-02
5.000000000000000000e+00 8.010635153815541809e-01 3.003486045198909826e-01 3.196353143342622882e-02 4.390156557886981670e-02
0.000000000000000000e+00 7.336450315081040063e-01 3.671013672378805603e-01 3.380840390247419336e-02 4.506952960566823485e-02
2.000000000000000000e+00 6.384284959250670077e-01 4.026758670527457173e-01 3.501047998407147421e-02 4.719508588045584485e-02
5.000000000000000000e+00 4.707839984856843629e-01 4.442847018947242432e-01 3.764808387713047821e-02 4.865211359742344088e-02
2.000000000000000000e+00 5.840413530716688228e-01 2.894264268020558251e-01 3.469108506238149925e-02 5.397943467155896791e-02
0.000000000000000000e+00 7.693245479217791782e-01 1.190156505102178408e-01 3.007509485138426530e-02 4.652672661323030423e-02
0.000000000000000000e+00 6.740631221160913178e-01 1.323802823882613000e-01 3.310161567028901963e-02 4.971579461798809885e-02
1.500000000000000000e+01 5.479716218375896286e-01 1.805237906095023548e-01 3.471354428125661418e-02 4.801036116863902081e-02
7.000000000000000000e+00 4.741372219369432428e-01 2.536811974226018118e-01 3.630165934859264087e-02 5.055231587578543073e-02
1.300000000000000000e+01 2.415934398538411854e-01 2.679613246207933064e-01 2.529260734066171579e-02 3.415638071954163468e-02
