1.200000000000000000e+01 2.291017647038525173e-01 3.245184793845566906e-01 3.027062212857714596e-02 4.127874332998288098e-02
1.500000000000000000e+01 8.273519284818368069e-01 5.104148038130809084e-01 3.279661923050158912e-02 4.404012668080570236e-02
3.000000000000000000e+00 7.914761283501776656e-01 6.303460080956522216e-01 3.302796463173141017e-02 4.340480646773292595e-02
1.000000000000000000e+00 7.580674443972686971e-01 7.618182306742393717e-01 3.279694909561747806e-02 4.404996765676105763e-02
6.000000000000000000e+00 7.904914809794496566e-01 2.731968826483416879e-01 3.324435614771026337e-02 4.615283028136518695e-02
2.000000000000000000e+00 7.583541246716775097e-01 4.032637286453499836e-01 3.245548372322271113e-02 4.327478463457989921e-02
9.000000000000000000e+00 7.392157080055743457e-01 5.297152117398122861e-01 3.389265105533867395e-02 4.381845732297362517e-02
7.000000000000000000e+00 6.856146608527520225e-01 6.633428004739383432e-01 3.280376630801107307e-02 4.282017552745831512e-02
8.000000000000000000e+00 6.816695840225621694e-01 7.715767953281524871e-01 3.315067445481689745e-02 4.284738939951360237e-02
3.000000000000000000e+00 7.263301045199497263e-01 1.745992374226287558e-01 3.355228523332987045e-02 4.427259912118108875e-02
9.000000000000000000e+00 6.912961476526273685e-01 3.054158943166596085e-01 3.429387699121666522e-02 4.526227693492546056e-02
8.000000000000000000e+00 6.598804537519942226e-01 4.365529052156725820e-01 3.389265105533878497e-02 4.381848481173306054e-02
5.000000000000000000e+00 6.303153856174001923e-01 5.649542072653774838e-01 3.353920058373571766e-02 4.380955096484628886e-02
2.000000000000000000e+00 5.874596396349525129e-01 7.967493246029446752e-01 3.281008872273105670e-02 4.329265232835355359e-02
0.000000000000000000e+00 6.263748444325529796e-01 2.080187107137009828e-01 3.357938915034663907e-02 4.522626665978149441e-02
7.000000000000000000e+00 8.560101974130369662e-01 3.740859221567306436e-01 3.326189397636836187e-02 4.307488637439194079e-02
6.000000000000000000e+00 5.844012677248513477e-01 3.376337926902115427e-01 3.360610822472809289e-02 4.617100035149512838e-02
5.000000000000000000e+00 5.684799430670788301e-01 4.642512391710716946e-01 3.318454060670805728e-02 4.379165578231308809e-02
6.000000000000000000e+00 5.294498352541336939e-01 5.908473268856823113e-01 3.322472917331886766e-02 4.520834398848849744e-02
2.000000000000000000e+00 5.060971031014309673e-01 7.206434223445000731e-01 3.210173087526346780e-02 4.325697191832555966e-02
5.000000000000000000e+00 4.846646257429655380e-01 8.376824242690654732e-01 3.315870117263530759e-02 4.186988910629507732e-02
1.000000000000000000e+00 4.997614387993617457e-01 3.653322503450290304e-01 3.359272119877787510e-02 4.569822117424354735e-02
1.500000000000000000e+01 4.725387291078381735e-01 4.968840391384283239e-01 3.387241932823503721e-02 4.335505181276311237e-02
8.000000000000000000e+00 4.340617088834672899e-01 6.118121517205714621e-01 3.466219888179128406e-02 4.576180267531804180e-02
0.000000000000000000e+00 4.152631769860789523e-01 7.522024426379576578e-01 3.423472118044590395e-02 4.336582740654670864e-02
7.000000000000000000e+00 4.238408932472493840e-01 2.685289339055882407e-01 3.390631296888563240e-02 4.430019783587155202e-02
3.000000000000000000e+00 4.046265388826080223e-01 3.777155242367762900e-01 3.289195024897412223e-02 4.614491351858540646e-02
1.000000000000000000e+00 3.735667419531868427e-01 5.190276919422256441e-01 3.462148802874692732e-02 4.432644960133902412e-02
0.000000000000000000e+00 3.319178899632519997e-01 6.483049095738557810e-01 3.534416751999308604e-02 4.484510751844938969e-02
1.100000000000000000e+01 2.591049349453973250e-01 4.890767503440193731e-01 2.933625169925241361e-02 3.273138840384792747e-02
