3.000000000000000000e+00 1.858447797621814446e-01 2.883682531107260583e-01 3.480029804679210526e-02 4.604608463601644885e-02
0.000000000000000000e+00 2.829355579954725419e-01 2.500454579300186997e-01 3.456811412646715320e-02 4.609112043602411890e-02
2.000000000000000000e+00 3.783822084696354948e-01 1.898149204895628883e-01 3.456817250080290727e-02 4.609114962319199593e-02
3.000000000000000000e+00 4.799352668611766015e-01 1.448691920818619971e-01 3.560615575140207989e-02 4.577522771827716164e-02
9.000000000000000000e+00 1.611537929560714899e-01 4.418850944218639110e-01 3.472519946388880063e-02 4.458488745144972842e-02
7.000000000000000000e+00 2.710548775373772812e-01 3.843861402406577032e-01 3.544428371845143033e-02 4.578529729118885339e-02
0.000000000000000000e+00 3.599233679000437558e-01 3.335681287825663643e-01 3.501526153807982267e-02 4.710607501118185825e-02
1.000000000000000000e+00 4.499887656423061655e-01 2.835824623839177661e-01 3.494057157552660220e-02 4.764758453648521019e-02
5.000000000000000000e+00 5.542480582378104259e-01 2.267274646872030064e-01 3.700296604366981601e-02 4.897449156172875573e-02
9.000000000000000000e+00 1.431696670781359981e-01 5.527225617224487131e-01 3.439827399669084795e-02 4.562275395337755945e-02
3.000000000000000000e+00 2.317903729792564205e-01 5.234428121661682809e-01 3.423243250891125355e-02 4.634577847560117370e-02
2.000000000000000000e+00 3.415843406545166494e-01 4.835498495096895999e-01 3.396609960219032498e-02 4.670501413762001564e-02
1.500000000000000000e+01 4.423813638369845647e-01 4.361290930482270012e-01 3.476649930641056985e-02 4.565331291812668724e-02
1.000000000000000000e+00 5.397737622629391607e-01 3.669953311109768190e-01 3.475864795825622799e-02 4.564260122752211712e-02
0.000000000000000000e+00 6.510854188861586733e-01 3.151441376913993730e-01 3.638781729385609509e-02 5.064536936020042068e-02
2.000000000000000000e+00 1.276706096397059453e-01 7.159037850874134801e-01 3.417195669710572370e-02 4.674430006555929662e-02
5.000000000000000000e+00 2.364471710177082908e-01 6.620930381856466873e-01 3.612991947864666042e-02 4.934709494662736784e-02
6.000000000000000000e+00 3.178733713836362496e-01 6.131661508946972816e-01 3.606526990183711590e-02 4.867514796815830547e-02
8.000000000000000000e+00 4.270009960166564755e-01 5.514923517843247636e-01 3.550846630057513664e-02 4.733609908108515896e-02
5.000000000000000000e+00 5.530097342670216021e-01 5.028296229560906827e-01 3.545540402940594582e-02 4.812254731906817629e-02
1.000000000000000000e+00 6.330168983123565241e-01 4.731427124081656888e-01 3.681552605167404124e-02 4.738697231466482140e-02
6.000000000000000000e+00 5.995754088652787139e-01 6.122542853964205722e-01 3.693589393192775461e-02 4.882050006410043608e-02
7.000000000000000000e+00 5.136960201438890428e-01 6.508889892464619908e-01 3.509943733018761058e-02 4.806980610674560506e-02
1.500000000000000000e+01 4.103871638889882156e-01 6.877895375181116711e-01 3.532873172089434632e-02 4.667763657416745815e-02
6.000000000000000000e+00 2.950733336216609937e-01 7.533485281038097003e-01 3.617434234812927363e-02 4.823296237508212236e-02
8.000000000000000000e+00 2.122937680628245727e-01 7.919904995586481977e-01 3.497282339601159862e-02 4.662212258089792893e-02
8.000000000000000000e+00 3.891685598495782106e-01 8.269325304925676523e-01 3.710704748425797117e-02 5.008121059263792585e-02
7.000000000000000000e+00 5.863552854933442582e-01 7.829032791556655990e-01 3.478112207750816420e-02 4.849401240442030581e-02
1.000000000000000000e+01 7.660043175851745101e-01 5.657262914318705871e-01 2.532617254665936457e-02 2.993751157116963935e-02
1.600000000000000000e+01 8.084519454829204310e-01 4.667531159946276542e-01 2.333006213672572660e-02 3.322471635138285473e-02
