3.000000000000000000e+00 8.117302949478877316e-01 2.505521768112190517e-01 4.468020013062423690e-02 3.383572669733772575e-02
0.000000000000000000e+00 8.120739591361112453e-01 3.489048729019820216e-01 4.476899374863407832e-02 3.357651850785353664e-02
2.000000000000000000e+00 8.334368190951650934e-01 4.502152725014643142e-01 4.476899374863407832e-02 3.357651850785348113e-02
3.000000000000000000e+00 8.383277258016127442e-01 5.540846690174302536e-01 4.424666500718643647e-02 3.474041799501126349e-02
9.000000000000000000e+00 6.776342127199854737e-01 1.960732238721819010e-01 4.308809540514546566e-02 3.388616215277820420e-02
7.000000000000000000e+00 6.911841982095623393e-01 3.102966876897820248e-01 4.428595873469653998e-02 3.456283075899152513e-02
0.000000000000000000e+00 7.061705593876678178e-01 4.035464156875346875e-01 4.580798114097972551e-02 3.397090165604499390e-02
1.000000000000000000e+00 7.199449387107531573e-01 4.977411493267701048e-01 4.641178908362797451e-02 3.383762617767194225e-02
5.000000000000000000e+00 7.349504080940113537e-01 6.065739446568628734e-01 4.752352373772761318e-02 3.597604412762400727e-02
9.000000000000000000e+00 5.808757051129782578e-01 1.565932055370443665e-01 4.428335049304354953e-02 3.343442603867555207e-02
3.000000000000000000e+00 5.758765563779348895e-01 2.451974992234766948e-01 4.510449300646579562e-02 3.318363793365780579e-02
2.000000000000000000e+00 5.730550909699009265e-01 3.557126812958275597e-01 4.553887864348604708e-02 3.285763607749697668e-02
1.500000000000000000e+01 5.805284404172557089e-01 4.593846594340756928e-01 4.425471653576718012e-02 3.383524473964100165e-02
1.000000000000000000e+00 6.094810284321988680e-01 5.643334427375545914e-01 4.424422686824991402e-02 3.382759011739866484e-02
0.000000000000000000e+00 6.172527947451897923e-01 6.787141665165533633e-01 4.945197823462055275e-02 3.514015937877235096e-02
2.000000000000000000e+00 4.344222133656123752e-01 1.087012676658434540e-01 4.554877295149550864e-02 3.307976187478545160e-02
5.000000000000000000e+00 4.449441720484261231e-01 2.211206078970813227e-01 4.807627251497492704e-02 3.498221900650758109e-02
6.000000000000000000e+00 4.608795362818517427e-01 3.070457979739588672e-01 4.735344937168634027e-02 3.497470613652908789e-02
8.000000000000000000e+00 4.786027509417616899e-01 4.214040114934749504e-01 4.597711994208031339e-02 3.449065050629257501e-02
5.000000000000000000e+00 4.780473655724086779e-01 5.488303095067402770e-01 4.684781904690776821e-02 3.435768688289964068e-02
1.000000000000000000e+00 4.765662245189895008e-01 6.294894171607161582e-01 4.581234711070303334e-02 3.591520405602455224e-02
6.000000000000000000e+00 3.590857047620933939e-01 5.698065826921085986e-01 4.736575346817939458e-02 3.591696178409498064e-02
7.000000000000000000e+00 3.543662190681925450e-01 4.818401174916234764e-01 4.684708193513625885e-02 3.397217742641872595e-02
1.500000000000000000e+01 3.576139760589869265e-01 3.779830392473770284e-01 4.528437662915824058e-02 3.435595750528197545e-02
6.000000000000000000e+00 3.385234899391242891e-01 2.570624046777845173e-01 4.684937832180902095e-02 3.513655887127317690e-02
8.000000000000000000e+00 3.326677747999487456e-01 1.719837307695396000e-01 4.528366786783954989e-02 3.397030629653727263e-02
8.000000000000000000e+00 2.356504559097958029e-01 3.296867388686169908e-01 4.872133036637310566e-02 3.598497452024002063e-02
7.000000000000000000e+00 2.048411258681882008e-01 5.225082466005663839e-01 4.736104729302301197e-02 3.358014736580539061e-02
1.000000000000000000e+01 3.418126385909322495e-01 7.344710019380256139e-01 2.856750381525346993e-02 2.493581081810569700e-02
1.600000000000000000e+01 4.185986916682815639e-01 7.943216710869072106e-01 3.252723990116002106e-02 2.245542970709513142e-02
