1.600000000000000000e+01 2.633315250918348838e-01 3.411678300742560510e-01 3.506122421702456693e-02 4.465776289320666503e-02
1.000000000000000000e+01 9.389138077193384668e-02 4.179050698855522050e-01 3.190133761295654846e-02 3.768286227219458384e-02
5.000000000000000000e+00 5.669456951646509868e-01 9.000599004585454477e-01 3.664461211972458443e-02 4.765106148230613403e-02
1.000000000000000000e+00 6.736231367114418056e-01 8.300966757207992597e-01 3.523648312332483545e-02 4.799124549290845199e-02
7.000000000000000000e+00 8.172565110105650676e-01 7.107697102937381439e-01 3.539481597462823537e-02 4.417332138229834726e-02
8.000000000000000000e+00 8.673499428392420496e-01 5.821239716614423632e-01 3.276985209812521838e-02 4.409267021498031180e-02
8.000000000000000000e+00 7.583171961973973474e-01 6.582593862856858102e-01 3.451668036346111634e-02 4.722986996638611767e-02
9.000000000000000000e+00 5.017833974525787166e-01 8.184535691316716655e-01 3.974110025463806206e-02 5.067625232239980626e-02
3.000000000000000000e+00 6.160266222613530740e-01 6.674864024559377107e-01 3.863796689134701978e-02 5.055379082975630656e-02
3.000000000000000000e+00 4.118828834496097158e-01 8.266526986462849891e-01 4.103983348505868545e-02 5.270767587034830282e-02
1.500000000000000000e+01 3.556369939511817013e-01 8.075583566147357395e-01 3.778447799184203593e-02 5.157945037289535239e-02
7.000000000000000000e+00 3.658623652653278935e-01 7.523547706135268465e-01 4.259346716476436479e-02 5.076248611838352076e-02
1.000000000000000000e+00 4.984662915534572303e-01 6.567372588241408016e-01 4.201872366570663653e-02 5.313266832493446223e-02
2.000000000000000000e+00 6.041617546569340025e-01 5.577048412020683132e-01 4.180509903474705080e-02 5.111300393098372474e-02
7.000000000000000000e+00 6.898530260357005339e-01 5.633968953284900216e-01 3.643259100976481424e-02 4.800128234657319304e-02
3.000000000000000000e+00 8.076204188163905728e-01 4.960190661018374914e-01 3.687183698434837176e-02 4.742630128884883778e-02
0.000000000000000000e+00 8.963097993472557423e-01 4.413568763018594354e-01 3.481861742873715304e-02 4.700754474926149840e-02
2.000000000000000000e+00 3.826254104745689943e-01 6.050935191370909738e-01 4.216535675267879535e-02 5.449275108101014897e-02
6.000000000000000000e+00 4.916033107592572837e-01 5.195219624788850465e-01 4.005559823441184886e-02 5.339193391471863670e-02
6.000000000000000000e+00 5.589388990855010952e-01 4.643944546406618690e-01 3.901663540594191293e-02 5.318436702975798402e-02
1.500000000000000000e+01 6.847646084811644940e-01 4.018645445134242378e-01 3.657684851007081406e-02 5.069781077139573489e-02
3.000000000000000000e+00 7.806215794065052282e-01 3.486699179187515152e-01 3.782967352816690720e-02 5.090101251585721354e-02
2.000000000000000000e+00 8.852308945913546223e-01 2.732030824668814639e-01 3.595343517918880849e-02 4.890201572590260892e-02
5.000000000000000000e+00 8.267639651867639827e-01 1.955360528818447796e-01 3.733638295692698339e-02 5.151798206790703105e-02
1.000000000000000000e+00 3.748341988853782780e-01 4.362698989467397870e-01 4.291521068387005311e-02 5.663749011293717217e-02
5.000000000000000000e+00 5.996986212077795031e-01 3.069688844274014450e-01 4.177837368475201263e-02 5.618113991435691457e-02
8.000000000000000000e+00 7.163745209998430008e-01 2.214031034142778243e-01 3.811492209711286883e-02 5.323173028891567404e-02
9.000000000000000000e+00 6.221274554633640097e-01 1.356169718904459698e-01 4.056712143331486775e-02 5.616234308486052484e-02
0.000000000000000000e+00 5.142261413609716669e-01 1.945991808903556053e-01 4.116737279420112916e-02 6.113239703375231149e-02
0.000000000000000000e+00 3.948543515830023054e-01 2.701374918060455155e-01 4.409519427581315432e-02 6.088147569213320232e-02
