3 0.370008 0.175135 0.034063 0.043771
10 0.805063 0.550974 0.029781 0.042552
2 0.773266 0.595891 0.033094 0.039406
9 0.539820 0.808365 0.038297 0.058625
6 0.374770 0.831172 0.039398 0.057781
2 0.262082 0.840302 0.039398 0.058438
5 0.132508 0.810620 0.034281 0.054365
2 0.121258 0.681802 0.035422 0.052042
7 0.229016 0.672719 0.036641 0.056729
15 0.359047 0.671896 0.039812 0.051437
7 0.457496 0.639625 0.037227 0.052000
3 0.578652 0.657354 0.044320 0.055937
0 0.070570 0.550109 0.033094 0.050427
8 0.283332 0.528443 0.037820 0.051219
9 0.515590 0.497312 0.039008 0.050438
5 0.554898 0.128896 0.036937 0.045417
1 0.656250 0.490615 0.043734 0.051229
6 0.724926 0.376510 0.041133 0.049167
5 0.569813 0.397891 0.036156 0.052969
3 0.476207 0.373297 0.037586 0.052948
8 0.348906 0.411594 0.038297 0.046333
7 0.257418 0.398828 0.034039 0.049177
0 0.154234 0.408286 0.036172 0.045385
3 0.235336 0.283688 0.033859 0.044688
2 0.304934 0.282312 0.035570 0.044688
8 0.420707 0.267724 0.036602 0.045594
0 0.461527 0.159813 0.034883 0.044875
1 0.537672 0.247203 0.037281 0.047427
15 0.644723 0.238995 0.038648 0.050156
1 0.279922 0.167750 0.032016 0.043229
