6.000000000000000000e+00 8.941006612660280517e-01 3.739039667717010129e-01 4.171495017071724654e-02 3.357281235996084634e-02
1.400000000000000000e+01 3.115385659127576368e-01 7.240660182533334988e-01 3.735836447751911260e-02 2.999326693322768023e-02
1.200000000000000000e+01 1.827433462152193433e-01 6.090629981085510236e-01 4.345425325157648011e-02 2.894018458132507909e-02
1.000000000000000000e+00 1.860270831199264119e-01 4.195957691779666487e-01 6.261565627329879202e-02 4.925380314961647077e-02
0.000000000000000000e+00 3.385625671902355305e-01 1.770477887011159268e-01 5.904582922510581700e-02 4.107657597209554701e-02
5.000000000000000000e+00 3.908736174225629911e-01 6.347423023523904306e-02 6.537871456374039214e-02 4.264688247037561053e-02
1.000000000000000000e+00 5.614600579282997828e-01 7.287802285532898883e-02 5.384818810532443489e-02 3.810432886688212839e-02
5.000000000000000000e+00 5.195967089773074754e-01 2.041190058176960698e-01 5.792007404252669245e-02 4.252246429083467172e-02
9.000000000000000000e+00 4.470549044043298781e-01 2.997607511555581694e-01 5.876230484822564382e-02 3.996506867781868255e-02
0.000000000000000000e+00 3.898094979740881483e-01 4.191574961068095240e-01 5.811733705944405193e-02 4.039035524313894232e-02
6.000000000000000000e+00 3.273698045547115409e-01 4.968914949207409171e-01 5.792010271030995083e-02 4.252246429083461621e-02
8.000000000000000000e+00 4.039596864708572266e-01 6.373456297442239293e-01 5.563986722628061488e-02 4.218338174991054235e-02
3.000000000000000000e+00 4.569671774968893652e-01 5.183837320640247714e-01 5.457316767730846507e-02 4.090927078873130007e-02
3.000000000000000000e+00 5.071547333504040633e-01 4.033800238924429848e-01 5.356712915780831308e-02 4.245251489957202473e-02
9.000000000000000000e+00 8.579901480601812569e-01 4.626459930255430453e-01 4.396273372404602142e-02 3.388956269769083374e-02
0.000000000000000000e+00 5.843672795199207348e-01 3.048121292449208486e-01 5.557570872724548749e-02 3.895194921584238523e-02
1.000000000000000000e+00 8.163311574024740835e-01 5.439454757184967182e-01 4.187984726028404214e-02 3.415353564635748018e-02
3.000000000000000000e+00 7.702095675889094606e-01 6.521179664742642323e-01 4.022663353268773889e-02 3.337101983328139010e-02
1.500000000000000000e+01 6.407607080981398973e-01 1.764645139820052722e-01 5.033260050314314338e-02 3.866223259776840893e-02
8.000000000000000000e+00 6.879531256214725943e-01 7.909547736448843680e-02 4.760784237119630724e-02 3.661844899043349699e-02
0.000000000000000000e+00 7.681608531228460990e-01 1.688786745062700878e-01 4.625925250899209917e-02 3.697628026163859993e-02
6.000000000000000000e+00 7.165915244479525992e-01 2.744930672883306721e-01 4.609882759362105009e-02 3.640318260560099217e-02
1.500000000000000000e+01 6.669531716530913146e-01 3.751512303538158122e-01 4.942262772549588234e-02 3.798481287828620045e-02
8.000000000000000000e+00 6.112727108456517122e-01 4.868587168010615196e-01 4.584775514744143798e-02 3.804507255879202576e-02
5.000000000000000000e+00 5.386498481153809692e-01 5.944159395915507016e-01 4.898521468783789690e-02 3.902585476120101760e-02
2.000000000000000000e+00 5.120121308840377417e-01 7.049737619249413223e-01 4.931056536055922201e-02 4.017944636136872028e-02
7.000000000000000000e+00 8.441846609898638887e-01 2.867496770283880503e-01 4.369921945991239731e-02 3.551301926621702743e-02
7.000000000000000000e+00 7.774568405438200269e-01 3.708757028179108239e-01 4.717398413866802365e-02 3.764226153558231092e-02
2.000000000000000000e+00 6.909338297227608505e-01 5.742138960358798006e-01 4.717048666910494958e-02 3.765983488674784496e-02
2.000000000000000000e+00 6.454034269364988807e-01 6.721374249180697147e-01 4.626102991155711663e-02 3.698281651623203103e-02
