0.000000000000000000e+00 4.507166106994267007e-01 1.693600462524066375e-01 3.501386488599167457e-02 4.517488938102248719e-02
1.400000000000000000e+01 7.490306610204098270e-01 7.134442416789803509e-01 2.892399741752582631e-02 3.493747857900275644e-02
1.100000000000000000e+01 7.919507692434619717e-01 6.010487438814831052e-01 2.751410092759420944e-02 3.487187138104308470e-02
6.000000000000000000e+00 7.357289113451286333e-01 4.564062111764945473e-01 4.068139973147166799e-02 4.984292928467670691e-02
5.000000000000000000e+00 6.641628408908870629e-01 5.734032091359029248e-01 4.071787865006948337e-02 5.113949427712960460e-02
2.000000000000000000e+00 5.811452699115141618e-01 7.141168251690999114e-01 3.884094229105050644e-02 5.431124025206768291e-02
9.000000000000000000e+00 6.624306682404095259e-01 3.306149687758698774e-01 3.624309473170939100e-02 4.769484210666574686e-02
9.000000000000000000e+00 6.016031137331385725e-01 4.469231048705812892e-01 3.909475876676893336e-02 4.394988341008976285e-02
7.000000000000000000e+00 5.222539505768025725e-01 5.567865954426429731e-01 3.631391320375443321e-02 5.029691354079202092e-02
3.000000000000000000e+00 4.576704799834970805e-01 6.671342270911195804e-01 3.727254078564695705e-02 4.968812701658131825e-02
8.000000000000000000e+00 6.448035336464696954e-01 2.147443877100255194e-01 3.712445831834587651e-02 4.320494549345793578e-02
3.000000000000000000e+00 5.899480169578172895e-01 3.175406500727797621e-01 3.528416544447499081e-02 4.831350262388039996e-02
1.000000000000000000e+00 5.041999440658707643e-01 4.292785810778511069e-01 3.616659871368693713e-02 4.445153711020755072e-02
7.000000000000000000e+00 4.161031773713830262e-01 5.148643776375534387e-01 3.391250324967531871e-02 5.150261036985026575e-02
1.500000000000000000e+01 3.357566860661306274e-01 6.207377053534408606e-01 3.772935010087169472e-02 4.840966434463556123e-02
6.000000000000000000e+00 2.712483812445677933e-01 7.362226658508432831e-01 3.538652583861601197e-02 5.222047708899635321e-02
1.000000000000000000e+00 5.269410253447477377e-01 1.907724172060510925e-01 3.315961128312350237e-02 4.420397416339169605e-02
6.000000000000000000e+00 4.662406944945569620e-01 2.878957551688108296e-01 3.527865246504779950e-02 4.809054237629933892e-02
2.000000000000000000e+00 3.963466064751063889e-01 3.836641070138441245e-01 3.565674411382435682e-02 4.702042095673714117e-02
8.000000000000000000e+00 3.233006987471550575e-01 4.795651817815056450e-01 3.349110317047304664e-02 5.370264572216537635e-02
5.000000000000000000e+00 2.266501467688556426e-01 5.901840328183701745e-01 3.700352933180575676e-02 5.461848600104080020e-02
0.000000000000000000e+00 1.431781801169922375e-01 6.896397999229730846e-01 3.571360185687208477e-02 4.989087300626260379e-02
0.000000000000000000e+00 1.202829822639785162e-01 5.707235994289372449e-01 3.515059226133813997e-02 5.063773086597866957e-02
8.000000000000000000e+00 2.322346166481896734e-01 4.536701551428562462e-01 3.418299580246697555e-02 4.919492106603368109e-02
3.000000000000000000e+00 2.887329463506338456e-01 3.547659054030410930e-01 3.205487603253076578e-02 4.817318221219080154e-02
1.000000000000000000e+00 3.453919478614591032e-01 2.728161244837711275e-01 3.152672711785237114e-02 4.580715406637589360e-02
2.000000000000000000e+00 3.505080613393054545e-01 1.497451397279784269e-01 3.441012506931634407e-02 4.436972010706644043e-02
5.000000000000000000e+00 2.611560769980686980e-01 2.314152672231696295e-01 3.734829625419397447e-02 4.450647491017123425e-02
1.500000000000000000e+01 1.859429649445404620e-01 3.197611876744572701e-01 3.623994053949974870e-02 4.756464253780529061e-02
7.000000000000000000e+00 1.074278113500595766e-01 4.302340544675340439e-01 3.335204443566729127e-02 4.900487412846582513e-02
