5.000000000000000000e+00 8.492942268780923065e-01 5.898849317314451834e-01 3.575499142625715443e-02 5.226020254407004462e-02
1.200000000000000000e+01 2.802843275111235322e-01 7.820755407685567873e-01 2.656359202025876387e-02 3.321603233431380531e-02
1.600000000000000000e+01 2.877601821931071724e-01 8.841003649134021591e-01 2.352616217859715420e-02 3.077266798282352056e-02
1.000000000000000000e+00 4.281067950447130510e-01 8.727320046251267893e-01 3.701877250229940186e-02 5.000506214321720488e-02
1.000000000000000000e+00 5.457397574008359120e-01 8.949611543443674044e-01 3.800670111562198805e-02 4.609812138223123856e-02
6.000000000000000000e+00 6.456557697119515993e-01 9.067573069109367001e-01 3.459605056739123441e-02 4.703772929645611001e-02
3.000000000000000000e+00 7.285530980612315854e-01 7.890341575460284584e-01 3.666715364857597859e-02 4.888990646656599104e-02
2.000000000000000000e+00 6.174896865407475399e-01 7.494198482860547905e-01 3.666529292370079851e-02 4.797745350598570102e-02
1.500000000000000000e+01 5.083268310371233945e-01 7.313765154684415126e-01 3.734527157021039212e-02 4.613556847034061548e-02
6.000000000000000000e+00 4.152130037817612918e-01 7.246584846025425630e-01 3.598720407589262038e-02 5.073086113977354206e-02
2.000000000000000000e+00 7.941661821204215599e-01 6.761365074061824743e-01 3.805601032480965262e-02 5.149939866080266437e-02
5.000000000000000000e+00 5.752654489791446668e-01 6.528775336901054827e-01 3.344490149393930523e-02 4.918134250011352293e-02
9.000000000000000000e+00 4.656809648483750119e-01 6.128221163394511617e-01 3.651503939004430155e-02 4.868604079744842661e-02
8.000000000000000000e+00 3.562395675531105921e-01 5.548496919459005028e-01 3.555307370349319873e-02 5.059787745886301646e-02
8.000000000000000000e+00 3.388538701465935166e-01 4.100749463884374446e-01 3.804502041851670624e-02 4.996906874641626750e-02
9.000000000000000000e+00 4.459561909048465056e-01 4.602166845884889113e-01 3.401954566822773529e-02 4.765328034416849157e-02
2.000000000000000000e+00 5.439596833196324033e-01 5.136201717360315833e-01 3.747174271405828705e-02 4.843673273802401313e-02
7.000000000000000000e+00 6.564580044570066386e-01 5.686858385996504950e-01 3.517560821830278961e-02 5.149829385540838356e-02
5.000000000000000000e+00 7.465290668236046479e-01 5.614609055744437249e-01 3.689840686194756358e-02 4.689363941394797397e-02
0.000000000000000000e+00 8.311207014668808846e-01 4.631497103203670029e-01 3.806031325108316654e-02 5.349554941811607289e-02
0.000000000000000000e+00 7.244089730263350013e-01 4.370846326605654641e-01 4.149724653817332687e-02 5.075153263018183925e-02
7.000000000000000000e+00 6.198978134149173425e-01 4.053146016078265079e-01 3.873639600488554269e-02 5.349810791481929284e-02
3.000000000000000000e+00 5.227798370607634748e-01 3.767045465740637700e-01 3.529161278472880969e-02 4.887406123130233482e-02
1.500000000000000000e+01 8.022013445333879833e-01 3.241276573784157011e-01 3.632222177487187675e-02 4.766194434436776817e-02
8.000000000000000000e+00 7.000603123053334986e-01 2.881890065922302346e-01 3.459738796339517641e-02 4.765543180730524853e-02
3.000000000000000000e+00 5.809183602232343979e-01 2.474597887831280763e-01 3.862451992177584614e-02 5.074071716684583344e-02
6.000000000000000000e+00 4.812155172056113428e-01 2.018717676810835859e-01 3.920070500885153297e-02 4.997345889416821008e-02
1.000000000000000000e+00 7.633415301364026018e-01 1.751028999111378104e-01 3.517398008403727072e-02 5.072777931419930608e-02
0.000000000000000000e+00 6.468296835912961118e-01 1.280273164930057772e-01 3.806740726466906199e-02 5.686927620710856279e-02
7.000000000000000000e+00 5.567908350240966531e-01 1.144650598187087198e-01 3.690201201639276007e-02 5.226453454416979394e-02
