5.000000000000000000e+00 8.488727771853036286e-01 6.079751876165548907e-01 3.172659967524271707e-02 4.402059258424018129e-02
5.000000000000000000e+00 7.682060624028035356e-01 6.811408510917992265e-01 3.353460385273698829e-02 4.471246132280093377e-02
3.000000000000000000e+00 6.783589359419198717e-01 7.654044638910146858e-01 3.630460011097969009e-02 4.840038414415459567e-02
1.000000000000000000e+00 5.920216938585678434e-01 8.423368695887964996e-01 3.582887588806005219e-02 4.634741236210948578e-02
5.000000000000000000e+00 8.481324306471056396e-01 4.675493992857867598e-01 3.408860310438566188e-02 4.544613213563514220e-02
8.000000000000000000e+00 7.599611691131678004e-01 5.401405922399731274e-01 3.550947251314406916e-02 4.734630716504051318e-02
7.000000000000000000e+00 6.730690109403490995e-01 6.304649900875946011e-01 3.577180273387714493e-02 4.700581652030577651e-02
1.000000000000000000e+00 5.829486954608229521e-01 6.969287410188733656e-01 3.678462201117216335e-02 5.008593317055531902e-02
3.000000000000000000e+00 4.762100355492043802e-01 7.793860687115038433e-01 3.678846126953577711e-02 4.785142750050619398e-02
8.000000000000000000e+00 8.492943506745855853e-01 3.359880717258953986e-01 3.560035406187334051e-02 4.775833981077692858e-02
1.000000000000000000e+00 7.531659110188366757e-01 4.086374695559465975e-01 3.411381614438613319e-02 4.605984045019412276e-02
1.500000000000000000e+01 6.779538368821836913e-01 4.703807233987126191e-01 3.529258306677562906e-02 4.763230326195594388e-02
7.000000000000000000e+00 5.958623274790159074e-01 5.394782628698675531e-01 3.691074451353837382e-02 4.863944960525079519e-02
6.000000000000000000e+00 4.922508008070114460e-01 6.384665775412249333e-01 3.845510051593609147e-02 5.184821006186668413e-02
2.000000000000000000e+00 3.983049365542650211e-01 7.247944793393040763e-01 3.901491595749384533e-02 5.057907731202071488e-02
8.000000000000000000e+00 8.503331852249721434e-01 1.544422934814509429e-01 3.389171218292674759e-02 4.808920365842050959e-02
2.000000000000000000e+00 7.463687332953237163e-01 2.708055586687810878e-01 3.672846569480714418e-02 5.023732601528591024e-02
1.500000000000000000e+01 6.753289302086714629e-01 3.440275646930720521e-01 3.602570950715544562e-02 5.051899578374663413e-02
0.000000000000000000e+00 5.879826221528428043e-01 4.081203443752988713e-01 3.964177516450761996e-02 5.137686946976549596e-02
6.000000000000000000e+00 4.934874431166750286e-01 4.855749894896829177e-01 3.915292870031500394e-02 5.014037041601104860e-02
6.000000000000000000e+00 3.879835202111290293e-01 5.694423850955261379e-01 3.964661721423495822e-02 5.244025808297059221e-02
0.000000000000000000e+00 7.650407657890068158e-01 1.056465087026058070e-01 3.628632065697934284e-02 5.079648247966184194e-02
0.000000000000000000e+00 6.588561051290366954e-01 1.822614879570169100e-01 3.605986171588337896e-02 4.980480777454912578e-02
9.000000000000000000e+00 4.859974368400103995e-01 3.262670552233635224e-01 3.663073651362319660e-02 4.944386018599572497e-02
2.000000000000000000e+00 4.015188685491992704e-01 3.960790835411251432e-01 3.856649631084763108e-02 5.211165767869074816e-02
9.000000000000000000e+00 5.667570817307399089e-01 9.004710057512660404e-02 3.702867277790466982e-02 5.144076160522145780e-02
7.000000000000000000e+00 3.887273908446908788e-01 2.699047941635794312e-01 3.858497632312074543e-02 5.384405138736517160e-02
1.000000000000000000e+01 5.313877708645180220e-02 6.714129153288581620e-01 2.812846965770909868e-02 4.095399929180909560e-02
1.100000000000000000e+01 2.650610969932457595e-01 5.442789116395185811e-01 2.945951761146564651e-02 3.962504287432544459e-02
