2.000000000000000000e+00 2.543393635860067836e-01 3.163758966538569029e-01 4.985686904503464079e-02 4.139293030529217488e-02
1.100000000000000000e+01 6.485642508803857176e-01 2.050349437444282108e-01 5.144606928259665146e-02 3.790953091999935132e-02
1.200000000000000000e+01 6.009629022077935812e-01 2.464694223408528950e-01 4.399347959995025814e-02 3.032835467786751393e-02
6.000000000000000000e+00 6.556112264657639743e-01 9.034500240130179938e-01 5.409932038013187672e-02 3.590578209670347576e-02
2.000000000000000000e+00 7.950585034135264628e-01 8.435212126881566075e-01 5.448799982606000736e-02 4.019036567642764179e-02
8.000000000000000000e+00 8.983445770060983770e-01 7.838624798544936434e-01 5.853176098465917576e-02 4.256950900365219503e-02
1.000000000000000000e+00 7.270838640509726947e-01 7.389298278493656724e-01 5.737016069343270352e-02 4.036169763170915914e-02
6.000000000000000000e+00 8.981434050272487646e-01 6.527768913895894975e-01 6.073221454257193841e-02 4.554872294180800640e-02
3.000000000000000000e+00 6.393354790512435493e-01 8.166330740346647854e-01 5.242705275797943099e-02 3.865807170690316319e-02
8.000000000000000000e+00 5.073336675534949602e-01 8.661032782733273372e-01 4.921110407316003910e-02 3.490348431877199342e-02
6.000000000000000000e+00 4.590772106531164631e-01 7.703240436430391913e-01 4.952287684386486033e-02 3.779802500022766409e-02
1.500000000000000000e+01 5.830680269391186332e-01 7.104715842375813883e-01 5.229245147750105627e-02 3.722160450582312485e-02
7.000000000000000000e+00 6.948525509229570574e-01 6.255078398716462651e-01 5.530915523000279332e-02 3.881503840622013701e-02
5.000000000000000000e+00 6.799967156279479452e-01 5.693462877257460253e-01 5.750049911340138209e-02 4.178934713502224785e-02
5.000000000000000000e+00 5.451398095072959027e-01 5.990048185477663267e-01 5.653995401032541057e-02 4.174309801825915045e-02
5.000000000000000000e+00 4.354040425623408872e-01 6.555677803257744518e-01 5.064999468124203874e-02 3.999240544179771817e-02
5.000000000000000000e+00 3.423117677450571161e-01 7.391506206656298650e-01 4.940386712168909344e-02 3.705266675986895741e-02
9.000000000000000000e+00 1.699289735514440958e-01 7.148295707715621727e-01 4.858881403176376623e-02 3.844580461165825191e-02
7.000000000000000000e+00 2.993600611792655020e-01 6.314988231552752795e-01 4.948328479693880899e-02 3.777414130230338785e-02
3.000000000000000000e+00 3.768857563045668324e-01 5.446732890605531230e-01 4.991774619683453373e-02 4.213312055722462368e-02
1.500000000000000000e+01 1.321642339004019118e-01 5.845390349893974102e-01 4.742178297303854817e-02 3.623542384433942054e-02
7.000000000000000000e+00 2.268164528851741024e-01 5.186350363229326188e-01 4.764137868463905190e-02 3.839757005301380755e-02
0.000000000000000000e+00 4.661432085235776013e-01 4.622582681166404472e-01 5.435272699906296134e-02 3.876008838238931276e-02
8.000000000000000000e+00 7.486245653694308944e-01 3.731730821785023688e-01 5.861059470641460933e-02 4.328231183669351001e-02
2.000000000000000000e+00 6.056877283270087897e-01 3.788799866859026144e-01 6.015018809462024940e-02 3.911484013028804219e-02
3.000000000000000000e+00 3.536791962535582590e-01 4.682026957079218343e-01 5.132627122320337909e-02 3.715885870284080239e-02
9.000000000000000000e+00 2.195269614135368086e-01 3.989707898729077939e-01 5.057603697116574981e-02 3.926841989933710364e-02
0.000000000000000000e+00 2.877882051511830852e-01 4.539353979423278451e-01 4.933507740003895137e-02 3.633904639193552555e-02
1.000000000000000000e+00 7.462554422846129354e-02 4.822376821745729680e-01 4.819896667884657204e-02 3.413167298511315950e-02
1.000000000000000000e+00 4.376593877487349182e-01 3.488823540696358028e-01 5.943043621499460860e-02 4.190023990362468087e-02
