12 0.804922 0.811484 0.027656 0.044448
9 0.604926 0.112219 0.037586 0.049167
8 0.478336 0.130656 0.036875 0.046333
3 0.377273 0.139641 0.036172 0.047281
15 0.271250 0.151464 0.034047 0.040656
0 0.658828 0.221906 0.040422 0.045396
5 0.544645 0.229474 0.037586 0.049177
6 0.331887 0.251693 0.043258 0.048219
5 0.232598 0.268245 0.037586 0.054844
15 0.151750 0.388328 0.036172 0.047281
1 0.280117 0.359964 0.034750 0.047281
6 0.371957 0.371313 0.039711 0.056729
8 0.490746 0.370365 0.040430 0.051062
9 0.599965 0.345792 0.044680 0.056750
1 0.724426 0.345781 0.042555 0.058625
0 0.681875 0.488094 0.043969 0.055792
0 0.546773 0.481474 0.039000 0.055781
6 0.416637 0.510786 0.039711 0.052010
2 0.314156 0.494734 0.040422 0.053844
8 0.202461 0.512677 0.038297 0.048229
2 0.110617 0.513151 0.036172 0.052948
7 0.150340 0.603943 0.041852 0.054865
3 0.265930 0.647901 0.043266 0.057677
2 0.376918 0.620953 0.041133 0.054844
5 0.490391 0.616224 0.045391 0.054844
1 0.611313 0.613380 0.041844 0.054844
3 0.190047 0.786427 0.046094 0.056729
7 0.312027 0.776026 0.039008 0.058635
7 0.544996 0.776495 0.041133 0.059573
14 0.743719 0.806755 0.029078 0.045385
