1.400000000000000000e+01 1.626837702760446924e-01 3.825599694844780685e-01 3.440869334267696034e-02 3.975442180954158466e-02
1.200000000000000000e+01 2.785471447650955112e-01 3.425519703609825051e-01 3.728183694975217843e-02 3.747122827427568081e-02
5.000000000000000000e+00 4.574034937195167183e-01 2.242557748037471710e-01 3.918535134321482483e-02 5.671357771206458898e-02
1.500000000000000000e+01 6.679160140639277543e-01 2.011422828874055435e-01 3.727483852242974294e-02 5.428778399032360702e-02
9.000000000000000000e+00 7.798545577259790029e-01 2.247283710818603619e-01 3.785084957783657611e-02 5.199299388746975170e-02
0.000000000000000000e+00 3.782593202183510694e-01 3.312545421623173114e-01 3.727472284594501861e-02 5.351925834530718573e-02
6.000000000000000000e+00 5.130383882120475025e-01 3.743679777336630377e-01 3.784315709160612773e-02 5.276140385600142091e-02
5.000000000000000000e+00 6.104690763581860358e-01 3.647854967988902741e-01 3.670588373258776294e-02 5.122542257345186201e-02
6.000000000000000000e+00 7.104717733026865156e-01 3.532574964471595358e-01 3.612929429475753018e-02 4.893069030884028559e-02
1.000000000000000000e+00 8.375694889275764332e-01 3.635801912073261533e-01 3.556068653436939009e-02 4.817292257689809176e-02
3.000000000000000000e+00 3.148854086294066157e-01 5.002451329305731553e-01 4.013950882700295653e-02 5.199342767428721812e-02
8.000000000000000000e+00 4.374760358417180695e-01 4.796555139354108377e-01 4.014740374708158921e-02 5.353021869222951423e-02
9.000000000000000000e+00 5.568240776740441822e-01 4.885459603006542251e-01 3.669795989338786590e-02 4.969921595385667912e-02
3.000000000000000000e+00 6.631170883400911986e-01 4.750315633541959404e-01 3.497767705164012142e-02 4.817274906217111630e-02
5.000000000000000000e+00 7.764167682781155655e-01 4.797842040246045325e-01 3.669778637866083493e-02 4.817312501074627606e-02
2.000000000000000000e+00 8.745686414679199050e-01 4.916030873565947479e-01 3.325623744504591084e-02 4.512022014649613721e-02
8.000000000000000000e+00 4.001012672960952976e-01 6.074958436727513345e-01 3.902554427964533001e-02 5.044767172878317218e-02
7.000000000000000000e+00 4.846638430156185451e-01 6.266553398283963849e-01 3.584143336265988022e-02 5.044720902284449693e-02
0.000000000000000000e+00 5.908269779085040252e-01 6.006882825500097223e-01 3.663786595960261128e-02 4.991070148695186948e-02
1.500000000000000000e+01 7.307654484713850263e-01 5.934310290931190668e-01 3.305952958286695331e-02 4.725291857520830252e-02
6.000000000000000000e+00 8.264805097542838874e-01 5.974752235927359711e-01 3.326404560776086150e-02 4.587793004019613541e-02
7.000000000000000000e+00 3.466786277346074474e-01 7.580920803932019725e-01 3.957084322837262080e-02 5.122588527939053726e-02
0.000000000000000000e+00 4.492973339203257810e-01 7.522735532143760562e-01 3.957087214749371862e-02 5.123560210410271765e-02
3.000000000000000000e+00 5.604238720386858219e-01 7.325845479501609248e-01 3.727414446352161903e-02 4.817329852547325153e-02
2.000000000000000000e+00 6.732969949394951303e-01 7.163165301244110994e-01 3.383276904463361490e-02 4.740422341715455623e-02
8.000000000000000000e+00 7.822121601600078300e-01 7.233363865156406947e-01 3.440901145300978570e-02 4.679790512276471581e-02
1.000000000000000000e+00 4.267278251326983574e-01 8.743452701760250356e-01 3.966205413653378642e-02 5.033621743580496410e-02
2.000000000000000000e+00 5.255699977447620963e-01 8.616832354068466593e-01 3.584120200969054260e-02 4.906163608948499455e-02
1.000000000000000000e+00 6.095743187492751458e-01 8.453792132752437904e-01 3.679668977305250444e-02 4.651513395599249368e-02
7.000000000000000000e+00 7.344403747128189774e-01 8.009572453093278810e-01 3.385584650332507106e-02 4.566653126446440503e-02
