1.400000000000000000e+01 3.445795992407812980e-01 2.033067791175476868e-01 2.776171453493264663e-02 3.543803657594471468e-02
2.000000000000000000e+00 8.840441951985840152e-01 5.993227501261850776e-01 3.538030980367368183e-02 4.513435852937186521e-02
1.000000000000000000e+00 8.554105687199582420e-01 4.952720325559913928e-01 3.830057962931232574e-02 4.765209817865501130e-02
1.000000000000000000e+01 2.773362967289284553e-01 2.654175077029825580e-01 2.998691358910177129e-02 3.858992380589540416e-02
8.000000000000000000e+00 8.436049383739676610e-01 3.537868691589882708e-01 3.691366182472111124e-02 5.193838614925955222e-02
3.000000000000000000e+00 7.943463803453035821e-01 7.212974802274814135e-01 3.603997409295534027e-02 4.692030957380555201e-02
6.000000000000000000e+00 7.873693636473189095e-01 6.010189555734066769e-01 3.797940786650289002e-02 4.836470827231909020e-02
5.000000000000000000e+00 7.586158851336943787e-01 4.783740293935671017e-01 3.775019460604267518e-02 5.222704733043020964e-02
1.500000000000000000e+01 7.373400589554720552e-01 3.327903198049678712e-01 3.531135458682022055e-02 4.991428826436900001e-02
1.000000000000000000e+00 6.749796818868327719e-01 5.434478789368253349e-01 3.372636811258244993e-02 4.666798374858405207e-02
8.000000000000000000e+00 7.259014430243828642e-01 8.035728014548791931e-01 3.457464841500035302e-02 4.553300929178338841e-02
0.000000000000000000e+00 6.824967293976325067e-01 6.924957822377291183e-01 3.430849876262820342e-02 4.622212434325490005e-02
0.000000000000000000e+00 6.534963343824539139e-01 8.751265699749417593e-01 3.368413167626882476e-02 4.334261568383934726e-02
7.000000000000000000e+00 6.312245916134313628e-01 7.784345815789127654e-01 3.320073484306462763e-02 4.562698946055365745e-02
1.000000000000000000e+00 6.452627973640467918e-01 4.151389947396761926e-01 3.723505214606215308e-02 4.827843229180256435e-02
5.000000000000000000e+00 5.869481846015198734e-01 6.495885351496817339e-01 3.525179738684369735e-02 4.292549672547152362e-02
7.000000000000000000e+00 5.623004920308647403e-01 8.661191991540873047e-01 3.486762612717875243e-02 4.580986831222477740e-02
2.000000000000000000e+00 5.887225793635728621e-01 5.099384028474601704e-01 3.561564270303074764e-02 4.748697720771088981e-02
5.000000000000000000e+00 5.766980899675768768e-01 3.791734398268751249e-01 3.553936577535432573e-02 4.625212150177532289e-02
0.000000000000000000e+00 5.528346946890898561e-01 2.262071235444875761e-01 3.769101988349732313e-02 5.119326547395683380e-02
9.000000000000000000e+00 4.792413242882711533e-01 3.406810750857119374e-01 3.739462719425629134e-02 5.219019289796766881e-02
3.000000000000000000e+00 4.844386734996178889e-01 4.878032455010443691e-01 3.516533016761180797e-02 4.755109681704333680e-02
3.000000000000000000e+00 4.882212523534484871e-01 6.225173562966788143e-01 3.384209485528927308e-02 4.591685271365064658e-02
6.000000000000000000e+00 5.007240570967788074e-01 7.285490064416884071e-01 3.419266274065557720e-02 4.637604418943297446e-02
7.000000000000000000e+00 4.625053276377097400e-01 8.395575075590486769e-01 3.451077468401653192e-02 4.641931877877369939e-02
8.000000000000000000e+00 3.527169841650061866e-01 7.579219071548852771e-01 3.674389648497139449e-02 4.278851516552528711e-02
2.000000000000000000e+00 4.122504432209977976e-01 5.680494283374069031e-01 3.492313999431267968e-02 4.787530107948445579e-02
6.000000000000000000e+00 3.606197874848280360e-01 4.418871440823476382e-01 3.762053475691956583e-02 5.016093156775808248e-02
9.000000000000000000e+00 3.097662849088106962e-01 6.465522653831716759e-01 3.532094384241279972e-02 4.906065327791642172e-02
1.500000000000000000e+01 2.860957265551099526e-01 5.343177328606063536e-01 3.862033076166321299e-02 5.069967834919719696e-02
