6 0.569504 0.141745 0.035461 0.042677
2 0.486270 0.157500 0.033492 0.047938
8 0.153094 0.643109 0.036937 0.049906
6 0.381613 0.153234 0.032992 0.043344
2 0.284836 0.164073 0.032500 0.046625
0 0.224508 0.272089 0.036937 0.042031
5 0.266367 0.627677 0.038906 0.053188
0 0.325961 0.276359 0.034969 0.046615
3 0.523207 0.261583 0.037430 0.044646
9 0.638695 0.240901 0.036937 0.043990
5 0.700750 0.355484 0.038906 0.051219
8 0.569996 0.360083 0.040383 0.048583
1 0.475434 0.381099 0.036445 0.047281
3 0.376195 0.377812 0.034969 0.045958
15 0.278434 0.393578 0.034477 0.048594
7 0.169098 0.388318 0.035461 0.045969
1 0.099660 0.519651 0.035461 0.045969
2 0.211457 0.510135 0.036445 0.047937
8 0.311188 0.503891 0.034969 0.049906
0 0.421262 0.497328 0.036445 0.049906
7 0.530602 0.507172 0.036453 0.051219
8 0.652977 0.506849 0.040875 0.051885
15 0.593387 0.620776 0.040883 0.052531
6 0.474941 0.600422 0.036445 0.051219
7 0.366836 0.633911 0.036937 0.051219
5 0.195449 0.755062 0.034961 0.050562
1 0.301582 0.764260 0.036445 0.053188
3 0.538965 0.763276 0.040383 0.059094
16 0.669973 0.805630 0.036445 0.041365
16 0.927102 0.634635 0.028562 0.042021
