0.000000000000000000e+00 7.546134858393018785e-01 4.349171599392267495e-01 3.948448742318044768e-02 4.027026344945866532e-02
1.600000000000000000e+01 7.104879325996685813e-01 1.570966360335655509e-01 4.226498968546854584e-02 4.149285581049008687e-02
1.600000000000000000e+01 8.398390960406738603e-01 2.500388146899859554e-01 3.862809320193916207e-02 3.474581632379034057e-02
3.000000000000000000e+00 2.178793303137973592e-01 4.542225575946010618e-01 4.496155853758135312e-02 4.261885341831012086e-02
6.000000000000000000e+00 2.377644450957529521e-01 5.738534653235962679e-01 4.922920389885002135e-02 4.456156709489855761e-02
7.000000000000000000e+00 2.555705138525107278e-01 6.831201721334800858e-01 4.307121407796490886e-02 4.259739452236599444e-02
6.000000000000000000e+00 2.872669972854600684e-01 8.118276281390842675e-01 4.779240895738945394e-02 4.219181544472805356e-02
8.000000000000000000e+00 3.170129354364453755e-01 3.737372383123269692e-01 4.405829356993562484e-02 4.733336096866613829e-02
1.500000000000000000e+01 3.397717441264410665e-01 4.954685320766140100e-01 4.212345608091688787e-02 4.353222368321496560e-02
3.000000000000000000e+00 3.830579632643233423e-01 7.249602340692058444e-01 4.163126866147637273e-02 4.117106153571470362e-02
1.000000000000000000e+00 3.887985300047537285e-01 8.473227225331700918e-01 4.305840412761602343e-02 4.259721619359069233e-02
1.000000000000000000e+00 4.437812740624269559e-01 2.771204317756997271e-01 4.308604508776564535e-02 4.503589191536039316e-02
2.000000000000000000e+00 4.479092582712831949e-01 4.102443336447120781e-01 4.111943535530604432e-02 4.423266939057912683e-02
9.000000000000000000e+00 4.647439404682843223e-01 5.253554391243628885e-01 4.109542041358449360e-02 4.226047202316451923e-02
2.000000000000000000e+00 4.828751620250830712e-01 6.581663294107764628e-01 4.226495996400597699e-02 4.149282608902771230e-02
5.000000000000000000e+00 5.038530458197539863e-01 7.726218983129407025e-01 4.105577198257398530e-02 3.989072037299401519e-02
1.500000000000000000e+01 4.968619039613233479e-01 8.844804652624562724e-01 4.382177017114902151e-02 3.992531615537486811e-02
5.000000000000000000e+00 5.530310544994019306e-01 3.417426931924296696e-01 4.151779211754991206e-02 4.541445418356165886e-02
7.000000000000000000e+00 5.621038875931951839e-01 4.667188127673264075e-01 4.069902526786728370e-02 4.225598408232289493e-02
0.000000000000000000e+00 5.759693065194020356e-01 5.841433625863911017e-01 3.992008517797029921e-02 4.342436449570596935e-02
0.000000000000000000e+00 5.889799956262689040e-01 7.046823798814237927e-01 3.830704196372691772e-02 4.025688879132172104e-02
3.000000000000000000e+00 5.945510460051788293e-01 8.139810967064486924e-01 3.869556092187464991e-02 3.948032641842680324e-02
5.000000000000000000e+00 6.123627915612791517e-01 9.251690880184391119e-01 4.064499164899393335e-02 3.870875725123645861e-02
6.000000000000000000e+00 6.587807017626636785e-01 3.794710136985700588e-01 3.796233244134339380e-02 4.419982717448728282e-02
9.000000000000000000e+00 6.717832471887983381e-01 5.148483671348862423e-01 3.870441791770751205e-02 4.026140645362569215e-02
8.000000000000000000e+00 6.765900696017619342e-01 6.300523521849326070e-01 3.869995969832851213e-02 3.986403049964504230e-02
7.000000000000000000e+00 6.911696655510201071e-01 7.522196300830223947e-01 3.749439773532481368e-02 3.867303205327943250e-02
1.000000000000000000e+00 6.995951354695217894e-01 8.395530864067803911e-01 4.183628730998489864e-02 3.872421241175005857e-02
2.000000000000000000e+00 8.004371451189296049e-01 7.797392969441843125e-01 3.750325473115767583e-02 3.945310155875236813e-02
8.000000000000000000e+00 7.861143723273636974e-01 6.655689351964252376e-01 3.748993951594581375e-02 3.827565609929894919e-02
