0.000000000000000000e+00 5.549168479076185267e-01 3.206732250487388525e-01 4.978617630988602105e-02 4.163954364539446118e-02
1.300000000000000000e+01 2.232700353557403039e-01 8.057847842559764384e-01 4.308531813917604314e-02 3.506628155969859773e-02
1.000000000000000000e+01 1.656791827099389214e-01 7.568346158441362492e-01 3.995514560445409535e-02 3.567719793531320960e-02
5.000000000000000000e+00 1.510469218235924727e-01 4.883051761109958866e-01 6.396517333092557878e-02 4.558264003597972680e-02
0.000000000000000000e+00 1.699101368117248434e-01 3.592337318824835868e-01 6.109010452162549898e-02 4.143414578858006792e-02
6.000000000000000000e+00 2.495992280608685943e-01 2.884426986709452967e-01 5.572187071200684905e-02 3.891872222906883616e-02
6.000000000000000000e+00 3.133378505333630493e-01 1.920306487150275077e-01 5.675740964133146882e-02 3.912532882883271168e-02
2.000000000000000000e+00 3.998104661783505875e-01 1.526499655677223122e-01 5.507796449833063379e-02 4.075191357894306088e-02
0.000000000000000000e+00 3.054781763932439276e-01 3.997147691145900850e-01 5.627176030943781271e-02 4.315899249602683785e-02
1.000000000000000000e+00 3.191733224560465709e-01 5.679324445805014054e-01 5.616757256349519389e-02 3.973432890464945189e-02
7.000000000000000000e+00 3.523166561314842182e-01 4.777904980822299530e-01 5.563150980614550711e-02 4.013510089625743626e-02
2.000000000000000000e+00 3.994531204883194908e-01 5.870999827173299934e-01 5.329462642474075418e-02 4.188931121291727955e-02
8.000000000000000000e+00 5.217678242958575519e-01 4.717908287483899565e-01 5.162272855479071998e-02 3.986947226271414513e-02
9.000000000000000000e+00 4.235904789659868386e-01 2.434674667078730037e-01 5.246330609081628626e-02 3.992345295394802984e-02
1.500000000000000000e+01 5.270575929991303532e-01 4.063436628574998988e-01 4.954330742163615131e-02 4.003648516049707062e-02
2.000000000000000000e+00 5.615641970916602776e-01 1.717457309067304538e-01 4.869435712956982076e-02 3.891919393363449386e-02
3.000000000000000000e+00 6.222411473768287848e-01 1.800154489813267644e-01 5.184935311706029282e-02 3.808964249183133255e-02
3.000000000000000000e+00 5.507705942569059987e-01 5.761254811816408639e-01 4.726355925574821093e-02 3.882051923480323019e-02
8.000000000000000000e+00 5.448850479464230068e-01 6.170668431067716231e-01 4.976943079780471457e-02 3.814291562621685561e-02
6.000000000000000000e+00 5.799591715945258130e-01 7.704961234750993260e-01 5.539285677745142689e-02 4.680576997476448842e-02
5.000000000000000000e+00 6.246008494665978850e-01 5.827417863089542349e-01 4.752936477850377983e-02 4.042761669004435454e-02
7.000000000000000000e+00 7.021288557296554433e-01 4.625365158375615016e-01 5.047857964922031204e-02 4.168671410196150839e-02
1.000000000000000000e+00 7.266950231390529868e-01 2.785206732066418667e-01 4.701797806624585796e-02 3.825582990662429461e-02
5.000000000000000000e+00 7.400362138883902485e-01 2.168714071447163383e-01 4.488310216508950568e-02 3.406169824249605238e-02
1.000000000000000000e+00 7.837547659254442411e-01 3.671915795353329903e-01 4.435379067933609143e-02 3.445554207329593055e-02
8.000000000000000000e+00 7.689026759707275893e-01 4.357080680719734866e-01 4.612150353918809120e-02 3.459130454360309637e-02
7.000000000000000000e+00 7.367780325271593433e-01 7.468882533723977257e-01 4.544985520074329433e-02 3.807121653223488611e-02
3.000000000000000000e+00 8.374033771451856456e-01 6.493644252367287706e-01 4.780619639548211453e-02 4.222958709397817145e-02
1.500000000000000000e+01 8.923394470138553691e-01 4.246483943806454997e-01 4.605746964439827451e-02 3.487244046474308190e-02
9.000000000000000000e+00 9.175718676407278451e-01 6.021845345783164438e-01 4.441735286956005613e-02 3.696819436848386431e-02
