1.600000000000000000e+01 3.272046283468880157e-01 8.411904445725998380e-01 3.344639359399764755e-02 2.624642953041589344e-02
1.600000000000000000e+01 1.020209349648033281e-01 6.533015369840684539e-01 3.889635379340262988e-02 2.592316920365778099e-02
0.000000000000000000e+00 2.630796202661428440e-01 3.674713475373881377e-01 5.214568406704295223e-02 3.743002735882960952e-02
8.000000000000000000e+00 2.516521203221402936e-01 2.973006978872542727e-01 5.189977531847353442e-02 3.502368958121715448e-02
6.000000000000000000e+00 3.315347224143098126e-01 1.582208972728489926e-01 4.952342708307982955e-02 3.546995925850593423e-02
2.000000000000000000e+00 4.159949216336061295e-01 1.335883779095201618e-01 5.283041321156189962e-02 3.627415178568559051e-02
9.000000000000000000e+00 4.320598191163733670e-01 2.463960063662980204e-01 4.743133352787365364e-02 3.836242449179144698e-02
0.000000000000000000e+00 3.764652552298003441e-01 3.413448899199090225e-01 5.214565657891995221e-02 3.743005484695260954e-02
0.000000000000000000e+00 3.322316150532667045e-01 5.314607615392621387e-01 4.896665515123599377e-02 3.784377858658138916e-02
7.000000000000000000e+00 3.817913264587378119e-01 4.501873841186500025e-01 5.219760913143461911e-02 3.803600303088572332e-02
1.000000000000000000e+00 4.662580266191291845e-01 4.146829410098107904e-01 4.984107983274105313e-02 3.849953524943339200e-02
6.000000000000000000e+00 4.550371411518336906e-01 5.217367830434035403e-01 4.797224481273282271e-02 3.599129899977238090e-02
5.000000000000000000e+00 5.351900751898792663e-01 5.863522617032593809e-01 4.444378687704930719e-02 3.526885615046504441e-02
8.000000000000000000e+00 5.760210980579316686e-01 5.587681776421442592e-01 4.428963348313286197e-02 3.360961806851203715e-02
1.500000000000000000e+01 5.994846849896802166e-01 3.675016944252061935e-01 4.465137718212397466e-02 3.233240992034164263e-02
2.000000000000000000e+00 8.789935957133523381e-01 4.110065145078911075e-01 4.132080624408762670e-02 3.212789828504580836e-02
1.000000000000000000e+00 5.954008295283041985e-01 2.816610004354782038e-01 4.430337754464463984e-02 3.398260440981981656e-02
2.000000000000000000e+00 5.467832735394684285e-01 9.022991833787463722e-02 4.214968310574251920e-02 3.161818601981844501e-02
9.000000000000000000e+00 6.559255532079051321e-01 1.365026549684249246e-01 4.150266766601207191e-02 3.209224618948415542e-02
6.000000000000000000e+00 6.701622843486776393e-01 3.378948281110890073e-01 4.275354219232585518e-02 3.086000861058046940e-02
5.000000000000000000e+00 6.703895286617139737e-01 4.467983871751268765e-01 4.282517624092530006e-02 3.771095597613111083e-02
3.000000000000000000e+00 7.103458519670312610e-01 4.097315603858086575e-01 4.200256667131996302e-02 3.246671688943514322e-02
3.000000000000000000e+00 7.268688802521718895e-01 2.868609149237986156e-01 4.384256665027641553e-02 3.223103372263053101e-02
3.000000000000000000e+00 7.330722074392856946e-01 2.228868716146993334e-01 4.377170226912141526e-02 3.153124108669469461e-02
7.000000000000000000e+00 8.385780833129250489e-01 2.707638563370937668e-01 4.165715091740496145e-02 2.747885952618062122e-02
7.000000000000000000e+00 7.709821774261080840e-01 3.830194820513724840e-01 4.430717090562197313e-02 3.226583368637842009e-02
0.000000000000000000e+00 6.315380354850859135e-01 6.213385674371645351e-01 4.547041329573620061e-02 3.448912805277648541e-02
1.500000000000000000e+01 7.738930322136964302e-01 5.903027173036017317e-01 4.374492883729641513e-02 3.397125181501114977e-02
1.000000000000000000e+00 8.306115854507060137e-01 4.602337020891452135e-01 4.076543620651795763e-02 3.212350018536203056e-02
5.000000000000000000e+00 8.549313174621488987e-01 5.404072659635199560e-01 4.262913094752085463e-02 3.390758932208826071e-02
