1.400000000000000000e+01 4.256559686599265535e-01 1.629187904736518755e-01 4.006044269607111907e-02 3.298889722411729730e-02
1.200000000000000000e+01 5.231113840030030548e-01 2.546558200541222394e-01 3.905557033970652459e-02 3.515089188885431315e-02
5.000000000000000000e+00 7.241580124571928012e-01 3.793488991866367233e-01 5.485204134694887657e-02 3.898893972965988830e-02
1.500000000000000000e+01 8.568481535234571123e-01 5.608632220191218654e-01 5.245606015879833439e-02 3.713351389047558904e-02
9.000000000000000000e+00 8.952916631849131557e-01 6.681190336586265710e-01 5.070138796432521744e-02 3.729148880344879124e-02
0.000000000000000000e+00 5.862746516020201915e-01 3.405280097344210999e-01 5.182540752810615992e-02 3.703046459310016525e-02
6.000000000000000000e+00 6.193912551336109296e-01 4.740725728833653507e-01 5.132552207510643338e-02 3.738464695539400751e-02
5.000000000000000000e+00 6.798056062033843716e-01 5.584158578892384206e-01 4.982348503927014338e-02 3.626779776351496398e-02
6.000000000000000000e+00 7.433298014157335709e-01 6.444791393977973293e-01 4.782728751139941892e-02 3.550552771340276248e-02
1.000000000000000000e+00 8.017108844183165051e-01 7.613346902860355092e-01 4.708457302102020403e-02 3.494827928518629001e-02
3.000000000000000000e+00 4.012922777871551494e-01 3.343757031061751483e-01 5.121734298597502288e-02 3.914782156714241568e-02
8.000000000000000000e+00 4.849453223879321984e-01 4.379457026861867108e-01 5.246096321942700369e-02 3.934555945157258705e-02
9.000000000000000000e+00 5.404852801459216760e-01 5.474358645614403329e-01 4.857873115018140897e-02 3.606413652838325046e-02
3.000000000000000000e+00 6.091341940053320858e-01 6.385351561634891038e-01 4.695578974069192224e-02 3.447707531979482543e-02
5.000000000000000000e+00 6.651600223985126847e-01 7.413729984212380497e-01 4.734111929160378374e-02 3.587039478007236770e-02
2.000000000000000000e+00 7.068015462696883855e-01 8.327667003921359612e-01 4.408962487722301038e-02 3.269236125094943102e-02
8.000000000000000000e+00 3.506294766265639629e-01 4.427503336642276133e-01 4.971284024912903110e-02 3.804865740319585132e-02
7.000000000000000000e+00 3.784703018975043021e-01 5.241769069359307753e-01 4.900045104703115717e-02 3.547095121648358163e-02
0.000000000000000000e+00 4.581965759332090604e-01 6.114332476365452740e-01 4.873769801183663875e-02 3.604276711963150248e-02
1.500000000000000000e+01 5.391454692316962616e-01 7.345214671669754170e-01 4.578903135940759483e-02 3.281428591467561162e-02
6.000000000000000000e+00 5.864496596909347659e-01 8.214071308157823159e-01 4.470848748929390215e-02 3.279643083839789419e-02
7.000000000000000000e+00 1.874064749316864953e-01 4.400005385518653278e-01 5.046672124752973887e-02 3.858941114189839983e-02
0.000000000000000000e+00 2.472119679003830506e-01 5.301141165778096020e-01 5.047454347142293907e-02 3.859060148031689952e-02
3.000000000000000000e+00 3.239594625558090968e-01 6.236920328639237177e-01 4.747336022162390590e-02 3.633978489644507093e-02
2.000000000000000000e+00 3.985740691549702897e-01 7.198571780440983225e-01 4.607726330503669754e-02 3.345423452158891031e-02
8.000000000000000000e+00 4.502377323651112206e-01 8.194489674345226682e-01 4.571046902378478327e-02 3.384030094866452565e-02
1.000000000000000000e+00 1.259366054399793655e-01 5.464446244141070164e-01 4.977065668660030084e-02 3.855336089265160027e-02
2.000000000000000000e+00 1.898584587082895458e-01 6.311297207651385133e-01 4.787036642559386324e-02 3.528956631461277471e-02
1.000000000000000000e+00 2.491459844165810900e-01 7.014433512442503904e-01 4.602709904311305666e-02 3.574597607394525145e-02
7.000000000000000000e+00 3.553421397910780932e-01 7.999177812977593671e-01 4.466693901020890589e-02 3.324739905067430890e-02
