6.000000000000000000e+00 6.540516084853402745e-01 7.735050780822503302e-01 2.890630225698032074e-02 3.767540282207837432e-02
1.600000000000000000e+01 2.449107537299032855e-01 5.334739907999048736e-01 2.496232746377424760e-02 3.328334257317588918e-02
1.100000000000000000e+01 2.805021408889118995e-01 1.857506210436591920e-01 2.628093398254593982e-02 3.679480404680091077e-02
3.000000000000000000e+00 7.138098188780706010e-01 2.203994245948043273e-01 3.613392700770134969e-02 5.328492310797033893e-02
7.000000000000000000e+00 8.037598886725639824e-01 1.889993027203409892e-01 3.395117737522057588e-02 5.401595759009936160e-02
2.000000000000000000e+00 8.682108340700371851e-01 2.735614410291636878e-01 3.449780352913489612e-02 5.109402847521665736e-02
0.000000000000000000e+00 7.560172379028948786e-01 3.181817680670641080e-01 3.832258521665110607e-02 5.037461787483327180e-02
8.000000000000000000e+00 6.471807623567468193e-01 3.528233929739008623e-01 3.504503710679851558e-02 4.744948598018217112e-02
1.000000000000000000e+00 5.376511610924523676e-01 3.670332294755919156e-01 3.777170709649257940e-02 4.890876631722812506e-02
3.000000000000000000e+00 4.080693422408187554e-01 3.648188661979838154e-01 3.833153091186625172e-02 5.256352457531687783e-02
6.000000000000000000e+00 3.843041089358111839e-01 4.880117468354810972e-01 3.722839416302836657e-02 4.745221938705346254e-02
3.000000000000000000e+00 5.100107023185768140e-01 4.881754751460535280e-01 3.667851000900479441e-02 4.526262243230944060e-02
0.000000000000000000e+00 5.969392531134936064e-01 4.671190618555655649e-01 3.613563883826709233e-02 4.452987611961456427e-02
2.000000000000000000e+00 7.070262761083355718e-01 4.532466492465398455e-01 3.667851000900479441e-02 4.527283819536365161e-02
1.500000000000000000e+01 7.349550678918750357e-01 7.442640301191352226e-01 3.284820628740514614e-02 3.591542011902171261e-02
9.000000000000000000e+00 8.284417520252431721e-01 4.312950590107942905e-01 3.394482703602497153e-02 4.525917116100730553e-02
6.000000000000000000e+00 9.027101837687154795e-01 4.337010230660106047e-01 3.229937131985749499e-02 3.942434145696827041e-02
1.000000000000000000e+00 8.491375626850006242e-01 5.430105436619118153e-01 2.890829018925045180e-02 4.029754070657398657e-02
7.000000000000000000e+00 7.370843918445989518e-01 5.597117976962595609e-01 3.416029680595844553e-02 4.379436878987796877e-02
9.000000000000000000e+00 6.396741092237924198e-01 5.851659175155000669e-01 3.153302342976527228e-02 4.030074348634227199e-02
5.000000000000000000e+00 5.588098562592497265e-01 5.841689694820856316e-01 3.679469360611919981e-02 4.642986999685549954e-02
8.000000000000000000e+00 4.487033266790082520e-01 5.995777914392169672e-01 3.416678519600641062e-02 4.117228612572310098e-02
1.000000000000000000e+00 3.236068766472011138e-01 6.212242202664294277e-01 3.941302128709733843e-02 4.555578722179620677e-02
8.000000000000000000e+00 7.832753510368366534e-01 6.487335583409947759e-01 2.956690319437571546e-02 4.117570978685491934e-02
0.000000000000000000e+00 6.909743856720236277e-01 6.669931303936740274e-01 3.219174687557224690e-02 4.117907822764577119e-02
5.000000000000000000e+00 5.934169408428948689e-01 6.854488450969949964e-01 3.219174687557224690e-02 4.116886246459161569e-02
1.500000000000000000e+01 4.899285691115911057e-01 7.027981926615392005e-01 3.219359675699023926e-02 4.380110567145967249e-02
5.000000000000000000e+00 4.066350214978297073e-01 7.277481231587963340e-01 3.678569269056325419e-02 4.205205659588806544e-02
2.000000000000000000e+00 4.604419286826172963e-01 8.195526300493426453e-01 3.153984314185820370e-02 3.854595149532413778e-02
7.000000000000000000e+00 5.594493630264465445e-01 7.918531131209454177e-01 3.350035851265298348e-02 3.942594284685241313e-02
