8.000000000000000000e+00 5.352875031783965731e-01 5.089271179031602532e-01 5.200952813820014509e-02 3.749613622783071198e-02
1.100000000000000000e+01 6.512338867919500451e-01 1.011364831617398985e-01 4.043529630821030008e-02 3.183781700628833533e-02
1.100000000000000000e+01 5.824928169718517346e-01 2.591609418841631651e-01 4.462717517060577066e-02 3.347042324036827998e-02
1.500000000000000000e+01 8.274276518018925941e-01 5.314717720590893535e-01 5.837462444786489790e-02 4.150295531248326952e-02
2.000000000000000000e+00 7.867851644531207445e-01 7.884560329335112971e-01 6.052534782472829278e-02 4.387627509822600302e-02
5.000000000000000000e+00 7.349617845154252649e-01 8.900658235647609384e-01 6.158820660553987469e-02 4.467322382590299679e-02
6.000000000000000000e+00 6.112420808966658736e-01 9.134775738999366679e-01 5.208661079634013813e-02 3.983102631760693235e-02
5.000000000000000000e+00 6.291558171472855232e-01 8.042613826618649764e-01 5.727905716765424593e-02 3.992825875097405497e-02
9.000000000000000000e+00 6.336245740152590677e-01 6.950872212873553391e-01 5.724227405996828999e-02 3.836941409019745119e-02
2.000000000000000000e+00 6.558051507574428340e-01 5.783071616549904093e-01 5.728798781595423328e-02 3.992111423233390965e-02
2.000000000000000000e+00 6.748722523277400631e-01 4.635828395823349268e-01 5.633877153476096744e-02 4.301315584830039951e-02
7.000000000000000000e+00 4.638666388403455132e-01 9.316960127072442255e-01 4.887043316900269163e-02 3.665969728970153163e-02
1.000000000000000000e+00 4.834405965640854452e-01 8.351769985980677102e-01 5.408986684314864846e-02 3.753607297069738724e-02
5.000000000000000000e+00 5.157448166778447751e-01 7.369284249042035162e-01 4.784243182483721712e-02 3.664066384551212252e-02
9.000000000000000000e+00 5.137951166125606095e-01 6.120739707858171563e-01 5.200952813820008958e-02 3.749616413610667998e-02
8.000000000000000000e+00 5.740241622716582004e-01 3.823914831964242977e-01 5.520820727652431259e-02 3.988890808190193038e-02
0.000000000000000000e+00 4.613457400914442452e-01 2.986060386079657514e-01 5.108422924948535782e-02 4.059119193759835875e-02
6.000000000000000000e+00 4.208576273710218363e-01 4.309862523698522185e-01 4.694434350516180077e-02 4.051530933532376810e-02
7.000000000000000000e+00 4.280699631216035028e-01 5.383078763417548096e-01 4.781675621097453144e-02 3.586297182823205976e-02
8.000000000000000000e+00 4.031643246378961987e-01 6.475054806680522468e-01 4.569101074107528859e-02 3.426829294115141256e-02
1.000000000000000000e+00 3.751737192861727133e-01 7.611829493561461657e-01 4.569101074107534410e-02 3.426823712459958760e-02
0.000000000000000000e+00 3.517359444836849480e-01 8.556349928245483571e-01 4.878344307290488624e-02 3.354965483575533813e-02
6.000000000000000000e+00 2.607184609018327048e-01 7.672797355009459697e-01 4.432035158494668226e-02 3.482763060749494155e-02
3.000000000000000000e+00 2.832528727204927654e-01 6.662871084837825864e-01 4.580253221172236877e-02 3.593268670152438560e-02
1.500000000000000000e+01 3.086039551964417926e-01 4.804883475022909689e-01 4.866159554016075139e-02 3.522934233134228377e-02
3.000000000000000000e+00 3.284271477784434512e-01 3.745943295235679149e-01 4.718502447684858048e-02 4.234578524580201453e-02
7.000000000000000000e+00 1.643157824409024748e-01 7.062385869203369193e-01 3.995881831312586563e-02 3.313203539462350466e-02
0.000000000000000000e+00 2.078592094861572981e-01 6.155543281531807853e-01 3.927269334919730737e-02 3.767751211314984694e-02
3.000000000000000000e+00 1.965463665686001393e-01 5.107130940676558595e-01 4.429746679867777037e-02 3.385698077038146181e-02
1.000000000000000000e+00 2.100257429013395183e-01 4.417103422982274763e-01 4.256483730363710971e-02 3.382619794202224028e-02
