1.400000000000000000e+01 7.888954940500584323e-01 2.274538078889254966e-01 4.072296044228962408e-02 3.368625076323170098e-02
1.200000000000000000e+01 7.630553982696163251e-01 3.454041783406890387e-01 3.959032620868008223e-02 3.595206798734695841e-02
5.000000000000000000e+00 7.748086734709002110e-01 5.446052710726904111e-01 5.596557857246242662e-02 3.967939811750431645e-02
1.500000000000000000e+01 6.825743653000826416e-01 7.438942804358401606e-01 5.352540106508762996e-02 3.778734210353651424e-02
9.000000000000000000e+00 6.007586977952802387e-01 8.389988759928295181e-01 5.169151328210941365e-02 3.798489458614295877e-02
0.000000000000000000e+00 7.196865342477876126e-01 4.399059933292230329e-01 5.287203377539173577e-02 3.769096306341113145e-02
6.000000000000000000e+00 6.077358817920792688e-01 5.499596365179274526e-01 5.233997064168216529e-02 3.807113606466061562e-02
5.000000000000000000e+00 5.640288968764094468e-01 6.418580765863722837e-01 5.080922772090223916e-02 3.693301426208983607e-02
6.000000000000000000e+00 5.207142153775879967e-01 7.366950809516442655e-01 4.875162041595487716e-02 3.617324589842874083e-02
1.000000000000000000e+00 4.428515470559903910e-01 8.496636196857874079e-01 4.799471136454208642e-02 3.560542692064527781e-02
3.000000000000000000e+00 5.994478619801384411e-01 3.308363867830450555e-01 5.217026035106886450e-02 3.991183998592767734e-02
8.000000000000000000e+00 5.522482415942029377e-01 4.490503916004855434e-01 5.346232290397490150e-02 4.009659776827168010e-02
9.000000000000000000e+00 4.798665138282257603e-01 5.553739319926100926e-01 4.951751175129920357e-02 3.674227791777229246e-02
3.000000000000000000e+00 4.349793405616055875e-01 6.565583496115183770e-01 4.787450472234788812e-02 3.511680222755531044e-02
5.000000000000000000e+00 3.696338748045867595e-01 7.586102941193226812e-01 4.823139887842486928e-02 3.656361422516951620e-02
2.000000000000000000e+00 3.059898875678986885e-01 8.446857592351786348e-01 4.494284320963531920e-02 3.330630881751728278e-02
8.000000000000000000e+00 4.555987365239308473e-01 3.761923284076976182e-01 5.063631153473791002e-02 3.879231815394135197e-02
7.000000000000000000e+00 3.925666132264262753e-01 4.476315662045738941e-01 4.997670574559121004e-02 3.611475996607810268e-02
0.000000000000000000e+00 3.591239672021627749e-01 5.524688418664467360e-01 4.968369844500036825e-02 3.671738168385307866e-02
1.500000000000000000e+01 2.904055094192053432e-01 6.824910120157549054e-01 4.671093792896185981e-02 3.340185028132758305e-02
6.000000000000000000e+00 2.351752506465843995e-01 7.686952039466657949e-01 4.558410896567452464e-02 3.340421860056341785e-02
7.000000000000000000e+00 3.468039705368875514e-01 2.817835421540283436e-01 5.140529323786546811e-02 3.934283684852601937e-02
0.000000000000000000e+00 2.968655333643158700e-01 3.772809032389364270e-01 5.141338018159796741e-02 3.934399212620209862e-02
3.000000000000000000e+00 2.550159172503903005e-01 4.847504935266837567e-01 4.835507135364722209e-02 3.705013053650046961e-02
2.000000000000000000e+00 2.091009945221758981e-01 5.927793392964408881e-01 4.699242133473399696e-02 3.406480637573472414e-02
8.000000000000000000e+00 1.440453157292258812e-01 6.901397589256477172e-01 4.659668096679953075e-02 3.447452560354946627e-02
1.000000000000000000e+00 1.975136171951742958e-01 3.196935314238495418e-01 5.067937451011300665e-02 3.931883595480589744e-02
2.000000000000000000e+00 1.558596184737476298e-01 4.138139459286032107e-01 4.880279921700436674e-02 3.594756240441032702e-02
1.000000000000000000e+00 1.255215357073902749e-01 4.954840917691348268e-01 4.686331905443422152e-02 3.645776190810046113e-02
7.000000000000000000e+00 9.886594385638816651e-02 6.229946160458330606e-01 4.552755812343135811e-02 3.387458990637137735e-02
