0.000000000000000000e+00 6.184052325878173217e-01 4.675812520826760355e-01 3.707247069020880303e-02 4.497125301919924212e-02
1.200000000000000000e+01 1.225913822069738812e-01 3.794697022167029532e-01 3.102921028730366848e-02 3.509570671117107077e-02
1.400000000000000000e+01 2.618500637303505796e-01 1.598064589389007750e-01 3.370421402117090848e-02 4.196405909397452061e-02
6.000000000000000000e+00 5.123547890360877766e-01 1.788577817531868952e-01 3.864989241771216166e-02 5.719890648819209167e-02
2.000000000000000000e+00 7.717591740436836600e-01 1.744822583485928780e-01 3.841607857780426905e-02 5.803734387751799395e-02
1.000000000000000000e+00 8.618788255167773027e-01 1.855144776425206032e-01 3.513565793684614302e-02 5.241643309866370060e-02
7.000000000000000000e+00 4.515212135388510517e-01 3.159724141653376117e-01 3.840352652604961392e-02 5.430612607309209805e-02
1.500000000000000000e+01 5.814891950301982471e-01 3.237826379440816305e-01 3.792527352025620857e-02 5.056609633165565221e-02
8.000000000000000000e+00 6.875475438244549320e-01 3.087850469953887234e-01 3.560645904735393330e-02 5.366259966349562482e-02
5.000000000000000000e+00 7.940280722375470113e-01 3.288504509209577709e-01 3.653157076245283630e-02 5.181061951273630006e-02
7.000000000000000000e+00 8.935586174301264339e-01 3.226721638755317700e-01 3.605957961543537760e-02 4.994444392647123809e-02
3.000000000000000000e+00 9.093547087095714687e-01 4.470810031497066128e-01 3.258671307037452891e-02 4.420520951753270644e-02
2.000000000000000000e+00 8.252232642837189491e-01 4.578934623682191507e-01 3.427078473648847989e-02 4.570406050120850994e-02
0.000000000000000000e+00 7.219919605545153107e-01 4.678190043767462836e-01 3.372620136239345978e-02 4.867991679835037555e-02
5.000000000000000000e+00 4.980491759834482779e-01 4.355010978864985449e-01 3.540010104977164840e-02 4.943700669199335707e-02
6.000000000000000000e+00 3.686675991492430748e-01 4.330600071622483505e-01 4.100072453955966312e-02 4.723308741065995742e-02
9.000000000000000000e+00 3.243898824072406484e-01 5.726490088196105610e-01 3.705926695179434516e-02 4.273375770777732008e-02
8.000000000000000000e+00 4.412830319387649469e-01 5.537605510019059096e-01 3.818957496216862646e-02 4.496847626734379322e-02
6.000000000000000000e+00 5.485179584962522892e-01 5.952271748349226010e-01 3.593944259638437444e-02 3.900010316192714654e-02
5.000000000000000000e+00 6.585217033324364255e-01 5.674878771464502147e-01 3.706680384968763509e-02 4.572074934654357659e-02
9.000000000000000000e+00 7.646809502221745269e-01 5.551826729649236292e-01 3.314637024025623990e-02 4.344947966561496511e-02
1.500000000000000000e+01 8.554763157590254963e-01 5.580804968680874723e-01 3.146581201526577054e-02 4.270026668029658357e-02
1.000000000000000000e+00 7.877601216079730406e-01 6.663868246287305563e-01 3.146071185879650844e-02 4.120110402039212083e-02
8.000000000000000000e+00 6.946247192804675397e-01 6.595378245063072686e-01 3.369667712327750753e-02 3.897698245260039496e-02
0.000000000000000000e+00 4.885183294172282809e-01 6.719159892595452099e-01 3.593938592797912834e-02 3.899063953825676609e-02
2.000000000000000000e+00 4.117132880935141515e-01 6.826061155583047491e-01 3.761263392869723665e-02 3.900316325580877042e-02
3.000000000000000000e+00 4.639362410896801237e-01 7.613993112105044148e-01 3.368537177643765590e-02 3.450420189755987188e-02
7.000000000000000000e+00 5.508567202477894220e-01 7.628392270527588614e-01 3.200926202125620179e-02 3.598931079297151836e-02
3.000000000000000000e+00 6.388145287304201059e-01 7.485989101700258885e-01 2.977414678285328353e-02 3.895352173284238884e-02
1.000000000000000000e+00 7.241636921816878569e-01 7.476511594270445205e-01 3.368919689378957472e-02 3.600036113198801235e-02
