0.000000000000000000e+00 6.633229021015004667e-01 5.441842052537262386e-01 5.276759426389121543e-02 3.826791540615825937e-02
1.600000000000000000e+01 4.279268510328714248e-01 2.733968974322836809e-01 3.626263940500318306e-02 2.883623647701388792e-02
1.600000000000000000e+01 7.044983309075658617e-01 1.076745666707725341e-01 3.469393948050691900e-02 2.713272733211605225e-02
1.000000000000000000e+00 7.976556657371103309e-01 4.837681133656270283e-01 5.471404550485359231e-02 4.036330213703254177e-02
0.000000000000000000e+00 8.408252479658111511e-01 6.919617276795454464e-01 5.367922934930702272e-02 3.829557315488396618e-02
6.000000000000000000e+00 7.602740473497932028e-01 8.537415653182718334e-01 5.082031031651568220e-02 3.549417034363633316e-02
2.000000000000000000e+00 7.245626595903588152e-01 7.609082425020242679e-01 5.283676837522022218e-02 3.963498142059007634e-02
7.000000000000000000e+00 7.029328131111488576e-01 6.353749254513019196e-01 5.000854052165992769e-02 3.749141667580646597e-02
8.000000000000000000e+00 6.096717765936405797e-01 4.193654692636279435e-01 5.465956271381544607e-02 3.968690661335888548e-02
2.000000000000000000e+00 4.798545567907025466e-01 4.026824787996363675e-01 5.015286638678434494e-02 4.023586831629116789e-02
9.000000000000000000e+00 5.253716722261599914e-01 5.110266834544447967e-01 4.997475643289384095e-02 3.682325899772098676e-02
5.000000000000000000e+00 5.609157752150761844e-01 6.071807948374450259e-01 4.815642302151246223e-02 3.800912214872742556e-02
3.000000000000000000e+00 6.047902136830749509e-01 7.200989666016689439e-01 5.130887106497294958e-02 3.810637036198860628e-02
3.000000000000000000e+00 6.350488911510012713e-01 8.170678663402726194e-01 4.694269394517702754e-02 3.482455542932749726e-02
8.000000000000000000e+00 6.515271101861213054e-01 9.252373810853881109e-01 4.589223480486737117e-02 3.480231027228786189e-02
2.000000000000000000e+00 3.213069880530492473e-01 3.522260611857092050e-01 4.427764680909829220e-02 3.757697725976755221e-02
0.000000000000000000e+00 3.695203919848396579e-01 4.743223081669721286e-01 4.811832670310650650e-02 3.876040177056372382e-02
1.000000000000000000e+00 4.082928828681527955e-01 5.786072474942953736e-01 5.026632263558911129e-02 3.666644253639805839e-02
6.000000000000000000e+00 4.456301745087219990e-01 6.789266307051383675e-01 5.037811347156739838e-02 3.887472046529660830e-02
7.000000000000000000e+00 4.778063220604782946e-01 7.778708587535352326e-01 4.569946327020091292e-02 3.591427072911890228e-02
6.000000000000000000e+00 5.048345893470040924e-01 8.724569393511211191e-01 4.733147862161873887e-02 3.822854028861777387e-02
9.000000000000000000e+00 3.883345755554750145e-01 8.446839202662485002e-01 4.075806445594071237e-02 3.284318999803836903e-02
5.000000000000000000e+00 3.482821703057306650e-01 7.524030089366453566e-01 4.327652552377347916e-02 3.291248306742633467e-02
5.000000000000000000e+00 3.058923581540050618e-01 6.434411442998115849e-01 4.467666187861690785e-02 3.578918633004335437e-02
1.500000000000000000e+01 2.607593136818998625e-01 5.406368461937838266e-01 4.670299345622133669e-02 3.821218355550037860e-02
1.500000000000000000e+01 2.303800276118691814e-01 4.431853336096746032e-01 4.599629336700833404e-02 3.677124458640784743e-02
8.000000000000000000e+00 1.632122182973557711e-01 5.188257671116338621e-01 4.593351325135261454e-02 3.582302989783892055e-02
7.000000000000000000e+00 1.681193571906139106e-01 6.107414771999990499e-01 4.394548616875748603e-02 3.387622178269944495e-02
1.000000000000000000e+00 2.237360267079112619e-01 7.217730336269555513e-01 4.149048922542000750e-02 3.475097986981423581e-02
0.000000000000000000e+00 2.480539833168954877e-01 8.023345538545949562e-01 4.404823619224909614e-02 3.577288907595554956e-02
