0.000000000000000000e+00 5.728218192945641052e-01 9.054187234651487337e-01 4.850305140962252182e-02 3.459935009152592666e-02
2.000000000000000000e+00 6.938897133417551988e-01 8.613848948635569602e-01 4.850083165971474930e-02 3.400521507965004187e-02
6.000000000000000000e+00 4.338103603076571835e-01 7.503766366967733470e-01 4.931455949172619535e-02 3.697865129135302631e-02
7.000000000000000000e+00 1.877029252961356365e-01 6.674773964524194358e-01 5.168541481385571790e-02 3.520030677384955453e-02
6.000000000000000000e+00 1.497770363368605140e-01 5.357021597438316185e-01 5.190663184124086338e-02 3.646069159947995519e-02
0.000000000000000000e+00 2.898981131114607424e-01 5.958317739077185760e-01 5.247469832676171508e-02 3.698541882155936822e-02
1.000000000000000000e+00 5.609294008836733791e-01 6.830368146406804453e-01 5.404847394118772463e-02 3.639453222418265188e-02
5.000000000000000000e+00 6.776855660857959984e-01 7.448993496593259156e-01 5.248463306110462412e-02 3.697816402917808443e-02
1.000000000000000000e+00 8.199844205457386126e-01 8.063915112848383249e-01 5.326057100444359094e-02 3.521113482217996804e-02
8.000000000000000000e+00 8.335536975911583824e-01 6.875682445863678938e-01 5.406985933663965849e-02 3.698877551654167206e-02
8.000000000000000000e+00 6.760004510644153086e-01 6.321355670868946675e-01 5.168671417965520209e-02 3.817931943044250431e-02
7.000000000000000000e+00 5.556165106899983996e-01 5.732483361182889592e-01 4.868133522537865243e-02 3.935486649740593812e-02
3.000000000000000000e+00 4.146660460184894426e-01 5.338069264446041462e-01 5.533690341199298812e-02 3.794705779376073007e-02
1.500000000000000000e+01 2.709286311976437656e-01 4.754868415774112789e-01 4.962613658242642778e-02 3.721302439745927115e-02
1.000000000000000000e+00 1.333395987796279214e-01 4.230074736548071757e-01 4.963149646634985868e-02 3.864229970691918092e-02
5.000000000000000000e+00 8.175742052679288996e-01 5.744501953426948138e-01 5.440293010327523771e-02 4.294024986048761150e-02
7.000000000000000000e+00 6.418975128485853165e-01 5.371352519403278514e-01 6.011017781713434704e-02 4.010108144807889019e-02
8.000000000000000000e+00 6.748631811482989074e-01 5.039000870527372555e-01 6.010205678088675896e-02 3.795926641825292380e-02
6.000000000000000000e+00 5.069360823136674910e-01 4.415400979587439378e-01 5.249099453949856997e-02 3.865564527648607251e-02
2.000000000000000000e+00 3.748031004233116636e-01 3.988100475864655436e-01 5.256329883222315980e-02 4.029701498261289982e-02
1.500000000000000000e+01 2.611720859250577509e-01 3.687886068380842319e-01 5.086657072900838128e-02 4.327965503539638048e-02
5.000000000000000000e+00 8.245186928541127225e-01 4.335310508009807551e-01 5.725433421029713088e-02 4.080241413842294884e-02
9.000000000000000000e+00 6.638669461574535635e-01 3.859279049530171535e-01 6.010557589659415445e-02 4.152310196515740515e-02
0.000000000000000000e+00 5.239754104723922667e-01 3.346189543094801877e-01 5.345818288646908556e-02 4.508211903055520109e-02
2.000000000000000000e+00 3.754532299801146555e-01 2.603567203507365369e-01 5.727049507242998327e-02 4.509752192930485681e-02
1.500000000000000000e+01 6.959448769148190994e-01 2.709384305813825611e-01 4.240929651061831063e-02 2.983127314958289311e-02
3.000000000000000000e+00 6.532046211069895136e-01 2.359843265564398884e-01 3.780109570227008220e-02 3.527691521578552036e-02
9.000000000000000000e+00 4.201289452867182361e-01 8.202216089444106517e-01 5.009263597461044437e-02 3.579113923098464767e-02
8.000000000000000000e+00 2.983365871309375250e-01 7.935057547902597541e-01 4.770599877203973715e-02 3.340209278766048673e-02
3.000000000000000000e+00 1.867304312054833826e-01 7.478571664113123907e-01 4.452682964206391980e-02 3.102409095363301006e-02
