3 0.229848 0.243036 0.041695 0.054469
10 0.847320 0.544672 0.033688 0.047281
10 0.793066 0.679021 0.035461 0.052792
2 0.574574 0.824724 0.049648 0.068073
8 0.274938 0.794276 0.038297 0.068073
3 0.641238 0.686479 0.046102 0.068083
1 0.511102 0.657635 0.045391 0.061458
2 0.373871 0.702552 0.040430 0.056729
6 0.241605 0.648656 0.041133 0.056729
15 0.121039 0.648656 0.038297 0.052958
5 0.076715 0.528089 0.037586 0.050115
7 0.208629 0.494047 0.039008 0.052010
7 0.309688 0.524781 0.042547 0.056729
7 0.444793 0.499250 0.044680 0.058625
0 0.585211 0.524781 0.046094 0.058625
5 0.712867 0.514380 0.048937 0.062406
9 0.158215 0.391406 0.038414 0.048062
6 0.284453 0.367609 0.040781 0.051219
8 0.378418 0.382974 0.038414 0.052010
5 0.496621 0.364458 0.043148 0.057521
2 0.644371 0.388490 0.045508 0.058313
1 0.769648 0.370458 0.049250 0.063687
3 0.687277 0.238495 0.044258 0.056740
15 0.549836 0.234521 0.040000 0.055604
0 0.439203 0.205589 0.041703 0.052198
6 0.337930 0.243036 0.046813 0.049927
1 0.306867 0.131260 0.044250 0.048792
9 0.394523 0.127859 0.040844 0.044260
0 0.523027 0.119349 0.044258 0.052198
8 0.629410 0.133531 0.044258 0.051062
