1.200000000000000000e+01 5.822741012493278800e-01 9.076605733778908558e-01 3.272709167438847544e-02 3.687164087858230133e-02
2.000000000000000000e+00 1.605315517210721965e-01 6.035154971807270563e-01 3.557933403323718102e-02 3.534087907655270033e-02
8.000000000000000000e+00 2.541164863583278422e-01 6.435324461269655849e-01 3.328006359831722771e-02 3.547910821801314452e-02
0.000000000000000000e+00 4.487414567922581865e-01 7.228840002478591487e-01 3.899368240025186116e-02 3.899368240025202770e-02
1.000000000000000000e+00 1.687077888310405394e-01 4.983291960791836894e-01 3.559237086255798155e-02 3.535386054778699716e-02
7.000000000000000000e+00 2.381712539001671902e-01 5.290360359130642509e-01 3.270267875833562932e-02 3.416335722312502376e-02
8.000000000000000000e+00 3.337751948209893293e-01 5.695663203934493435e-01 3.459492886382464771e-02 3.337157051495098781e-02
9.000000000000000000e+00 4.243480821438051498e-01 6.157667952570764491e-01 3.360905670512565058e-02 3.287866211464463007e-02
6.000000000000000000e+00 5.360183790155856887e-01 6.635796574209646970e-01 3.720024647878672486e-02 3.597666669756771629e-02
5.000000000000000000e+00 1.511106849175740119e-01 3.996006233359338800e-01 3.307587529704472673e-02 3.453660911992051386e-02
3.000000000000000000e+00 2.402282358309271171e-01 4.292321461831958285e-01 3.209221746179710677e-02 3.405261337150639056e-02
0.000000000000000000e+00 3.215429122472798218e-01 4.698014581144138724e-01 3.423410485740085996e-02 3.448047602042475512e-02
0.000000000000000000e+00 4.195609224344611921e-01 5.108173160486721986e-01 3.528283612307964168e-02 3.381357715491589699e-02
7.000000000000000000e+00 5.140034645444871986e-01 5.512234185019921906e-01 3.547163487636439960e-02 3.620202946684525358e-02
5.000000000000000000e+00 6.131066177786033133e-01 5.966063374682781806e-01 3.726590116912387174e-02 3.775897564368924098e-02
1.500000000000000000e+01 2.376486182075242537e-01 3.297679198312676863e-01 3.366972916769692126e-02 3.317684844643364883e-02
5.000000000000000000e+00 3.139338740894160873e-01 3.804988312790790750e-01 3.408488713581214746e-02 3.652930647297858435e-02
2.000000000000000000e+00 4.064561133837266693e-01 4.120874285508731028e-01 3.239635478786212497e-02 3.410290619289874092e-02
9.000000000000000000e+00 5.118790011065424972e-01 4.529856505517699250e-01 3.436256329663173181e-02 3.509237662720654516e-02
2.000000000000000000e+00 6.056600694435156917e-01 4.871852950004567084e-01 3.491750043262376035e-02 3.491750043262364933e-02
1.000000000000000000e+00 7.077986726230498515e-01 5.402701291538756223e-01 3.874440493769804039e-02 3.776849723453068464e-02
1.000000000000000000e+00 3.129911950775429719e-01 2.693406797425901278e-01 3.200262039914025802e-02 3.224951746398380115e-02
3.000000000000000000e+00 4.033089093016152260e-01 3.129816734867014727e-01 3.490449128234601739e-02 3.490449128234590637e-02
1.500000000000000000e+01 5.878103804218396400e-01 3.728445794042398731e-01 3.398333272651732351e-02 3.325293813603619197e-02
8.000000000000000000e+00 6.870318892444390313e-01 4.035914569740280955e-01 3.838551846429427705e-02 3.887006779357132791e-02
3.000000000000000000e+00 6.686817631227214287e-01 3.024812963215484096e-01 3.466628543704963761e-02 3.368168651433506300e-02
6.000000000000000000e+00 5.730234882402076568e-01 2.737623930453052523e-01 3.635083200278688143e-02 3.757438410496261039e-02
7.000000000000000000e+00 4.897839558055424591e-01 2.414916595947516342e-01 3.270486540274392118e-02 3.417348775291578766e-02
6.000000000000000000e+00 3.849223575591201874e-01 2.132777743001903759e-01 3.243723673458576151e-02 3.146072009246925205e-02
1.200000000000000000e+01 6.321920930395248384e-01 8.385496009232016323e-01 3.111904998390102595e-02 3.355447363204577815e-02
