16 0.894156 0.546578 0.028562 0.036115
16 0.747734 0.855224 0.027781 0.042552
0 0.413938 0.799193 0.040422 0.056740
8 0.343230 0.838625 0.037586 0.056729
6 0.180477 0.809781 0.038297 0.053896
2 0.136148 0.731297 0.039000 0.057677
9 0.250328 0.670312 0.041844 0.051062
0 0.361672 0.691109 0.040422 0.056740
0 0.569824 0.662745 0.041133 0.052948
7 0.474082 0.642885 0.041133 0.056729
1 0.418406 0.568656 0.041844 0.053896
6 0.532598 0.538401 0.039023 0.052010
5 0.582355 0.429427 0.038414 0.047937
8 0.544566 0.397630 0.036477 0.047969
15 0.339793 0.448120 0.034945 0.048552
2 0.323562 0.139380 0.034937 0.044656
1 0.251113 0.486031 0.036914 0.047938
2 0.062062 0.611807 0.034281 0.045698
9 0.086285 0.479771 0.034883 0.044875
6 0.293312 0.385969 0.033344 0.046500
5 0.406910 0.343042 0.041367 0.045667
3 0.359418 0.315875 0.035289 0.045417
3 0.227551 0.346797 0.034883 0.047615
3 0.159422 0.365401 0.034063 0.047615
7 0.186121 0.236531 0.029414 0.045604
7 0.318172 0.263068 0.034891 0.048156
0 0.597621 0.315167 0.037430 0.049250
15 0.533844 0.178776 0.036938 0.047281
1 0.385602 0.170573 0.034969 0.044000
5 0.463906 0.113766 0.036938 0.045969
