5 0.853820 0.617635 0.036641 0.053583
12 0.263461 0.772604 0.027234 0.034042
16 0.266902 0.877583 0.024117 0.031542
1 0.411027 0.876245 0.037945 0.051260
1 0.530516 0.907630 0.038969 0.047240
6 0.632301 0.927036 0.035461 0.048219
3 0.722012 0.812620 0.037586 0.050115
2 0.609965 0.763922 0.037586 0.049177
15 0.498973 0.737443 0.038289 0.047281
6 0.403941 0.723734 0.036883 0.052010
2 0.793832 0.701875 0.039008 0.052792
5 0.570730 0.662005 0.034273 0.050427
9 0.460215 0.612964 0.037430 0.049906
8 0.350586 0.545594 0.036437 0.051875
8 0.338766 0.396130 0.039000 0.051219
9 0.446324 0.455313 0.034867 0.048854
2 0.544434 0.517167 0.038414 0.049646
7 0.657312 0.581786 0.036047 0.052802
5 0.749805 0.581000 0.037828 0.048062
0 0.840449 0.486578 0.039008 0.054844
0 0.732297 0.452068 0.042547 0.052010
7 0.626633 0.411880 0.039703 0.054844
3 0.528406 0.375469 0.036172 0.050104
15 0.816586 0.342156 0.037234 0.048854
8 0.713520 0.297875 0.035461 0.048854
3 0.593250 0.247443 0.039594 0.052010
6 0.493078 0.193464 0.040188 0.051219
1 0.782961 0.186766 0.036047 0.052010
0 0.665645 0.130031 0.039008 0.058312
7 0.574043 0.109542 0.037820 0.053583
