1.500000000000000000e+01 2.185377265817971815e-01 4.443182238878200518e-01 3.122423930091983157e-02 4.659646479718670964e-02
1.100000000000000000e+01 7.898732342379396476e-01 5.577049230049757611e-01 2.710033871378425552e-02 4.027763015064866892e-02
1.000000000000000000e+01 6.586859554591710797e-01 7.215605763611639967e-01 2.907291988235671809e-02 3.118872062778610399e-02
1.000000000000000000e+00 4.860728229617754526e-01 7.788915583392412856e-01 3.787329129691480167e-02 5.256561906079360025e-02
7.000000000000000000e+00 2.636737415008951202e-01 7.442865028944904982e-01 3.685764260751342447e-02 5.465356095438667072e-02
1.000000000000000000e+00 1.681535755600470916e-01 6.920359450954618463e-01 3.831178199225576675e-02 4.694696295463385294e-02
6.000000000000000000e+00 1.448533805026159249e-01 5.712723201449995125e-01 3.652516274856318357e-02 4.675031544274843576e-02
2.000000000000000000e+00 2.470941945983121668e-01 5.754384724154484321e-01 3.587835762491212166e-02 5.181021348145187222e-02
3.000000000000000000e+00 3.431842403400304775e-01 6.098592560026521170e-01 3.430264242882935521e-02 4.871553664067895806e-02
3.000000000000000000e+00 4.417748769959853883e-01 6.290373768360327800e-01 3.435860546485663969e-02 5.176736209682708534e-02
0.000000000000000000e+00 5.624668240101429184e-01 6.757166549325137606e-01 4.039200954625032924e-02 4.890035368123690773e-02
7.000000000000000000e+00 6.465182339211410500e-01 5.476925552397866603e-01 3.813582417561856008e-02 5.085707002420380984e-02
1.000000000000000000e+00 5.153436851656674200e-01 5.277682424199414690e-01 3.887372938032329639e-02 4.885243209461431757e-02
7.000000000000000000e+00 4.141313860784202605e-01 4.933743908734563588e-01 3.352428464474593861e-02 4.767745367039594173e-02
5.000000000000000000e+00 3.276634252142531789e-01 4.713721266386854403e-01 3.350602101389438259e-02 4.665090132078458796e-02
1.500000000000000000e+01 6.240435822373517905e-01 1.875834891668249071e-01 3.189713143162298259e-02 4.204644916904848317e-02
8.000000000000000000e+00 1.231227128140983118e-01 4.388914176830535085e-01 3.119452682684785427e-02 4.456238698503056650e-02
8.000000000000000000e+00 1.942644343689338138e-01 3.409809922397176729e-01 3.154246262414567292e-02 4.252912694739008348e-02
7.000000000000000000e+00 3.047755111789334226e-01 3.486441527831093401e-01 3.119785244321188200e-02 4.399307962632131863e-02
6.000000000000000000e+00 3.881415987865892148e-01 3.820065180737382549e-01 3.453491765045069162e-02 4.605523436351799393e-02
9.000000000000000000e+00 5.002875704084608355e-01 3.872125115296791709e-01 3.378381901689203604e-02 4.504569172383426912e-02
5.000000000000000000e+00 5.908372755834769841e-01 4.022688988783912345e-01 3.673895626612866394e-02 4.611591323258606989e-02
0.000000000000000000e+00 7.009861328013038406e-01 4.455453354374170338e-01 3.674609816356610992e-02 4.611613130579023112e-02
5.000000000000000000e+00 6.568738761688883709e-01 3.132335212924760026e-01 3.564815409873067775e-02 4.705839836197900361e-02
2.000000000000000000e+00 5.531368073008889885e-01 2.915905326616212156e-01 3.485954687404979602e-02 4.361968378243341604e-02
0.000000000000000000e+00 3.581894486336322236e-01 2.665513946147652358e-01 3.119875199517924136e-02 4.399307962632126312e-02
9.000000000000000000e+00 2.625833618503302103e-01 2.340289791588303914e-01 3.296386376910773186e-02 3.964320068133569963e-02
6.000000000000000000e+00 3.242904051874721527e-01 1.476687873462627643e-01 3.075944352532244963e-02 3.957360807004603465e-02
3.000000000000000000e+00 4.015517924055368448e-01 1.661441263903899457e-01 3.079152754549008275e-02 4.152937034274467587e-02
2.000000000000000000e+00 4.963545111341489680e-01 1.939491005156636083e-01 3.226810121111434171e-02 4.206803841626408080e-02
