1.500000000000000000e+01 5.624913901485232293e-01 6.092014292187717395e-01 4.796346417204810919e-02 3.773919847595630372e-02
1.600000000000000000e+01 4.386717541231163198e-01 2.110403805872954064e-01 3.061781203567331966e-02 2.207057650958077488e-02
1.400000000000000000e+01 5.652558591185986581e-01 1.161667518190287740e-01 3.543200002950053218e-02 2.612826716286310857e-02
8.000000000000000000e+00 3.526211918784756816e-01 3.645138205619216087e-01 4.524687372218105796e-02 3.617269578625159632e-02
0.000000000000000000e+00 4.927814491471987912e-01 3.823247136856995354e-01 4.912166173976634242e-02 3.684104425635464919e-02
3.000000000000000000e+00 6.280262433682894940e-01 4.225107470024676015e-01 5.441803492372465634e-02 3.902804476470861372e-02
1.000000000000000000e+00 8.094426105198114785e-01 4.515542949003117368e-01 5.170835592497025068e-02 3.697604050308889168e-02
5.000000000000000000e+00 6.711627556569554898e-01 5.232768198100341550e-01 4.980402819337637066e-02 3.735951456482766719e-02
7.000000000000000000e+00 5.371709824407242539e-01 4.791948460910253615e-01 5.049534051717663452e-02 3.787149145350515722e-02
9.000000000000000000e+00 3.881355719462393217e-01 4.605835344696312394e-01 4.662013446827406593e-02 3.720225118325848346e-02
2.000000000000000000e+00 2.663601369311959233e-01 4.378615676270525281e-01 4.451830087363187194e-02 3.518095828908329725e-02
7.000000000000000000e+00 1.820601365652681491e-01 5.127808616264502017e-01 4.494586330496877502e-02 3.281674037094761687e-02
6.000000000000000000e+00 3.037867733912051338e-01 5.333940694888967826e-01 4.172771888060222700e-02 3.265393110723546766e-02
0.000000000000000000e+00 4.239262846491171910e-01 5.625327752489361899e-01 4.580260455540291487e-02 3.525692851381434512e-02
6.000000000000000000e+00 6.949579900379536657e-01 6.343284835079410211e-01 5.099948628584338728e-02 3.646398000814787821e-02
3.000000000000000000e+00 8.516322261372784030e-01 6.621294890526125965e-01 5.440872675972596717e-02 3.902060380726068978e-02
2.000000000000000000e+00 2.268034636970038820e-01 6.010998986831870283e-01 4.138777581337188538e-02 3.532225287433155003e-02
5.000000000000000000e+00 4.627693784246739162e-01 6.641084214399677332e-01 4.431923436033247121e-02 3.431028266140578875e-02
8.000000000000000000e+00 6.065552073739839400e-01 7.016734680691358861e-01 5.005702074660789425e-02 3.861349704171701536e-02
7.000000000000000000e+00 7.424475460399533322e-01 7.360215686303801519e-01 5.081215251818294032e-02 3.865045101016650886e-02
3.000000000000000000e+00 8.870251541729885503e-01 7.734318043283738842e-01 5.287761738821961099e-02 3.590381804296249868e-02
8.000000000000000000e+00 7.804243813854186973e-01 8.282274608753952272e-01 5.042382929316335805e-02 3.406303107159869281e-02
1.000000000000000000e+00 6.270493320485082123e-01 7.934844879318269095e-01 4.897025079663941405e-02 3.512092899191876505e-02
0.000000000000000000e+00 4.951293777783368766e-01 7.523352407881077619e-01 4.584878308158762961e-02 3.438636436115483086e-02
5.000000000000000000e+00 3.817470083395648750e-01 7.231054878071598857e-01 4.738376620996759270e-02 3.446651489905894206e-02
0.000000000000000000e+00 2.637599960719519965e-01 6.988996351975527155e-01 4.197407867026578532e-02 3.362198016309003723e-02
2.000000000000000000e+00 2.853168538956998290e-01 7.707297892371033354e-01 4.161571435631966631e-02 3.232764372970375888e-02
9.000000000000000000e+00 4.036454674214350336e-01 8.099047580754665798e-01 4.048541341184286324e-02 3.147346640468251522e-02
1.500000000000000000e+01 5.200198124075356976e-01 8.497266164429779778e-01 4.548880237988112141e-02 3.411614891765024637e-02
6.000000000000000000e+00 6.643464484720398300e-01 8.862842354662017197e-01 4.534814877598625227e-02 3.251837748541153150e-02
