1.000000000000000000e+00 8.271174859454524242e-01 6.476132382375092700e-01 3.012927339809223781e-02 4.016689106412718591e-02
1.100000000000000000e+01 2.419661075979541165e-01 5.458434881571696540e-01 2.767636812101412214e-02 3.240155427530788668e-02
1.200000000000000000e+01 2.323353809618722843e-01 4.090590040775265446e-01 2.805749424703943284e-02 3.907728409456268093e-02
1.500000000000000000e+01 4.202256727825036675e-01 2.632582755175833511e-01 3.829048226424131007e-02 4.962982173783678230e-02
2.000000000000000000e+00 5.432188708683801659e-01 1.566978467336576641e-01 3.272574914611348085e-02 4.620244134176448858e-02
0.000000000000000000e+00 6.691696044513451014e-01 7.227500690720380094e-02 3.252762405679077151e-02 4.650130342443145604e-02
5.000000000000000000e+00 7.567777318030031175e-01 1.199987523955063223e-01 3.012765296388286718e-02 4.254282571626386011e-02
1.500000000000000000e+01 6.696905470423953899e-01 2.054934554369328148e-01 3.287812397626055372e-02 4.502236012884799909e-02
8.000000000000000000e+00 6.298311603767181577e-01 2.062592996514807653e-01 3.391757850704735233e-02 4.570197023622482591e-02
8.000000000000000000e+00 5.394106344186507807e-01 2.471003048502915245e-01 3.450088080791857692e-02 4.698910813590179147e-02
3.000000000000000000e+00 5.381080753867486521e-01 3.314204361551131850e-01 3.548686100979869806e-02 4.788666664442836618e-02
2.000000000000000000e+00 7.048635299458545500e-01 3.221363744108723948e-01 3.108776023288806201e-02 4.287914683640225988e-02
0.000000000000000000e+00 7.753876895013211978e-01 2.834374076897056005e-01 3.091610223565044446e-02 4.312728932831844109e-02
6.000000000000000000e+00 7.784169292121705386e-01 3.455950358610875295e-01 3.194583416118146335e-02 4.378467247979123123e-02
8.000000000000000000e+00 7.493164694935574577e-01 4.013492886929412862e-01 3.225728161620733392e-02 4.419971969526431677e-02
2.000000000000000000e+00 6.699172187810384926e-01 3.983247617449172662e-01 3.294213112752752970e-02 4.535219951214924938e-02
9.000000000000000000e+00 5.824474765108540453e-01 4.659994552614369345e-01 3.453653036052306557e-02 4.718925876798613084e-02
5.000000000000000000e+00 4.861787899878352581e-01 5.141850515066243021e-01 3.599943135743455258e-02 4.771025537351009094e-02
1.000000000000000000e+00 3.978321497452926847e-01 6.468847720387222999e-01 3.711202148553410796e-02 4.919956944803316468e-02
3.000000000000000000e+00 5.235673790820400963e-01 5.630571987190515770e-01 3.459778277363423360e-02 4.514184014454636351e-02
7.000000000000000000e+00 5.375094869898364713e-01 6.072563782695795664e-01 3.567591166754946475e-02 4.578655690194977090e-02
3.000000000000000000e+00 5.176054235247413704e-01 6.604173692145938190e-01 3.408054017402850633e-02 4.445283151875556449e-02
6.000000000000000000e+00 4.799439398060734163e-01 7.858492667709804369e-01 3.594295922524071152e-02 4.792374758058437489e-02
7.000000000000000000e+00 6.153996543304791622e-01 6.701064854966838347e-01 3.479893267348088681e-02 4.520816991817999675e-02
6.000000000000000000e+00 6.796806589788613184e-01 5.793936602144968973e-01 3.405871832667661803e-02 4.746413842435559527e-02
1.000000000000000000e+00 7.832177086223277573e-01 5.003821794082613517e-01 3.190710578357947025e-02 4.225417236911538366e-02
7.000000000000000000e+00 8.281115683183790654e-01 4.885026681909985791e-01 3.112681269733197365e-02 4.197502556932819484e-02
0.000000000000000000e+00 5.763466497418190393e-01 7.513277254268933003e-01 3.510465459430067714e-02 4.782711568723696516e-02
9.000000000000000000e+00 5.773183701226574094e-01 8.525467979484421255e-01 3.490577330234700959e-02 4.574788253882133837e-02
5.000000000000000000e+00 6.640761746229897344e-01 7.606109499467925694e-01 3.460410246705059034e-02 4.410287174402227617e-02
