3.000000000000000000e+00 4.191984024386557484e-01 8.532129905979641826e-01 3.613425293939231953e-02 4.593558979785627994e-02
8.000000000000000000e+00 8.353824161181839791e-01 2.904786734669724257e-01 3.264529279316052968e-02 4.852334892176379810e-02
1.000000000000000000e+00 7.398343933788131821e-01 2.822427114347098032e-01 3.404140239849917648e-02 4.664172348555095660e-02
7.000000000000000000e+00 5.188927941102248198e-01 2.431106470357824179e-01 3.744901460208671651e-02 5.117498435114981037e-02
5.000000000000000000e+00 8.621602579225227103e-01 4.217944640845445736e-01 3.309223124917259895e-02 4.662086933942982681e-02
9.000000000000000000e+00 7.770395039260646897e-01 4.049566000739081018e-01 3.214456964929712779e-02 4.723377437120762634e-02
8.000000000000000000e+00 6.643966443366222663e-01 4.057879425021882480e-01 3.455012056352957384e-02 4.851722686010095931e-02
1.500000000000000000e+01 5.672074338430603824e-01 3.844875008812710937e-01 3.502590818682993490e-02 4.603301164669293399e-02
7.000000000000000000e+00 4.644709785493424392e-01 3.725185348748442093e-01 3.684706778113921999e-02 4.876238887281209022e-02
5.000000000000000000e+00 8.910134506759692652e-01 5.368700744329591990e-01 3.014290707710021167e-02 4.345187776759851239e-02
6.000000000000000000e+00 8.002861461541597166e-01 5.401569226804563417e-01 3.320142199280418094e-02 4.463525271880575129e-02
1.000000000000000000e+00 7.078918238097726690e-01 5.359592570215391261e-01 3.266256874799011722e-02 4.571754376602643610e-02
3.000000000000000000e+00 6.024657846907446324e-01 5.144843645978484092e-01 3.378824536462088357e-02 4.500433755960692173e-02
1.000000000000000000e+00 5.071651323790228316e-01 4.879214938171981819e-01 3.449460268927140305e-02 4.448549982232991029e-02
1.500000000000000000e+01 3.956806982429149633e-01 4.946588086999232914e-01 3.886041538427287279e-02 4.789244111505036594e-02
1.600000000000000000e+01 1.923933077598998787e-01 3.456659284407453403e-01 3.198670991317628665e-02 4.160357423778837660e-02
1.200000000000000000e+01 2.235194207355255536e-01 3.653957816989308882e-01 3.193446272939554076e-02 3.737747873087482464e-02
2.000000000000000000e+00 8.311069247986750952e-01 6.559189307552233394e-01 2.883887998828038590e-02 4.366394151086272490e-02
5.000000000000000000e+00 7.492921400094285644e-01 6.383058432148833727e-01 3.003869225573319035e-02 4.421889661648881198e-02
2.000000000000000000e+00 6.455485496629227438e-01 6.355810225917370992e-01 3.440581881784954277e-02 4.432037188514803550e-02
0.000000000000000000e+00 5.426661013690470270e-01 6.283813103484356954e-01 3.481652808703439295e-02 4.485799512670574085e-02
2.000000000000000000e+00 4.338972208997325941e-01 6.105926957524728804e-01 3.605413500000453908e-02 4.807160227120377272e-02
3.000000000000000000e+00 3.239948365203370595e-01 6.081288874112745768e-01 3.886759972147546538e-02 5.078812037236879462e-02
8.000000000000000000e+00 7.793364231890548277e-01 7.643790804071624034e-01 3.038219861972346614e-02 4.050859179333066162e-02
0.000000000000000000e+00 6.825859884026209690e-01 7.490075340286517225e-01 3.244178316345269764e-02 4.532891864621901856e-02
0.000000000000000000e+00 4.932802406182992261e-01 7.334524655733511977e-01 3.486002547492256243e-02 4.804342401478278735e-02
6.000000000000000000e+00 3.778007279505393168e-01 7.357191938473186532e-01 3.642808394459257082e-02 4.913566690653292657e-02
9.000000000000000000e+00 7.131254597114564664e-01 8.803449056124510452e-01 3.242668766894152288e-02 4.426121991035947278e-02
7.000000000000000000e+00 6.177429283193207610e-01 8.594958192774215799e-01 3.280032911271524299e-02 4.321622032550553882e-02
6.000000000000000000e+00 5.244684268264476756e-01 8.501923821462549213e-01 3.561658929613276126e-02 4.487801063424312620e-02
