3.000000000000000000e+00 6.041502985895230715e-01 4.862545461018367154e-01 3.367162053625938345e-02 4.664383462478155495e-02
8.000000000000000000e+00 6.426336303176767295e-01 3.524694749196451982e-01 3.275508878521471434e-02 4.483618263364880230e-02
6.000000000000000000e+00 6.905678974259967795e-01 2.254480517086692726e-01 3.277762909060399910e-02 4.661984529976004321e-02
5.000000000000000000e+00 6.018131372576196458e-01 8.265818693899806835e-01 3.406629055014764873e-02 4.308922846488594249e-02
0.000000000000000000e+00 6.752724218605612450e-01 5.777323629971217178e-01 3.317852452217118220e-02 4.366169855438073455e-02
7.000000000000000000e+00 7.043630741645010573e-01 4.699194257840156874e-01 3.275503511782085209e-02 4.483615579995187117e-02
2.000000000000000000e+00 7.476674015436737264e-01 3.361299672923823700e-01 3.411099548916973756e-02 4.605826969120330183e-02
1.500000000000000000e+01 7.847681538731614559e-01 1.958677515206918018e-01 3.187703655551310522e-02 4.540108562062011854e-02
8.000000000000000000e+00 7.067196362592575998e-01 7.897547671013980253e-01 3.233347773964678762e-02 4.601066671291687005e-02
7.000000000000000000e+00 7.327929466824742999e-01 6.815980633974078051e-01 3.229864760108092092e-02 4.423545666132655541e-02
5.000000000000000000e+00 7.725264603488284365e-01 5.530793064830072936e-01 3.183045325770850198e-02 4.243974566531072412e-02
7.000000000000000000e+00 7.984365413938507849e-01 4.305666822765597535e-01 3.364473317197336222e-02 4.485998412279201819e-02
5.000000000000000000e+00 8.383964509608831106e-01 3.020048036112535916e-01 3.007526114399983186e-02 4.417765687822111653e-02
6.000000000000000000e+00 7.842666052445521618e-01 7.676292569986360448e-01 3.050535163778533843e-02 4.359005258367909530e-02
1.000000000000000000e+00 8.278937419973358969e-01 6.582738652207813512e-01 3.004488539911798206e-02 4.238312656486853403e-02
0.000000000000000000e+00 8.640910842535594050e-01 5.396187727784437227e-01 3.140272412924927092e-02 4.420261221633059456e-02
1.000000000000000000e+00 1.653317021336618842e-01 4.479924984551033051e-01 3.578506933717387484e-02 3.840972689757871095e-02
1.000000000000000000e+00 2.915857218640706128e-01 4.217983156442363102e-01 3.134623919729145891e-02 4.004634090472158903e-02
8.000000000000000000e+00 3.765000701669549144e-01 6.591481875666147516e-01 3.545995226562981273e-02 4.727936390197273742e-02
3.000000000000000000e+00 4.070075550836432798e-01 5.195308660323308958e-01 3.546910255627006014e-02 4.788663729633668709e-02
3.000000000000000000e+00 4.408586662184136307e-01 3.939700546105828205e-01 3.546700952791242978e-02 4.727952490415410214e-02
2.000000000000000000e+00 4.823933112875555818e-01 2.629671279558556396e-01 3.726357920222872488e-02 4.852313258661600237e-02
1.000000000000000000e+00 8.852449193581632958e-01 4.155583272678691209e-01 3.048334800633389907e-02 4.180636308387086775e-02
0.000000000000000000e+00 4.380032656984339523e-01 7.659314889962762773e-01 3.632912254166015265e-02 4.553141688642481366e-02
1.500000000000000000e+01 4.771309281563594906e-01 6.295697523205713297e-01 3.546008643411430183e-02 4.728907770024770585e-02
1.000000000000000000e+00 5.037466146780067433e-01 5.029388935678591466e-01 3.412003844502248251e-02 4.665582928729222756e-02
2.000000000000000000e+00 5.412655835904054413e-01 3.772905372100008314e-01 3.319655676648258780e-02 4.485679091286193243e-02
9.000000000000000000e+00 5.076760875834842590e-01 8.589078336944977465e-01 3.455957440011403481e-02 4.607914630738529915e-02
6.000000000000000000e+00 5.370918435421196957e-01 7.305165636740312829e-01 3.363593171939294191e-02 4.427125281298049941e-02
9.000000000000000000e+00 5.748649409809345467e-01 6.072737140740605000e-01 3.455235613565010855e-02 4.607013018522965186e-02
