1.000000000000000000e+00 5.909316240973607609e-02 6.499147816333844530e-01 4.433688224960653790e-02 3.263644495853457173e-02
3.000000000000000000e+00 2.716343572559368758e-01 3.274553099799518141e-01 4.753882293533984171e-02 3.745383808175639651e-02
6.000000000000000000e+00 2.443092241024731048e-01 4.391503740817727652e-01 4.694120957398967287e-02 3.623863903751789461e-02
2.000000000000000000e+00 1.832901072420149435e-01 6.331266187861496197e-01 4.213646846975088733e-02 3.096303532246991175e-02
3.000000000000000000e+00 1.365169331957717669e-01 7.292638352215495834e-01 4.083359871538376484e-02 3.107698995358387783e-02
5.000000000000000000e+00 4.236081469034812530e-01 3.072830923058583741e-01 4.815502525396581079e-02 4.055326571162926053e-02
1.500000000000000000e+01 3.796126530157513668e-01 4.207889369970077009e-01 4.886546926296686522e-02 3.706568912580232578e-02
2.000000000000000000e+00 3.315421714922793806e-01 5.292971765496707892e-01 4.598158707722671545e-02 3.581264930496974586e-02
6.000000000000000000e+00 2.880387950308483935e-01 6.238427171208420496e-01 4.631042429043108477e-02 3.384717688900906740e-02
1.000000000000000000e+00 2.493673226073498950e-01 7.045790545034685826e-01 4.616387413888467517e-02 3.683968198943521344e-02
0.000000000000000000e+00 2.184085238379335769e-01 8.094280362013248631e-01 4.464009840386798378e-02 3.155684443209849643e-02
2.000000000000000000e+00 5.133799279658733949e-01 3.888511198110662370e-01 5.279638527479924015e-02 4.023030779654007683e-02
0.000000000000000000e+00 4.600870302012332602e-01 5.052252406098705073e-01 4.925831589339524363e-02 3.630388771856030150e-02
5.000000000000000000e+00 4.250283432393519023e-01 6.212051025938951643e-01 4.913802084274537796e-02 3.557499885272752405e-02
9.000000000000000000e+00 3.983678589737864595e-01 7.071120521080724863e-01 4.511173915707472615e-02 3.447286101685020920e-02
7.000000000000000000e+00 3.462761825103169988e-01 7.901657263708150580e-01 4.512384359437060510e-02 3.449441844327227891e-02
7.000000000000000000e+00 3.193878466227011992e-01 8.851759908738812133e-01 4.541204448236746405e-02 3.025532922190488083e-02
6.000000000000000000e+00 6.712476419236184100e-01 4.858655188792177504e-01 5.670340943301688252e-02 4.060442136924857781e-02
9.000000000000000000e+00 5.822755030450622593e-01 5.927403654891144624e-01 5.243244519343681631e-02 3.804488046286036429e-02
8.000000000000000000e+00 5.231930529218095094e-01 6.844310457039669560e-01 4.879523470656194073e-02 3.340225235811966620e-02
0.000000000000000000e+00 4.611618610029729615e-01 7.897433679694556563e-01 4.840429020199432664e-02 3.693669040833480466e-02
8.000000000000000000e+00 4.464819452916123366e-01 8.958653906297715519e-01 4.628486087166577834e-02 2.960774182657621711e-02
7.000000000000000000e+00 5.893966876066643046e-01 8.992880643756215875e-01 5.184953007737458375e-02 3.428789368693385686e-02
8.000000000000000000e+00 6.223266651696235385e-01 8.001144210244648391e-01 5.422632280068417909e-02 3.454053058535178078e-02
3.000000000000000000e+00 7.521041878966285843e-01 5.862964818343938678e-01 5.355602517538116114e-02 3.786850151940612808e-02
1.000000000000000000e+01 8.349882271166961800e-01 2.633677903152136235e-01 4.240357305274633504e-02 2.860238184888805324e-02
5.000000000000000000e+00 1.382168284934433555e-01 4.547227326629043054e-01 4.323800108376349427e-02 3.427581806972673784e-02
1.500000000000000000e+01 1.582153763124298507e-01 3.596033120735093735e-01 4.575122810745091417e-02 3.554542944161914741e-02
1.000000000000000000e+00 8.272929537675190181e-02 5.370248510599731073e-01 4.457337989829673885e-02 3.404592022137176155e-02
