8.000000000000000000e+00 7.360475669995298897e-01 2.598617687844127500e-01 4.166905518980146272e-02 3.979781786227654106e-02
1.400000000000000000e+01 1.173577813923962071e-01 1.797310301973121804e-01 3.819225734994305399e-02 3.911468701518255875e-02
1.400000000000000000e+01 3.447091599871313639e-01 7.365342662490306780e-02 3.442296012486301127e-02 3.764154997565985483e-02
3.000000000000000000e+00 3.927566667873505502e-01 7.674724158354222503e-01 4.253840284076088052e-02 4.623890980612876955e-02
6.000000000000000000e+00 5.109255885472663294e-01 7.709533333849316605e-01 4.578461549295864685e-02 4.394106024323252147e-02
7.000000000000000000e+00 6.202401280156086827e-01 7.814645206347852202e-01 4.201256191537827700e-02 4.340318620908512059e-02
6.000000000000000000e+00 7.498090569730333499e-01 7.804090747327564470e-01 4.104345208682713686e-02 4.151161707709549731e-02
8.000000000000000000e+00 3.399897510190129646e-01 6.545483290342222205e-01 4.621647368954007185e-02 4.112809878296574961e-02
1.500000000000000000e+01 4.617674050613157499e-01 6.580152277156386953e-01 4.341077358801076480e-02 4.248718803301310132e-02
3.000000000000000000e+00 6.911673907850612864e-01 6.701041155708333807e-01 4.251279543688712970e-02 4.482433784768791174e-02
1.000000000000000000e+00 8.099017797423264664e-01 6.914641580709284252e-01 4.201256191537827700e-02 4.340318620908523162e-02
1.000000000000000000e+00 2.727129511160383268e-01 5.067974320095648411e-01 4.386429730800867066e-02 4.109911262441406921e-02
2.000000000000000000e+00 4.032588440247299455e-01 5.335354442579608447e-01 4.522978840902447395e-02 3.877885658312818506e-02
9.000000000000000000e+00 5.195225779002485833e-01 5.461569898242912835e-01 4.155153973105174536e-02 4.339589521214881618e-02
2.000000000000000000e+00 6.523039467821922788e-01 5.575357760713675059e-01 4.053652033236065932e-02 3.867885729994469113e-02
5.000000000000000000e+00 7.681662757105280903e-01 5.657675190798591158e-01 3.773991915790220197e-02 3.958311874924125284e-02
1.500000000000000000e+01 8.741381005509629709e-01 5.965437655704087794e-01 4.568728364767882244e-02 3.738194899124858139e-02
5.000000000000000000e+00 3.610113401064484751e-01 4.174031409755888378e-01 4.239851054182008916e-02 3.871258557032497549e-02
7.000000000000000000e+00 4.865342399754011282e-01 4.365067829339886463e-01 4.147439149924170287e-02 3.869583998793046931e-02
0.000000000000000000e+00 6.034675155838051808e-01 4.513808316188554492e-01 3.965359838629234357e-02 4.195153686378544355e-02
0.000000000000000000e+00 7.236902163384444364e-01 4.649873138119648974e-01 3.909977900112171501e-02 3.725654977158371350e-02
3.000000000000000000e+00 8.294610941901465750e-01 4.861131108068316720e-01 3.678948139467552725e-02 3.956800326778797672e-02
5.000000000000000000e+00 9.413819279576299826e-01 4.950478570747985918e-01 3.681508879854944460e-02 4.098254558802971736e-02
6.000000000000000000e+00 4.257803186262207884e-01 3.220772830946333487e-01 4.149703508322283296e-02 4.011989617002825748e-02
9.000000000000000000e+00 5.609633448628064123e-01 3.390659876348217083e-01 4.190094445821512803e-02 3.637096038761178374e-02
8.000000000000000000e+00 6.736938942250056961e-01 3.603741781058920068e-01 4.002366093810871828e-02 3.633690609704343100e-02
7.000000000000000000e+00 7.967407004027086126e-01 3.762749236398273966e-01 3.816315263859570983e-02 3.817660838090891628e-02
1.000000000000000000e+00 8.823484744180273287e-01 3.858895998294040730e-01 3.860778489891503185e-02 3.536219464889484021e-02
2.000000000000000000e+00 8.515623880454334937e-01 2.741273452452854809e-01 4.051553648751959891e-02 3.821762764822556058e-02
0.000000000000000000e+00 5.008416359349614488e-01 2.376849123409584819e-01 4.219940112142117616e-02 3.899411882194298018e-02
