6.000000000000000000e+00 2.737175524149876304e-01 5.505600528485860012e-01 4.688261057884374194e-02 3.476888234864361493e-02
7.000000000000000000e+00 5.991028445882189413e-01 8.176999144557954846e-01 4.508610837483106870e-02 3.440591513791491085e-02
5.000000000000000000e+00 4.722813430737330398e-01 7.941119652518033867e-01 4.432947416410887298e-02 3.324679647459094500e-02
3.000000000000000000e+00 3.726920466145511868e-01 8.279792093062801062e-01 4.270354127960973578e-02 3.242075170705460696e-02
6.000000000000000000e+00 8.335542856602574657e-01 7.264840661659976995e-01 4.778274345427280245e-02 3.445634666563857085e-02
2.000000000000000000e+00 7.018970834519842050e-01 7.319402413221485215e-01 4.622409741086785928e-02 3.417848937856327041e-02
3.000000000000000000e+00 5.457781977571604104e-01 7.176531992013125416e-01 4.459625587046889272e-02 3.440715173187824938e-02
8.000000000000000000e+00 4.088052813374896122e-01 7.261344326640915003e-01 4.551063645895403464e-02 3.373987487624874326e-02
5.000000000000000000e+00 2.926764330882248855e-01 7.202103948701445990e-01 4.504973638282122606e-02 3.339427374596226628e-02
1.500000000000000000e+01 9.336318351163922502e-01 6.382922546486846649e-01 5.025851209886411652e-02 3.684356442946123966e-02
0.000000000000000000e+00 6.308458352734329644e-01 6.462426398289675689e-01 4.850125831194984638e-02 3.684593008747827358e-02
3.000000000000000000e+00 4.847479441443739434e-01 6.276213896314486451e-01 4.564034441272130094e-02 3.446537917806680174e-02
8.000000000000000000e+00 3.426642789627353802e-01 6.190669014175783635e-01 4.508567825519160799e-02 3.404956101664247115e-02
9.000000000000000000e+00 2.121103605120920055e-01 6.495226246693939220e-01 4.527955468266720018e-02 3.367207726808274515e-02
6.000000000000000000e+00 8.442613076096833202e-01 5.411466157147626355e-01 5.307482796797891034e-02 3.720830588370271919e-02
2.000000000000000000e+00 6.904839932319470908e-01 5.412305965743624547e-01 4.867927407772132398e-02 3.509652598398371737e-02
2.000000000000000000e+00 5.451294429285041820e-01 5.408154235923972042e-01 4.587828122076165194e-02 3.511727925658636451e-02
9.000000000000000000e+00 4.081589459318051838e-01 5.482994784360996077e-01 4.540692386089506538e-02 3.381611358233871378e-02
5.000000000000000000e+00 8.018278545811616809e-01 8.248404112374987385e-01 4.450254355402660789e-02 3.278613834075516653e-02
7.000000000000000000e+00 1.165763395434190886e-01 5.029785785030916889e-01 4.345592805889253452e-02 3.358019296010833488e-02
1.000000000000000000e+00 5.997279159542285853e-01 4.540592707840878095e-01 4.858825000902589064e-02 3.611676976872491007e-02
0.000000000000000000e+00 4.972579738573591479e-01 4.479823657820377614e-01 4.791987097182026645e-02 3.522752429666936580e-02
1.000000000000000000e+00 3.357352935137246641e-01 4.601705181510991061e-01 4.716729601519525916e-02 3.537545857015772510e-02
0.000000000000000000e+00 2.087377117718448583e-01 4.370679186364939683e-01 4.584322647014757446e-02 3.466605687234108890e-02
7.000000000000000000e+00 7.168719406412327189e-01 3.768909686233928857e-01 4.915434121947803714e-02 3.548513907821376767e-02
8.000000000000000000e+00 5.402214821352915308e-01 3.775145883356196830e-01 4.666577651561321094e-02 3.618187912914455628e-02
1.000000000000000000e+00 4.276567799544939152e-01 3.643484379951529295e-01 4.885481665556595798e-02 3.695308364265265100e-02
1.500000000000000000e+01 2.597500085388199098e-01 3.767210444833383742e-01 4.551827108255399046e-02 3.626327927090777781e-02
1.200000000000000000e+01 4.214277470124709879e-01 8.178276563922415310e-02 3.096364078103408524e-02 2.421041296968771961e-02
0.000000000000000000e+00 5.831548148322698299e-01 9.057640037262071342e-02 3.302351061676866983e-02 2.500656442228306464e-02
