16 0.852637 0.678234 0.032508 0.041760
9 0.211988 0.185568 0.033648 0.044594
6 0.326789 0.166672 0.036938 0.046510
2 0.425031 0.128406 0.035344 0.047125
7 0.510805 0.125740 0.034172 0.044083
3 0.547984 0.155688 0.036766 0.042188
2 0.600328 0.242276 0.038578 0.045969
3 0.391117 0.282349 0.037047 0.046365
6 0.301766 0.281969 0.033922 0.050917
9 0.181867 0.304719 0.033484 0.045604
1 0.136082 0.432661 0.034883 0.046969
8 0.230855 0.433672 0.035227 0.046969
7 0.348379 0.383844 0.036117 0.048708
2 0.442320 0.379630 0.038578 0.051448
0 0.696672 0.343339 0.043141 0.052802
15 0.592656 0.406771 0.040781 0.050437
7 0.638461 0.491875 0.042547 0.050438
0 0.505672 0.539422 0.041859 0.051219
15 0.393629 0.556823 0.040383 0.053188
6 0.297594 0.539750 0.039406 0.050562
8 0.157230 0.562729 0.035461 0.054500
3 0.060309 0.551562 0.035461 0.049250
5 0.103891 0.688812 0.037922 0.054500
1 0.246512 0.661214 0.039602 0.052010
5 0.337336 0.677318 0.039891 0.057781
0 0.147871 0.843849 0.037430 0.057781
8 0.266074 0.827104 0.037430 0.059750
5 0.435590 0.802411 0.038414 0.057135
1 0.565496 0.784927 0.046805 0.062438
13 0.782250 0.883271 0.033688 0.038542
