9.000000000000000000e+00 3.701961179557347603e-01 5.018394002280313071e-01 3.462311156386144173e-02 4.696297078770689248e-02
1.100000000000000000e+01 3.149530268690041712e-01 2.798428824081019561e-01 2.631859964522109685e-02 3.908968138401697212e-02
1.000000000000000000e+01 2.249668999241490330e-01 5.749405091440016324e-01 2.420094700203279103e-02 3.160261833902056061e-02
2.000000000000000000e+00 8.474800114469409618e-01 4.212842880988281191e-01 3.558769562426800093e-02 4.646203789351832647e-02
1.500000000000000000e+01 7.972980762339458849e-01 3.369703979315871178e-01 3.458611036055547761e-02 4.688532156045077670e-02
1.000000000000000000e+00 8.029757832425263864e-01 5.435237945004387505e-01 3.453157636569048616e-02 4.218731889171711824e-02
6.000000000000000000e+00 7.597225828338916020e-01 4.640560941561873154e-01 2.982773878392619427e-02 4.169948649938132190e-02
5.000000000000000000e+00 7.687685494944429543e-01 6.645539730977132464e-01 3.254220765178084118e-02 4.293329008073365483e-02
7.000000000000000000e+00 7.245001583758459152e-01 7.784080502410805069e-01 3.003123137587582203e-02 3.865383021209511938e-02
7.000000000000000000e+00 7.272687123991015135e-01 5.633121446278509525e-01 3.289707135293373774e-02 4.293132640807906242e-02
1.000000000000000000e+00 6.583153009166460290e-01 6.823170473541029235e-01 3.041689668523950285e-02 4.255216927094207513e-02
1.500000000000000000e+01 3.227122689701615865e-01 6.356476736807252781e-01 3.765586371656032272e-02 4.620964985246911461e-02
8.000000000000000000e+00 6.359247198398230161e-01 7.805613856216495616e-01 3.141534007270463391e-02 4.189630260430532438e-02
0.000000000000000000e+00 7.456190369890829395e-01 1.937810991585340037e-01 3.403583317780323192e-02 4.857262131514999970e-02
5.000000000000000000e+00 7.055145856821010142e-01 3.155544156457089633e-01 3.833981090215787813e-02 5.028314851210652359e-02
0.000000000000000000e+00 6.554442992857534289e-01 4.581122814504419161e-01 3.215513971909234048e-02 4.447942982403357837e-02
2.000000000000000000e+00 6.337949765835756422e-01 5.850987280485853148e-01 3.462308351139498086e-02 4.696297078770705902e-02
3.000000000000000000e+00 5.433161501434478069e-01 8.079443519505974391e-01 3.217191509405592509e-02 4.529065105011587100e-02
9.000000000000000000e+00 5.270500396565935830e-01 6.092408770808460661e-01 3.460720581535914331e-02 4.615174956162482189e-02
3.000000000000000000e+00 5.674577942313117074e-01 4.433915953689917533e-01 3.460434446377680384e-02 4.534083691267404292e-02
1.000000000000000000e+00 6.058357564879018886e-01 3.318695618439954087e-01 3.770010245622179568e-02 4.945907925636988667e-02
2.000000000000000000e+00 6.402980432613515349e-01 2.185153375748567495e-01 3.585896297526791621e-02 4.861023967271882462e-02
5.000000000000000000e+00 4.481482978238646719e-01 8.267497997569823731e-01 3.125689974194478804e-02 4.972950503337492112e-02
0.000000000000000000e+00 4.778262364367112935e-01 7.087330732154587531e-01 3.380664452654486007e-02 4.392500087624018335e-02
3.000000000000000000e+00 4.868974783695739217e-01 3.522284710874352687e-01 3.584914461199495417e-02 4.776111956440287631e-02
7.000000000000000000e+00 4.311860092760212426e-01 2.702306346326635023e-01 3.588914742921572865e-02 5.105369366177187063e-02
6.000000000000000000e+00 3.863397654001082815e-01 3.957105094914972199e-01 3.708457523640390496e-02 4.944637148904790225e-02
