1.000000000000000000e+01 8.607742045434365608e-01 3.760080033629007445e-01 2.763236398941393279e-02 3.132290913863383652e-02
6.000000000000000000e+00 2.976881466627481765e-01 1.741246342815654380e-01 3.253791118870930088e-02 4.696162115460711384e-02
3.000000000000000000e+00 2.277117217051556897e-01 2.036818024169087527e-01 3.071212068289952413e-02 4.192244798134117656e-02
1.000000000000000000e+00 1.247405943689475216e-01 3.421301273384158570e-01 2.871155742710550240e-02 3.936620115321060043e-02
9.000000000000000000e+00 2.252757625051363677e-01 3.241964518693076780e-01 3.161918209362563070e-02 4.294602455872348346e-02
9.000000000000000000e+00 3.066342021766076398e-01 2.957889817816367062e-01 3.335516107065067404e-02 4.759116413300390480e-02
1.500000000000000000e+01 4.495316199344194241e-01 2.149319022375485444e-01 3.327227470325144765e-02 4.670237221418180318e-02
1.000000000000000000e+00 3.786026349863370610e-01 3.199731139049375450e-01 3.343524503811184934e-02 4.848450995172537414e-02
6.000000000000000000e+00 1.878471245014195212e-01 4.835194632103206325e-01 3.038402432091857897e-02 4.363670835884614352e-02
3.000000000000000000e+00 2.687804751322838692e-01 4.668608931861136790e-01 3.133282532303005574e-02 4.333582761164855857e-02
5.000000000000000000e+00 5.978752190372728093e-01 2.890706186493216534e-01 3.665377442083883608e-02 4.809939552946596031e-02
3.000000000000000000e+00 5.172609108608970940e-01 3.212750307723232224e-01 3.715203574059805502e-02 4.992211417380509886e-02
7.000000000000000000e+00 4.249257805127445997e-01 4.062573103906422789e-01 3.407772217006899140e-02 4.609050591231750316e-02
8.000000000000000000e+00 5.467793573740191704e-01 4.525743256671854731e-01 3.527170622060882277e-02 4.796488033243823113e-02
8.000000000000000000e+00 4.936414623251185740e-01 4.455474156070728942e-01 3.606796504916787161e-02 4.809061108350626279e-02
1.000000000000000000e+00 3.641848801203075858e-01 4.593879165050885893e-01 3.463828299614390982e-02 4.524878892322442558e-02
2.000000000000000000e+00 2.193437959092906508e-01 5.732710368040228044e-01 3.161522100909772148e-02 4.282902436130886503e-02
7.000000000000000000e+00 1.593886318725682427e-01 6.077399093346795844e-01 2.974052323513787233e-02 4.320885733753110358e-02
8.000000000000000000e+00 1.235754157562326955e-01 6.171848055105931818e-01 2.859633567580535662e-02 4.238096372505562037e-02
6.000000000000000000e+00 1.364482668179379798e-01 7.329066235227443826e-01 2.718193209167450719e-02 4.052318813533739572e-02
5.000000000000000000e+00 2.175918513364645257e-01 7.038107600579770473e-01 3.054904256342610980e-02 4.189787308957659828e-02
0.000000000000000000e+00 2.802869271818744790e-01 6.371305637160099566e-01 3.228777004808269790e-02 4.304276124889372390e-02
2.000000000000000000e+00 3.702860011931847772e-01 5.989849694127509228e-01 3.344499954558854959e-02 4.506043531200187857e-02
5.000000000000000000e+00 5.292648966841092539e-01 5.518917162995140568e-01 3.592854565224867791e-02 4.650097666478580916e-02
2.000000000000000000e+00 4.250002057880231110e-01 7.046824411694848633e-01 3.327650524931174969e-02 5.138405077227026219e-02
0.000000000000000000e+00 2.523751450563272991e-01 8.754878551183120639e-01 2.884348579342110863e-02 4.429473342122902668e-02
0.000000000000000000e+00 3.429669940199238098e-01 8.585385899928363873e-01 3.171715830684523896e-02 4.735554696897958937e-02
1.500000000000000000e+01 4.621236516600222277e-01 8.070373773462318212e-01 3.318332545137070433e-02 4.581174795693876423e-02
7.000000000000000000e+00 5.307838513428528859e-01 7.339618079378897875e-01 3.470766934076452426e-02 4.822973407273989377e-02
1.300000000000000000e+01 7.523828719539205068e-01 7.100957886267903474e-01 2.416266951223666748e-02 3.261007298711460223e-02
