8.000000000000000000e+00 4.443156972419146089e-01 4.952012055856397366e-01 4.053202426809843217e-02 3.889430504883001349e-02
1.000000000000000000e+00 6.929271811474173592e-01 8.131859143705781889e-01 3.754067398922766863e-02 3.952670795354606970e-02
6.000000000000000000e+00 5.920091921433616733e-01 7.758268243197360414e-01 3.952007394609780011e-02 4.001574584774258980e-02
7.000000000000000000e+00 4.854814746994309815e-01 7.374488563992922519e-01 3.994488525491013409e-02 4.143471894530914579e-02
1.500000000000000000e+01 3.699935468370819658e-01 6.990724735956724833e-01 4.118506304554075959e-02 4.201933351318531962e-02
2.000000000000000000e+00 3.442677906041180513e-01 5.760888658441518650e-01 4.195945132205930461e-02 4.079568203314487551e-02
3.000000000000000000e+00 4.617165520086866648e-01 6.153849980078472948e-01 4.075112263798336132e-02 3.926064315924859827e-02
2.000000000000000000e+00 6.730858922601345995e-01 6.920674020405137572e-01 3.796366534909390023e-02 3.861867084555836716e-02
6.000000000000000000e+00 7.781773177374966544e-01 7.307056520142491962e-01 3.693322199748061418e-02 3.734934451777649489e-02
5.000000000000000000e+00 8.553737105773286942e-01 6.594993862980189636e-01 3.580949158537793942e-02 3.621557503245587117e-02
1.500000000000000000e+01 7.572014374524658198e-01 6.185731082509917655e-01 3.630604410748061728e-02 3.630604410748050626e-02
3.000000000000000000e+00 6.559325211960018720e-01 5.800798671126303763e-01 3.971199049785401058e-02 3.971199049785389956e-02
9.000000000000000000e+00 5.430101489442002993e-01 5.332799680285598143e-01 3.920369636964826654e-02 3.962034726221885794e-02
1.000000000000000000e+00 3.290356691926296095e-01 4.535659106540733676e-01 4.265543502382385110e-02 4.018200699016333255e-02
3.000000000000000000e+00 9.341430676787703113e-01 5.828096144075227691e-01 3.499726598319208293e-02 3.705333862791604371e-02
0.000000000000000000e+00 8.340371868608393857e-01 5.490498549995728172e-01 3.777298166597864437e-02 3.653071974026456115e-02
5.000000000000000000e+00 7.353822163090755204e-01 5.070249295464808181e-01 3.491624890108047108e-02 3.656409525561266083e-02
0.000000000000000000e+00 6.391185999643114179e-01 4.659459372350744366e-01 3.969919214720152301e-02 3.969919214720141198e-02
9.000000000000000000e+00 5.301538534656399237e-01 4.252935027963881121e-01 3.751936297415037203e-02 3.792538771319753366e-02
5.000000000000000000e+00 4.215998283484569398e-01 3.805427047784176731e-01 4.166743757827373607e-02 4.002880838453243273e-02
0.000000000000000000e+00 5.112297894931205899e-01 3.103193142320750386e-01 3.962216721116479379e-02 3.921561409984297697e-02
7.000000000000000000e+00 6.113040853906339667e-01 3.587106999613827729e-01 3.815951533889450076e-02 3.898465670779394099e-02
2.000000000000000000e+00 7.165824959451887466e-01 3.994112603080843815e-01 3.754261135423464513e-02 3.507948657992954189e-02
1.000000000000000000e+00 8.145350836198615996e-01 4.393371975461455303e-01 3.728875783028429147e-02 3.646344033729348455e-02
7.000000000000000000e+00 9.088008069781432496e-01 4.762641084303458339e-01 3.792538771319753366e-02 3.751936297415042754e-02
8.000000000000000000e+00 8.859373754499840770e-01 3.688716216969176176e-01 3.388298756400254241e-02 3.305749394692014675e-02
8.000000000000000000e+00 7.856531689893614390e-01 3.294017724709260575e-01 3.675563020517058632e-02 3.681480789993041292e-02
6.000000000000000000e+00 5.958229538677128900e-01 2.450184599514124428e-01 3.558117605470234590e-02 3.651627756475767095e-02
1.100000000000000000e+01 3.685008658072028154e-01 1.600327296537687460e-01 3.645847950871494714e-02 3.843465052390673820e-02
1.100000000000000000e+01 4.389915540164838204e-01 7.022482446861179339e-02 3.561863177817126136e-02 4.005211547264714289e-02
