0.000000000000000000e+00 5.120438367350941267e-01 3.072775559865130179e-01 4.263200011809425982e-02 3.174416655026568446e-02
1.100000000000000000e+01 7.441346025373904993e-01 2.975343489649567852e-01 2.948662680693259208e-02 2.261036900335305910e-02
2.000000000000000000e+00 3.285419268216507871e-01 8.315105815022514335e-01 4.135917615889095345e-02 3.092447965013356281e-02
9.000000000000000000e+00 2.384830881145459935e-01 7.449657475140358809e-01 4.185841704241566319e-02 3.111492265644466571e-02
1.000000000000000000e+00 1.857358057343785895e-01 6.605309644738468489e-01 4.123620547517503621e-02 3.057894533329363895e-02
3.000000000000000000e+00 1.064775074292499124e-01 5.939241610847707520e-01 4.009004484993815287e-02 3.075928785509551844e-02
8.000000000000000000e+00 4.490065364260280578e-01 8.147554525081630583e-01 4.518353998579838215e-02 3.249972080413221498e-02
1.500000000000000000e+01 3.801560407320588864e-01 7.591523124366910125e-01 4.203533843236773038e-02 3.118236782719974176e-02
0.000000000000000000e+00 2.954232662470074322e-01 6.737025121588444687e-01 4.095963683213471596e-02 3.058443000498944908e-02
1.000000000000000000e+00 2.363529991085416282e-01 5.924714833368868172e-01 4.204788258248401411e-02 3.098301901734301644e-02
0.000000000000000000e+00 1.190682772549668533e-01 5.268359284192614123e-01 4.081814859348521785e-02 3.049852158298083094e-02
6.000000000000000000e+00 5.103849543377334541e-01 7.432819261515630771e-01 4.316594105323962038e-02 3.253838502440409286e-02
5.000000000000000000e+00 4.397587961822256863e-01 6.609501888846600615e-01 4.171242159831317631e-02 3.161636283901581024e-02
9.000000000000000000e+00 3.506325688781397609e-01 5.534444330260249734e-01 4.248133455749830700e-02 3.219306792228482372e-02
6.000000000000000000e+00 2.647142364478973775e-01 5.171885809691026958e-01 4.093025854116968953e-02 3.081255976532970564e-02
2.000000000000000000e+00 2.028814732202371129e-01 4.238722952800110799e-01 4.142444918243981533e-02 3.120403499558255245e-02
8.000000000000000000e+00 6.201811579698768284e-01 7.198035671245781586e-01 4.409838954521794196e-02 3.210276090218344702e-02
1.500000000000000000e+01 5.705208768956031573e-01 6.369790511120889676e-01 4.066726581816848540e-02 3.105719784443772280e-02
7.000000000000000000e+00 4.773427940725114560e-01 5.701301619168723800e-01 4.222670460124150482e-02 3.150612636829674962e-02
1.000000000000000000e+00 3.927303158149280660e-01 5.097309479657607945e-01 4.093023138932960769e-02 3.081255976532976115e-02
5.000000000000000000e+00 3.233580296342489224e-01 4.115274125180457543e-01 4.211549066427966448e-02 3.117291898685259355e-02
3.000000000000000000e+00 2.589697216424730608e-01 3.373002279961967997e-01 4.206227305772566871e-02 3.168636028273841276e-02
7.000000000000000000e+00 6.219014985572554055e-01 5.600144180735180388e-01 4.374237461810781546e-02 3.439931783970961998e-02
2.000000000000000000e+00 5.517489092204782564e-01 4.910181848779271441e-01 4.391201931491872656e-02 3.258587359270159745e-02
3.000000000000000000e+00 4.484592367855642081e-01 4.159384054257708740e-01 4.329692152977865360e-02 3.305022436172533329e-02
5.000000000000000000e+00 3.732967664044485878e-01 3.280315944114539084e-01 4.302070586065931401e-02 3.240517809697862628e-02
7.000000000000000000e+00 7.607891068121477307e-01 5.727318783850415818e-01 4.525370034056142021e-02 3.338324168028905525e-02
8.000000000000000000e+00 6.638059108167642108e-01 4.687761034333999266e-01 4.531511780281916035e-02 3.357653562980833506e-02
6.000000000000000000e+00 6.150290420112869416e-01 3.852935897284466282e-01 4.632342853597715138e-02 3.571354835503287584e-02
