1.400000000000000000e+01 7.751018730686354274e-01 2.968420351443880056e-01 3.767590955979449596e-02 2.970961288477491635e-02
2.000000000000000000e+00 4.868596412576977617e-01 9.172229408587999622e-01 4.798194812663014730e-02 3.786436197041842533e-02
1.000000000000000000e+00 5.894908503141393918e-01 8.731877970925612242e-01 5.055193654550016458e-02 4.105785215552393286e-02
1.000000000000000000e+01 6.937832297730137654e-01 2.344238483599631051e-01 4.105429644966307468e-02 3.207337036371668559e-02
8.000000000000000000e+00 7.354972553855106954e-01 8.418450077027249678e-01 5.562068268550324213e-02 3.921121671829275179e-02
3.000000000000000000e+00 3.372363109799170200e-01 8.391948410312062290e-01 4.996332149988264026e-02 3.851581391633052132e-02
6.000000000000000000e+00 4.620859601554849760e-01 8.157673734840077406e-01 5.140859935178998530e-02 4.065081126984892990e-02
5.000000000000000000e+00 5.842459801535051511e-01 7.691189607808388562e-01 5.586655100224058312e-02 4.015604354285340349e-02
1.500000000000000000e+01 7.323112263536870614e-01 7.272671369936696273e-01 5.346953892996109126e-02 3.749451027063210873e-02
1.000000000000000000e+00 4.959124246616758436e-01 6.898551074409566830e-01 4.992065302955256412e-02 3.587532342797417062e-02
8.000000000000000000e+00 2.344228137078478713e-01 7.782100554582109808e-01 4.852804042756758696e-02 3.691831105039755645e-02
0.000000000000000000e+00 3.409316803037396593e-01 7.176988491026961015e-01 4.934789293465896565e-02 3.657084281045663854e-02
0.000000000000000000e+00 1.419445292777512246e-01 7.116258200729186356e-01 4.611004386168317259e-02 3.602804390920988364e-02
7.000000000000000000e+00 2.383486481471992491e-01 6.752665126160514175e-01 4.878443013623745550e-02 3.533602194232821070e-02
1.000000000000000000e+00 6.238007013740580753e-01 6.414357783483145559e-01 5.139312328775635930e-02 3.980513617757153177e-02
5.000000000000000000e+00 3.633396512033001957e-01 6.114616442635978366e-01 4.544984837676913081e-02 3.784192022031307445e-02
7.000000000000000000e+00 1.297316997253504522e-01 6.145013647427873815e-01 4.881442047501445558e-02 3.723779996553222560e-02
2.000000000000000000e+00 5.106453607429398689e-01 5.946476730370230390e-01 5.065846199567486385e-02 3.799434925024880449e-02
5.000000000000000000e+00 6.453242924486921606e-01 5.645086358067279431e-01 4.925043161991615737e-02 3.798187513460582476e-02
0.000000000000000000e+00 8.005391596359729967e-01 5.189476424766779061e-01 5.468850484736564876e-02 4.015164262822235042e-02
9.000000000000000000e+00 6.626348675454529769e-01 4.568548464962138844e-01 5.586008078337900695e-02 3.974897351204842444e-02
3.000000000000000000e+00 5.091279924119607170e-01 4.820011480855636021e-01 5.078078410631348127e-02 3.747361321241721166e-02
3.000000000000000000e+00 3.683354325103312954e-01 5.039996153359636022e-01 4.904790211149895329e-02 3.605433281647596466e-02
6.000000000000000000e+00 2.597847309689880202e-01 5.313333172225839229e-01 4.953704482840320944e-02 3.642878944680338904e-02
7.000000000000000000e+00 1.339375751463722231e-01 5.059839177947818012e-01 4.955237516678670517e-02 3.679103426765789608e-02
8.000000000000000000e+00 1.936937331913657356e-01 3.795887752377781199e-01 4.510975385471968635e-02 3.954606511694097604e-02
2.000000000000000000e+00 4.075585841593619696e-01 4.168077620218909041e-01 5.117908145298644129e-02 3.717677006329800360e-02
6.000000000000000000e+00 5.279778675500307328e-01 3.456266838691005594e-01 5.351104159509079139e-02 4.013304803527800724e-02
9.000000000000000000e+00 3.006182530588494828e-01 3.195159990729556920e-01 5.249358510655327548e-02 3.755970792645729750e-02
1.500000000000000000e+01 4.130374314236908706e-01 2.796063630317447979e-01 5.402166427280991057e-02 4.124799498368825201e-02
