6.000000000000000000e+00 8.439998478888219857e-01 5.279730756686489279e-01 3.415606711239749238e-02 3.367050364047907696e-02
5.000000000000000000e+00 8.687759956179300636e-01 4.266639424892257337e-01 3.551855330873920913e-02 3.535636786713258761e-02
3.000000000000000000e+00 8.912174789508462425e-01 3.171611885351822702e-01 3.531571930128529768e-02 3.516524368360446351e-02
1.000000000000000000e+01 1.858482742865397996e-01 2.509152688029619993e-01 3.203623856314474772e-02 3.761957605597637810e-02
1.000000000000000000e+00 3.670475205916228223e-01 6.063029496612439839e-01 4.125096474456718676e-02 3.875630502346316675e-02
1.000000000000000000e+01 1.998512671976279687e-01 3.452065380547452711e-01 3.693509158509786228e-02 3.972979729332981602e-02
7.000000000000000000e+00 8.129378024328861585e-01 2.458072450359191363e-01 3.788160161729015041e-02 3.721238956016020838e-02
0.000000000000000000e+00 7.933720591258934807e-01 3.576652942854153805e-01 3.283837610284445763e-02 3.476769370124349612e-02
1.500000000000000000e+01 7.703219861659473811e-01 4.593440753605134708e-01 3.493423017468300085e-02 3.493428857779484753e-02
2.000000000000000000e+00 7.451350893512002083e-01 5.648624084156126379e-01 3.566105690165244368e-02 3.649242519883300062e-02
6.000000000000000000e+00 7.280913092201013459e-01 6.685608713039190576e-01 3.450923072975264905e-02 3.340033084506233152e-02
7.000000000000000000e+00 6.337286129625256947e-01 7.031784690077089728e-01 3.518734926143951558e-02 3.436766158662896142e-02
3.000000000000000000e+00 6.716774073599989237e-01 4.962122223786535891e-01 3.405380326354867648e-02 3.516273234979494511e-02
5.000000000000000000e+00 6.913463489656301864e-01 3.915939834826040467e-01 3.714601442354303895e-02 3.631464612636259304e-02
0.000000000000000000e+00 5.952123447287649416e-01 4.217987880628099040e-01 3.674939889097172951e-02 3.508601986238030213e-02
1.000000000000000000e+00 7.156338086563358569e-01 2.817468409787608485e-01 3.543842423928156293e-02 3.737863401804042418e-02
8.000000000000000000e+00 7.326994607528225512e-01 1.715880886716434905e-01 3.619690545287368444e-02 3.924513906964507970e-02
8.000000000000000000e+00 6.280663144624732963e-01 2.094888465096202967e-01 3.742418844528327959e-02 3.964198821466383138e-02
2.000000000000000000e+00 6.148366663569428958e-01 3.182113640909076668e-01 3.686912527026364739e-02 3.659150607808603350e-02
9.000000000000000000e+00 5.627433975099256358e-01 5.321162508263788116e-01 3.532278607781902391e-02 3.586564300246197767e-02
3.000000000000000000e+00 5.491317638513424360e-01 6.367584203975087398e-01 3.646871353542202598e-02 3.535969684450801509e-02
1.000000000000000000e+00 8.216562773729216840e-01 6.350916539884301493e-01 3.298134692065257667e-02 3.411349124385909537e-02
1.500000000000000000e+01 5.334564562355499362e-01 7.422740085063510573e-01 3.639892181676163130e-02 3.445882884422635239e-02
2.000000000000000000e+00 4.473479447795827291e-01 6.780910618939977041e-01 3.556215123173500636e-02 3.528529128001156590e-02
8.000000000000000000e+00 4.683162534184240888e-01 5.649473849433539474e-01 3.749707552887160400e-02 3.694341402853651424e-02
9.000000000000000000e+00 4.902505349264816292e-01 4.617185998805427571e-01 3.415881205865450854e-02 3.637573578135733232e-02
7.000000000000000000e+00 5.106611230487142494e-01 3.567252231963046194e-01 3.621673330934643831e-02 3.595149557688098740e-02
6.000000000000000000e+00 4.257174470578114489e-01 2.776084402754247504e-01 3.794803515701905550e-02 3.877940345419966794e-02
0.000000000000000000e+00 4.044777829605383790e-01 3.874258847968924391e-01 3.782533021902284576e-02 3.728247329437983648e-02
5.000000000000000000e+00 3.854813823894124303e-01 4.979603735240947793e-01 3.709885391072448302e-02 3.571224722918875383e-02
