1.500000000000000000e+01 5.922275248951878179e-01 5.955716559271229116e-01 4.801733685267772778e-02 3.717859836524939343e-02
1.600000000000000000e+01 3.567220743776939873e-01 2.301209092209988150e-01 3.020165225608023585e-02 2.206225069710843201e-02
1.400000000000000000e+01 4.517958513135231780e-01 1.175565976694380177e-01 3.507840395173938974e-02 2.601429488251395805e-02
8.000000000000000000e+00 3.179192478277327316e-01 3.928281647563636181e-01 4.543152020770430122e-02 3.554858764599017062e-02
0.000000000000000000e+00 4.588512628197086718e-01 3.871958654366840502e-01 4.876762762710951105e-02 3.657561004981441100e-02
3.000000000000000000e+00 6.015166824620614694e-01 4.040391158622899104e-01 5.363624503972108659e-02 3.904854276678143554e-02
1.000000000000000000e+00 7.856705977739020241e-01 4.025509847466625102e-01 5.094230329900029108e-02 3.701563602800467256e-02
5.000000000000000000e+00 6.725482024694440231e-01 4.946002609393546634e-01 4.944653591765468814e-02 3.708925958987363547e-02
7.000000000000000000e+00 5.299656197095548027e-01 4.737786959142152865e-01 5.013147575141196910e-02 3.759859297974438297e-02
9.000000000000000000e+00 3.802046704983670367e-01 4.800847711791838002e-01 4.679448296786564709e-02 3.657060220889069013e-02
2.000000000000000000e+00 2.556551015641173596e-01 4.779584031882487261e-01 4.460453476453876687e-02 3.463525153142554824e-02
7.000000000000000000e+00 1.957466326040149251e-01 5.642906894476271695e-01 4.442436316179890210e-02 3.273030757868566898e-02
6.000000000000000000e+00 3.196367989264559117e-01 5.643824076391323885e-01 4.173291150772523439e-02 3.219593498419592859e-02
0.000000000000000000e+00 4.444643030319775923e-01 5.729913012016196738e-01 4.567529969046552063e-02 3.485269143098523870e-02
6.000000000000000000e+00 7.278309204679253019e-01 5.982821152426034406e-01 5.024297629794793885e-02 3.650400622489258229e-02
3.000000000000000000e+00 8.876584046296143171e-01 5.996301374828816311e-01 5.362683804572054846e-02 3.904123851261620537e-02
2.000000000000000000e+00 2.647216038832870266e-01 6.425329747003510894e-01 4.209344838661083221e-02 3.439147204866421781e-02
5.000000000000000000e+00 5.115721243402884255e-01 6.650376031241498342e-01 4.424037342619990820e-02 3.388570778298793940e-02
8.000000000000000000e+00 6.617498310533298511e-01 6.779475680170923280e-01 4.993641896404787950e-02 3.815742375863562241e-02
7.000000000000000000e+00 8.033478888881737667e-01 6.890303903312055001e-01 5.056580219794315489e-02 3.828259211410167673e-02
3.000000000000000000e+00 9.542476377260158404e-01 7.016611888433670341e-01 5.169497348956164640e-02 3.629710769213956301e-02
8.000000000000000000e+00 8.668970028646343362e-01 7.721423997017177188e-01 4.925989008963216342e-02 3.447132082715120838e-02
1.000000000000000000e+00 7.082500964500137997e-01 7.635315417375421188e-01 4.826662219369226570e-02 3.513938340696654006e-02
0.000000000000000000e+00 5.685256351437842914e-01 7.452124446237682331e-01 4.551834122880338285e-02 3.413864525108500914e-02
5.000000000000000000e+00 4.502168182014581466e-01 7.354120999358531030e-01 4.680541168148388831e-02 3.439855496179411443e-02
0.000000000000000000e+00 3.289060634677813955e-01 7.312298610737283378e-01 4.216065305845589917e-02 3.303199540980905624e-02
2.000000000000000000e+00 3.706360698744182725e-01 7.972864093010341158e-01 4.156668439020971828e-02 3.191062638968511500e-02
9.000000000000000000e+00 4.966226539789542205e-01 8.159122574221139290e-01 4.044312962736218431e-02 3.106377558860073940e-02
1.500000000000000000e+01 6.209040820827442797e-01 8.354837851165426432e-01 4.516093079204164251e-02 3.387037991629282541e-02
6.000000000000000000e+00 7.713132008481990987e-01 8.473297359851352795e-01 4.469561660056753372e-02 3.253635749649796960e-02
