8.000000000000000000e+00 4.621482046827662393e-01 5.033561396754309136e-01 5.311165230372560941e-02 3.847091178373901466e-02
1.100000000000000000e+01 5.934736756859839701e-01 9.185849429221837337e-01 4.151088074785502791e-02 3.249568808693503730e-02
1.100000000000000000e+01 5.646002545233115288e-01 7.498435860086682947e-01 4.567351423790055875e-02 3.425509283299532637e-02
1.500000000000000000e+01 1.788228001654962873e-01 5.786345322605144226e-01 5.956480249268933380e-02 4.262017749955970825e-02
2.000000000000000000e+00 6.607992067044900220e-02 3.276319773647204947e-01 6.182661275336823886e-02 4.500106949259646827e-02
5.000000000000000000e+00 5.456305474873578837e-02 2.166230524301898386e-01 6.291434397186811134e-02 4.581676079289592751e-02
6.000000000000000000e+00 1.552699816532902011e-01 1.542661275053274772e-01 5.337249528283166677e-02 4.072021117879712215e-02
5.000000000000000000e+00 2.025920880729231155e-01 2.611510226824299563e-01 5.838498216286244769e-02 4.105811880503731914e-02
9.000000000000000000e+00 2.623219311627735806e-01 3.635731664126900520e-01 5.823313795820539429e-02 3.956332743594159762e-02
2.000000000000000000e+00 3.101230209285114614e-01 4.788562657739077189e-01 5.839312279460195931e-02 4.105174911774633895e-02
2.000000000000000000e+00 3.596005952510470394e-01 5.912139505695752639e-01 5.772373435665273389e-02 4.397740647406767067e-02
7.000000000000000000e+00 2.808889412161583721e-01 8.892771762858286966e-02 5.001681262532309269e-02 3.751882919727751731e-02
1.000000000000000000e+00 3.192485691358371014e-01 1.846180302099965087e-01 5.512164568926208874e-02 3.861015943191484223e-02
5.000000000000000000e+00 3.468484098855775799e-01 2.860963890854454905e-01 4.902814004146405225e-02 3.745553221505026897e-02
9.000000000000000000e+00 4.216855516667593062e-01 4.009059464701945075e-01 5.311165230372549839e-02 3.847091178373901466e-02
8.000000000000000000e+00 5.003467052212429156e-01 6.331076123909082920e-01 5.638481466265360398e-02 4.092024221062817713e-02
0.000000000000000000e+00 6.535495670338141716e-01 6.735073683153700586e-01 5.247411230223075762e-02 4.140868011499898582e-02
6.000000000000000000e+00 6.135517869355637810e-01 5.377751876880219051e-01 4.850965320870737063e-02 4.116263309112477842e-02
7.000000000000000000e+00 5.441042575111033619e-01 4.409095821105734059e-01 4.893787900182600126e-02 3.670379486024133442e-02
8.000000000000000000e+00 5.032583521218860767e-01 3.317412540123469977e-01 4.676221661948515296e-02 3.507166960551894030e-02
1.000000000000000000e+00 4.626445975553457601e-01 2.174153929710258837e-01 4.676221661948520847e-02 3.507166960551894030e-02
0.000000000000000000e+00 4.290669338193687787e-01 1.223650482988186960e-01 4.969127304660286848e-02 3.453121734887555638e-02
6.000000000000000000e+00 5.649133689272713976e-01 1.741177149653976852e-01 4.549344917654651876e-02 3.555148129660798406e-02
3.000000000000000000e+00 6.031523441154844623e-01 2.749187875619290566e-01 4.700983464246710763e-02 3.668288629029980985e-02
1.500000000000000000e+01 6.883945843135329534e-01 4.550656694058574647e-01 4.970418380290553273e-02 3.613552163758287916e-02
3.000000000000000000e+00 7.320076903763522713e-01 5.595069040346682954e-01 4.891137196233730222e-02 4.294900189459571749e-02
7.000000000000000000e+00 6.897618676823297212e-01 1.988414562397574636e-01 4.116720327034673055e-02 3.372555187924486386e-02
0.000000000000000000e+00 7.025441733852354487e-01 2.970232734331949009e-01 4.095200495622219883e-02 3.811229553289818828e-02
3.000000000000000000e+00 7.743324629164378692e-01 3.902461034071212920e-01 4.538959185372248850e-02 3.461388046555685660e-02
1.000000000000000000e+00 8.022318931960026323e-01 4.584871626441654469e-01 4.372336163655443642e-02 3.450716678071880095e-02
