6.000000000000000000e+00 3.910702567582406974e-01 1.321569351219188948e-01 5.048181722402350635e-02 3.726868783845768696e-02
1.000000000000000000e+01 5.167886943828318147e-01 7.873579034548738864e-01 3.688768741192127720e-02 3.091624432055362082e-02
1.400000000000000000e+01 4.717261109477774994e-01 7.864546280788475840e-01 3.998412142686724735e-02 2.851558175159263353e-02
3.000000000000000000e+00 7.284354356449888046e-01 6.406154929269720633e-01 5.540639489796639339e-02 4.403307045706006395e-02
2.000000000000000000e+00 2.649159995053746441e-01 1.312025788510409741e-01 4.804061913336976630e-02 3.484537224567396674e-02
3.000000000000000000e+00 5.695380876608575615e-01 6.753765021873749941e-01 5.776331369678666672e-02 4.454728293871168532e-02
5.000000000000000000e+00 3.934793026198848409e-01 5.898609745848850672e-01 5.426986591087834544e-02 4.111780483707105915e-02
8.000000000000000000e+00 2.875779227303526531e-01 6.167994929907870683e-01 5.688673652740877662e-02 4.060013302665832491e-02
7.000000000000000000e+00 8.381017369347389945e-01 5.558106621002023573e-01 5.188546776665703408e-02 4.055454800088698075e-02
2.000000000000000000e+00 6.690192044500802293e-01 5.451515495594025928e-01 5.376762159082759673e-02 4.120607351610461322e-02
6.000000000000000000e+00 4.960398078605610106e-01 5.320273584003724077e-01 5.380826870377058979e-02 3.947127593803245738e-02
3.000000000000000000e+00 3.235782365194238563e-01 5.062061334397779389e-01 5.372368253599896226e-02 3.910863227218014382e-02
1.000000000000000000e+00 8.866839920995359670e-01 4.553487837604857091e-01 5.222492835024739044e-02 4.023146343328676267e-02
8.000000000000000000e+00 7.563886811882125638e-01 4.448187543985380743e-01 4.918122120109591489e-02 3.873396464910172643e-02
5.000000000000000000e+00 5.987778129338385824e-01 4.294821272120890598e-01 4.967735590018940162e-02 3.684740297054200919e-02
8.000000000000000000e+00 4.380743466137499431e-01 4.388267227214790456e-01 5.115033250710832036e-02 3.811915265525189778e-02
0.000000000000000000e+00 2.839406059249195424e-01 4.018172195108851152e-01 5.294868130225960368e-02 3.826865703291959520e-02
1.500000000000000000e+01 1.233279748826226208e-01 4.049911815470174647e-01 5.546910918066778884e-02 3.816303591445535659e-02
7.000000000000000000e+00 8.206898751631868105e-01 3.510651282784934546e-01 4.977695109113444705e-02 3.880608049464578935e-02
1.000000000000000000e+00 5.432469658939100832e-01 3.453456163837160808e-01 5.031917297662602540e-02 3.815045400097744066e-02
9.000000000000000000e+00 3.778303454725888688e-01 3.281560304339715683e-01 5.210463298236100993e-02 3.882979363534699857e-02
1.000000000000000000e+00 2.341148755084721533e-01 3.281798272681104578e-01 5.132142979172038544e-02 3.711893238047669907e-02
2.000000000000000000e+00 5.350034977380375978e-02 2.886999448548941416e-01 5.203486055307443570e-02 3.717882898410651560e-02
9.000000000000000000e+00 7.371105673456659346e-01 2.435419369518770361e-01 5.031219852347879051e-02 3.654970541239832560e-02
0.000000000000000000e+00 5.957968200673886550e-01 2.527187829141657183e-01 4.743693836674334197e-02 3.557266821988511185e-02
0.000000000000000000e+00 4.610878659707947635e-01 2.393393965144721691e-01 4.702402284260454035e-02 3.551662151439252679e-02
1.500000000000000000e+01 3.244459840311173515e-01 2.440646722152748360e-01 5.134190678616107339e-02 3.727630394129466396e-02
5.000000000000000000e+00 1.665892663032974008e-01 1.986819474318484158e-01 5.106468622245821654e-02 3.608297500777415956e-02
7.000000000000000000e+00 6.657932966869060110e-01 1.651892006295816451e-01 4.866349359505817151e-02 3.472636017716670964e-02
6.000000000000000000e+00 5.400613425721152439e-01 1.455315649445659276e-01 4.843969734246411640e-02 3.455808057162615410e-02
