6.000000000000000000e+00 2.681119103039917295e-01 5.435056902918458110e-01 4.749348306723169544e-02 3.517421121817243534e-02
7.000000000000000000e+00 5.811868321410558202e-01 8.246566474280063730e-01 4.559377858003288431e-02 3.486814877582722350e-02
5.000000000000000000e+00 4.543361286029423685e-01 7.965241584628428573e-01 4.487951494857683743e-02 3.365935725535618150e-02
3.000000000000000000e+00 3.515834743556041642e-01 8.274188568878898531e-01 4.319845759474127966e-02 3.284524095619900663e-02
6.000000000000000000e+00 8.237738671112397881e-01 7.403079502192206895e-01 4.848452555682880583e-02 3.479455880213833119e-02
2.000000000000000000e+00 6.902914523218205423e-01 7.413870067527928986e-01 4.683550052512019946e-02 3.456981545793702537e-02
3.000000000000000000e+00 5.332524896123664870e-01 7.216734666007387222e-01 4.506874242160074928e-02 3.489209817554816961e-02
8.000000000000000000e+00 3.942125077567483205e-01 7.256327922487288973e-01 4.610466282044800579e-02 3.413235789984869761e-02
5.000000000000000000e+00 2.771173472579995800e-01 7.157257692561278528e-01 4.563811218474400633e-02 3.378253337255843203e-02
1.500000000000000000e+01 9.302766027341179411e-01 6.544869908778047085e-01 5.095158588037596026e-02 3.724692290312958676e-02
0.000000000000000000e+00 6.235686152053061537e-01 6.523185904548709502e-01 4.906132507693083955e-02 3.732987491489103693e-02
3.000000000000000000e+00 4.769244540011826627e-01 6.285593707396956997e-01 4.618603634904605570e-02 3.490608680220363969e-02
8.000000000000000000e+00 3.337367354813591813e-01 6.151168176132610910e-01 4.562447735603913923e-02 3.448506724119648759e-02
9.000000000000000000e+00 1.998716337781003549e-01 6.415171118131390848e-01 4.586258337667584173e-02 3.407085148692856613e-02
6.000000000000000000e+00 8.457123064973879334e-01 5.532225060632525171e-01 5.393774944287899054e-02 3.750165742743638564e-02
2.000000000000000000e+00 6.901800876131172213e-01 5.481224269621811640e-01 4.939482046804766213e-02 3.544048499870833258e-02
2.000000000000000000e+00 5.431963892374926939e-01 5.428014962943632504e-01 4.638693915443392601e-02 3.559599280553416012e-02
9.000000000000000000e+00 4.042187030363764144e-01 5.457524433531855124e-01 4.598790949680747753e-02 3.421999093064664876e-02
5.000000000000000000e+00 7.857906906732736729e-01 8.387137748095581102e-01 4.510194499848674266e-02 3.315429707350980859e-02
7.000000000000000000e+00 1.120346928923166702e-01 4.900843497804540094e-01 4.391149654098439048e-02 3.405626412528039992e-02
1.000000000000000000e+00 6.036165335889840389e-01 4.568991089938954642e-01 4.921503667877746846e-02 3.654346371677485994e-02
0.000000000000000000e+00 5.003448305331440471e-01 4.472979851522780326e-01 4.857196808103786401e-02 3.561885359617700253e-02
1.000000000000000000e+00 3.362535588473951620e-01 4.541786749073892793e-01 4.775251759739740365e-02 3.581442221708175389e-02
0.000000000000000000e+00 2.091956657864667557e-01 4.265311204637384224e-01 4.638710244579577480e-02 3.511186113321668190e-02
7.000000000000000000e+00 7.267192241088060722e-01 3.828024694250569127e-01 4.987277428384639943e-02 3.583624882910041443e-02
8.000000000000000000e+00 5.480212679635863005e-01 3.774769665991103418e-01 4.714395790743763914e-02 3.670120317221098327e-02
1.000000000000000000e+00 4.349648335374713959e-01 3.603655831572123436e-01 4.943352052077909509e-02 3.742888391055632091e-02
1.500000000000000000e+01 2.644057815199853390e-01 3.672175744554985743e-01 4.589978659192447963e-02 3.683915715765018195e-02
1.200000000000000000e+01 4.456026398042907122e-01 7.437449316024916102e-02 3.126262107826299763e-02 2.456955309778534324e-02
0.000000000000000000e+00 6.086429410706857279e-01 8.872125859467830389e-02 3.341218856414329696e-02 2.533008261506640435e-02
