3.000000000000000000e+00 6.570485644195043218e-01 1.421291281926457539e-01 4.510346870109627204e-02 3.296273384197090373e-02
9.000000000000000000e+00 7.963038471644805494e-01 6.713668332939681793e-01 4.469432668508555029e-02 3.734196581259230374e-02
2.000000000000000000e+00 8.279165768499208156e-01 5.647650596993946115e-01 4.383588286555062385e-02 3.287674198057177755e-02
6.000000000000000000e+00 8.829882947296752160e-01 4.842334687883270705e-01 4.362680238987948211e-02 3.368456064423686058e-02
5.000000000000000000e+00 8.982833313173934631e-01 3.643111389499727459e-01 4.545770298502638251e-02 3.360795641678337997e-02
3.000000000000000000e+00 8.335716761941909247e-01 3.155744432011816092e-01 4.721214115987881765e-02 3.685344014880576058e-02
0.000000000000000000e+00 7.672049897148049968e-01 3.899467961359535106e-01 4.328754294197156849e-02 3.275266071618482266e-02
9.000000000000000000e+00 7.490709454364801179e-01 4.937373562431431884e-01 4.908399566263133007e-02 3.507546198550942629e-02
2.000000000000000000e+00 6.933262958629862194e-01 6.032807917309401802e-01 5.071109100843318451e-02 3.890377314225246241e-02
5.000000000000000000e+00 6.372858932780574026e-01 7.053740619484749619e-01 4.898858780585479966e-02 4.108068320608992963e-02
3.000000000000000000e+00 5.114620316140023881e-01 7.418571301586224243e-01 5.208296182892768744e-02 3.906237026921299815e-02
8.000000000000000000e+00 5.437746505341649605e-01 6.609955965300129410e-01 4.839679816866626627e-02 4.034515783223557861e-02
6.000000000000000000e+00 6.190897374639594553e-01 4.941965845478184516e-01 4.972683587716753006e-02 3.613776777725336009e-02
1.000000000000000000e+00 6.424363293038127809e-01 4.237232052772685886e-01 5.045067634109567933e-02 3.523108116212469998e-02
7.000000000000000000e+00 6.923708843079221520e-01 3.188640998633257562e-01 4.318345648704557949e-02 3.441500932178831462e-02
1.000000000000000000e+00 7.581433987898437143e-01 2.210918072353721120e-01 4.569372682096428662e-02 3.369099868926905827e-02
1.000000000000000000e+00 3.996620471617053916e-01 6.791742817020851586e-01 5.353872576486379264e-02 4.140502454083971884e-02
2.000000000000000000e+00 4.613184103149378101e-01 5.559539002177561473e-01 5.184174785095935212e-02 3.929516090191897959e-02
7.000000000000000000e+00 5.213783510109250008e-01 4.346311821391721786e-01 4.829994387886477059e-02 3.563993956381672490e-02
1.500000000000000000e+01 5.589706206403967093e-01 3.320661195026480828e-01 5.275305737948121632e-02 3.551134883176404466e-02
0.000000000000000000e+00 6.213584534827274464e-01 2.257832276671912219e-01 5.091421558341369114e-02 3.528641431568324549e-02
5.000000000000000000e+00 5.302983191258938689e-01 1.343629314871689351e-01 4.778668704649646770e-02 3.415201376415155643e-02
6.000000000000000000e+00 4.912892967100093156e-01 2.241296569247482884e-01 5.077774037330384793e-02 3.877813199911323006e-02
7.000000000000000000e+00 4.274396022238926007e-01 3.400564424233977201e-01 4.949546331605458871e-02 3.712193782422329447e-02
1.500000000000000000e+01 3.737760010745497241e-01 4.704056683357321633e-01 5.184305247682485795e-02 3.930179747697420956e-02
7.000000000000000000e+00 3.070210182315699088e-01 5.605120928234132993e-01 5.578767386562533126e-02 4.308629022149379484e-02
0.000000000000000000e+00 3.347821803861420475e-01 2.251820645767730888e-01 5.277336416469291525e-02 3.749534443609056633e-02
8.000000000000000000e+00 2.157733439065628034e-01 4.885957973455599124e-01 5.801617337401593355e-02 4.142791221635050425e-02
1.600000000000000000e+01 2.409954346931626468e-01 6.821565146235841759e-01 3.337788848153597221e-02 2.734881529676125300e-02
1.400000000000000000e+01 2.806339107277455724e-01 8.452514243398658866e-01 3.607052282231359985e-02 2.729594958777437075e-02
