1.400000000000000000e+01 1.504543888483771963e-01 8.849319433858497952e-01 4.152325573653870006e-02 3.625090021098931192e-02
3.000000000000000000e+00 4.564283618979523283e-01 7.844635778228026268e-02 3.789726966789808138e-02 3.625019280503537916e-02
6.000000000000000000e+00 6.602880496877505667e-01 1.892306251517261451e-01 3.817233268300601612e-02 3.707393756320331857e-02
1.000000000000000000e+00 7.680721347182242198e-01 2.437918884370571804e-01 4.064436278920802170e-02 3.734926585554401712e-02
6.000000000000000000e+00 7.726790865183061907e-01 3.539716184683263656e-01 3.899734487684136663e-02 3.899731540159340204e-02
2.000000000000000000e+00 6.671908285609959854e-01 3.031436311546571449e-01 3.899722697584917519e-02 3.844757254960257109e-02
1.500000000000000000e+01 5.638371091193405960e-01 2.460268343853057316e-01 3.983467772437554455e-02 3.791174201470665084e-02
0.000000000000000000e+00 4.647245094361882045e-01 1.906025947866087089e-01 3.927102255528958086e-02 3.789780022236349799e-02
7.000000000000000000e+00 3.588393377881960999e-01 1.383966101498239620e-01 3.954602661990141987e-02 3.844766097534677018e-02
8.000000000000000000e+00 2.586235974702996709e-01 1.998225408126293179e-01 3.817197898002908096e-02 3.543938768077575796e-02
1.000000000000000000e+00 3.623287355572213375e-01 2.503498069077345622e-01 3.844707147038511907e-02 3.652519686964716961e-02
5.000000000000000000e+00 4.648814209193565805e-01 3.059547445148027567e-01 3.762356251420179154e-02 3.734873530107851725e-02
3.000000000000000000e+00 5.672929640560476772e-01 3.605967994551285138e-01 3.982111911025754125e-02 3.954626242188608032e-02
7.000000000000000000e+00 7.779398877466070505e-01 4.673321846340668939e-01 3.927087517904925829e-02 3.707411441469182778e-02
1.500000000000000000e+01 7.843504299768708776e-01 5.882456504823891930e-01 3.983497247685641174e-02 3.982117806075369248e-02
3.000000000000000000e+00 6.745057893034300811e-01 5.343708215120328564e-01 4.146919813155502954e-02 3.813254109809427472e-02
9.000000000000000000e+00 5.680376561988575990e-01 4.852980115335695510e-01 4.064448069020032417e-02 3.789803602434821395e-02
0.000000000000000000e+00 4.642640913235119848e-01 4.165056416075536561e-01 3.817256848499073207e-02 3.872228186173343190e-02
2.000000000000000000e+00 3.655415523358623853e-01 3.624524284358005000e-01 3.679884507284719719e-02 3.707367228597052700e-02
8.000000000000000000e+00 2.614987900197771609e-01 3.179589224747175757e-01 3.982094225876903204e-02 3.872257661421435460e-02
7.000000000000000000e+00 3.701768298493517406e-01 4.830731755954134066e-01 3.927087517904920277e-02 3.707411441469182778e-02
9.000000000000000000e+00 4.698406903597712736e-01 5.383726759442243326e-01 3.763771063328164024e-02 3.899710907485687272e-02
8.000000000000000000e+00 5.704513253138558948e-01 5.950559655023990313e-01 4.119460672041630467e-02 3.982141386273829742e-02
2.000000000000000000e+00 6.839201540658041978e-01 6.576313866275584896e-01 4.036994822955797257e-02 3.954635084763036268e-02
1.000000000000000000e+00 5.790517900509217775e-01 7.173673686791648407e-01 3.954682245159968357e-02 4.256809433057529013e-02
5.000000000000000000e+00 4.722662085244986319e-01 6.593825700666493539e-01 3.899746277783389115e-02 3.982106015976127900e-02
0.000000000000000000e+00 3.646622762103066684e-01 6.020893491998988711e-01 4.064554179913126841e-02 4.339192751448728291e-02
6.000000000000000000e+00 2.630911313469502244e-01 5.445710258635405587e-01 4.009606422437314577e-02 3.982123701124984372e-02
1.100000000000000000e+01 1.776140024912270798e-01 7.467877928004559296e-01 4.020488684029460691e-02 3.493152915631037025e-02
5.000000000000000000e+00 5.626885766025490065e-01 1.335404746024508038e-01 4.010950493749887436e-02 3.762406359341929907e-02
