2.000000000000000000e+00 2.227761626766482095e-01 1.794816494745465341e-01 3.228813105928202143e-02 4.230417001437938862e-02
1.000000000000000000e+01 9.403667876592163299e-01 6.400893703460638351e-01 2.759210763840613811e-02 2.778346987301727467e-02
1.100000000000000000e+01 8.467343513954385115e-01 8.577720843724390143e-01 2.643625647542990897e-02 3.587553314529812187e-02
1.000000000000000000e+00 3.018457438508772572e-01 8.065249580371084415e-01 3.864289861591457820e-02 5.227981350688182260e-02
5.000000000000000000e+00 2.088928761792207545e-01 8.136565748355240046e-01 3.577915405023718298e-02 5.072361393635871352e-02
0.000000000000000000e+00 1.467181373990101845e-01 6.994452823373988881e-01 3.462530957330761661e-02 4.887717194920682129e-02
6.000000000000000000e+00 2.393898945296710212e-01 6.644485031861752100e-01 3.598374877979482189e-02 4.798818094805290535e-02
9.000000000000000000e+00 3.675504178819075651e-01 6.437558474952878029e-01 3.531136354207309314e-02 4.980117816775753159e-02
7.000000000000000000e+00 4.805293579468216114e-01 6.199820271679095107e-01 3.670606850943558541e-02 5.255865562017236758e-02
1.000000000000000000e+00 5.948194346840898206e-01 6.043798395769298670e-01 3.942498269086336382e-02 4.985631841043591805e-02
7.000000000000000000e+00 6.283491809230454805e-01 4.577845313253720017e-01 4.148832126551227351e-02 4.988499366322102224e-02
2.000000000000000000e+00 5.067323153575021832e-01 4.944754479010336490e-01 3.818537419723649906e-02 4.874304389054018305e-02
1.000000000000000000e+00 3.988497325798072701e-01 5.026554272880909835e-01 3.656565865097027856e-02 5.201242986174287042e-02
9.000000000000000000e+00 2.937986128966015853e-01 5.432756968851117918e-01 3.571720852444354444e-02 4.761272708044950175e-02
3.000000000000000000e+00 1.892197769533606744e-01 5.510071964819048818e-01 3.900954051435570613e-02 4.875450235869149829e-02
8.000000000000000000e+00 7.798223322340791519e-02 5.701991127514186575e-01 3.570086421200414917e-02 4.651556421374136718e-02
6.000000000000000000e+00 6.726631197193453371e-01 3.219008404857976458e-01 4.011871441493830570e-02 5.078140067802638935e-02
5.000000000000000000e+00 5.700014105521958863e-01 3.628576662317604118e-01 3.875882108812733762e-02 5.166826866350748837e-02
3.000000000000000000e+00 4.466279094706980257e-01 3.767007753846414730e-01 3.736269108284739904e-02 4.873164358720161182e-02
2.000000000000000000e+00 3.406397691920435289e-01 3.990894297739813190e-01 3.738837084776563957e-02 5.201231353211693831e-02
0.000000000000000000e+00 2.382387983401534348e-01 4.248989313074500451e-01 3.406480435329839462e-02 4.759097344040569277e-02
1.500000000000000000e+01 1.368792102993507398e-01 4.422202235688271754e-01 3.077375198927127797e-02 4.646458275518933201e-02
6.000000000000000000e+00 1.833755510424116830e-01 3.095002623177286472e-01 3.459785578159441100e-02 4.537419608919007752e-02
3.000000000000000000e+00 2.739122378428508475e-01 2.901600257751880130e-01 3.459009077906527452e-02 4.537413792437716697e-02
0.000000000000000000e+00 3.701564050789895033e-01 2.712286006204783773e-01 3.518345911839215745e-02 4.691096861218721492e-02
1.500000000000000000e+01 4.920829401086877497e-01 2.508254602860581772e-01 3.860785431611113427e-02 4.619379646849267052e-02
8.000000000000000000e+00 6.051001526205239678e-01 2.041689918129411252e-01 3.860003114876908725e-02 4.618402477991673249e-02
7.000000000000000000e+00 5.149243930256534041e-01 1.257024343369890218e-01 3.688184257417570500e-02 4.465082939291611930e-02
5.000000000000000000e+00 4.176226295368170582e-01 1.382065458721120077e-01 3.290947667363869344e-02 4.840359404215399675e-02
8.000000000000000000e+00 3.161440362887151245e-01 1.802481308384208947e-01 3.457714910818354692e-02 4.233601524947044892e-02
