3.000000000000000000e+00 4.993376949808343013e-01 1.512918210048346257e-01 3.200604669453499529e-02 4.179992520708988857e-02
1.000000000000000000e+01 7.382799655399683303e-01 7.231130225465212114e-01 2.865873353238468368e-02 3.972238279867890132e-02
2.000000000000000000e+00 6.967295407321552059e-01 7.418844842607847934e-01 3.063661690122032599e-02 3.834414710891909106e-02
9.000000000000000000e+00 4.307071488105617130e-01 7.815604667589646226e-01 3.751303418386270350e-02 5.402948080751490689e-02
6.000000000000000000e+00 2.850231459602516337e-01 7.030053789428283295e-01 3.816086027714282736e-02 5.366855194937592000e-02
2.000000000000000000e+00 1.877006748017630011e-01 6.439823339223704757e-01 3.827062351840834764e-02 5.416292400749012081e-02
5.000000000000000000e+00 8.916482449561580204e-02 5.424967199873320656e-01 3.391037824883280649e-02 4.980225537750848641e-02
2.000000000000000000e+00 1.226167880968184465e-01 4.280614990733227487e-01 3.432504565450839040e-02 4.832173581365628579e-02
7.000000000000000000e+00 2.157987521484655280e-01 4.842074855586153692e-01 3.600177865453391135e-02 5.217773061564390247e-02
1.500000000000000000e+01 3.248676259000244926e-01 5.604403427636791557e-01 3.744995348336688235e-02 4.905855226428013083e-02
7.000000000000000000e+00 4.179767719618374122e-01 5.916784136817077044e-01 3.563080204275881346e-02 4.876344183726244452e-02
3.000000000000000000e+00 5.134468296638190488e-01 6.781833632019442781e-01 4.149044875029483936e-02 5.364439218220617978e-02
0.000000000000000000e+00 1.240282575784501518e-01 2.878907917823899654e-01 3.237659994590415258e-02 4.651218054225109144e-02
8.000000000000000000e+00 3.092525700288267232e-01 3.956251770861438088e-01 3.594087120412226000e-02 4.834143618454933566e-02
9.000000000000000000e+00 5.139383793192263683e-01 5.069734655997139017e-01 3.669970239585884642e-02 4.809693143806365034e-02
5.000000000000000000e+00 6.694186456123785156e-01 2.219783182028115531e-01 3.440187145618611719e-02 4.383400261381684149e-02
1.000000000000000000e+00 6.338549885300133191e-01 5.845793370495299124e-01 4.036747116133343471e-02 5.006513396561529383e-02
6.000000000000000000e+00 7.292840649446927781e-01 5.297355083890366023e-01 3.810520249576576646e-02 4.779383361138589414e-02
5.000000000000000000e+00 5.923886995468881089e-01 4.558656655141579694e-01 3.501111530446487929e-02 4.920921212076645457e-02
3.000000000000000000e+00 5.222536575017695526e-01 3.799144276511736695e-01 3.604642906535471258e-02 4.956655652746794205e-02
8.000000000000000000e+00 4.029993109741077939e-01 3.366504657120389377e-01 3.555823806916824648e-02 4.489999589212895215e-02
7.000000000000000000e+00 3.307005867899681650e-01 2.718484664774309389e-01 3.284624775630717863e-02 4.580864021953975906e-02
0.000000000000000000e+00 2.412208671528586201e-01 2.187220416399673906e-01 3.382209349216569461e-02 4.358582874381242145e-02
3.000000000000000000e+00 3.505381829026791851e-01 1.624496256254259752e-01 3.199439017135619068e-02 4.241662019851452636e-02
2.000000000000000000e+00 4.092276622592399549e-01 2.024699271418157476e-01 3.326805584083081246e-02 4.290311775307686926e-02
8.000000000000000000e+00 5.109474368348437823e-01 2.587513325089781935e-01 3.417576877534839186e-02 4.386315803377754952e-02
0.000000000000000000e+00 5.810087718332757056e-01 1.926113450472087263e-01 3.278412667273167269e-02 4.284302879945017795e-02
1.000000000000000000e+00 6.156388063242754782e-01 3.107738168637373954e-01 3.495737675692855984e-02 4.539823464195136271e-02
1.500000000000000000e+01 7.079380357053597361e-01 3.672336404180069902e-01 3.638867361757502916e-02 4.778728563710626931e-02
1.000000000000000000e+00 4.264214431964714613e-01 9.182141104334341775e-02 3.040498231107741089e-02 4.082695832199220720e-02
