1.000000000000000000e+00 5.771453765869721808e-01 4.870050524836578854e-01 5.047567615059533885e-02 4.160199194239727616e-02
1.600000000000000000e+01 3.415108230913669329e-01 7.706710161836194395e-01 3.310305755439563180e-02 2.968956846741355182e-02
1.000000000000000000e+01 3.831727503136591606e-01 7.797621605196557448e-01 3.885613895755019032e-02 3.022107887989999853e-02
9.000000000000000000e+00 6.108744770992893258e-01 7.261144706741022858e-01 5.353710793139720980e-02 4.986915110628353798e-02
7.000000000000000000e+00 4.503086559109231723e-01 6.823365253087032567e-01 5.396914753114961938e-02 4.408250124327606212e-02
1.000000000000000000e+00 3.047365606253307213e-01 5.874522459064188684e-01 5.397902406574733858e-02 4.362782791840391639e-02
8.000000000000000000e+00 1.749962269609053322e-01 5.753983175577647158e-01 6.417143140387432387e-02 4.947655885602531001e-02
6.000000000000000000e+00 7.209679143152595282e-01 6.728469392272153904e-01 5.325010053909995378e-02 4.318103230565117912e-02
8.000000000000000000e+00 5.872113584033591405e-01 5.895203510989477369e-01 5.325997707369756196e-02 3.996769001651334641e-02
6.000000000000000000e+00 4.603302668077410287e-01 5.276735208426601709e-01 5.179040163556808407e-02 4.371260150703404346e-02
7.000000000000000000e+00 3.859507314303969316e-01 4.511446634123900679e-01 5.785218353379689704e-02 3.888967802295484333e-02
5.000000000000000000e+00 3.143618902686403649e-01 3.860372833831436923e-01 5.613704687534265547e-02 4.080801850186693835e-02
1.500000000000000000e+01 1.686777580437053281e-01 2.992394166827181401e-01 5.527399648152478417e-02 3.951301669164114516e-02
8.000000000000000000e+00 8.312343966478268342e-01 6.083034328979316507e-01 4.246204410249798666e-02 3.724053190072629249e-02
1.500000000000000000e+01 7.581124733425885776e-01 5.434771519768926140e-01 4.847250329415664361e-02 3.822689200477424887e-02
1.000000000000000000e+00 8.381965304946485951e-01 5.028199416915538622e-01 4.604722616145939806e-02 3.562204418797798589e-02
5.000000000000000000e+00 6.951155265112896053e-01 4.510100956284965878e-01 4.893505433114830883e-02 3.616157928482510719e-02
2.000000000000000000e+00 5.939519462940416883e-01 4.122309407308015761e-01 5.182194187849475941e-02 3.940549180009850216e-02
3.000000000000000000e+00 4.561842680714303100e-01 3.614155529422733437e-01 5.037311892079948672e-02 4.156351460969376355e-02
9.000000000000000000e+00 3.325033500521529239e-01 2.573444355778134462e-01 5.637273156106964445e-02 4.362092022307509365e-02
0.000000000000000000e+00 2.656220297708132838e-01 1.738907752499451176e-01 5.527399648152486744e-02 3.756407659214516803e-02
0.000000000000000000e+00 2.752985939373484570e-01 1.369508015821396529e-01 5.457470255867058473e-02 3.687859805994836426e-02
6.000000000000000000e+00 4.068098108312533934e-01 1.060460813230557769e-01 5.492487862016537381e-02 3.576110932244724872e-02
7.000000000000000000e+00 4.489613613773364431e-01 2.131018521695997592e-01 4.974681141284426067e-02 3.963726702421391246e-02
3.000000000000000000e+00 5.629403037296032419e-01 1.860478193229108679e-01 4.922212051234187147e-02 3.626907478191951362e-02
3.000000000000000000e+00 7.123640711416056037e-01 2.265552061057364563e-01 4.404405330502081384e-02 3.302513287219782656e-02
5.000000000000000000e+00 5.953014160167956481e-01 2.865832695764146121e-01 4.749607851360271304e-02 3.626907478191954137e-02
2.000000000000000000e+00 8.328451536206964434e-01 2.792378615194164304e-01 4.230813477168404724e-02 3.238600938482405489e-02
2.000000000000000000e+00 7.118469052198445057e-01 3.450784125730762542e-01 4.490707430439044856e-02 3.821107779163851470e-02
0.000000000000000000e+00 8.367179309609192872e-01 3.890389415535157047e-01 4.318103230565117912e-02 3.562204418797793037e-02
