7.000000000000000000e+00 3.316194943823920216e-01 2.916658005620714755e-01 3.710903869194737137e-02 3.710901084017070861e-02
1.500000000000000000e+01 2.382122113674869368e-01 5.723342946221452454e-01 3.643574984455053012e-02 3.834231535955423542e-02
1.500000000000000000e+01 4.339422007146557791e-01 2.325107855879218755e-01 3.918937144112444315e-02 3.866461611830643297e-02
1.400000000000000000e+01 9.642317690232303784e-01 6.647995748490693746e-01 3.637993488425506072e-02 3.788966828633943962e-02
1.100000000000000000e+01 8.314233296579757182e-01 6.968198711429787195e-01 3.561261843907503888e-02 3.684466962851185023e-02
1.000000000000000000e+00 3.291094365721375370e-01 7.412824194467504402e-01 3.547993257537856993e-02 3.650549069314312778e-02
2.000000000000000000e+00 4.235674557108487503e-01 6.931976918933036025e-01 3.619087702473128276e-02 3.595163026378411786e-02
7.000000000000000000e+00 5.242869163011119049e-01 6.400621560615404881e-01 3.639915261010528980e-02 3.686009951274515917e-02
0.000000000000000000e+00 6.284205590734419644e-01 5.951551491068729494e-01 3.968270995994382933e-02 3.864935334473262873e-02
6.000000000000000000e+00 6.213648128051900699e-01 7.063201121393816173e-01 3.737457752999984173e-02 3.851934125158928968e-02
8.000000000000000000e+00 4.289347715783855541e-01 7.982714435328062130e-01 3.502812105546171395e-02 3.582245372393844107e-02
8.000000000000000000e+00 3.310611776687776286e-01 8.478071093879464559e-01 3.453068832548294997e-02 3.590589764661566985e-02
7.000000000000000000e+00 2.392532689989265160e-01 7.888604953321655122e-01 3.425230981842039557e-02 3.505474735388602880e-02
3.000000000000000000e+00 1.463336845180804036e-01 7.316735843734052391e-01 3.368427283477443135e-02 3.352473785844078957e-02
0.000000000000000000e+00 2.364568252958385020e-01 6.785220894736536668e-01 3.440563384857345253e-02 3.488223344965935002e-02
5.000000000000000000e+00 3.325844331083986916e-01 6.310998442782849160e-01 3.692708303545511050e-02 3.549658793778209809e-02
0.000000000000000000e+00 4.259468051335451033e-01 5.869131678216823467e-01 3.695028356535834391e-02 3.726874077894060111e-02
9.000000000000000000e+00 5.285791257403221755e-01 5.315313862075685680e-01 3.783836531385231794e-02 3.767877463396562820e-02
5.000000000000000000e+00 6.321124791717098734e-01 4.783098858673464071e-01 3.978253072725868034e-02 3.835103296562836217e-02
1.000000000000000000e+00 6.364037137987392789e-01 3.594284210186566852e-01 4.093670834933715863e-02 3.903050490742915324e-02
8.000000000000000000e+00 5.328575206983416912e-01 4.203188801924130358e-01 3.874449501357968284e-02 3.731330362149182234e-02
9.000000000000000000e+00 4.396378193988008665e-01 4.686281069911002461e-01 3.643084793186990300e-02 3.674989003276063482e-02
3.000000000000000000e+00 3.330898035947069125e-01 5.213032947334201861e-01 3.648195594192094049e-02 3.695880620899638647e-02
5.000000000000000000e+00 1.444115777117369326e-01 6.198874710192849857e-01 3.607674044424674653e-02 3.686294039395787703e-02
6.000000000000000000e+00 1.473271713150964835e-01 5.129559780291488291e-01 3.545177442924152267e-02 3.513278803190400534e-02
2.000000000000000000e+00 2.426244341120432080e-01 4.603036565954131132e-01 3.591107807706228616e-02 3.702378440379139324e-02
3.000000000000000000e+00 4.360116434191844692e-01 3.533538510621661022e-01 3.954570707087523562e-02 3.986474917176585642e-02
2.000000000000000000e+00 5.388512230214900223e-01 2.922322082167866375e-01 3.955498171248117423e-02 3.907782507586321508e-02
1.000000000000000000e+00 1.454015273331255298e-01 3.955479417917527329e-01 3.695025571358179217e-02 3.726876863071704182e-02
6.000000000000000000e+00 2.384163370381484348e-01 3.453157726334242228e-01 3.757204662605523326e-02 3.820673291109200065e-02
