3.000000000000000000e+00 7.713835391750383241e-01 7.778078599669600024e-01 3.223633327210562172e-02 4.678433409279658672e-02
1.600000000000000000e+01 2.640624522021730591e-01 3.531898144740667211e-01 3.238140828526081538e-02 3.842107056274074450e-02
1.300000000000000000e+01 2.975618637917044063e-01 1.661287039572502122e-01 3.046019854474668609e-02 3.505747094566974420e-02
5.000000000000000000e+00 3.349800364295055788e-01 6.158450738646139566e-01 4.138259687814788146e-02 5.318649586974777410e-02
2.000000000000000000e+00 3.641924452200274720e-01 5.061681035652983995e-01 4.029732585251849519e-02 5.108705937827667798e-02
7.000000000000000000e+00 4.344658703535545508e-01 3.913778248486748934e-01 3.983415615448687719e-02 5.312155202038915114e-02
0.000000000000000000e+00 4.942982482367106467e-01 2.390691806112864304e-01 4.031413314716320029e-02 5.176999674828036690e-02
2.000000000000000000e+00 3.713501541941048867e-01 7.588257418947368382e-01 3.674048573936034012e-02 4.898704432244604945e-02
9.000000000000000000e+00 4.338909798776953153e-01 6.281410129157866118e-01 3.801115771400509491e-02 4.848276762666903217e-02
6.000000000000000000e+00 5.000598380188856495e-01 5.166589218146989682e-01 3.760572873905576596e-02 4.959366905342599274e-02
5.000000000000000000e+00 5.509725614915231828e-01 4.032063417537732342e-01 3.763549587535419683e-02 5.073728829471529922e-02
7.000000000000000000e+00 4.148794996642255484e-01 8.481175176935034088e-01 3.581012532099830947e-02 4.609590036137722890e-02
0.000000000000000000e+00 4.610085517634043839e-01 7.673920815149919417e-01 3.709586889720917213e-02 4.615763317854038039e-02
8.000000000000000000e+00 5.368190258511681412e-01 6.480951769684767383e-01 3.752915574607040838e-02 4.617834578261192924e-02
1.000000000000000000e+00 6.105063133805015418e-01 5.456790736685449561e-01 3.761351042969163228e-02 4.960338893466631482e-02
6.000000000000000000e+00 6.616137671524520147e-01 4.049603319302707005e-01 3.594510438607956271e-02 5.123968465632383618e-02
9.000000000000000000e+00 7.290689040418857347e-01 2.922950188574831021e-01 3.599272023286981259e-02 5.294390383379171672e-02
5.000000000000000000e+00 4.961692964472524947e-01 8.670409404114509666e-01 3.521194762966756153e-02 4.789274769280760236e-02
3.000000000000000000e+00 5.842396071701534410e-01 7.597053911469850984e-01 3.513679211936293623e-02 4.494264802350145249e-02
1.000000000000000000e+00 6.388522641861729134e-01 6.663786207201165546e-01 3.602361556966948708e-02 5.089109962969973200e-02
8.000000000000000000e+00 6.974006052579787562e-01 5.475853564485828606e-01 3.600440723293263368e-02 4.990268027785771388e-02
3.000000000000000000e+00 7.726129884390657843e-01 4.152755558965501859e-01 3.597802469813748960e-02 4.892334438646028794e-02
1.000000000000000000e+00 8.469696170759535292e-01 3.086900863960128083e-01 3.231571230223484470e-02 4.974779859880806843e-02
7.000000000000000000e+00 6.047943499562663527e-01 8.970388081764875121e-01 3.537787988798424266e-02 5.382152811078133592e-02
0.000000000000000000e+00 6.790134538448909796e-01 7.774507121878144744e-01 3.521217905541140780e-02 4.790223614830413368e-02
8.000000000000000000e+00 7.318568031929941764e-01 6.437643913115587146e-01 3.365387380942019835e-02 4.487148460727785615e-02
2.000000000000000000e+00 7.837599565286232917e-01 5.782936433907013285e-01 3.668526177124198373e-02 4.797004389124259749e-02
1.500000000000000000e+01 8.753756807185812949e-01 4.510885451111282807e-01 3.076226699686379629e-02 4.672427911227600150e-02
3.000000000000000000e+00 8.795793847139257160e-01 5.885290833317999848e-01 3.062381654562518207e-02 4.177593385798272774e-02
0.000000000000000000e+00 8.452695635618745484e-01 6.868763170603786605e-01 3.590257990565315360e-02 4.596375626165771777e-02
