1.600000000000000000e+01 7.270071366016497283e-01 1.190338017845870427e-01 3.557088539135544458e-02 3.056280783646417309e-02
1.400000000000000000e+01 6.656974000269739733e-01 2.723452170291895680e-01 3.654547528963980607e-02 2.585370729410946256e-02
6.000000000000000000e+00 7.605986674360187827e-01 5.289882339746785345e-01 5.584481314706357669e-02 3.971163060544646850e-02
1.500000000000000000e+01 7.426843785133584452e-01 7.386324568212965236e-01 4.714093093623761277e-02 3.399998736402054522e-02
1.000000000000000000e+00 7.240579652448453363e-01 8.356900949045771299e-01 4.532687920313860364e-02 3.173013215901521189e-02
3.000000000000000000e+00 6.530460007951301993e-01 4.524036770658616535e-01 5.004533392122267887e-02 4.025022264729827270e-02
6.000000000000000000e+00 6.209001975955638075e-01 5.870809296148435941e-01 4.714147956824521479e-02 3.426651279330839017e-02
8.000000000000000000e+00 6.044714669914574845e-01 6.674219698796347577e-01 4.351897214852473716e-02 3.263943484839626485e-02
3.000000000000000000e+00 6.229033902132797840e-01 7.866826081521139935e-01 4.423554041363875200e-02 3.155566718060143216e-02
9.000000000000000000e+00 5.985774859023089700e-01 8.719493214442562978e-01 4.278770054560654401e-02 3.047052793278726135e-02
1.500000000000000000e+01 4.877763691444749750e-01 8.671456367437930801e-01 3.989311807355738759e-02 2.885156974158764598e-02
9.000000000000000000e+00 4.904948681736878147e-01 7.852790428870942696e-01 4.061407539473255168e-02 3.046805908875316327e-02
5.000000000000000000e+00 4.840870383462296811e-01 7.110341271746485337e-01 4.278561574397782286e-02 2.937951832249219297e-02
2.000000000000000000e+00 5.003676383082865664e-01 6.138001587641284118e-01 4.713725510178673472e-02 3.207752594622159670e-02
5.000000000000000000e+00 5.070670111845785311e-01 5.255472140230688094e-01 4.496253268689742733e-02 3.155687417101804559e-02
8.000000000000000000e+00 5.347261292576674929e-01 4.063673480979073105e-01 4.785919996057552694e-02 3.423142777642290691e-02
6.000000000000000000e+00 4.084887846290592983e-01 3.330069231922992978e-01 4.425732110434021926e-02 3.698388712690559021e-02
0.000000000000000000e+00 3.983689655014424069e-01 4.434823857062275554e-01 4.208056875102278438e-02 3.535195378872640903e-02
7.000000000000000000e+00 4.013569800043843561e-01 5.532867889800709982e-01 4.279400981369391177e-02 3.372314765299033734e-02
3.000000000000000000e+00 3.930853786681391959e-01 6.436777526547119432e-01 4.352207191936735553e-02 3.426903650054324846e-02
7.000000000000000000e+00 3.725175075985640571e-01 7.200795053785995492e-01 3.989410561117112675e-02 2.937540358243539984e-02
7.000000000000000000e+00 3.822269225529026371e-01 8.285208461453839046e-01 3.916618066349963900e-02 2.937463549762464599e-02
0.000000000000000000e+00 2.845838392543220130e-01 7.601366095592259065e-01 3.903061369442395456e-02 2.864934398358964796e-02
0.000000000000000000e+00 2.900602565224932317e-01 6.756825848599279372e-01 3.818807952036673559e-02 2.831846401981163996e-02
5.000000000000000000e+00 3.041285527771407926e-01 5.014076388576759191e-01 4.113159996749299330e-02 3.053298968685158599e-02
2.000000000000000000e+00 3.011332414684980141e-01 3.735493609626406863e-01 4.030503098485660463e-02 3.336107795958076494e-02
2.000000000000000000e+00 1.910862056892974337e-01 7.074138142829582421e-01 3.638036448695536329e-02 2.911332207240913128e-02
1.000000000000000000e+00 1.876355160985540005e-01 6.265709951840245928e-01 3.673442415305405717e-02 2.929299905489524125e-02
1.000000000000000000e+00 1.743499531291362037e-01 4.346130909451128010e-01 3.917166698357557597e-02 3.174409484360835032e-02
8.000000000000000000e+00 1.951820453735670924e-01 5.148204433054541784e-01 3.499874450223935951e-02 3.120832825659547449e-02
