0.000000000000000000e+00 2.522903168883354197e-01 5.564450219165111289e-01 3.816742589115318385e-02 3.893353219629080986e-02
1.600000000000000000e+01 2.878939458906175086e-01 8.260511426642420663e-01 4.086185707910183762e-02 4.010911158977226165e-02
1.600000000000000000e+01 1.652429641217270651e-01 7.329534665739594335e-01 3.736232899020594522e-02 3.357012720277152695e-02
3.000000000000000000e+00 7.714837894622205150e-01 5.513882835619573486e-01 4.347626703688867167e-02 4.119119400553494792e-02
6.000000000000000000e+00 7.552979512665897177e-01 4.352721486371077808e-01 4.761449958728181109e-02 4.305564556890273398e-02
7.000000000000000000e+00 7.408587021258439265e-01 3.292246957722374523e-01 4.164005995080966027e-02 4.117809178616199661e-02
6.000000000000000000e+00 7.134882807873612620e-01 2.040376012994888910e-01 4.622974441082761121e-02 4.075896443091156507e-02
8.000000000000000000e+00 6.736408687898027825e-01 6.266580628273360487e-01 4.257732836297589696e-02 4.577421242411761071e-02
1.500000000000000000e+01 6.547310906796965924e-01 5.084392659230836387e-01 4.071612362151433295e-02 4.208950055482885144e-02
3.000000000000000000e+00 6.187139803443282293e-01 2.855597395366150648e-01 4.024794914242668664e-02 3.979931306064971031e-02
1.000000000000000000e+00 6.162667386152962390e-01 1.671621662969703659e-01 4.162758985605563566e-02 4.117803432028760424e-02
1.000000000000000000e+00 5.486827614602410863e-01 7.168171926950358541e-01 4.164442735726736622e-02 4.354603060846251594e-02
2.000000000000000000e+00 5.480666123544626345e-01 5.880605335989139704e-01 3.973690512100458427e-02 4.277598789092562637e-02
9.000000000000000000e+00 5.347142152970583151e-01 4.763896426586695654e-01 3.972328570876171305e-02 4.085906998419136515e-02
2.000000000000000000e+00 5.205573247303884044e-01 3.475806608838671874e-01 4.086179961322744525e-02 4.010908285683506547e-02
5.000000000000000000e+00 5.031842990346385713e-01 2.364383410567501564e-01 3.969443783979120788e-02 3.855868229729866870e-02
1.500000000000000000e+01 5.127749512180632685e-01 1.285144262607535448e-01 4.238303624148398452e-02 3.857778970055099343e-02
5.000000000000000000e+00 4.447402979426885450e-01 6.515974478133796932e-01 4.011744414156659388e-02 4.392266194956229164e-02
7.000000000000000000e+00 4.391389554960378749e-01 5.305895734259709062e-01 3.933843674761655640e-02 4.085657021865307659e-02
0.000000000000000000e+00 4.287147464373480266e-01 4.167581811036968342e-01 3.857503133857775879e-02 4.199675063347774184e-02
0.000000000000000000e+00 4.191953950376384741e-01 2.999386207762584355e-01 3.702445838141793510e-02 3.892629149611087636e-02
3.000000000000000000e+00 4.165809850798517511e-01 1.941702652970894727e-01 3.740488247023104895e-02 3.816992565669138915e-02
5.000000000000000000e+00 4.021849359102184218e-01 8.626591763134075497e-02 3.930134252566347408e-02 3.741289895971583457e-02
6.000000000000000000e+00 3.434989603874572528e-01 6.124568948044077921e-01 3.666592879076779887e-02 4.275846079922052123e-02
9.000000000000000000e+00 3.343635097619646057e-01 4.812976449636962029e-01 3.741025552949145405e-02 3.892847519933978484e-02
8.000000000000000000e+00 3.326372923595696252e-01 3.698417482262119083e-01 3.740749716751817777e-02 3.854236198895688581e-02
7.000000000000000000e+00 3.216429930934674442e-01 2.514088765731906094e-01 3.624200303500141329e-02 3.739111939330189149e-02
1.000000000000000000e+00 3.157134774043411363e-01 1.667956202168353330e-01 4.045933736156548388e-02 3.742114531269841171e-02
2.000000000000000000e+00 2.167432917723797203e-01 2.220448778514667598e-01 3.624740482719907009e-02 3.814926667482912426e-02
8.000000000000000000e+00 2.276920493329857853e-01 3.327430152020762200e-01 3.623927340596538871e-02 3.700532224522845581e-02
