3.000000000000000000e+00 7.721463834963716577e-01 3.330936737082340060e-01 4.185002602099308078e-02 3.247813576016200798e-02
1.000000000000000000e+01 5.276415120750668208e-01 7.928073142358871284e-01 4.052662698820230780e-02 2.851308884938230648e-02
2.000000000000000000e+00 4.777149675620619984e-01 7.692696480499261469e-01 3.780140949165183839e-02 3.147606859744866981e-02
9.000000000000000000e+00 2.210252217887367643e-01 5.801577473249321937e-01 5.571731869834878337e-02 3.678269669500644490e-02
6.000000000000000000e+00 1.588788470924540341e-01 4.287420898300293715e-01 5.498610587648991577e-02 3.776362247992209875e-02
2.000000000000000000e+00 1.224815181635322825e-01 3.244675505286740980e-01 5.559203540569392088e-02 3.778262980208735300e-02
5.000000000000000000e+00 1.182627462651070910e-01 1.989828172491562297e-01 5.161654584935346235e-02 3.298456138874955590e-02
2.000000000000000000e+00 2.361337381300011584e-01 1.705404936845417163e-01 4.952195601919165413e-02 3.395524370663008384e-02
7.000000000000000000e+00 2.712688158335169186e-01 2.702041212515138291e-01 5.389742450917944794e-02 3.521220247406792181e-02
1.500000000000000000e+01 3.041714863941354929e-01 3.918767482739017871e-01 4.916852795240400642e-02 3.796704066279510403e-02
7.000000000000000000e+00 3.587241228905880819e-01 4.795984566090745194e-01 4.956364123920964371e-02 3.560765720977476789e-02
3.000000000000000000e+00 3.720578589787504886e-01 5.955374879100272523e-01 5.352276970236902187e-02 4.223102608655038281e-02
0.000000000000000000e+00 3.469519322167460285e-01 1.047609604094181107e-01 4.793242602201269742e-02 3.177816551276024803e-02
8.000000000000000000e+00 4.198196885935153722e-01 3.010223031786302128e-01 4.887357300994193965e-02 3.612984639596650283e-02
9.000000000000000000e+00 5.063700137921063327e-01 5.142279765332931074e-01 4.821201576392203370e-02 3.720136995599299112e-02
5.000000000000000000e+00 8.611417958221770919e-01 4.998344541910819672e-01 4.350571174277395592e-02 3.516582233165865823e-02
1.000000000000000000e+00 5.474007616288134592e-01 6.450392130818244363e-01 4.918235663290138060e-02 4.157544419630099242e-02
6.000000000000000000e+00 6.712419448495796637e-01 6.935007426302775002e-01 4.715676793485124030e-02 3.912662958524892876e-02
5.000000000000000000e+00 6.128867057570797083e-01 5.511938321097030746e-01 5.040855654515874473e-02 3.465444569400411012e-02
3.000000000000000000e+00 6.127905309832497593e-01 4.601039153159610651e-01 5.045214818820820124e-02 3.596395913814731671e-02
8.000000000000000000e+00 5.454643764561946107e-01 3.461970313773683472e-01 4.441476253399312402e-02 3.644235750276375585e-02
7.000000000000000000e+00 5.348135039737998975e-01 2.587349237963488813e-01 4.682004241014592338e-02 3.260543929214873571e-02
0.000000000000000000e+00 5.004574703923821977e-01 1.634074411875797439e-01 4.343710896771374452e-02 3.445999054478693369e-02
3.000000000000000000e+00 6.371969854441666969e-01 2.220486010536981136e-01 4.268230771759884412e-02 3.231492318540193920e-02
2.000000000000000000e+00 6.556840248462232346e-01 2.870428160831646758e-01 4.276761303474152509e-02 3.388800672717440232e-02
8.000000000000000000e+00 6.979556833520130787e-01 3.934480961170933044e-01 4.365071370947160023e-02 3.486110764143823815e-02
0.000000000000000000e+00 8.091121537105562256e-01 4.166806065746696541e-01 4.290362351370835547e-02 3.326133417722415553e-02
1.000000000000000000e+00 7.460787516771799632e-01 5.001451157829979177e-01 4.536478719335290677e-02 3.553367661452094817e-02
1.500000000000000000e+01 7.802196013156719179e-01 5.992681870583027592e-01 4.793532833767266688e-02 3.686293718678168574e-02
1.000000000000000000e+00 7.568020682347731398e-01 2.476926086028361784e-01 4.125397005584807708e-02 3.058178547120532498e-02
