0.000000000000000000e+00 6.055434304540424639e-01 4.121368961221026361e-01 3.790067022710075229e-02 4.667127886615396459e-02
1.200000000000000000e+01 1.034150682485137362e-01 5.640370600550048685e-01 3.158403768807803436e-02 3.667842172230673103e-02
1.400000000000000000e+01 1.787517582724696963e-01 2.855240871778318423e-01 3.451829742597511963e-02 4.344672562927781589e-02
6.000000000000000000e+00 4.256018274290881420e-01 1.842041019282164571e-01 4.014747715971950237e-02 5.843943840082396757e-02
2.000000000000000000e+00 6.747428031637041634e-01 5.602524516043184966e-02 3.998589512572525706e-02 5.921742381143057371e-02
1.000000000000000000e+00 7.646707883538161887e-01 2.518499531818212470e-02 3.652535628649411503e-02 5.036999063636424939e-02
7.000000000000000000e+00 4.037545072779014088e-01 3.455848000414055710e-01 3.972567221827122408e-02 5.565666911140437767e-02
1.500000000000000000e+01 5.312688652224929475e-01 2.910160971812738584e-01 3.903926940454938155e-02 5.205152310167804330e-02
8.000000000000000000e+00 6.295806538287644916e-01 2.258638002609557882e-01 3.705251038079204751e-02 5.476213463801066217e-02
5.000000000000000000e+00 7.377243883728279439e-01 1.943444828857718298e-01 3.779922937615642908e-02 5.308780643521832099e-02
7.000000000000000000e+00 8.321075460706313098e-01 1.408218924468078170e-01 3.723433391868369302e-02 5.126367943701187757e-02
3.000000000000000000e+00 8.807903462614199430e-01 2.533243315242963423e-01 3.359074655141147669e-02 4.544220541624161003e-02
2.000000000000000000e+00 8.025123965558558226e-01 3.039602910090297705e-01 3.527802465006912858e-02 4.704577585468916467e-02
0.000000000000000000e+00 7.055653344753284317e-01 3.628673256497444988e-01 3.495206060459632447e-02 4.981746189989977314e-02
5.000000000000000000e+00 4.807807941318691380e-01 4.386927867433167982e-01 3.657858502512939536e-02 5.071246303620763340e-02
6.000000000000000000e+00 3.552754637819652839e-01 4.981623106108535870e-01 4.177834737863972414e-02 4.926951213949387620e-02
9.000000000000000000e+00 3.500691535644419594e-01 6.540194406410372308e-01 3.776443382262673065e-02 4.457173324935426173e-02
8.000000000000000000e+00 4.577903248398218494e-01 5.799351863791288864e-01 3.896766581367278048e-02 4.680296530721606008e-02
6.000000000000000000e+00 5.724145051889601987e-01 5.687068683367328958e-01 3.649718151305758607e-02 4.094786239020109520e-02
5.000000000000000000e+00 6.711086073875773828e-01 4.893739687810660932e-01 3.793666160434794321e-02 4.737643569573468660e-02
9.000000000000000000e+00 7.702414018918456451e-01 4.267715180231860250e-01 3.407444266183734527e-02 4.478738984851532434e-02
1.500000000000000000e+01 8.586349702540875262e-01 3.861812215076693700e-01 3.243628083488481195e-02 4.389393453311041249e-02
1.000000000000000000e+00 8.224027657769212851e-01 5.230516604666538560e-01 3.233938994735241490e-02 4.247291679335774006e-02
8.000000000000000000e+00 7.306890949461487539e-01 5.609474015667249569e-01 3.434452382335106968e-02 4.064050652842654543e-02
0.000000000000000000e+00 5.351300341734469557e-01 6.713800885378334860e-01 3.649665651727929117e-02 4.093905412769816010e-02
2.000000000000000000e+00 4.638889820483292348e-01 7.183970479575793044e-01 3.810746023089484069e-02 4.117349390915037155e-02
3.000000000000000000e+00 5.354614231752956588e-01 7.694751997198190363e-01 3.410815905737840659e-02 3.647973998664444384e-02
7.000000000000000000e+00 6.197239455900949157e-01 7.293296767110521994e-01 3.257062142127054027e-02 3.763700568065553309e-02
3.000000000000000000e+00 7.007728230136340830e-01 6.735575376948494952e-01 3.060346223990395575e-02 4.015937706402805674e-02
1.000000000000000000e+00 7.828774086145113831e-01 6.318587855094894845e-01 3.418329178654233580e-02 3.786497051417503368e-02
