8.000000000000000000e+00 7.498420532972571717e-01 2.728702473331054978e-01 4.175071608748404106e-02 3.994197746007172034e-02
1.400000000000000000e+01 1.349412961365704378e-01 1.578157621024651458e-01 3.831494484593563066e-02 3.920537563817855231e-02
1.400000000000000000e+01 3.685298446211413004e-01 6.441349201959666038e-02 3.457704352081381050e-02 3.768949455980526858e-02
3.000000000000000000e+00 3.775736863565133383e-01 7.617470960493377685e-01 4.272302454845072761e-02 4.630210400001211202e-02
6.000000000000000000e+00 4.956845564838412432e-01 7.718845916254943873e-01 4.587794498439551338e-02 4.409631068869845905e-02
7.000000000000000000e+00 6.045348988203835816e-01 7.885621662948115729e-01 4.215430909701856077e-02 4.349769725732555159e-02
6.000000000000000000e+00 7.343144809478172608e-01 7.947997586684552029e-01 4.116547650399737801e-02 4.161662097268148397e-02
8.000000000000000000e+00 3.311024477602376170e-01 6.457206441338436687e-01 4.625758394638301851e-02 4.133844493665506103e-02
1.500000000000000000e+01 4.528270504649823947e-01 6.560473053584308101e-01 4.351315148154938361e-02 4.262191825843342219e-02
3.000000000000000000e+00 6.818141928459320322e-01 6.810647521300683405e-01 4.267244168378003799e-02 4.490718194585119338e-02
1.000000000000000000e+00 7.994847067418702213e-01 7.091340515499434671e-01 4.215430909701856077e-02 4.349769725732555159e-02
1.000000000000000000e+00 2.720650228117266756e-01 4.940098535319075168e-01 4.393683498257461295e-02 4.126283811660674816e-02
2.000000000000000000e+00 4.012580131110539128e-01 5.281283523882067676e-01 4.524708571978669491e-02 3.901074157194583947e-02
9.000000000000000000e+00 5.169468496665842183e-01 5.473099274570312200e-01 4.170004406382760154e-02 4.348265910836968118e-02
2.000000000000000000e+00 6.492426321147632962e-01 5.661770982218892190e-01 4.061536556095746153e-02 3.881964414548733089e-02
5.000000000000000000e+00 7.647767183904226052e-01 5.809411427356925284e-01 3.787776861837677256e-02 3.965958123204560426e-02
1.500000000000000000e+01 8.691395998073316864e-01 6.177191947022430130e-01 4.567626735827601259e-02 3.764975937175307763e-02
5.000000000000000000e+00 3.654990632132396611e-01 4.094821419898374559e-01 4.245150571670514017e-02 3.888728609612807086e-02
7.000000000000000000e+00 4.900929804024103387e-01 4.356746001768989629e-01 4.154018200209819156e-02 3.885313820452601652e-02
0.000000000000000000e+00 6.063253598556853641e-01 4.571489728674503206e-01 3.980496981839620751e-02 4.202675230784902460e-02
0.000000000000000000e+00 7.259223913994178323e-01 4.775394843458357075e-01 3.917491298466058147e-02 3.739315981031582359e-02
3.000000000000000000e+00 8.306273461255860857e-01 5.046444996134757943e-01 3.694148038771616349e-02 3.962861334427425497e-02
5.000000000000000000e+00 9.421758771329388216e-01 5.198904484461008835e-01 3.699521353655543798e-02 4.102365427708287715e-02
6.000000000000000000e+00 4.357101597524444259e-01 3.176913314182334691e-01 4.158654467476924355e-02 4.025611428708042450e-02
9.000000000000000000e+00 5.700945657446256920e-01 3.423102078032095319e-01 4.192416003473331543e-02 3.657860331507883922e-02
8.000000000000000000e+00 6.817570716556282662e-01 3.699896298375487946e-01 4.007018808180440317e-02 3.650564154494578828e-02
7.000000000000000000e+00 8.040523513094950392e-01 3.928360553023760859e-01 3.826798778002526991e-02 3.828103471162946914e-02
1.000000000000000000e+00 8.892187086676095475e-01 4.072814010210584756e-01 3.865785030572999048e-02 3.551921624454407178e-02
2.000000000000000000e+00 8.646885454736098486e-01 2.936555696609134403e-01 4.058683468546764317e-02 3.836496303702890964e-02
0.000000000000000000e+00 5.156101038507270307e-01 2.374261623940180921e-01 4.225999221497911407e-02 3.915987483570457228e-02
