0.000000000000000000e+00 5.362530704189851782e-01 5.113674921617674674e-01 4.719136086808373154e-02 3.693968819294662920e-02
1.000000000000000000e+01 8.581882479894499260e-01 2.372185720152429900e-01 3.532370424426845013e-02 2.881211926984397764e-02
1.300000000000000000e+01 8.623977836954920262e-01 4.642962624719820242e-01 4.137738750734554216e-02 2.948249488863430301e-02
2.000000000000000000e+00 7.758650778634481604e-01 5.946843065153488705e-01 6.231711647563631384e-02 4.164455438628322792e-02
2.000000000000000000e+00 6.093848933263124046e-01 7.991727915157563755e-01 5.231443493436460646e-02 4.020292500127897739e-02
6.000000000000000000e+00 5.376401173233462671e-01 9.074260927863859738e-01 5.481180440549393573e-02 3.787863944903147040e-02
0.000000000000000000e+00 4.163570580868469206e-01 8.868939369465821398e-01 5.013519624742956982e-02 3.798907505510995541e-02
2.000000000000000000e+00 4.729497264141765411e-01 8.010347557225964144e-01 5.505297831161515276e-02 3.896857645369711243e-02
1.000000000000000000e+00 5.342820793644231792e-01 6.983251671899253221e-01 4.942493343124609861e-02 3.590985821149950130e-02
1.500000000000000000e+01 6.041433178217929800e-01 6.062413457328722499e-01 4.982496555911797298e-02 3.891537510869769179e-02
6.000000000000000000e+00 6.933032751209096123e-01 4.835391005655804708e-01 5.663313560169314087e-02 3.977223166211457661e-02
8.000000000000000000e+00 3.005409756919360520e-01 8.775765196663409817e-01 4.350687768839062164e-02 3.378898631687166088e-02
3.000000000000000000e+00 3.384895834726827646e-01 8.028122772961743259e-01 4.663061979669869128e-02 3.536049769781945962e-02
5.000000000000000000e+00 3.932336846089172222e-01 6.924255081738452944e-01 4.803882569912276690e-02 3.370932241293689291e-02
0.000000000000000000e+00 4.719586649102510134e-01 5.952458762681200888e-01 4.820820817447912798e-02 3.422686156138377012e-02
7.000000000000000000e+00 6.131599237588132301e-01 3.994748570356409512e-01 5.013522387014246462e-02 3.798899218697149305e-02
6.000000000000000000e+00 5.253537832404677754e-01 2.969992743150997594e-01 4.583050029552915294e-02 3.668854248747710489e-02
5.000000000000000000e+00 4.744119761543428293e-01 4.184500172301134358e-01 4.407115446702392081e-02 3.536027671611646772e-02
7.000000000000000000e+00 3.955733974463060965e-01 5.078227522865147447e-01 4.515460013416361384e-02 3.657302430222908463e-02
7.000000000000000000e+00 3.489904682633880317e-01 6.047294441663111364e-01 4.388945226172480396e-02 3.484632852034352801e-02
3.000000000000000000e+00 2.767604026292580510e-01 6.778403014345653066e-01 4.505941226559256885e-02 3.457010139158245288e-02
1.000000000000000000e+00 2.266995805362473915e-01 7.907540791989395856e-01 4.330965151845528327e-02 3.325365814133263154e-02
7.000000000000000000e+00 1.618353737063047970e-01 6.863431249120899302e-01 4.018596465557305875e-02 3.168562722220735761e-02
3.000000000000000000e+00 2.260358896139730567e-01 6.127476823918500681e-01 3.990056678613707053e-02 3.263181562906558586e-02
8.000000000000000000e+00 3.405921415086737292e-01 4.171367091577752317e-01 4.081244778360326730e-02 3.329053446302226993e-02
1.000000000000000000e+00 3.807414784469730362e-01 3.354739566625719038e-01 4.291011659941518230e-02 3.718591705552432014e-02
5.000000000000000000e+00 2.688196184906235797e-01 3.591473259765778359e-01 3.723892504153358818e-02 3.060809281562304474e-02
9.000000000000000000e+00 2.171145682250189002e-01 4.493306219196158136e-01 3.851758042056879772e-02 3.049356904803862678e-02
1.500000000000000000e+01 1.589952339910958856e-01 5.359882238479289907e-01 3.690670667377263237e-02 2.848525970838089449e-02
9.000000000000000000e+00 1.162479947181546958e-01 6.090498021964121378e-01 3.513970935380063276e-02 2.850371168058229987e-02
