0.000000000000000000e+00 6.144349315197440431e-01 5.103945401119902581e-01 3.485931160190802736e-02 4.313591513167958080e-02
1.200000000000000000e+01 1.778263770679428535e-01 2.621699017992449865e-01 2.900806581237991288e-02 3.397482377301683232e-02
1.400000000000000000e+01 3.469444587410486225e-01 1.084011267839963544e-01 3.176816147613298336e-02 4.012375777853670333e-02
6.000000000000000000e+00 5.723801795511302970e-01 2.105280271653843793e-01 3.711767679251953833e-02 5.373869180733090167e-02
2.000000000000000000e+00 8.104095745276295171e-01 2.942429705381538474e-01 3.698975044392049938e-02 5.443177407176708060e-02
1.000000000000000000e+00 8.907157834892829307e-01 3.348041057601197079e-01 3.377685788299245040e-02 4.921209405117399349e-02
7.000000000000000000e+00 4.906744837601145770e-01 3.153339870577979154e-01 3.667848450492666723e-02 5.123291630570453448e-02
1.500000000000000000e+01 6.080305212291488015e-01 3.664233962416765800e-01 3.598795646560959405e-02 4.798326978964118084e-02
8.000000000000000000e+00 7.078620335989878054e-01 3.885726685580546125e-01 3.427361433879683172e-02 5.033896440058233113e-02
5.000000000000000000e+00 8.014103403817801619e-01 4.429259875887934794e-01 3.490233013023047448e-02 4.886514962025290121e-02
7.000000000000000000e+00 8.935953631154517351e-01 4.709322056497022846e-01 3.435873725171512127e-02 4.721033438200639143e-02
3.000000000000000000e+00 8.843759009911713598e-01 5.900319453911295753e-01 3.097780356452739525e-02 4.187299868645133483e-02
2.000000000000000000e+00 8.053902533026985333e-01 5.714702301307881260e-01 3.252093194861660486e-02 4.336848405042315058e-02
0.000000000000000000e+00 7.091085492302932058e-01 5.456391095216064357e-01 3.228906208095838615e-02 4.583764002981494112e-02
5.000000000000000000e+00 5.104842337435425703e-01 4.403631049908189876e-01 3.376185517124014046e-02 4.669427336161730002e-02
6.000000000000000000e+00 3.926431489243818462e-01 3.943814469941542833e-01 3.838613187326933573e-02 4.560974937602635393e-02
9.000000000000000000e+00 3.256053597458846705e-01 5.070482228968120619e-01 3.469874494494412653e-02 4.125958135915225311e-02
8.000000000000000000e+00 4.360841595248987623e-01 5.293034417824744597e-01 3.581897430904279478e-02 4.329508368647283501e-02
6.000000000000000000e+00 5.262516267235342049e-01 6.034809085603394241e-01 3.349519406880085981e-02 3.798267185076464880e-02
5.000000000000000000e+00 6.321142829910301186e-01 6.153133967546701166e-01 3.490722348782715478e-02 4.376484601575469924e-02
9.000000000000000000e+00 7.315259345244412570e-01 6.399586578574811835e-01 3.139836345204050083e-02 4.130321827881922037e-02
1.500000000000000000e+01 8.139971853568266358e-01 6.733103044745858412e-01 2.991336385434706369e-02 4.044591278251197242e-02
1.000000000000000000e+00 7.314776462263992141e-01 7.494468619188385805e-01 2.979871947636769658e-02 3.916976813982431249e-02
8.000000000000000000e+00 6.476181874850464038e-01 7.116910859183951388e-01 3.155839237740021286e-02 3.761663794790026660e-02
0.000000000000000000e+00 4.568018558784439076e-01 6.533160722211046600e-01 3.349457567745622866e-02 3.797476719618508856e-02
2.000000000000000000e+00 3.845386732810608388e-01 6.371198651734780727e-01 3.494529488539260820e-02 3.825492536188557224e-02
3.000000000000000000e+00 4.173039773571295408e-01 7.268265367173287750e-01 3.127156633980993083e-02 3.390946249654669398e-02
7.000000000000000000e+00 4.965094228387503805e-01 7.575347485421751736e-01 2.991078274264780124e-02 3.486872190497836144e-02
3.000000000000000000e+00 5.796458745519028621e-01 7.742559429548176997e-01 2.819837644960954126e-02 3.703707082507534665e-02
1.000000000000000000e+00 6.578686961868966954e-01 8.022495512096119441e-01 3.136308825881595208e-02 3.514178201350570685e-02
