1.500000000000000000e+01 2.973262703823383313e-01 5.582477115925030819e-01 3.570699875457661321e-02 4.528951566355432501e-02
1.300000000000000000e+01 7.516983254370883660e-01 5.808347447211983372e-01 2.626944219547289183e-02 3.571375492300854493e-02
1.200000000000000000e+01 7.142059416127072291e-01 5.656475807278825707e-01 3.314122218154413879e-02 3.516688362545949964e-02
5.000000000000000000e+00 5.606076682504272934e-01 7.976404869711609669e-01 4.161761919485684746e-02 6.242467218849312438e-02
1.000000000000000000e+00 3.182742570494632162e-01 8.427685302091938446e-01 4.423312116754801737e-02 6.071017283787560892e-02
6.000000000000000000e+00 2.008375239415189362e-01 8.524116904860161714e-01 3.804022801018433486e-02 5.766438401009588155e-02
3.000000000000000000e+00 1.375633986960874411e-01 7.648408296408584217e-01 4.060938266743284453e-02 5.184445837484485953e-02
1.000000000000000000e+00 2.477398045714439279e-01 7.098888580834401552e-01 3.797069352468357417e-02 5.178327451352593425e-02
9.000000000000000000e+00 3.468436070778379010e-01 6.717229112910756417e-01 3.885072499994463024e-02 5.180073245275396143e-02
1.500000000000000000e+01 4.605359365174738207e-01 6.728825670653948432e-01 4.106931558960053019e-02 5.360365653580767553e-02
7.000000000000000000e+00 6.032420367449324861e-01 6.417777080985622717e-01 4.240787470399531855e-02 5.539798677261609239e-02
8.000000000000000000e+00 6.330384150592287540e-01 5.224128050571744675e-01 4.234452886877804190e-02 4.836108603007011064e-02
2.000000000000000000e+00 5.126941513542945250e-01 5.322150866129039537e-01 3.658673295842657103e-02 4.589297662788860421e-02
7.000000000000000000e+00 3.977206767195976544e-01 5.690495007060427657e-01 3.575215698437511636e-02 4.999024146105635058e-02
2.000000000000000000e+00 1.934200617435428982e-01 6.178591692953150361e-01 3.483974994998867425e-02 4.699379968750305725e-02
9.000000000000000000e+00 1.127242643823141571e-01 6.332957169777878592e-01 3.527979271229289560e-02 4.704006592892451266e-02
3.000000000000000000e+00 1.711170444233862664e-01 5.108136394329692020e-01 3.212974269327262267e-02 4.052871401635638193e-02
2.000000000000000000e+00 2.559387797966075628e-01 4.863441621187769570e-01 3.346311307031180071e-02 4.171820503047052320e-02
0.000000000000000000e+00 3.538775756432843700e-01 4.675512040087009824e-01 3.568805445829364986e-02 4.411707721856233944e-02
8.000000000000000000e+00 4.578410360533714529e-01 4.357947801582994218e-01 3.526019982384059892e-02 4.528070561991931475e-02
5.000000000000000000e+00 5.466065631376622047e-01 4.076862143293148444e-01 3.878046084825326201e-02 4.418612525993603768e-02
3.000000000000000000e+00 6.741086494877359669e-01 3.979282802631720628e-01 4.019633755418228205e-02 5.358633371994836470e-02
6.000000000000000000e+00 5.841076218823100241e-01 3.003380351458951880e-01 3.701045281779946627e-02 4.414620981684053147e-02
7.000000000000000000e+00 4.979039798180349141e-01 3.220389021983933731e-01 3.435535969809760948e-02 4.291777624788506440e-02
1.000000000000000000e+00 3.118795166040291278e-01 3.715217283855429264e-01 3.209039476832553639e-02 3.643071951699794475e-02
0.000000000000000000e+00 2.190267373281866714e-01 4.041849651628693918e-01 2.947808170713420162e-02 3.930414497574391541e-02
8.000000000000000000e+00 2.767546022968683239e-01 2.917150427899476428e-01 3.119252700840430270e-02 3.464663163153219871e-02
0.000000000000000000e+00 3.474077336295617324e-01 2.821221348939215723e-01 2.941849230156512451e-02 3.343725045755469027e-02
6.000000000000000000e+00 4.405365969722039865e-01 2.425118273895192356e-01 3.120374224800126495e-02 3.581715132468971108e-02
5.000000000000000000e+00 5.371609532257877184e-01 2.167386392777037596e-01 3.295545457434156944e-02 3.469903247388980705e-02
