2.000000000000000000e+00 7.030234472984180361e-01 2.724593255752486565e-01 4.237287130488265330e-02 5.058516192460632555e-02
1.100000000000000000e+01 7.895834196440901787e-01 6.861668768282638275e-01 3.862283206474148578e-02 5.249346415510558472e-02
1.200000000000000000e+01 7.507033767080573128e-01 6.328652823129645721e-01 3.080064459980957903e-02 4.500588898106661073e-02
6.000000000000000000e+00 7.977070932557753236e-02 6.097908176480042464e-01 3.638881870660357759e-02 5.541679669434884659e-02
2.000000000000000000e+00 1.312552310912886711e-01 7.585868601433584102e-01 4.094832794689305666e-02 5.559499857809302448e-02
8.000000000000000000e+00 1.848982402914726708e-01 8.706237181393154945e-01 4.334411027199822075e-02 5.975627751453249648e-02
1.000000000000000000e+00 2.420556460637763863e-01 7.020585492937545524e-01 4.103105815653643185e-02 5.864479312905446218e-02
6.000000000000000000e+00 3.180476304690401101e-01 8.860978099460559143e-01 4.644126853780039532e-02 6.192232647230488940e-02
3.000000000000000000e+00 1.690405649110530706e-01 6.036441327592315664e-01 3.938657568777134688e-02 5.349295464037573389e-02
8.000000000000000000e+00 1.276773058155422080e-01 4.636608968206020198e-01 3.549590402216948326e-02 5.028871448753247098e-02
6.000000000000000000e+00 2.282011789621982145e-01 4.261052963681703498e-01 3.856737097061932462e-02 5.045503823034547253e-02
1.500000000000000000e+01 2.806479343375520297e-01 5.591939859709040839e-01 3.785968383724702679e-02 5.343008087183775956e-02
7.000000000000000000e+00 3.594200288860193160e-01 6.828888969383617447e-01 3.945400423215500441e-02 5.654340412642600011e-02
5.000000000000000000e+00 4.174594089497941640e-01 6.745178440991246305e-01 4.254824505983373362e-02 5.870510669679007698e-02
5.000000000000000000e+00 3.964097951913869711e-01 5.340044382060012973e-01 4.253210984082450574e-02 5.768638493572675330e-02
5.000000000000000000e+00 3.463449494251635841e-01 4.157871959339680124e-01 4.086107273118072536e-02 5.152040923160716712e-02
5.000000000000000000e+00 2.677178039197884996e-01 3.112420511110209342e-01 3.777868027465633438e-02 5.037189124382734917e-02
9.000000000000000000e+00 3.040166881307704849e-01 1.390720153417368543e-01 3.928407834635283535e-02 4.941893091964850993e-02
7.000000000000000000e+00 3.799430004084800028e-01 2.804941734405358433e-01 3.854325745143571957e-02 5.041437271527782205e-02
3.000000000000000000e+00 4.629108175251094859e-01 3.696171002927639559e-01 4.315349439134108511e-02 5.060046358986602932e-02
1.500000000000000000e+01 4.388857294634467276e-01 1.162998925296508251e-01 3.697468791343372363e-02 4.831203107979289979e-02
7.000000000000000000e+00 4.994525635749796910e-01 2.203149120527692628e-01 3.926282272573905496e-02 4.841286131371230761e-02
0.000000000000000000e+00 5.406098158152433664e-01 4.701277556585341522e-01 3.942810452636513752e-02 5.553111263714494150e-02
8.000000000000000000e+00 6.120837156245928501e-01 7.676821521118517566e-01 4.410088776726395210e-02 5.979855059754568547e-02
2.000000000000000000e+00 6.159040115379108560e-01 6.218271849426957321e-01 3.959636330466831389e-02 6.165481525825133868e-02
3.000000000000000000e+00 5.421387022408112877e-01 3.551937625268912768e-01 3.782643099659510622e-02 5.240998970104310262e-02
9.000000000000000000e+00 6.214788190149351799e-01 2.272237478815145595e-01 4.009637647529418203e-02 5.148638237675925988e-02
0.000000000000000000e+00 5.610620990027640476e-01 2.899786457007411666e-01 3.702217070738167415e-02 5.034042458978160717e-02
1.000000000000000000e+00 5.466582009011220489e-01 7.009694593978126054e-02 3.470840411727738051e-02 4.925742988067222106e-02
1.000000000000000000e+00 6.576752951938289460e-01 4.547586618544608994e-01 4.259941930610100513e-02 6.074588443391504278e-02
