3.000000000000000000e+00 5.535936660024882716e-01 1.743142289339112971e-01 3.513473667578259629e-02 4.381951389151647613e-02
1.000000000000000000e+01 8.239651159232885824e-01 6.099511602088649731e-01 3.377531932352584310e-02 4.123745182209614946e-02
1.000000000000000000e+01 7.590104962911488062e-01 5.278051136986050551e-01 3.149751323509042411e-02 4.175038314568457753e-02
8.000000000000000000e+00 2.044140518310063603e-01 7.613994148717028176e-01 3.173260902120098037e-02 4.607823100586583287e-02
1.000000000000000000e+00 2.993291557108506140e-01 7.737452292269528797e-01 3.342726460114575637e-02 4.834599026583485948e-02
0.000000000000000000e+00 5.109658417350230186e-01 7.787616378337491874e-01 3.512832842843649495e-02 5.288335522992337889e-02
6.000000000000000000e+00 1.683528210722963214e-01 6.511429396918252399e-01 2.889997361911386675e-02 4.457853820534740663e-02
9.000000000000000000e+00 2.471153944446132789e-01 6.517969067642077619e-01 3.116311676870650582e-02 4.456941459895646940e-02
7.000000000000000000e+00 3.499544590893906015e-01 6.512912526028595828e-01 3.286418059599732766e-02 4.381954104510688008e-02
1.000000000000000000e+00 4.595964077870134945e-01 6.526602008653641374e-01 3.569779352734059330e-02 4.835598278712016640e-02
5.000000000000000000e+00 5.542134738580853925e-01 6.457388592741835076e-01 3.569779352734059330e-02 4.986485350121039328e-02
2.000000000000000000e+00 1.317337197978040719e-01 5.480668513560154054e-01 2.833048136661937833e-02 4.231072463819762763e-02
3.000000000000000000e+00 2.266288929422584086e-01 5.313269343798875388e-01 3.116314392229690977e-02 4.532835745201624356e-02
5.000000000000000000e+00 3.113415782825634248e-01 5.365006437361569125e-01 3.172527755177967368e-02 4.381954104510699111e-02
3.000000000000000000e+00 4.085158337342041923e-01 5.367566206333229673e-01 3.456527157687849794e-02 4.607823100586572185e-02
1.000000000000000000e+00 5.096541468179809353e-01 5.328546496857495818e-01 3.399583363156499782e-02 4.910585634096986674e-02
8.000000000000000000e+00 6.099432856676346715e-01 5.251671152328589720e-01 3.966210911858580879e-02 4.759703993406050326e-02
2.000000000000000000e+00 1.749867147549801771e-01 4.225991520351281561e-01 2.889991931193297559e-02 4.230980141612228351e-02
2.000000000000000000e+00 2.682011756881855780e-01 4.304097601367303794e-01 3.286420774958775937e-02 4.457851105175703044e-02
1.500000000000000000e+01 3.563096347429069999e-01 4.253855177190895009e-01 3.342634137907046776e-02 4.532835745201613253e-02
1.500000000000000000e+01 4.540369409480251583e-01 4.294374307931243528e-01 3.288606638989954867e-02 4.310795405379086453e-02
7.000000000000000000e+00 5.523525296902287440e-01 4.190946824981428565e-01 3.456527157687860896e-02 4.835603709430108532e-02
0.000000000000000000e+00 6.560434024674026698e-01 4.197168255625187139e-01 3.682944656290831897e-02 4.684722068739177736e-02
7.000000000000000000e+00 2.245007302907895963e-01 3.284761455422822718e-01 2.946208009500608793e-02 4.305967496997187283e-02
6.000000000000000000e+00 3.148619734003472170e-01 3.140061329597689799e-01 3.003151804031978234e-02 4.306966749125723526e-02
0.000000000000000000e+00 5.075068408852452251e-01 3.020533396726828856e-01 3.229471549709328482e-02 4.683717385892544049e-02
6.000000000000000000e+00 6.097635832060407379e-01 2.784997315147107466e-01 3.853045608301819414e-02 4.835600994071059811e-02
9.000000000000000000e+00 2.850354106607392857e-01 2.022320028792907731e-01 3.060098313922376967e-02 4.306969464484775023e-02
5.000000000000000000e+00 3.538717853923631917e-01 1.934556909101521338e-01 3.116314392229690977e-02 4.230070496332175023e-02
8.000000000000000000e+00 4.652070727207939793e-01 1.789589320410461815e-01 3.286420774958775937e-02 4.532838460560661975e-02
