0.000000000000000000e+00 2.156075656042240607e-01 3.414590548245434731e-01 3.835229811274445955e-02 4.749516702352118980e-02
1.100000000000000000e+01 8.206438320296393085e-01 6.191283970028893524e-01 2.592529499763451817e-02 3.999305956132492845e-02
1.200000000000000000e+01 8.171442649835956029e-01 8.695208553304016874e-01 2.853339738380711310e-02 3.322318636938292880e-02
1.500000000000000000e+01 6.081379095719670058e-01 7.945923040693827488e-01 4.301048434674725751e-02 5.554072311699642661e-02
8.000000000000000000e+00 3.774932688539330838e-01 8.495156607577585284e-01 3.915741159226054924e-02 5.221053494980709697e-02
0.000000000000000000e+00 1.882509775367465776e-01 7.493244930419532546e-01 3.805437170354708520e-02 5.387500588055393891e-02
1.000000000000000000e+00 3.043245012354480195e-01 7.139364440049418281e-01 3.921034991038885309e-02 5.123811976759629072e-02
9.000000000000000000e+00 4.393287407902755071e-01 7.075825698499058625e-01 3.804490571504770546e-02 5.333660181994859251e-02
7.000000000000000000e+00 5.257498923079167996e-01 6.786238558104191743e-01 3.644690442141285125e-02 5.275386488530542373e-02
5.000000000000000000e+00 6.447314626302574903e-01 6.415636502908699246e-01 4.044843592343072558e-02 5.341393212098133336e-02
5.000000000000000000e+00 6.746558261924633371e-01 4.944590435720518928e-01 3.879767435533820752e-02 5.016249860419141893e-02
7.000000000000000000e+00 5.627742813756830831e-01 5.155111349292051948e-01 3.917696672210713160e-02 4.911067594478824017e-02
6.000000000000000000e+00 4.680064870802119747e-01 5.604470725541981224e-01 3.638295706963784459e-02 4.956344099972176398e-02
0.000000000000000000e+00 3.274407567274000841e-01 5.810145587132833356e-01 3.682400091624138394e-02 5.169794722147302846e-02
2.000000000000000000e+00 2.458531347855889282e-01 5.940324887718949620e-01 3.713712038535005311e-02 5.053882357644656764e-02
6.000000000000000000e+00 1.070361196937737736e-01 6.176198033059587811e-01 3.663382060184444677e-02 4.763297282474743266e-02
9.000000000000000000e+00 7.091024396459892909e-01 3.493740010484885916e-01 3.879820848635084918e-02 5.068846928178333267e-02
6.000000000000000000e+00 6.258695458159366787e-01 3.810100022772398010e-01 3.640001958809291338e-02 5.009229004999221635e-02
1.000000000000000000e+00 5.024084857572213014e-01 3.983268116051363328e-01 3.687088574956126630e-02 4.770160865985439980e-02
2.000000000000000000e+00 3.904331564368286323e-01 4.271936996213899773e-01 3.771834394879114427e-02 4.884236413283976619e-02
3.000000000000000000e+00 2.906135806990287618e-01 4.659892077787330944e-01 3.690690991896028450e-02 4.994362358484494280e-02
1.000000000000000000e+00 1.769973118863847894e-01 4.750749395081443893e-01 3.744694604654816295e-02 4.950186756355795525e-02
3.000000000000000000e+00 6.794940442516255175e-01 2.332853436377661238e-01 3.829559120358339008e-02 5.015647479332824288e-02
8.000000000000000000e+00 5.509420331429977225e-01 2.842197654138355345e-01 3.878657629985626798e-02 4.945335066325540208e-02
8.000000000000000000e+00 4.036273645665394150e-01 2.917071397622702511e-01 3.642411483154583962e-02 4.886369969939485802e-02
7.000000000000000000e+00 3.209733945691793933e-01 3.275640074585356443e-01 3.763424798826658924e-02 5.199447895524877961e-02
3.000000000000000000e+00 5.818537082078740763e-01 1.303092019857863548e-01 3.743647114391401853e-02 4.883352129718830648e-02
2.000000000000000000e+00 4.773244322673099171e-01 1.618426055492188653e-01 3.678503902627366928e-02 4.948308395628489564e-02
5.000000000000000000e+00 3.628199332548149858e-01 1.774217531606829823e-01 3.523745376543024888e-02 4.698329146987040295e-02
1.500000000000000000e+01 2.475301577951294352e-01 1.898013966593508073e-01 3.711272840244561610e-02 4.858040254515114120e-02
