1.600000000000000000e+01 4.681920604867783053e-01 7.847563313407260877e-01 3.571879433860497555e-02 3.122454435510979565e-02
2.000000000000000000e+00 8.695387162098557887e-01 2.734387501471753357e-01 4.477495775193962579e-02 3.443962612280038194e-02
1.000000000000000000e+01 1.882820657571323275e-01 7.198914786227426088e-01 4.869730150720547046e-02 2.839012720642075660e-02
9.000000000000000000e+00 6.077684138986595430e-01 6.698498568526340957e-01 4.768194567883199397e-02 3.842233005993733741e-02
5.000000000000000000e+00 4.739187147001235889e-01 6.129192071516300633e-01 5.373695812688894513e-02 4.030247322857372083e-02
9.000000000000000000e+00 3.579171258076134787e-01 5.357280316691639399e-01 5.172668406400371399e-02 3.817072826883860515e-02
3.000000000000000000e+00 2.497640492578198645e-01 4.779865752783505339e-01 5.587571768451723986e-02 3.747238607858421888e-02
1.000000000000000000e+00 3.871525120601625458e-01 4.232517689511631209e-01 4.579640444515026276e-02 3.434754148379109973e-02
5.000000000000000000e+00 4.855379919769657882e-01 4.940673100152038200e-01 4.686348932465356221e-02 3.736191337843119964e-02
1.500000000000000000e+01 6.037520803049565288e-01 5.567582580194481157e-01 4.783413069979025600e-02 3.586832362702752075e-02
5.000000000000000000e+00 7.138337527088338685e-01 6.129126544202647686e-01 5.081952046980175997e-02 3.515352744171496013e-02
3.000000000000000000e+00 8.437068677017283136e-01 5.601537275329596666e-01 4.890219704566567405e-02 3.889135551906641730e-02
0.000000000000000000e+00 7.344287564565030735e-01 5.036025877846372900e-01 4.582206690410928207e-02 3.559899770791896678e-02
1.000000000000000000e+00 6.270837298306800589e-01 4.505324494574705074e-01 4.749142573605436013e-02 3.561833836877675852e-02
7.000000000000000000e+00 5.082436102907164077e-01 3.800526853592466336e-01 4.986256189055537913e-02 3.739669770131703874e-02
6.000000000000000000e+00 3.931193801680268329e-01 3.264968510779575617e-01 5.188498881645714489e-02 3.817254686829246735e-02
7.000000000000000000e+00 2.841238302046015796e-01 2.608309341672385706e-01 5.392392747073315729e-02 3.970193127561186253e-02
8.000000000000000000e+00 8.459320829000562814e-01 4.674614453728835883e-01 5.071444583469386647e-02 3.773461079982559641e-02
2.000000000000000000e+00 6.369284726071664515e-01 3.494788243420388629e-01 4.654078895490931789e-02 3.576376859176377820e-02
6.000000000000000000e+00 5.150849938025884311e-01 2.815986038297144667e-01 4.732856005163726953e-02 3.446924331390488483e-02
0.000000000000000000e+00 3.995783670614175831e-01 2.186143850135533195e-01 4.736080410861948087e-02 3.603450897711407697e-02
8.000000000000000000e+00 8.570326407660280310e-01 3.628887870143859273e-01 4.452578076011259878e-02 3.391511894700161012e-02
8.000000000000000000e+00 7.458066074391903610e-01 3.061881035443120291e-01 4.524242441153680794e-02 3.444508192116169099e-02
2.000000000000000000e+00 6.458194032701282117e-01 2.313126690996514800e-01 4.664390065727319623e-02 3.498292549295498044e-02
1.000000000000000000e+00 5.216069821770569215e-01 1.883509416031122763e-01 4.595929899622525072e-02 3.549663653866297341e-02
7.000000000000000000e+00 4.206873272213875747e-01 1.254069051748824548e-01 4.804635836938148108e-02 3.552082679806412013e-02
0.000000000000000000e+00 2.972789002868383990e-01 1.533437103841241989e-01 4.950291219857538838e-02 3.391734167966733993e-02
6.000000000000000000e+00 5.391012161227020094e-01 9.180553793364619464e-02 4.825281270737336037e-02 3.448024151060161135e-02
1.500000000000000000e+01 6.494980258319286159e-01 1.431690217067363435e-01 4.884694626226004921e-02 3.535842298017508045e-02
3.000000000000000000e+00 7.606457150489636110e-01 2.148641009732762397e-01 4.474816949331861249e-02 3.313569031443466817e-02
