9.000000000000000000e+00 8.904289780920414676e-01 2.983179259242240144e-01 4.782315057396324676e-02 3.383073640416212058e-02
7.000000000000000000e+00 5.570577399053218137e-01 8.633173934600167632e-02 4.771756196821486107e-02 3.382100369237825421e-02
5.000000000000000000e+00 6.832142251730989324e-01 1.774457938852905259e-01 4.675458935694720708e-02 3.506548933344136310e-02
0.000000000000000000e+00 7.837000889627923073e-01 2.312700524961697202e-01 4.730544952680781901e-02 3.466081788970643007e-02
3.000000000000000000e+00 4.081166934238161792e-01 1.409630774230056782e-01 5.048595261539212675e-02 3.590547328737034305e-02
8.000000000000000000e+00 5.310636189314914546e-01 1.871710080859638192e-01 5.158003390807419652e-02 3.528430559197773264e-02
6.000000000000000000e+00 6.583894442516746714e-01 2.743570221983028801e-01 4.851796434137167768e-02 3.468158478054761407e-02
1.000000000000000000e+00 7.674035967419918780e-01 3.369569614628241672e-01 5.237477772786813812e-02 3.519557947525026043e-02
8.000000000000000000e+00 8.873360128239784483e-01 3.876476263924960586e-01 4.964248865114506692e-02 3.723189478112559625e-02
9.000000000000000000e+00 3.044259947660787891e-01 1.425404557583975773e-01 5.031115990201773247e-02 3.228365962202758843e-02
7.000000000000000000e+00 3.907746702981860221e-01 2.375445393924220938e-01 5.070657961100460964e-02 3.613328664575343740e-02
1.500000000000000000e+01 5.295009245420758681e-01 3.115394470766549295e-01 4.926268654943932734e-02 3.584206919694110649e-02
6.000000000000000000e+00 6.287636354368836278e-01 3.718244297213370575e-01 5.042489682460837841e-02 3.554408977686018822e-02
2.000000000000000000e+00 8.622640379989039427e-01 5.175077763000076603e-01 4.851903946651059396e-02 3.720705373186317111e-02
8.000000000000000000e+00 2.454464262357928805e-01 2.667520820890243449e-01 5.326099206277060127e-02 3.653733564861855188e-02
7.000000000000000000e+00 3.760253397378205964e-01 3.467960823426889383e-01 5.101480101267197309e-02 3.893865593915613044e-02
5.000000000000000000e+00 5.190428286562464022e-01 4.149749449777335730e-01 5.082243849110623657e-02 3.614327399243877359e-02
1.500000000000000000e+01 6.193260172108705497e-01 4.916900182881098758e-01 5.008300703043278013e-02 3.698951064783351228e-02
5.000000000000000000e+00 7.295679909025977183e-01 5.687655697404583321e-01 5.442990772367450880e-02 3.854776307285934234e-02
3.000000000000000000e+00 8.681282231908253877e-01 6.445709457194768177e-01 4.793666115441941322e-02 3.938126798318808408e-02
2.000000000000000000e+00 3.407096574674465805e-01 4.735964826903767966e-01 5.246548433827258329e-02 3.821628501687124313e-02
1.000000000000000000e+00 4.898191449361771199e-01 5.278601704090214453e-01 5.162521745667547624e-02 3.760708516184085859e-02
1.000000000000000000e+00 5.992654552931886425e-01 5.960191998145297765e-01 5.288223679343684314e-02 3.910320667094402403e-02
2.000000000000000000e+00 7.296012631963704198e-01 6.797379495002453531e-01 5.009805878237771903e-02 3.927375546929645633e-02
3.000000000000000000e+00 2.026380695548566369e-01 5.135512167641098635e-01 5.445237218052456640e-02 3.942585738368642456e-02
0.000000000000000000e+00 2.923570926408672332e-01 5.834269946743337876e-01 5.417051963752750332e-02 4.204780466983637499e-02
6.000000000000000000e+00 4.235062044188728780e-01 6.780011414238588108e-01 5.305663340807598161e-02 4.319439733772445500e-02
0.000000000000000000e+00 5.692774990631834786e-01 7.142065180394533419e-01 5.374471349698273226e-02 4.194493216970207605e-02
1.200000000000000000e+01 2.743306957787828848e-01 7.083308176914386856e-01 3.798547262520585166e-02 2.593445152862061676e-02
1.600000000000000000e+01 3.843722293640190468e-01 8.417372961624343120e-01 3.612140368369176624e-02 2.822475100218158062e-02
