5.000000000000000000e+00 5.480519323176091806e-01 4.843920744633106734e-01 3.991194461115665781e-02 5.201221389382099103e-02
3.000000000000000000e+00 1.722254527589198725e-01 7.373047811075681413e-01 3.895775178980753761e-02 4.544542286082020599e-02
2.000000000000000000e+00 1.712433344323003870e-01 6.099668260783592810e-01 3.260922462679674561e-02 4.421051031405209830e-02
2.000000000000000000e+00 2.028094219144303545e-01 4.622440536265164379e-01 3.267839586845097677e-02 4.067777499418573361e-02
8.000000000000000000e+00 2.002807888295876915e-01 3.320041812349401322e-01 3.283331955231577615e-02 4.160607350733269705e-02
3.000000000000000000e+00 2.369412705529820307e-01 8.215045873333721715e-01 3.523897539969889081e-02 4.771621827701155727e-02
8.000000000000000000e+00 2.716803365735742659e-01 6.691333582115608358e-01 3.675656978061841995e-02 4.467213093754074382e-02
6.000000000000000000e+00 2.707112344893914946e-01 5.190464658197284642e-01 3.313714241717657938e-02 4.708248479174825807e-02
3.000000000000000000e+00 2.818163139323310862e-01 3.994889904335763298e-01 3.371049269708076279e-02 4.278176353278040356e-02
7.000000000000000000e+00 2.865536043842803471e-01 2.476690585949291590e-01 3.283989676186976903e-02 4.161527607364148840e-02
1.500000000000000000e+01 3.299012842920487909e-01 9.257762960919777573e-01 3.682004814341488519e-02 5.271058642591985866e-02
0.000000000000000000e+00 3.295230118366900274e-01 7.545270385127559321e-01 3.649151928972516057e-02 4.722021929770292559e-02
9.000000000000000000e+00 3.805922114018702729e-01 3.200615438988981820e-01 3.436124954824870681e-02 4.653964392086767932e-02
9.000000000000000000e+00 3.704764769254592638e-01 2.051266723275138593e-01 3.523764890365432834e-02 4.770870146609282325e-02
1.000000000000000000e+00 4.165069121772416172e-01 8.565327604033314834e-01 3.725707331941163769e-02 5.269610551076742144e-02
0.000000000000000000e+00 4.203859873237286715e-01 7.019070683478765282e-01 3.535291588285521813e-02 4.834613808614729447e-02
7.000000000000000000e+00 4.442623910535150045e-01 5.576247015641355720e-01 3.626488191345422774e-02 4.716854122263558491e-02
5.000000000000000000e+00 4.627704791088461667e-01 3.941021314498321937e-01 3.599612828777010165e-02 4.558440095681665083e-02
8.000000000000000000e+00 4.701192119247499246e-01 2.177518886021249656e-01 3.466344192838805016e-02 4.441199953614602403e-02
5.000000000000000000e+00 4.811157812277153112e-01 8.829779930491389595e-02 3.793380738478469016e-02 4.696127621568130239e-02
1.500000000000000000e+01 5.342387144761373552e-01 7.769843125575932596e-01 4.256952416565917829e-02 5.434167912464760164e-02
6.000000000000000000e+00 4.967356037758037801e-01 6.269043566346603757e-01 3.637616940452159664e-02 5.091915351781239885e-02
0.000000000000000000e+00 5.365879389709603542e-01 3.456393998884396135e-01 3.872754945541689864e-02 5.163040411567682009e-02
1.000000000000000000e+00 5.613572956213743748e-01 1.580255198674726524e-01 3.720191319222754256e-02 4.597991786075403264e-02
6.000000000000000000e+00 6.329398860018358164e-01 7.245582318978859293e-01 4.294221428349731529e-02 5.668333153788318590e-02
2.000000000000000000e+00 6.862094523338444496e-01 5.461380196080587446e-01 4.149251991885594126e-02 5.772833406761257447e-02
1.000000000000000000e+00 6.510662886380270686e-01 3.880450188865992578e-01 3.832003881641043996e-02 4.928140070352793334e-02
7.000000000000000000e+00 6.624259309625080139e-01 2.372469864382396598e-01 4.316622630301358843e-02 5.454714783487502050e-02
1.600000000000000000e+01 7.882341044283883713e-01 5.922558654221072860e-01 3.201232904210260521e-02 4.207855481718580926e-02
1.200000000000000000e+01 7.910151033856986924e-01 5.179224262340138552e-01 3.453156611329666337e-02 4.003370589390869982e-02
