7.000000000000000000e+00 3.499316078667231711e-01 2.285741106290554714e-01 5.135917305068615768e-02 3.804424374995907243e-02
8.000000000000000000e+00 7.460151077181217394e-01 6.825371926942127576e-01 4.367271973565012289e-02 3.416486221616021890e-02
2.000000000000000000e+00 8.028534520741510416e-01 5.852904256564043228e-01 4.642003874983691158e-02 3.293311271526500050e-02
3.000000000000000000e+00 8.539702943147302605e-01 5.016970777173210827e-01 4.684294637371777537e-02 3.419088469541925468e-02
2.000000000000000000e+00 8.980305852924475030e-01 4.072316113260509018e-01 4.440055888438476650e-02 3.612055596108548761e-02
1.500000000000000000e+01 6.296047886062368093e-01 7.079619169769206799e-01 4.513195425045879450e-02 3.384892335192335455e-02
1.500000000000000000e+01 6.777824736639480596e-01 5.933447498984067980e-01 4.685141355785860107e-02 3.419257813224740872e-02
9.000000000000000000e+00 7.741295741628596572e-01 4.180017707692103568e-01 4.332821823691190843e-02 3.531580655640598199e-02
2.000000000000000000e+00 8.372542100404712917e-01 3.353964726594794166e-01 4.153334454276569332e-02 3.255993568623705148e-02
6.000000000000000000e+00 4.915879372280527737e-01 7.137508743260250199e-01 5.158202933726940831e-02 3.868221785101388921e-02
7.000000000000000000e+00 5.566261849454106070e-01 6.142246848696450989e-01 4.927669733522732631e-02 3.884303790179299831e-02
8.000000000000000000e+00 5.999738494818990242e-01 5.366982437110585646e-01 5.050833394033404922e-02 3.788139157498626730e-02
6.000000000000000000e+00 6.639474052414575667e-01 4.272497280715012447e-01 4.835761272070127070e-02 3.626850589197072594e-02
6.000000000000000000e+00 7.156899723900347343e-01 3.330207924692015764e-01 4.662804924022678765e-02 3.356106731508662344e-02
5.000000000000000000e+00 7.655728354378948941e-01 2.344590011744741020e-01 4.666355496572349715e-02 3.593879374153177708e-02
5.000000000000000000e+00 3.938487046486475185e-01 6.385666820923341369e-01 5.436098739619532605e-02 3.983409358151512869e-02
3.000000000000000000e+00 4.541866067698973608e-01 5.308925213373555385e-01 4.904633347870590576e-02 3.819648372080886034e-02
8.000000000000000000e+00 5.265573795052097550e-01 4.400743509625874017e-01 4.943322734604183033e-02 3.707463827005996748e-02
1.000000000000000000e+00 5.880482157549784539e-01 3.360078456903588529e-01 5.114348564667525743e-02 3.741623270224303521e-02
1.000000000000000000e+00 6.541873667543103288e-01 2.436986041884129373e-01 5.001768884332735698e-02 4.080282411905300499e-02
3.000000000000000000e+00 6.977497308566599221e-01 1.490788515901254885e-01 4.560696328075231065e-02 3.518589172774044815e-02
5.000000000000000000e+00 5.631034679172599589e-01 1.384669014826350741e-01 5.221831000149612656e-02 3.822290133532785239e-02
9.000000000000000000e+00 5.119573009956067677e-01 2.415269408000053908e-01 4.904633347870596127e-02 3.819651194475598421e-02
0.000000000000000000e+00 4.245160412237810044e-01 3.279088570520141133e-01 5.522828106772759149e-02 4.000896915796775533e-02
5.000000000000000000e+00 3.754994698973296297e-01 4.331482366714128895e-01 5.180068025572948098e-02 3.932558272597158622e-02
1.000000000000000000e+00 3.015260991077328701e-01 5.536956360664189170e-01 5.460283839920093696e-02 3.813286694396500476e-02
1.300000000000000000e+01 2.573818277753134320e-01 6.897901826291390481e-01 3.656059552087784215e-02 2.507200961535338557e-02
1.100000000000000000e+01 2.168665633416523297e-01 6.298221412231286287e-01 3.997504397351070438e-02 2.810506787034183773e-02
0.000000000000000000e+00 2.016258153440430023e-01 4.428070499721579734e-01 5.976389759637801280e-02 4.153763458273029840e-02
0.000000000000000000e+00 4.143634499678973127e-01 1.378698521049269710e-01 5.244768601986776746e-02 3.652037639620954457e-02
