3.000000000000000000e+00 8.752532611671479668e-01 3.939236888513267254e-01 5.370424544431184888e-02 4.101931767187461109e-02
8.000000000000000000e+00 8.233650549047789591e-01 2.901276707662315824e-01 4.629725027237485691e-02 3.620804081501649563e-02
7.000000000000000000e+00 8.011301791026634866e-01 1.864158770109063945e-01 4.461652562951623491e-02 3.309516977795889936e-02
2.000000000000000000e+00 6.781040290550581773e-01 1.548828290874322833e-01 4.779867446951813204e-02 3.540416943323324017e-02
2.000000000000000000e+00 6.882742651825267677e-01 2.604947995401807881e-01 4.911802016368493895e-02 3.728262808925741911e-02
1.000000000000000000e+00 7.114107941943906832e-01 3.608721577228414801e-01 5.030668141420258088e-02 3.639414171340182858e-02
5.000000000000000000e+00 7.712859729581074131e-01 4.706891519114446143e-01 5.043678709592247511e-02 3.916383586444605047e-02
9.000000000000000000e+00 8.004505389690171890e-01 5.653568066252547819e-01 4.977734575361081326e-02 3.822271109111519127e-02
6.000000000000000000e+00 5.223841674417936121e-01 1.004732030726658565e-01 4.724173186489594167e-02 3.431473691550424032e-02
3.000000000000000000e+00 5.524768650207201315e-01 2.371356352831407166e-01 4.787692308236746186e-02 3.702458708305261803e-02
0.000000000000000000e+00 6.155086113471610609e-01 3.364600229496220729e-01 5.129219722751510169e-02 3.590164424961378442e-02
7.000000000000000000e+00 6.271407711700941467e-01 4.577836290296322108e-01 4.954902417247852853e-02 3.651947260920457294e-02
6.000000000000000000e+00 6.713498773394381836e-01 5.356466706816347401e-01 5.240596668437369487e-02 4.058434914386488401e-02
0.000000000000000000e+00 6.975034633509542559e-01 6.664878141232787323e-01 5.068883791615819145e-02 4.187643515115868631e-02
3.000000000000000000e+00 5.453730832235743620e-01 6.370082858704115836e-01 5.735276064699124099e-02 4.248482969130107367e-02
8.000000000000000000e+00 5.140126655145798029e-01 5.208491461146511625e-01 5.132292948596423043e-02 3.955201149046716491e-02
1.500000000000000000e+01 4.973441917276054669e-01 3.964971103630769989e-01 5.200161466242692043e-02 3.846521233951677443e-02
8.000000000000000000e+00 4.423867675467008098e-01 2.965012431061532228e-01 5.135036280141563880e-02 4.011778021451201104e-02
2.000000000000000000e+00 4.006209048621459656e-01 1.745069387643055359e-01 5.202803514450216049e-02 3.902166299649895143e-02
6.000000000000000000e+00 3.820186283096524971e-01 7.202922460190439025e-02 4.886417518146812800e-02 3.451238411438037335e-02
5.000000000000000000e+00 2.536429528108850029e-01 1.411192337691520859e-01 5.277388564286716877e-02 3.646203048771565203e-02
0.000000000000000000e+00 2.966511279768090370e-01 2.634318716411955252e-01 5.316252427843176642e-02 3.794849368898492448e-02
7.000000000000000000e+00 3.413892225495871457e-01 3.864092754653006834e-01 5.308363902746010554e-02 3.595381963754545884e-02
5.000000000000000000e+00 3.619930314823829320e-01 4.763457973804209322e-01 5.150848056051654522e-02 4.056200893339151348e-02
9.000000000000000000e+00 4.215984203727288770e-01 5.933778548161372512e-01 5.423757456221617312e-02 4.196475422157908142e-02
1.500000000000000000e+01 1.282091386680977441e-01 2.117903192440710736e-01 5.224209024407563962e-02 3.725811752154900569e-02
1.000000000000000000e+00 1.773194323600257305e-01 3.260919370566019992e-01 5.580662709080499995e-02 3.736029794017731165e-02
1.000000000000000000e+00 2.491698031422066584e-01 5.762745716606838542e-01 5.778356208910959135e-02 4.205862940652116411e-02
1.100000000000000000e+01 2.275721586933638074e-01 7.111646756839306027e-01 4.119824192233595417e-02 2.833195909933405865e-02
1.100000000000000000e+01 5.634075653852701482e-01 8.738002504053957731e-01 3.605090695119539390e-02 3.152753521609708010e-02
