3.000000000000000000e+00 2.069016842978886606e-01 5.253923888226426087e-01 3.764346888673480995e-02 4.734591944785226936e-02
1.000000000000000000e+01 7.828448779919058298e-01 5.225785065178523148e-01 2.911635013283198070e-02 4.355330131118806403e-02
1.300000000000000000e+01 8.471148663321106387e-01 8.139393827917671409e-01 3.196082716585202377e-02 3.976965476295957203e-02
7.000000000000000000e+00 6.971834263559081313e-01 3.787059777559841356e-01 4.260687931430973130e-02 4.829406055149693122e-02
2.000000000000000000e+00 6.583457154875302919e-01 5.029641967026596827e-01 3.976965476295957203e-02 4.924225537722781709e-02
5.000000000000000000e+00 5.877125877574604917e-01 6.757709577243159460e-01 4.474115036454417993e-02 5.680954847368457905e-02
8.000000000000000000e+00 5.589326990520253613e-01 7.707440048815101807e-01 4.048077402121463830e-02 5.397404302910069340e-02
7.000000000000000000e+00 6.273046373026374134e-01 2.674194400799130844e-01 3.976960104087312597e-02 4.261413179597950407e-02
1.500000000000000000e+01 5.862410323655953270e-01 4.153398474721828881e-01 3.550922469754358435e-02 5.112956599608076136e-02
1.000000000000000000e+00 5.307843403337786370e-01 5.219627305325132971e-01 3.622034395579853960e-02 4.734589258680926838e-02
6.000000000000000000e+00 4.093064542489093238e-01 8.014244467001068184e-01 3.977685352254300977e-02 6.061210519634119276e-02
3.000000000000000000e+00 3.081379746252057572e-01 7.912531097685087111e-01 4.190303939876771633e-02 5.493212271873726404e-02
1.500000000000000000e+01 2.005831342397720318e-01 7.791401491886631447e-01 3.550925155858672411e-02 5.871571554487908795e-02
7.000000000000000000e+00 1.634225194659930103e-01 6.562511450591776985e-01 3.976968162400276730e-02 5.207770709972536771e-02
5.000000000000000000e+00 5.682968884958502498e-01 1.726899957236976979e-01 3.835456128394665321e-02 4.734591944785240814e-02
2.000000000000000000e+00 5.333736374561911520e-01 2.955576050322570314e-01 3.906568054220160846e-02 5.302587506441297505e-02
3.000000000000000000e+00 4.678529720825341798e-01 1.773017145123689797e-01 3.835461500603304374e-02 5.019039648087234018e-02
1.000000000000000000e+00 4.821426710219479661e-01 4.297659064975122845e-01 4.048797278079807604e-02 4.924222851618464958e-02
0.000000000000000000e+00 4.352399722177774932e-01 2.537764744781516035e-01 3.480527733782878830e-02 4.451046772535496854e-02
0.000000000000000000e+00 3.683526706870797751e-01 1.950729807079382705e-01 3.267191956306375600e-02 4.734591944785238038e-02
6.000000000000000000e+00 4.172637965539903737e-01 4.922893629463899190e-01 3.764349574777803298e-02 4.639775148316466202e-02
0.000000000000000000e+00 3.767398568363183875e-01 4.110440951349301208e-01 4.261413179597955958e-02 5.870583068097356971e-02
8.000000000000000000e+00 3.402118330609352759e-01 3.075657806824941276e-01 3.976962790191634900e-02 5.302587506441303056e-02
1.000000000000000000e+00 2.823835795230623669e-01 2.030003057972189495e-01 3.835458814498987623e-02 4.734594630889560340e-02
2.000000000000000000e+00 2.329823604920477076e-01 3.039851364684147961e-01 3.409421180166022358e-02 4.356227289962399940e-02
8.000000000000000000e+00 2.784020476694186730e-01 4.037324923089020690e-01 3.480533105991517884e-02 4.734591944785238038e-02
5.000000000000000000e+00 3.116721089429465019e-01 5.228107336670267946e-01 3.977682666149978674e-02 4.829408741254020976e-02
9.000000000000000000e+00 3.679854667957156433e-01 6.519924072394847059e-01 3.977685352254295426e-02 5.397404302910069340e-02
6.000000000000000000e+00 2.690315861720015134e-01 6.228943763381298293e-01 3.762184574694121819e-02 5.397404302910069340e-02
9.000000000000000000e+00 1.365804938627541154e-01 5.282233010288355235e-01 3.622123037022481618e-02 5.019130975634200631e-02
