1.000000000000000000e+00 3.049956387947145298e-01 1.028674840342435476e-01 3.527129782129312385e-02 4.394166210796313088e-02
1.300000000000000000e+01 7.983615046395362569e-01 6.336661066475488546e-01 3.804295876572583168e-02 3.869802092389462711e-02
1.000000000000000000e+01 7.051276163435804545e-01 6.902357631732732868e-01 2.958397852330396649e-02 3.020006795323659787e-02
5.000000000000000000e+00 5.547142995890105288e-01 8.038384483200349262e-01 4.404422504117633252e-02 5.984751804307530954e-02
3.000000000000000000e+00 2.792008089848852515e-01 7.902328434795891088e-01 4.068729100215229266e-02 5.979988470856378857e-02
2.000000000000000000e+00 1.654179417041529154e-01 7.510406934442619420e-01 3.727186821116271198e-02 5.080827718024161221e-02
1.500000000000000000e+01 6.323566941618634640e-01 6.313900874546856112e-01 4.569757037056942917e-02 5.538938198428755566e-02
2.000000000000000000e+00 5.219145371131953537e-01 6.232392705656724097e-01 4.319720588365627556e-02 5.758680320924558504e-02
8.000000000000000000e+00 3.684291965383540424e-01 6.284234145710173580e-01 4.150138799198405115e-02 5.644704369579289782e-02
2.000000000000000000e+00 2.287630544891915141e-01 6.075933811168572340e-01 3.939878854189071689e-02 5.175637629044860244e-02
7.000000000000000000e+00 1.169606187227788113e-01 5.996672357776098305e-01 3.708783032782306255e-02 5.406537697022117950e-02
6.000000000000000000e+00 7.977262789019540223e-02 4.657602782627509597e-01 3.645999569212073077e-02 4.783831207980449030e-02
1.500000000000000000e+01 2.259384066505468747e-01 4.580568765985850721e-01 3.823924606821424432e-02 5.253526732258101406e-02
3.000000000000000000e+00 2.988633660195521013e-01 4.711178568406709788e-01 3.591461477369223276e-02 5.250978971713571308e-02
9.000000000000000000e+00 4.259993903657027792e-01 4.945092052813838679e-01 3.941631737171391592e-02 5.331902253084047638e-02
0.000000000000000000e+00 5.519135129070373846e-01 4.681322462956791775e-01 3.940196212021740418e-02 5.098596790692783154e-02
3.000000000000000000e+00 7.060990872268850804e-01 4.933301467839785737e-01 4.759376859098340962e-02 5.653359043931988070e-02
8.000000000000000000e+00 7.261744615507159661e-01 3.591800842714091280e-01 4.407655401665422357e-02 5.260713255889559736e-02
6.000000000000000000e+00 6.240180132997521500e-01 3.586104269617617080e-01 4.170657317763171168e-02 4.713591318322934987e-02
6.000000000000000000e+00 5.021485866762203099e-01 3.610816657111343142e-01 4.056571625858912400e-02 5.100127226596140595e-02
1.000000000000000000e+00 2.938078854046870525e-01 3.373695337527325422e-01 3.530623684249767358e-02 4.938811570883672175e-02
0.000000000000000000e+00 1.722352031845093001e-01 3.481504462651179299e-01 3.704538742515439687e-02 4.785512907897510049e-02
5.000000000000000000e+00 2.213558930150009152e-01 2.168493524718279053e-01 3.292362100938914238e-02 4.081094191845255348e-02
9.000000000000000000e+00 3.410212398310106252e-01 2.121341120791594981e-01 3.878210591974773358e-02 4.554755206050789540e-02
1.000000000000000000e+00 4.526355298580252429e-01 2.335821331783260457e-01 3.821967072526427645e-02 4.940964858608168364e-02
8.000000000000000000e+00 5.704931530718325705e-01 2.294273556160406902e-01 3.822145030189627590e-02 5.098249773249580175e-02
0.000000000000000000e+00 6.851369498674235725e-01 2.288107619727293152e-01 4.058490602660214108e-02 5.411354417772229475e-02
7.000000000000000000e+00 6.175498750949464100e-01 1.021991788599728168e-01 3.995066491502541339e-02 4.633344276072542955e-02
5.000000000000000000e+00 5.147396697086767947e-01 9.406081900738225143e-02 3.879649083085484618e-02 4.787811527713596582e-02
7.000000000000000000e+00 3.884062492532774913e-01 9.282374631177994773e-02 3.410653525616336168e-02 4.392632808931902499e-02
