6.000000000000000000e+00 5.543871849631152315e-01 1.211077812321431080e-01 5.122387722588939152e-02 3.756209629460170729e-02
1.000000000000000000e+01 3.920649363066611715e-01 7.794065755579098198e-01 3.630201542504357670e-02 3.192515227344183693e-02
1.400000000000000000e+01 3.492782345383605991e-01 7.676012985386915233e-01 4.085030893788749173e-02 2.851110365070574915e-02
3.000000000000000000e+00 6.581860961906550456e-01 6.901874271960510843e-01 5.529436080330940584e-02 4.505142493343639032e-02
2.000000000000000000e+00 4.339248532648759538e-01 8.956690833989255918e-02 4.892006308552293570e-02 3.497879085099893370e-02
3.000000000000000000e+00 4.909367059016106483e-01 6.849180314493975574e-01 5.805823805598869791e-02 4.531308477052653494e-02
5.000000000000000000e+00 3.591544403497368698e-01 5.602399122961219113e-01 5.476472111581137669e-02 4.167286995692209839e-02
8.000000000000000000e+00 2.460590293538198470e-01 5.603412582239661877e-01 5.811074495234677673e-02 4.060117627005210839e-02
7.000000000000000000e+00 7.998634147364775959e-01 6.355556802890176549e-01 5.198978383982588714e-02 4.136025501245799152e-02
2.000000000000000000e+00 6.424580376909724277e-01 5.842945319131610526e-01 5.411934618443337008e-02 4.186230107038135806e-02
6.000000000000000000e+00 4.823828500195788127e-01 5.297254772810914281e-01 5.467150091937550416e-02 3.972427442222348226e-02
3.000000000000000000e+00 3.282836863695768881e-01 4.631164869210392943e-01 5.466839734140704898e-02 3.929084565174933985e-02
1.000000000000000000e+00 8.897707956200247015e-01 5.510929062356183517e-01 5.250486492521699855e-02 4.091418621534836930e-02
8.000000000000000000e+00 7.694735178410194720e-01 5.093717897484587587e-01 4.919137222866043491e-02 3.956181622274490550e-02
5.000000000000000000e+00 6.250784524968677758e-01 4.564138729757029056e-01 5.035769682922475177e-02 3.717592655228418863e-02
8.000000000000000000e+00 4.670680188192300464e-01 4.263533785600839288e-01 5.179939343863071421e-02 3.849810719555762928e-02
0.000000000000000000e+00 3.353583769918192514e-01 3.534738346294291622e-01 5.395559012507689101e-02 3.838361338286494506e-02
1.500000000000000000e+01 1.800981789309722969e-01 3.175230454802122071e-01 5.704170341392270083e-02 3.781162396326953612e-02
7.000000000000000000e+00 8.715466986463447085e-01 4.351525017446632448e-01 4.990688802212672748e-02 3.955721728448252650e-02
1.000000000000000000e+00 6.081843515400726652e-01 3.623175788008918818e-01 5.077058555641644766e-02 3.867097648840339685e-02
9.000000000000000000e+00 4.571099631925207296e-01 3.056893001867192483e-01 5.276590404671344103e-02 3.921573906491149231e-02
1.000000000000000000e+00 3.193992994338992752e-01 2.708222945712768226e-01 5.229021018717716629e-02 3.723655918005069898e-02
2.000000000000000000e+00 1.633834083520664948e-01 1.891470131774629082e-01 5.314293234119651932e-02 3.719006193921350900e-02
9.000000000000000000e+00 8.378715233994985523e-01 3.118390822528294137e-01 5.121761364126187210e-02 3.670265912643233541e-02
0.000000000000000000e+00 6.985116747371038493e-01 2.863250756319637436e-01 4.797533395191000416e-02 3.597422116287912752e-02
0.000000000000000000e+00 5.752152967097516889e-01 2.408024147055276287e-01 4.748479934681526515e-02 3.597224615871735809e-02
1.500000000000000000e+01 4.422530084927345229e-01 2.121573493439631308e-01 5.227184264847273276e-02 3.742731636773308224e-02
5.000000000000000000e+00 3.105900472994046480e-01 1.303512380316041441e-01 5.226143155510559746e-02 3.599521263568425389e-02
7.000000000000000000e+00 8.033555042379487698e-01 2.194520413226547784e-01 4.971198332570458955e-02 3.472610317567229044e-02
6.000000000000000000e+00 6.913700032594320977e-01 1.700931887410756516e-01 4.948570427745557776e-02 3.455574495954658043e-02
