1.500000000000000000e+01 3.403241441954929503e-01 1.758134439887173994e-01 3.141313998487277326e-02 4.033257711526408440e-02
1.100000000000000000e+01 9.133500347717763423e-01 5.586454304182982833e-01 2.569426423325005260e-02 3.425827575724893492e-02
1.200000000000000000e+01 7.663352077133496199e-01 5.798537922354485286e-01 3.489666297929605587e-02 3.816417287096496302e-02
6.000000000000000000e+00 5.586911678116426305e-01 7.723118147032848047e-01 4.072482146998701591e-02 5.661790556004131503e-02
0.000000000000000000e+00 2.842674385054214103e-01 7.821513978278069601e-01 3.722915268926185739e-02 4.963924186255797011e-02
5.000000000000000000e+00 1.788247628685975532e-01 7.810321665538595415e-01 3.491916495536728782e-02 5.351392371872576437e-02
0.000000000000000000e+00 1.214237181309219538e-01 6.869358556465366972e-01 3.474935864832646992e-02 4.847659086946398688e-02
8.000000000000000000e+00 2.300746856167814602e-01 6.792525603176597926e-01 3.554772406531028772e-02 4.902074556590363397e-02
1.000000000000000000e+00 5.345446112024317964e-01 1.324557299613312311e-01 3.142085578631559351e-02 4.498843252664525005e-02
3.000000000000000000e+00 3.456440426021601953e-01 6.764414855546951877e-01 3.473958921151848456e-02 4.740130739232861767e-02
3.000000000000000000e+00 4.812189178337363815e-01 6.489825617899132038e-01 3.757249118464867088e-02 5.278230145110540672e-02
1.500000000000000000e+01 5.675832035787347074e-01 6.435930304755469455e-01 3.999390330592067500e-02 5.010840953052575486e-02
1.000000000000000000e+00 9.402675547886810148e-02 5.470760702258019581e-01 3.394175187219992951e-02 4.718444349778005975e-02
7.000000000000000000e+00 1.821147307298657536e-01 5.428159503492642202e-01 3.296759526796860795e-02 4.331410361352705518e-02
2.000000000000000000e+00 3.026438811606517731e-01 4.971687409351618903e-01 3.442608710422084828e-02 4.783116261187958518e-02
8.000000000000000000e+00 4.320292314214099205e-01 4.988748571899660478e-01 3.490813399969222575e-02 4.717678637163325028e-02
7.000000000000000000e+00 5.278917420867884625e-01 4.993356342905851397e-01 3.635714977561721462e-02 4.654684839223088844e-02
2.000000000000000000e+00 6.652261427614838407e-01 4.847114328172937303e-01 4.023054077526966310e-02 4.913683463932472240e-02
7.000000000000000000e+00 6.734014011108804265e-01 3.572205611807861558e-01 4.048231647102362718e-02 4.749066986835576154e-02
3.000000000000000000e+00 5.585130002749012501e-01 3.905952456534020900e-01 3.770192888794232644e-02 5.211721696931287395e-02
6.000000000000000000e+00 4.288534310176139730e-01 3.898858759918447658e-01 4.257183177965706555e-02 4.843900934228367872e-02
0.000000000000000000e+00 2.607786759724574077e-01 4.105827065772111317e-01 3.351996450586861021e-02 4.747051490413023433e-02
9.000000000000000000e+00 1.736913052154279991e-01 4.185466018410728406e-01 3.768843356982926052e-02 4.190671796021627760e-02
6.000000000000000000e+00 1.944693130730096864e-01 3.250063273776588879e-01 3.142079711101955497e-02 4.497860441454110125e-02
1.000000000000000000e+00 3.035406450492691421e-01 2.777704843204568119e-01 3.490200243124519375e-02 4.266503748758182502e-02
5.000000000000000000e+00 3.918408635152438313e-01 2.973824526865920248e-01 3.780971540695904354e-02 4.731936734126324096e-02
8.000000000000000000e+00 4.558258338955936129e-01 1.643005440999356359e-01 3.489502007100397929e-02 4.345272400066740870e-02
5.000000000000000000e+00 5.151058376416897122e-01 2.566791797191139701e-01 3.782174384266850931e-02 5.042865929687986859e-02
2.000000000000000000e+00 6.128562406293265319e-01 2.450605322778566242e-01 3.836542913673912647e-02 4.345363346775765745e-02
9.000000000000000000e+00 2.466439438195995315e-01 1.782660420298900483e-01 2.908816071281336568e-02 4.033580425655200474e-02
