0.000000000000000000e+00 6.033227094534188151e-01 4.172853074134315055e-01 3.673948575442487208e-02 4.516117473445008246e-02
1.200000000000000000e+01 1.151267796272827659e-01 5.530940574336059568e-01 3.063235934760603907e-02 3.546304681350109789e-02
1.400000000000000000e+01 1.916088743225221325e-01 2.850696776423501944e-01 3.345400582196284001e-02 4.205236904810472076e-02
6.000000000000000000e+00 4.319467697338605916e-01 1.925016527363414554e-01 3.884443481528943032e-02 5.665347567188722122e-02
2.000000000000000000e+00 6.748431223624490327e-01 7.397435031717232434e-02 3.867832599418830064e-02 5.741732200075656128e-02
1.000000000000000000e+00 7.623418196212273790e-01 4.460283602116211360e-02 3.533609221451672333e-02 5.189307370716540746e-02
7.000000000000000000e+00 4.087472716341367662e-01 3.482953844201391869e-01 3.845458758209296946e-02 5.393604270791163557e-02
1.500000000000000000e+01 5.329258758201798063e-01 2.983180567416403584e-01 3.781235664010118569e-02 5.041569394234851620e-02
8.000000000000000000e+00 6.289579052666349757e-01 2.374344278417775400e-01 3.584176362569191365e-02 5.309643041676448405e-02
5.000000000000000000e+00 7.340858899077480348e-01 2.093429825859276505e-01 3.658863182505756040e-02 5.144791336653428693e-02
7.000000000000000000e+00 8.261661679003688974e-01 1.596334630067550164e-01 3.605098164084052925e-02 4.966972973656705315e-02
3.000000000000000000e+00 8.718882706538296778e-01 2.696787913737509479e-01 3.252975713149264259e-02 4.402104107614762674e-02
2.000000000000000000e+00 7.954412057099790045e-01 3.169550992217878838e-01 3.416926249568019713e-02 4.556735035176145976e-02
0.000000000000000000e+00 7.008098578226793496e-01 3.718213513278655347e-01 3.382653592806150744e-02 4.828571555912075652e-02
5.000000000000000000e+00 4.821633732141836770e-01 4.401962055613919400e-01 3.541312941777241541e-02 4.913925500142485303e-02
6.000000000000000000e+00 3.598683526600685578e-01 4.949647981105740335e-01 4.051521270753105641e-02 4.764693109266887605e-02
9.000000000000000000e+00 3.528543088147771956e-01 6.457837118513920505e-01 3.662236208566893580e-02 4.310433508214583931e-02
8.000000000000000000e+00 4.581116492878327673e-01 5.764617830893938866e-01 3.778292034901492569e-02 4.527273319270319618e-02
6.000000000000000000e+00 5.692586774609019740e-01 5.681664272127637805e-01 3.540818570285853006e-02 3.956983316702988862e-02
5.000000000000000000e+00 6.658403632563646424e-01 4.935585089662164471e-01 3.676999553789239705e-02 4.585151508500229234e-02
9.000000000000000000e+00 7.626352220389069902e-01 4.351626845350366479e-01 3.300876073193315108e-02 4.337279292686080368e-02
1.500000000000000000e+01 8.487514023596127721e-01 3.978424111525477036e-01 3.141163006700642413e-02 4.252134396972023778e-02
1.000000000000000000e+00 8.119313481769940832e-01 5.295761558436388183e-01 3.132812365966342050e-02 4.113108658658282124e-02
8.000000000000000000e+00 7.226340144334054694e-01 5.642123027757710574e-01 3.330504462916250574e-02 3.930394605407017128e-02
0.000000000000000000e+00 5.318522986895157789e-01 6.667590467363317952e-01 3.540767720646742500e-02 3.956118872838054745e-02
2.000000000000000000e+00 4.622657258057361052e-01 7.106889539592698979e-01 3.698011754662539063e-02 3.976289229686047477e-02
3.000000000000000000e+00 5.309319767211770902e-01 7.617643372197056006e-01 3.310192857070726191e-02 3.522422300846916876e-02
7.000000000000000000e+00 6.130419399745993259e-01 7.247818466899216272e-01 3.159045129788551343e-02 3.638619376179030862e-02
3.000000000000000000e+00 6.922374561622842704e-01 6.725938733257028623e-01 2.964680859220591991e-02 3.889019949049066227e-02
1.000000000000000000e+00 7.722771893584359226e-01 6.340586325660173550e-01 3.316701610877137441e-02 3.658326436315106900e-02
