6.000000000000000000e+00 2.571115909775865127e-01 5.564837738950398904e-01 4.870593092086655806e-02 3.518397259316274894e-02
0.000000000000000000e+00 6.364690622836726153e-01 1.895808633201647719e-01 4.352935927408629890e-02 3.119017860503156547e-02
5.000000000000000000e+00 6.907640678689850322e-01 2.613711612666217432e-01 4.261173504545046065e-02 3.162881511876114438e-02
7.000000000000000000e+00 7.574441840812015103e-01 3.423634829380408640e-01 4.308739175515863273e-02 3.263469744446712006e-02
1.000000000000000000e+00 8.288944080620377353e-01 4.320744669826098727e-01 4.542072027420196445e-02 3.293806264955440044e-02
2.000000000000000000e+00 6.811816866805832094e-01 4.180890791715944355e-01 4.610874887627747221e-02 3.377311586316505965e-02
5.000000000000000000e+00 7.553291853500010422e-01 5.100398392355661725e-01 4.581469965320672522e-02 3.468551339258807431e-02
3.000000000000000000e+00 4.999818555001420695e-01 1.658875452142679063e-01 4.140986503993571155e-02 2.960069333613410403e-02
9.000000000000000000e+00 5.821721610043451012e-01 2.533975743447273721e-01 4.239573425311171651e-02 3.179682777117689985e-02
6.000000000000000000e+00 6.268387741993771689e-01 3.366193946658534442e-01 4.256862154728047187e-02 3.143531892251510973e-02
6.000000000000000000e+00 2.724637335514075720e-01 1.423450837299509997e-01 4.146275490295447952e-02 2.867602795829971019e-02
0.000000000000000000e+00 3.236058343916314861e-01 2.293379675331164713e-01 4.183460882466966124e-02 3.040051372240873406e-02
0.000000000000000000e+00 3.994103727402387172e-01 1.575577303056105716e-01 3.971514167186224187e-02 2.881040558262060181e-02
1.000000000000000000e+00 4.537275308641836591e-01 2.365850568051023894e-01 4.325933120231995055e-02 3.115443123217712107e-02
1.500000000000000000e+01 4.926282688465273285e-01 3.245217931176684889e-01 4.447899365023250118e-02 3.206412062729296908e-02
2.000000000000000000e+00 3.776771616238446816e-01 3.162925583171787847e-01 4.530381011616230191e-02 3.235443262501980222e-02
8.000000000000000000e+00 5.572143202057375788e-01 4.094684918823781050e-01 4.404087168202130975e-02 3.351113095029106814e-02
8.000000000000000000e+00 4.042939107143135313e-01 4.069009774491237907e-01 4.473908286909161758e-02 3.209231230543041491e-02
5.000000000000000000e+00 4.733549779873644781e-01 4.769761597761744687e-01 4.404230699320399456e-02 3.351735965919760973e-02
1.000000000000000000e+00 1.636935908273423057e-01 2.210142323859786706e-01 4.437478464209329565e-02 3.209810771284773989e-02
8.000000000000000000e+00 2.415485795259390001e-01 3.038300492117763651e-01 4.412547379777678747e-02 3.367616465496903189e-02
7.000000000000000000e+00 8.063275555010490647e-02 2.925003526870562087e-01 4.410012566066180695e-02 3.076492027477928382e-02
7.000000000000000000e+00 2.820686734985880517e-01 3.837147981142560171e-01 4.583704176124070440e-02 3.321521311454844749e-02
3.000000000000000000e+00 1.549457889290474233e-01 3.781738334557765979e-01 4.515865411729880208e-02 3.290434637743033797e-02
9.000000000000000000e+00 3.511230245985572651e-01 4.831081205845038085e-01 4.568611743630290878e-02 3.389500898833003317e-02
2.000000000000000000e+00 3.833155243326808459e-01 5.614106013960145081e-01 4.707807138883668419e-02 3.472700201017364652e-02
1.400000000000000000e+01 6.229231369673504659e-01 7.479679075949539069e-01 3.802838021865206919e-02 3.065873432859578251e-02
1.400000000000000000e+01 6.214482599423316600e-01 7.988019716984107177e-01 4.159461396236985298e-02 3.431709880144284686e-02
