1.300000000000000000e+01 7.748848306704532174e-01 6.157334125336366704e-01 3.277274672259256061e-02 3.935951301137452507e-02
6.000000000000000000e+00 4.920672937892033305e-01 7.877411506991531809e-01 3.656161867626078754e-02 5.025671389739627681e-02
9.000000000000000000e+00 2.564089565963786344e-01 7.766280813872312727e-01 3.744110916378579068e-02 5.305435035942351885e-02
8.000000000000000000e+00 1.508714734165214622e-01 7.580250023224861522e-01 3.688708316389058273e-02 4.981317218875036534e-02
2.000000000000000000e+00 5.430501926242464750e-01 6.718016975694653947e-01 3.736730015593869858e-02 4.982337250194668332e-02
5.000000000000000000e+00 4.394212424832812380e-01 6.559968280180508149e-01 3.643497433826248244e-02 5.107950095847335614e-02
8.000000000000000000e+00 3.359460420069538822e-01 6.331527395214440190e-01 3.494002675114371570e-02 4.908660044147372670e-02
5.000000000000000000e+00 2.267741528521951544e-01 6.113593692417464975e-01 3.641265399000440106e-02 5.042605055747995113e-02
1.000000000000000000e+00 1.033720961482578471e-01 6.017832521774648669e-01 3.590192201606300093e-02 4.912253075818184822e-02
7.000000000000000000e+00 6.158904858958328399e-01 5.507228911325169340e-01 3.442244681412964802e-02 4.777276571871880151e-02
1.500000000000000000e+01 5.234579123999865136e-01 5.226658695413239908e-01 3.539187770368534824e-02 4.781087363037889171e-02
6.000000000000000000e+00 4.210471260667137949e-01 5.267053081772989920e-01 3.590937168300412097e-02 4.912281728383349755e-02
2.000000000000000000e+00 2.839605182856193011e-01 5.095945263373956591e-01 3.631196887603915791e-02 4.591587892852405650e-02
8.000000000000000000e+00 1.914716424992375376e-01 4.936639866351980599e-01 3.536975792338339919e-02 4.716960056957758551e-02
6.000000000000000000e+00 7.403262871944044088e-02 4.615338882965345224e-01 3.494002675114368794e-02 4.908662909403888053e-02
3.000000000000000000e+00 6.892333165077253465e-01 4.277324571796394803e-01 3.879219222124608013e-02 4.858927786802630377e-02
1.000000000000000000e+00 5.784795478831585847e-01 4.200711910448671205e-01 3.590189336349791649e-02 4.912255941074705756e-02
2.000000000000000000e+00 4.784073552655166983e-01 3.963256212169767867e-01 3.780680185289725381e-02 4.790892270834956612e-02
1.500000000000000000e+01 3.562683752651570890e-01 4.062548381679830789e-01 3.881881045427792998e-02 4.988236813360691357e-02
0.000000000000000000e+00 2.478628419443968667e-01 3.687930705047184343e-01 3.587249583164570099e-02 4.783972676349290687e-02
0.000000000000000000e+00 1.450512348771287874e-01 3.622826776283649686e-01 3.685737045382170285e-02 4.851171537414361579e-02
3.000000000000000000e+00 6.363373861810605048e-01 3.053108196239961436e-01 3.584275446901163953e-02 4.653821264375590516e-02
7.000000000000000000e+00 5.233633302824000078e-01 3.089327617330540621e-01 3.633265602808322114e-02 4.655809752397560564e-02
9.000000000000000000e+00 3.309797215406825588e-01 2.484013096014111577e-01 3.638325645815226883e-02 4.914212911274992712e-02
3.000000000000000000e+00 2.011050646938352116e-01 2.575589559515601978e-01 3.493251977907232964e-02 4.908631391582216064e-02
1.000000000000000000e+00 6.015850050791364811e-01 1.658351752863100326e-01 3.542138984579812355e-02 4.910422176904591374e-02
7.000000000000000000e+00 4.871937646551961487e-01 1.569860311052171942e-01 3.783405044236265447e-02 4.920106743927996074e-02
5.000000000000000000e+00 3.802336959415267836e-01 1.532278747013981479e-01 3.636122263554569800e-02 4.785027090747109857e-02
0.000000000000000000e+00 2.843438179760204854e-01 1.459560112534055987e-01 3.584278312157684887e-02 4.653824129632104512e-02
1.100000000000000000e+01 8.886229072190519052e-01 6.751169139685068155e-01 3.621999414188181721e-02 4.322950037700534764e-02
