6.000000000000000000e+00 5.394092144110408382e-01 4.222256613555169236e-01 4.820626462518151634e-02 3.706279544030122164e-02
1.400000000000000000e+01 2.289175602655818542e-01 6.066720425950510309e-01 3.990182546683976317e-02 3.063938483461181583e-02
1.200000000000000000e+01 2.140293287038015912e-01 6.393319961200790713e-01 3.263787456332867265e-02 2.521356935766205787e-02
8.000000000000000000e+00 4.923871712564852343e-01 7.361174756026843680e-01 5.169603286658913666e-02 3.846732535503227801e-02
3.000000000000000000e+00 6.295859904823624120e-01 7.094798269632076604e-01 4.636345494769988917e-02 3.750987379301873315e-02
9.000000000000000000e+00 5.261781147828366034e-01 6.573790314625250764e-01 5.035521024234057563e-02 3.898429750680354466e-02
3.000000000000000000e+00 4.122815912089562440e-01 6.216637950669163803e-01 5.170180694125520171e-02 3.999844498291904582e-02
0.000000000000000000e+00 3.093023030754198377e-01 5.615446795553942216e-01 5.319523011025051318e-02 4.141831743890589390e-02
5.000000000000000000e+00 2.265570635508943609e-01 4.130650506543646072e-01 5.482181443928352271e-02 4.019468103478546217e-02
9.000000000000000000e+00 4.717192971708949467e-01 5.214784304385389202e-01 4.875067737941329860e-02 3.564589250842853385e-02
2.000000000000000000e+00 3.829601801602714461e-01 4.331147550557619685e-01 5.252606984763724673e-02 3.787724241975087835e-02
6.000000000000000000e+00 7.754925404864143612e-01 7.075704229579105053e-01 4.618225898555916586e-02 3.555383726089456076e-02
7.000000000000000000e+00 6.984575033639407460e-01 6.026657971225577448e-01 4.469865174349618719e-02 3.413280998997481053e-02
8.000000000000000000e+00 6.169708471430623842e-01 5.322364938872540252e-01 4.792806420865014516e-02 3.625502989010787047e-02
8.000000000000000000e+00 8.296678235366570231e-01 5.858521316243836541e-01 4.717462995150545346e-02 3.611117294414112333e-02
5.000000000000000000e+00 7.328315321969899321e-01 4.986942892488401280e-01 4.518218925339123615e-02 3.519974900589473155e-02
1.500000000000000000e+01 4.718158342001933514e-01 3.117823781268828087e-01 4.814852387852042170e-02 3.538121992397202931e-02
3.000000000000000000e+00 8.771183992660145368e-01 4.910288476868798213e-01 4.476601594793383487e-02 3.247878505848089681e-02
1.000000000000000000e+00 8.039560890132790849e-01 4.258505704397048675e-01 4.701152608998515614e-02 3.562411599825909825e-02
0.000000000000000000e+00 6.916595202859836533e-01 3.822757185997930351e-01 4.880929798507105399e-02 3.550632487507077162e-02
6.000000000000000000e+00 6.058259206917187001e-01 3.076378023227461789e-01 4.782671545046335293e-02 3.623083376769759001e-02
2.000000000000000000e+00 7.326832759560395480e-01 3.272125890828571082e-01 4.653233288388647360e-02 3.599527901691451648e-02
1.500000000000000000e+01 9.192694192844543810e-01 3.900352225876234646e-01 4.297539290719643024e-02 3.259712609354226132e-02
1.000000000000000000e+00 8.689270219887539337e-01 2.956860176757997172e-01 4.523520075794473794e-02 3.423124421523476846e-02
2.000000000000000000e+00 5.447162214278372661e-01 1.846237398951631747e-01 5.314188865857327748e-02 3.650917166219705412e-02
7.000000000000000000e+00 6.803862993946780957e-01 2.033721465881812018e-01 4.644594172864413562e-02 3.483449753987358233e-02
0.000000000000000000e+00 8.008537061907792243e-01 2.201133337014990476e-01 4.402594454930230938e-02 3.362821085534514753e-02
7.000000000000000000e+00 4.543154250072679035e-01 1.195279906723230451e-01 5.262230442540549724e-02 3.581587026836077770e-02
1.000000000000000000e+00 5.919635497289483794e-01 1.221498055090418644e-01 4.960804498054771638e-02 3.610979816445875068e-02
5.000000000000000000e+00 7.592461640763872310e-01 1.226666126872511253e-01 4.609867238086884367e-02 3.414738265460813549e-02
