3.000000000000000000e+00 4.928657587366132020e-01 3.940653822303898934e-01 4.729283715849658121e-02 3.410974671112965151e-02
8.000000000000000000e+00 3.599405013283807353e-01 3.502096109249106526e-01 4.545369982407654330e-02 3.318540526674212954e-02
6.000000000000000000e+00 2.344773518596225681e-01 2.970343734867963992e-01 4.728274769791024346e-02 3.319263921961529418e-02
5.000000000000000000e+00 8.372267584179050592e-01 4.088938298197032362e-01 4.364194816839095381e-02 3.454604109438047521e-02
0.000000000000000000e+00 5.900988014497366985e-01 3.254183513151999718e-01 4.424225747562005040e-02 3.363023897782058125e-02
7.000000000000000000e+00 4.828536416163696776e-01 2.920218560401806607e-01 4.545367262876515158e-02 3.318543246205363229e-02
2.000000000000000000e+00 3.502378396583030185e-01 2.432856549163003312e-01 4.668515792183641766e-02 3.456483305466381828e-02
1.500000000000000000e+01 2.106657625556548896e-01 2.005923064102026754e-01 4.604737347528672919e-02 3.228004614981877518e-02
8.000000000000000000e+00 8.067761952669048053e-01 3.013484473444425493e-01 4.666514217253314722e-02 3.274266559465316417e-02
7.000000000000000000e+00 6.989865988938950281e-01 2.709938292526026249e-01 4.484501436088905724e-02 3.272286740784230430e-02
5.000000000000000000e+00 5.714738747699168453e-01 2.260653796758679279e-01 4.301085376848334807e-02 3.225880661149557738e-02
7.000000000000000000e+00 4.491411776140674106e-01 1.953502877293880058e-01 4.546370769872820627e-02 3.409753601624224140e-02
5.000000000000000000e+00 3.215995176785964027e-01 1.501910723364671130e-01 4.481994028363683880e-02 3.044235016691110296e-02
6.000000000000000000e+00 7.894269190661189484e-01 2.220374276910747069e-01 4.421228824228817800e-02 3.088957706540634840e-02
1.000000000000000000e+00 6.815666692736934706e-01 1.738692278442981742e-01 4.298175478512133996e-02 3.042872531582285767e-02
0.000000000000000000e+00 5.638086586461061867e-01 1.328815964741396072e-01 4.482586886155537353e-02 3.180480808042354668e-02
1.000000000000000000e+00 4.255656572120387615e-01 8.368800181955995399e-01 3.880295040714148991e-02 3.634294410995808633e-02
1.000000000000000000e+00 4.072685292200274310e-01 7.081139437480610255e-01 4.056539696298094855e-02 3.178397647177366725e-02
8.000000000000000000e+00 6.530656564220198579e-01 6.308467605391754329e-01 4.791563698838030572e-02 3.593719006158169194e-02
3.000000000000000000e+00 5.137172063662751587e-01 5.948513725108695027e-01 4.853830084170629444e-02 3.594099740519907105e-02
3.000000000000000000e+00 3.888158032529633878e-01 5.559860088637130771e-01 4.791569137900336672e-02 3.594436962383174006e-02
2.000000000000000000e+00 2.589055676577514675e-01 5.091432677090805825e-01 4.916205250749453026e-02 3.777562031790127062e-02
1.000000000000000000e+00 4.395995121883855550e-01 1.069246234323494305e-01 4.238313158720835583e-02 3.088326775312594252e-02
0.000000000000000000e+00 7.651661991918472516e-01 5.724974519061625244e-01 4.610965073874395692e-02 3.684458882687147163e-02
1.500000000000000000e+01 6.296745610252905134e-01 5.278951013102644030e-01 4.792559047240885217e-02 3.593719006158169194e-02
1.000000000000000000e+00 5.032189594543592381e-01 4.963149265032716917e-01 4.729784109582241269e-02 3.456872198421595543e-02
2.000000000000000000e+00 3.784677152537894163e-01 4.537333507276584132e-01 4.546767821421510147e-02 3.363782646974400325e-02
9.000000000000000000e+00 8.638218694452951540e-01 5.053724201997129573e-01 4.669924509322109785e-02 3.502465138240828946e-02
6.000000000000000000e+00 7.357664900745809478e-01 4.708932795717539199e-01 4.486008056348955719e-02 3.409381025855939829e-02
9.000000000000000000e+00 6.134668896128920856e-01 4.281425353606228557e-01 4.669010746853918814e-02 3.501733584360039453e-02
