6.000000000000000000e+00 6.735480193275196203e-01 8.782289897445729743e-01 4.433723594104355126e-02 3.073367497795553849e-02
9.000000000000000000e+00 5.660711270212320789e-01 8.407787429609148155e-01 4.161474845281798451e-02 2.994879583898468756e-02
3.000000000000000000e+00 4.374263569433020082e-01 8.157050632349083230e-01 4.077592127805879096e-02 3.058172731660369070e-02
3.000000000000000000e+00 3.026716203368908786e-01 8.072816163755812680e-01 4.210289961160196270e-02 3.052846844836509810e-02
8.000000000000000000e+00 2.521974024994191321e-01 7.167088738279745463e-01 4.376533714162353372e-02 3.146512984847571470e-02
7.000000000000000000e+00 3.767201511959510918e-01 7.359160837041502923e-01 4.142864564770454283e-02 3.424462527641025655e-02
3.000000000000000000e+00 5.015313716454248283e-01 7.591832071821478234e-01 4.508062719352412540e-02 3.199882119894204013e-02
5.000000000000000000e+00 6.339127530442744130e-01 7.843400832147509050e-01 4.488101670443711555e-02 3.214613765436002968e-02
7.000000000000000000e+00 7.948770966821150363e-01 8.032134327631634818e-01 4.536321345559191087e-02 3.276655384927695813e-02
8.000000000000000000e+00 8.748572512911519938e-01 7.362833273080198193e-01 4.971654703336203518e-02 3.276407284609816895e-02
1.000000000000000000e+00 6.854016184817777191e-01 7.315916675967644167e-01 4.781212899329934096e-02 3.449972753659702462e-02
6.000000000000000000e+00 6.067024333806676495e-01 6.879614624282806012e-01 4.649807944298822715e-02 3.396592591932268146e-02
6.000000000000000000e+00 4.694148819790518457e-01 6.811264365041402868e-01 4.653264808727974877e-02 3.444542113368276315e-02
5.000000000000000000e+00 3.414104726049262961e-01 6.419946484659837527e-01 4.292367059655965988e-02 3.446521402570923431e-02
2.000000000000000000e+00 2.039518422507797801e-01 6.134141810135225192e-01 4.397622241182322367e-02 3.434166006740413390e-02
7.000000000000000000e+00 6.759890783551609772e-01 6.169045114188910217e-01 4.951343557312259946e-02 3.493434416012219934e-02
1.000000000000000000e+00 4.028309040340555813e-01 5.632679793629928877e-01 4.326478096694552633e-02 3.335565427073683420e-02
1.500000000000000000e+01 2.743710789597555433e-01 5.443215229209110717e-01 4.521575916666392692e-02 3.388631328398461484e-02
0.000000000000000000e+00 7.480251986191250868e-01 5.671033621771313094e-01 5.078740313874485768e-02 3.481983208006877994e-02
1.000000000000000000e+00 6.363044952420612299e-01 5.383132499560596695e-01 5.094205233689130807e-02 3.631736559880482940e-02
2.000000000000000000e+00 4.879125938628400272e-01 5.040919736762323744e-01 4.656724429827335809e-02 3.492541254867853606e-02
0.000000000000000000e+00 3.562232469506694810e-01 4.796458085709044417e-01 4.667467173591621776e-02 3.637164443501689215e-02
2.000000000000000000e+00 1.382866486996556510e-01 5.142601446710118873e-01 4.547345269683737701e-02 3.727889216410756879e-02
0.000000000000000000e+00 7.277505233419107045e-01 4.419284266616424484e-01 5.314099302098185262e-02 3.759701190503633716e-02
5.000000000000000000e+00 5.767240309037491297e-01 4.029266707567580319e-01 4.930580317375732324e-02 3.824229326514544391e-02
9.000000000000000000e+00 4.509190170642968232e-01 4.111491287918986881e-01 4.842689401430921858e-02 3.707892330789458457e-02
1.500000000000000000e+01 2.208477633489174807e-01 4.378892018696619592e-01 4.713815069642188216e-02 3.462744406690215770e-02
8.000000000000000000e+00 2.842729004799376957e-01 3.694865658944843645e-01 4.926448068747896203e-02 3.694833984058276677e-02
1.100000000000000000e+01 5.775732507251574166e-01 2.819258439060715604e-01 3.984722665482232085e-02 3.082489319483011636e-02
1.100000000000000000e+01 5.169961949766150866e-01 2.543336565031914520e-01 3.857871729619344325e-02 3.026063037186041416e-02
