1.000000000000000000e+00 6.238508306708786533e-01 8.371465966396300917e-01 3.581628757715593636e-02 4.324171693856893040e-02
1.100000000000000000e+01 1.609935603155038253e-01 5.239960878242652109e-01 3.001630960084558652e-02 4.066516617924498256e-02
1.000000000000000000e+00 2.463054899141602916e-01 4.440812297685217125e-01 2.759210463287753434e-02 3.168303289904578213e-02
8.000000000000000000e+00 4.718313188324082530e-01 1.906183579287965557e-01 3.973105595306952731e-02 5.483364698331963383e-02
8.000000000000000000e+00 8.172466802841196198e-01 1.836703236274715989e-01 3.764678040419100480e-02 5.668066029224769209e-02
3.000000000000000000e+00 4.473113061865536255e-01 3.293607041112729394e-01 4.356553595864942618e-02 5.499311064187401010e-02
3.000000000000000000e+00 5.391354398558902972e-01 3.289141824340131581e-01 4.355771509222139404e-02 5.499305205860488543e-02
9.000000000000000000e+00 6.618210200122665032e-01 3.196568981845577806e-01 3.717981316600715846e-02 4.957366029015580766e-02
2.000000000000000000e+00 7.736132463165559248e-01 3.271894324077460059e-01 3.601517777583052027e-02 5.033849416019869905e-02
2.000000000000000000e+00 8.555430026847183900e-01 3.481326582030780381e-01 3.601095978045354418e-02 4.570602215425206838e-02
5.000000000000000000e+00 3.623265641459523234e-01 4.673717699910970858e-01 3.764385124073493794e-02 5.352070804735670206e-02
0.000000000000000000e+00 4.730062502321333850e-01 4.668272238587762302e-01 3.727099802439798326e-02 4.840764819315479528e-02
9.000000000000000000e+00 5.980900683224386061e-01 4.622358626619370581e-01 3.582343473598903483e-02 5.098211924642487292e-02
7.000000000000000000e+00 6.994691185400129241e-01 4.587583451609444918e-01 3.630498920818481245e-02 4.840606644488848476e-02
1.000000000000000000e+00 7.318603938711281121e-01 8.188313577139123556e-01 3.194311332231991596e-02 4.260128464051005093e-02
5.000000000000000000e+00 7.983112495798252439e-01 4.696103685166643782e-01 3.578517986125129280e-02 5.098203137152113040e-02
8.000000000000000000e+00 8.961449282249445147e-01 4.504823746067608270e-01 3.001138860623930871e-02 4.387617374317720476e-02
2.000000000000000000e+00 3.198053042510650701e-01 6.224445392955673118e-01 4.017218796957011673e-02 5.098923711362346456e-02
6.000000000000000000e+00 4.171675486837297386e-01 5.934528217800583150e-01 3.678920921912570696e-02 4.969577711464390202e-02
1.500000000000000000e+01 5.317916169883664113e-01 6.054990943684970262e-01 3.775281612130476638e-02 4.711946068839656387e-02
6.000000000000000000e+00 6.384704905221085802e-01 5.733538394760661072e-01 3.582103282195492344e-02 4.840530486238980856e-02
5.000000000000000000e+00 7.488380888878509722e-01 5.891545673244618087e-01 3.581927532388129443e-02 4.646256649171376374e-02
1.000000000000000000e+00 8.342097587751962084e-01 5.910915352431291847e-01 3.186847823745642128e-02 4.463611591024829739e-02
0.000000000000000000e+00 7.784173965926692862e-01 7.038184576062852527e-01 3.195096348038251044e-02 4.260128464051016195e-02
0.000000000000000000e+00 6.959894188122452974e-01 7.005854813164316131e-01 3.291928633572605012e-02 4.517965148117675245e-02
1.500000000000000000e+01 5.913579426594685051e-01 7.003430637487982890e-01 3.485335438257175511e-02 4.647082673266034192e-02
7.000000000000000000e+00 4.754509886359292170e-01 7.038576498133288784e-01 3.630226508617051540e-02 4.647317006342521761e-02
7.000000000000000000e+00 3.823874966166488365e-01 7.289080900236455385e-01 3.872043597741892107e-02 4.903337609066371616e-02
3.000000000000000000e+00 4.143994599260062417e-01 8.385352544509352413e-01 3.485098176017231708e-02 4.389398305699077074e-02
6.000000000000000000e+00 5.303442001581302190e-01 8.179722926554842122e-01 3.485095246853764372e-02 4.389386589045252141e-02
