5.000000000000000000e+00 6.634711878440517907e-01 1.650709469666009066e-01 5.235740501209118491e-02 3.587871790866326016e-02
1.200000000000000000e+01 7.323169866793148852e-01 7.513087814184573610e-01 3.332086608434103869e-02 2.661868216913754193e-02
1.600000000000000000e+01 8.348907508419785017e-01 7.561511228516202276e-01 3.085757461692040238e-02 2.358353956679326568e-02
1.000000000000000000e+00 8.535760406018304547e-01 6.158789951947285513e-01 5.012946506181681361e-02 3.711896268839265378e-02
1.000000000000000000e+00 9.006694885820465402e-01 5.021190089842633153e-01 4.625901987397074144e-02 3.807663407114231235e-02
6.000000000000000000e+00 9.336577610559543272e-01 4.046424678086300020e-01 4.715215468761435602e-02 3.469158316909237705e-02
3.000000000000000000e+00 8.348239989254235827e-01 3.084696731813790782e-01 4.901677765625522820e-02 3.676237919703162493e-02
2.000000000000000000e+00 7.719249213759513673e-01 4.136415152141491580e-01 4.810965117451260209e-02 3.675474207819429129e-02
1.500000000000000000e+01 7.307810804630714419e-01 5.195205048974280704e-01 4.628711980740252141e-02 3.741925886496433318e-02
6.000000000000000000e+00 7.042699009438266877e-01 6.108738548733736451e-01 5.083954221783371086e-02 3.609786241026169407e-02
2.000000000000000000e+00 7.370793715591544837e-01 2.299829883158704402e-01 5.162669014562859537e-02 3.815953470462804531e-02
5.000000000000000000e+00 6.673653314197403041e-01 4.438492205718403971e-01 4.927055153639825491e-02 3.356286364383415100e-02
9.000000000000000000e+00 6.043451384932874149e-01 5.475043366333858241e-01 4.881238270477761265e-02 3.660978256682845267e-02
8.000000000000000000e+00 5.236220749526820928e-01 6.488680838492754122e-01 5.070242387046491883e-02 3.566557816462401220e-02
8.000000000000000000e+00 3.766227969978230838e-01 6.487046436762956558e-01 5.010512538918648895e-02 3.813901359141635972e-02
9.000000000000000000e+00 4.490964459006139831e-01 5.487163940317578703e-01 4.775776072182646992e-02 3.412223887470311467e-02
2.000000000000000000e+00 5.228575468883137622e-01 4.581251381529176103e-01 4.857522393050212051e-02 3.755937959111277369e-02
7.000000000000000000e+00 6.013556728574240839e-01 3.533870232565577973e-01 5.159340163527670331e-02 3.529788878670947483e-02
5.000000000000000000e+00 6.134177441789054885e-01 2.633722969766617572e-01 4.703462467558383597e-02 3.697968729219197614e-02
0.000000000000000000e+00 5.341583840172917652e-01 1.678517472772858010e-01 5.361140826545129912e-02 3.817635385565526507e-02
0.000000000000000000e+00 4.855979387862190411e-01 2.703422610147612759e-01 5.092401691398057428e-02 4.157615430782610200e-02
7.000000000000000000e+00 4.318603868880639407e-01 3.699701669071364107e-01 5.362146477689738733e-02 3.884853691057110758e-02
3.000000000000000000e+00 3.828274750895322431e-01 4.626599252316825894e-01 4.898564619473522175e-02 3.539463534175124604e-02
1.500000000000000000e+01 3.903925951347326784e-01 1.797939420673993483e-01 4.779204030866862629e-02 3.641162556737839728e-02
8.000000000000000000e+00 3.330347136906527949e-01 2.765758843698500336e-01 4.776633061853696738e-02 3.469671344739527763e-02
3.000000000000000000e+00 2.673089110948920766e-01 3.896096884313302589e-01 5.087877718712757735e-02 3.871998845991281302e-02
6.000000000000000000e+00 2.009206758879218402e-01 4.828206509672132163e-01 5.012232348122461212e-02 3.928807933403499764e-02
1.000000000000000000e+00 2.346061852474350395e-01 2.003745052938212812e-01 5.082735780686428728e-02 3.529033911579779192e-02
0.000000000000000000e+00 1.631601223439252124e-01 3.100437358425003898e-01 5.696655197694000528e-02 3.820853469228258081e-02
7.000000000000000000e+00 1.305307653060615858e-01 3.975323830443820983e-01 5.237454480551244351e-02 3.701696925781372549e-02
