9 0.243027 0.152969 0.033242 0.044875
14 0.780949 0.492818 0.029789 0.039719
12 0.972312 0.588010 0.027187 0.039396
8 0.530840 0.829922 0.043727 0.059885
7 0.399699 0.780443 0.042555 0.055948
3 0.276180 0.792651 0.040188 0.055156
2 0.140250 0.801318 0.035453 0.055156
0 0.115652 0.680521 0.033336 0.053896
5 0.233379 0.683833 0.037586 0.051062
1 0.474152 0.647896 0.039711 0.058625
0 0.582305 0.655938 0.041844 0.057687
0 0.651734 0.526656 0.041844 0.054813
9 0.537551 0.508708 0.039008 0.051062
3 0.352070 0.504922 0.036797 0.047281
15 0.270188 0.514849 0.034750 0.050115
2 0.168773 0.530453 0.036172 0.045385
6 0.082250 0.547000 0.033328 0.048229
3 0.141078 0.412464 0.034469 0.044865
2 0.213598 0.401354 0.033242 0.047063
6 0.344109 0.383297 0.036531 0.047052
6 0.448148 0.394786 0.040219 0.048156
7 0.578254 0.372349 0.036117 0.048156
5 0.724562 0.337875 0.040625 0.053625
1 0.176988 0.306896 0.033523 0.044229
1 0.289273 0.251625 0.033516 0.044687
5 0.398832 0.256740 0.034680 0.046542
8 0.497254 0.266026 0.036570 0.051990
8 0.606836 0.241401 0.038125 0.047615
15 0.561504 0.148047 0.037352 0.047052
7 0.453367 0.161719 0.036109 0.042604
