5.000000000000000000e+00 4.499554258344911073e-01 5.034353606573779283e-01 4.061635173783129105e-02 5.245552034945805131e-02
3.000000000000000000e+00 8.599018048151605420e-01 3.463221486723098153e-01 4.037596693362244249e-02 4.463093197119832878e-02
2.000000000000000000e+00 8.428404758360821258e-01 4.733285849586095773e-01 3.292944211114956499e-02 4.493935813524740919e-02
2.000000000000000000e+00 7.904910776075271261e-01 6.124301709724448983e-01 3.352731005983533574e-02 4.061285166788075607e-02
8.000000000000000000e+00 7.745580871788513289e-01 7.427148147753395158e-01 3.358331117904533869e-02 4.170778555067466975e-02
3.000000000000000000e+00 8.074081197029610024e-01 2.462067218161027027e-01 3.559397536316133426e-02 4.849178913233376242e-02
8.000000000000000000e+00 7.512416851890522107e-01 3.891365023382943322e-01 3.785933263744412081e-02 4.434389823468748437e-02
6.000000000000000000e+00 7.309446955436986748e-01 5.387851991413431518e-01 3.312264597242398079e-02 4.826378057547020539e-02
3.000000000000000000e+00 7.029532641211295729e-01 6.550025018014835609e-01 3.447148892971607648e-02 4.290105739880134550e-02
7.000000000000000000e+00 6.767303200426525445e-01 8.049392543614688478e-01 3.358986330999291781e-02 4.171713773758278787e-02
1.500000000000000000e+01 7.296420535097549731e-01 1.189975194774233469e-01 3.674121429129739713e-02 5.410018921897695454e-02
0.000000000000000000e+00 7.057590041952293003e-01 2.895636283252734922e-01 3.718446314984447110e-02 4.755181034639394122e-02
9.000000000000000000e+00 5.933744741349407104e-01 7.091927408201501581e-01 3.470546160577547834e-02 4.729832128028987892e-02
9.000000000000000000e+00 5.871622699809753154e-01 8.261527863243727232e-01 3.559341535196913764e-02 4.848302495717737859e-02
1.000000000000000000e+00 6.336208824792707306e-01 1.661151671468619195e-01 3.727876903459415026e-02 5.397589473489036727e-02
0.000000000000000000e+00 6.078547955313089446e-01 3.190610698461976424e-01 3.563586420033038049e-02 4.922159571787848575e-02
7.000000000000000000e+00 5.636475120269344163e-01 4.566744401173070678e-01 3.691795382352414112e-02 4.755136233744022833e-02
5.000000000000000000e+00 5.220585328506637257e-01 6.147925781863188277e-01 3.682247191527110441e-02 4.568901711755202211e-02
8.000000000000000000e+00 4.897609653678404729e-01 7.884904376237498180e-01 3.538691122488224483e-02 4.462975594769491572e-02
5.000000000000000000e+00 4.604755860850848204e-01 9.145866737192496210e-01 3.895365050792687356e-02 4.682572783527672033e-02
1.500000000000000000e+01 5.051552390299958173e-01 2.156519231633745592e-01 4.348587708671142193e-02 5.456544651737363361e-02
6.000000000000000000e+00 5.212271402348720439e-01 3.744946177130051290e-01 3.648366514405054772e-02 5.206186048197136707e-02
0.000000000000000000e+00 4.417112630708301957e-01 6.444444707940241157e-01 3.924037623828208199e-02 5.231154147196903637e-02
1.000000000000000000e+00 3.904766371215492304e-01 8.249674946357336003e-01 3.821244769462289748e-02 4.582918791893475507e-02
6.000000000000000000e+00 3.994758909760781629e-01 2.429823453753485185e-01 4.359692730610487121e-02 5.731622149296891622e-02
2.000000000000000000e+00 3.211730120544047384e-01 4.071758908643754449e-01 4.167197283493989657e-02 5.896091836304745426e-02
1.000000000000000000e+00 3.337605656228740947e-01 5.734008909530249332e-01 3.909314929587892617e-02 4.956244652995023259e-02
7.000000000000000000e+00 3.010901286880709460e-01 7.206525578502482876e-01 4.417373883396785716e-02 5.464538811504593419e-02
1.600000000000000000e+01 2.261452728781465082e-01 3.355733078514220313e-01 3.252570204220492367e-02 4.251238163092441180e-02
1.200000000000000000e+01 2.128466590987879992e-01 4.088684826916583193e-01 3.582007988197161152e-02 3.925062444309745935e-02
