1.300000000000000000e+01 2.692008851356307852e-01 5.339475112688131520e-02 2.269022821940841483e-02 3.539315858820823307e-02
6.000000000000000000e+00 6.884537463446569472e-01 8.474496061617315945e-01 3.275478834987388677e-02 4.231164984227275827e-02
0.000000000000000000e+00 5.929723930324546366e-01 8.149150356569275777e-01 3.169090594100898439e-02 4.225479317583191730e-02
9.000000000000000000e+00 5.029888119411014547e-01 8.091645477622348981e-01 3.304686185928035203e-02 4.303799666283891767e-02
3.000000000000000000e+00 3.947237633072842033e-01 7.749338115109256631e-01 3.357185585344724110e-02 4.271720414195823157e-02
5.000000000000000000e+00 7.397322098919638655e-01 7.466721532011582063e-01 3.169061526275507301e-02 4.224537520040916316e-02
9.000000000000000000e+00 6.408578565267677440e-01 7.240627626041282738e-01 3.206309037715937560e-02 4.322094955577326925e-02
2.000000000000000000e+00 5.616513751693912315e-01 6.992999112317336285e-01 3.286960626012025433e-02 4.297009422275399615e-02
7.000000000000000000e+00 4.519976257120132956e-01 6.800586095613481152e-01 3.464303428648235483e-02 4.453923357235367586e-02
3.000000000000000000e+00 3.538210745628609932e-01 6.696820644610916862e-01 3.562418966431912803e-02 4.578165056469529759e-02
6.000000000000000000e+00 8.196036177548811086e-01 6.376271421428636454e-01 3.207012479090110002e-02 4.346604945936738407e-02
1.000000000000000000e+00 7.255147004818005563e-01 6.111707701960733541e-01 3.197344520369105325e-02 4.291352823456684451e-02
1.000000000000000000e+00 6.085493755677602312e-01 5.937332142939198976e-01 3.469465874435506691e-02 4.454214035489156842e-02
1.500000000000000000e+01 5.286738400736392673e-01 5.655396618990149449e-01 3.294012480448937907e-02 4.534667962572669353e-02
3.000000000000000000e+00 4.274471584057489837e-01 5.517007609144106706e-01 3.449255015449620432e-02 4.513436822915983804e-02
8.000000000000000000e+00 3.254766310864145029e-01 5.429282365542085209e-01 3.629960965482148527e-02 4.634469434228316587e-02
8.000000000000000000e+00 8.778386223396736909e-01 5.477092252690413110e-01 3.065568440796750949e-02 4.326530705730147197e-02
2.000000000000000000e+00 7.851169683689369627e-01 5.242165797300504249e-01 3.260985617253508995e-02 4.621830743753607695e-02
2.000000000000000000e+00 7.100892194523693579e-01 5.202407988460364674e-01 3.232435199166427964e-02 4.549103044655794514e-02
5.000000000000000000e+00 5.794655338171526004e-01 4.590795653481830052e-01 3.368269147161673249e-02 4.449627132644373706e-02
0.000000000000000000e+00 4.819839507710699245e-01 4.547362508800791847e-01 3.404292903153649519e-02 4.579467295046507624e-02
1.500000000000000000e+01 3.819776817517094858e-01 4.249571939498861806e-01 3.534397582766724000e-02 4.672065759573290622e-02
8.000000000000000000e+00 8.731434999810099296e-01 4.139389184687415346e-01 3.242701955090243615e-02 4.528075379776741460e-02
1.000000000000000000e+00 7.714740426630366521e-01 4.012265410566935309e-01 3.403534232911253898e-02 4.579426600090980015e-02
5.000000000000000000e+00 6.661129424541272215e-01 3.505708992698658433e-01 3.342503426745879747e-02 4.662139097206413618e-02
0.000000000000000000e+00 5.539470643240353986e-01 3.432341074746872445e-01 3.477157221030735545e-02 4.882016848719450408e-02
7.000000000000000000e+00 4.595543592079207595e-01 3.054153696638303717e-01 3.618391970981371664e-02 4.961607461389216933e-02
6.000000000000000000e+00 8.300171371290193667e-01 2.834198479370632073e-01 3.345125344595056838e-02 4.768780228173713498e-02
7.000000000000000000e+00 7.080565936271041583e-01 2.567932112031163783e-01 3.395406868935346711e-02 4.925981934604928281e-02
1.300000000000000000e+01 3.026167921059206845e-01 3.189097733159574899e-01 2.392956402225998591e-02 3.389389829081917993e-02
