8.000000000000000000e+00 3.826421643796304450e-01 8.154691040151975656e-01 4.152634915887831735e-02 3.991228009389324871e-02
1.400000000000000000e+01 9.798762633396651545e-01 6.360357648640224681e-01 3.824195073349490048e-02 3.903575713439078054e-02
1.400000000000000000e+01 8.157298448577101624e-01 8.256311828300406663e-01 3.463969200822303307e-02 3.741377785409483181e-02
3.000000000000000000e+00 4.886723494777877042e-01 2.121675884621239405e-01 4.278588059605414884e-02 4.597452690201919712e-02
6.000000000000000000e+00 3.794279654118466460e-01 2.572278781571099016e-01 4.564182383856985048e-02 4.405213719755790569e-02
7.000000000000000000e+00 2.753930210273244361e-01 2.922590369443968661e-01 4.209312941772508365e-02 4.329142334535951431e-02
6.000000000000000000e+00 1.575984052409322711e-01 3.461120642303471273e-01 4.106050561750010375e-02 4.146226752697795837e-02
8.000000000000000000e+00 5.829151731511910128e-01 2.936659739107082556e-01 4.586751679826317485e-02 4.148158385799921577e-02
1.500000000000000000e+01 4.703836946688804144e-01 3.402121397806040504e-01 4.332975974465630431e-02 4.253556820219100976e-02
3.000000000000000000e+00 2.561325207204776522e-01 4.228225622584049215e-01 4.265801359499915568e-02 4.465115084313964200e-02
1.000000000000000000e+00 1.390738956601531850e-01 4.517998584732699774e-01 4.209309979145048342e-02 4.329139371908502509e-02
1.000000000000000000e+00 7.046138060825133387e-01 4.010192388049994006e-01 4.366166289869211070e-02 4.127858462462841160e-02
2.000000000000000000e+00 5.745825167912005371e-01 4.299108410206634590e-01 4.479735650815497294e-02 3.924053394423610008e-02
9.000000000000000000e+00 4.633453361792766456e-01 4.658530670036042931e-01 4.166342993132532424e-02 4.325415349194727810e-02
2.000000000000000000e+00 3.375438789875052081e-01 5.096717639706680458e-01 4.039524762197432839e-02 3.879294018799445132e-02
5.000000000000000000e+00 2.284648984125024762e-01 5.494556141642894520e-01 3.785340214247640001e-02 3.944323691486117944e-02
1.500000000000000000e+01 1.192078491141816132e-01 5.646313474250390652e-01 4.514626514379545263e-02 3.799551938160083964e-02
5.000000000000000000e+00 6.605364865515688244e-01 5.186305864568858670e-01 4.213827986017359972e-02 3.896118780129176340e-02
7.000000000000000000e+00 5.382047697589064095e-01 5.524377949627585771e-01 4.127194833912417593e-02 3.887773058582111307e-02
0.000000000000000000e+00 4.254371550551156456e-01 5.865980153433001387e-01 3.979946324032113125e-02 4.178051296843587892e-02
0.000000000000000000e+00 3.101855401729297634e-01 6.232575971256025804e-01 3.896012125540720961e-02 3.737040498812072009e-02
3.000000000000000000e+00 2.050511795521588465e-01 6.471569350656014574e-01 3.697246486806271548e-02 3.936638635862010904e-02
5.000000000000000000e+00 9.928157235200409103e-02 6.846904326952439890e-01 3.710113177853116562e-02 4.069417673241093603e-02
6.000000000000000000e+00 6.403498540884480228e-01 6.320495199940161513e-01 4.138695753701471247e-02 4.020024748273809401e-02
9.000000000000000000e+00 5.100670377260145827e-01 6.717297671054573982e-01 4.152720832084089153e-02 3.676431066291618865e-02
8.000000000000000000e+00 3.985078195094874376e-01 6.983036169824899941e-01 3.976533377201357800e-02 3.658696778332504174e-02
7.000000000000000000e+00 2.797428395388845135e-01 7.340225941733896642e-01 3.814910198898469051e-02 3.816059698351881302e-02
1.000000000000000000e+00 1.977051225748448771e-01 7.601947117672189780e-01 3.837749093966419389e-02 3.558032622590012739e-02
2.000000000000000000e+00 2.714172342322422882e-01 8.496054752447081970e-01 4.034517921794683604e-02 3.836430724747941223e-02
0.000000000000000000e+00 6.063089090893354349e-01 7.396935075206874100e-01 4.196858055942220833e-02 3.920717475906754235e-02
