5.000000000000000000e+00 7.007152674863950104e-01 2.169710208281928066e-01 4.200647260545975481e-02 3.326496398910472330e-02
8.000000000000000000e+00 2.995020870165816529e-01 1.532648644378705183e-01 4.317715054990328705e-02 2.829455329799485108e-02
8.000000000000000000e+00 4.813863530518623368e-01 1.667142078356993462e-01 4.176758795845236794e-02 3.216014613393006205e-02
0.000000000000000000e+00 5.840515481918733265e-01 1.883722090456062259e-01 4.190500808729180626e-02 2.972251241150980494e-02
2.000000000000000000e+00 7.511857880942311994e-01 3.016188351481981500e-01 4.268090369187704791e-02 3.171633341588353527e-02
1.000000000000000000e+00 6.200521101300738858e-01 2.763965280488757670e-01 4.396974079565674209e-02 3.191947856407939543e-02
0.000000000000000000e+00 4.909110645550615604e-01 2.474018533671319964e-01 4.406256083943349555e-02 3.254274516769306569e-02
5.000000000000000000e+00 3.608745865030217326e-01 2.171041187198365918e-01 4.698509554724145110e-02 3.236204863893213379e-02
8.000000000000000000e+00 1.908449609452411710e-01 1.954882593225873433e-01 4.560235784038604856e-02 3.136766394410647751e-02
1.500000000000000000e+01 1.303098679014770556e-01 2.520531613902813328e-01 4.782533845807700190e-02 3.236853199472564113e-02
6.000000000000000000e+00 2.419768108579952726e-01 2.791294110927330374e-01 4.814383331143198830e-02 3.294922456196197613e-02
1.000000000000000000e+00 3.868041871984394531e-01 3.082172975209994115e-01 4.642398811729780972e-02 3.511263934830044509e-02
7.000000000000000000e+00 5.288613606782401888e-01 3.436563738335017271e-01 4.931035110257453447e-02 3.446592460790032231e-02
6.000000000000000000e+00 6.476434084223530174e-01 3.529682286618061049e-01 4.487260211786447961e-02 3.281310110428137250e-02
6.000000000000000000e+00 7.966688521880169738e-01 3.782344064686643526e-01 4.661921816862923951e-02 3.202169947375671510e-02
3.000000000000000000e+00 1.401706198396473202e-01 3.516920476088148950e-01 5.229825964796687432e-02 3.455228830986606381e-02
7.000000000000000000e+00 2.904889392994708386e-01 3.691036128578842890e-01 4.707837482872018198e-02 3.250338579523009974e-02
3.000000000000000000e+00 4.362787427934753381e-01 3.898195149360416667e-01 4.877023353701248620e-02 3.412625079228670533e-02
5.000000000000000000e+00 5.790964814428080087e-01 4.380418373735485149e-01 4.464217284737093117e-02 3.348199432429160849e-02
9.000000000000000000e+00 6.900143806933189961e-01 4.597980344097442051e-01 4.379631102818104527e-02 3.494998815983135776e-02
1.500000000000000000e+01 8.270712525104035873e-01 4.849711220330010231e-01 4.288415689600277858e-02 3.566380563269400117e-02
2.000000000000000000e+00 3.246362204771126025e-01 4.700859719597488828e-01 5.095058609036123842e-02 3.382947518083989635e-02
1.000000000000000000e+00 4.575777146693267849e-01 4.942053116616959563e-01 4.603179911975696648e-02 3.540630835176272750e-02
0.000000000000000000e+00 6.148655875791811942e-01 5.158885169172500174e-01 4.556875244618985299e-02 3.505998909646090844e-02
7.000000000000000000e+00 7.581023941386151321e-01 5.455716429423143055e-01 4.522421611373117489e-02 3.566672314280106004e-02
9.000000000000000000e+00 2.206378042601190859e-01 5.538596948488800908e-01 5.011155880873693902e-02 3.632165013387289587e-02
2.000000000000000000e+00 5.217582906198372505e-01 6.198521256178273209e-01 5.074590114516441819e-02 3.840729166467182765e-02
3.000000000000000000e+00 6.759883427976596248e-01 6.072793319232775433e-01 5.321759949948290380e-02 3.781071487574139134e-02
1.000000000000000000e+01 4.576347817073007085e-01 9.229022477595638652e-01 3.060424879942369447e-02 2.849105300650245365e-02
1.300000000000000000e+01 5.642877404189803325e-01 7.294133286405867223e-01 3.398818232786804394e-02 2.759942950100335857e-02
