9.000000000000000000e+00 6.307833881838937895e-01 5.229176723100079638e-01 3.517305457947961234e-02 4.773427338561009314e-02
1.100000000000000000e+01 6.625320655475268605e-01 7.567928017217884218e-01 2.669263984781966581e-02 3.978303653320558464e-02
1.000000000000000000e+01 7.847337016069169113e-01 4.770876154780012146e-01 2.459981602002470069e-02 3.210280237946983029e-02
2.000000000000000000e+00 1.419776706086101625e-01 5.128865816758687579e-01 3.617417110175150108e-02 4.719728497312253301e-02
1.500000000000000000e+01 1.834123783699900812e-01 6.072838026425173563e-01 3.513576926025599456e-02 4.765491380707909119e-02
1.000000000000000000e+00 1.998702265965363600e-01 3.984024935950338797e-01 3.513474305880950888e-02 4.280400255818667121e-02
6.000000000000000000e+00 2.348545883850370330e-01 4.866022559813811821e-01 3.028665386389500780e-02 4.240344192689499137e-02
5.000000000000000000e+00 2.472739205883881242e-01 2.831702476484942999e-01 3.307333239751636400e-02 4.361983270817021419e-02
7.000000000000000000e+00 3.040292600871976614e-01 1.770771379926955325e-01 3.053265715510256051e-02 3.925662369673652008e-02
7.000000000000000000e+00 2.781573533518282293e-01 3.929407644406960887e-01 3.343954378594538035e-02 4.361042586157715117e-02
1.000000000000000000e+00 3.602992348073988382e-01 2.863759869450404616e-01 3.088450172328027765e-02 4.327092421635336805e-02
1.500000000000000000e+01 6.929152393585863434e-01 3.973636641696023375e-01 3.831123561412974610e-02 4.688919649440065340e-02
8.000000000000000000e+00 3.933694743477777478e-01 1.918120937601194842e-01 3.192276103679703159e-02 4.257327826629406231e-02
0.000000000000000000e+00 2.200340445664137334e-01 7.611968307463170547e-01 3.454618802363446095e-02 4.940738082177820178e-02
5.000000000000000000e+00 2.734502813390230491e-01 6.463422554376926366e-01 3.896905924694493706e-02 5.108248364964795840e-02
0.000000000000000000e+00 3.391232543969016078e-01 5.124794505047597371e-01 3.265578243116556978e-02 4.522324396276217184e-02
2.000000000000000000e+00 3.745327058818254118e-01 3.888588629007897479e-01 3.517311159067110227e-02 4.773424488001426491e-02
3.000000000000000000e+00 4.894750926781166189e-01 1.819349761013519806e-01 3.266265227973802476e-02 4.605994020882508977e-02
9.000000000000000000e+00 4.845119834044046003e-01 3.849394717621781314e-01 3.516624174209853626e-02 4.689757713954717522e-02
3.000000000000000000e+00 4.260598768249654889e-01 5.440777180924883938e-01 3.517276952352216268e-02 4.606088089348436831e-02
1.000000000000000000e+00 3.754808162488249557e-01 6.489486930894707850e-01 3.831867557461710039e-02 5.024555935881924729e-02
2.000000000000000000e+00 3.286443693593350535e-01 7.564100855934279277e-01 3.642901112763735627e-02 4.940812196726740435e-02
5.000000000000000000e+00 5.872347624538736266e-01 1.811754017445547649e-01 3.165580613272311883e-02 5.065130800853509530e-02
0.000000000000000000e+00 5.447110839241614544e-01 2.942403102360436895e-01 3.436634622013179374e-02 4.461667339108166264e-02
3.000000000000000000e+00 4.973208588262951757e-01 6.511619815648490572e-01 3.642881158846716927e-02 4.853225903266233932e-02
7.000000000000000000e+00 5.445670451489040831e-01 7.442842897621750886e-01 3.642952422836054360e-02 5.192875777587835362e-02
6.000000000000000000e+00 6.031514889565507964e-01 6.266056080727271382e-01 3.768371342958276582e-02 5.024533131405350961e-02
