1 0.630586 0.520859 0.039953 0.051344
14 0.858629 0.578417 0.036289 0.039188
14 0.780355 0.604005 0.032695 0.039990
6 0.529816 0.804219 0.040664 0.053750
3 0.297687 0.805172 0.037781 0.050865
5 0.176043 0.819568 0.035633 0.050865
3 0.589020 0.661943 0.040305 0.052302
1 0.468816 0.669620 0.037430 0.050385
8 0.353293 0.661943 0.036711 0.053260
6 0.239566 0.665297 0.038148 0.049427
2 0.125840 0.689052 0.035992 0.049896
9 0.509121 0.532859 0.038867 0.049427
0 0.418254 0.538859 0.038508 0.052781
8 0.298406 0.539339 0.036344 0.047990
0 0.195840 0.541734 0.036352 0.048948
15 0.057641 0.533578 0.034906 0.048948
0 0.704902 0.393464 0.040305 0.050865
7 0.569762 0.389380 0.037070 0.049427
5 0.447223 0.404734 0.037430 0.049427
1 0.346273 0.410255 0.037062 0.051823
3 0.230926 0.411214 0.035992 0.048948
2 0.128723 0.411474 0.035992 0.048510
5 0.620691 0.250943 0.038148 0.049906
6 0.501926 0.272776 0.037430 0.050385
7 0.291566 0.279974 0.037789 0.048469
8 0.183242 0.279255 0.036344 0.047990
2 0.571027 0.136740 0.037430 0.048937
7 0.463059 0.147776 0.037430 0.048948
9 0.343035 0.146818 0.036352 0.049906
15 0.230207 0.158094 0.036711 0.048458
