9.000000000000000000e+00 6.198316044402965019e-01 9.562894645492423518e-01 3.302914920170196833e-02 4.438691881854472943e-02
1.400000000000000000e+01 2.459867457028642179e-01 3.475211378078554292e-01 2.953076234817855750e-02 3.937458615310296395e-02
1.200000000000000000e+01 1.048139946717316917e-01 1.539886640842297039e-01 2.739490604427299858e-02 3.850157745344851001e-02
8.000000000000000000e+00 5.773382775059758831e-01 1.869482656708182089e-01 4.356641059130195170e-02 5.908211717203004643e-02
7.000000000000000000e+00 6.790969857824831202e-01 3.054586870072705795e-01 4.207955703216958998e-02 5.560742496052917261e-02
3.000000000000000000e+00 7.936533120286588527e-01 3.643867890061543990e-01 4.005682639447860627e-02 5.439598468435657974e-02
2.000000000000000000e+00 9.182031046755744219e-01 4.335076642076279851e-01 3.629073735720744764e-02 5.333297568190098481e-02
0.000000000000000000e+00 9.018089532179700551e-01 5.556542824446286666e-01 3.444113714626417799e-02 5.184033141224941854e-02
5.000000000000000000e+00 7.973802251366013394e-01 4.860965335878100757e-01 3.739038146702944321e-02 5.044943819886416048e-02
1.000000000000000000e+00 5.702154081229291460e-01 3.821067620449066782e-01 4.017281787151150141e-02 5.712840234950689045e-02
0.000000000000000000e+00 4.758698581386856530e-01 3.137263444066360485e-01 4.174342992208240899e-02 5.684710972270373697e-02
0.000000000000000000e+00 3.725285723128306525e-01 3.902907348139370569e-01 4.134954342901026036e-02 5.451711689419735940e-02
9.000000000000000000e+00 4.691251871503147042e-01 4.709576368130108381e-01 3.854223060484879282e-02 5.079315823039748379e-02
3.000000000000000000e+00 6.341101966252540301e-01 5.792639546535871542e-01 3.623838460700312680e-02 4.720008144210841028e-02
1.500000000000000000e+01 7.106342884144519756e-01 6.166845600841939223e-01 3.498103226885684869e-02 4.901535101211607071e-02
2.000000000000000000e+00 8.064660862967785171e-01 6.600670860720695421e-01 3.548110148440875022e-02 4.552107083595080539e-02
6.000000000000000000e+00 8.892547519011981816e-01 6.941813139739712035e-01 3.357335781274206621e-02 4.714441971446459156e-02
3.000000000000000000e+00 7.937402317753300407e-01 7.814495373316239224e-01 3.402302421122405107e-02 4.467716341109961853e-02
2.000000000000000000e+00 7.252279720672023533e-01 7.503843548736195412e-01 3.333629321475151119e-02 4.617028039181403365e-02
6.000000000000000000e+00 6.025459790071474586e-01 6.927420269655324425e-01 3.599162943222522504e-02 4.694966275659384625e-02
6.000000000000000000e+00 5.129832604673598695e-01 6.236001456662060294e-01 3.915793676413653612e-02 4.877698645870265359e-02
7.000000000000000000e+00 3.892705061626642316e-01 5.701113230557903755e-01 3.580384496253075088e-02 4.773849934262963668e-02
5.000000000000000000e+00 2.472110968999393088e-01 5.182432050963812209e-01 4.019991012429782740e-02 5.325813961177267020e-02
1.000000000000000000e+00 7.279767573529019042e-01 8.557257993839171295e-01 3.316936712070284177e-02 4.393039810965237990e-02
1.000000000000000000e+00 6.097847512339027443e-01 8.417361518360917394e-01 3.322526520387814042e-02 4.429970362745949686e-02
5.000000000000000000e+00 5.132481707013932803e-01 7.751830431277093592e-01 3.441992423732154194e-02 4.608430606726854339e-02
8.000000000000000000e+00 4.280172729354951855e-01 7.111921465574304602e-01 3.670483224821402546e-02 5.096882947910796879e-02
8.000000000000000000e+00 3.219977244056210774e-01 6.712728495377831006e-01 3.736834131372679391e-02 4.780290622493510444e-02
1.500000000000000000e+01 3.329125933010683713e-01 7.805585656115835436e-01 3.666276096362547365e-02 4.715493753561172952e-02
7.000000000000000000e+00 4.341525307306017822e-01 8.294743814005403060e-01 3.507787894784653027e-02 4.329330177477330732e-02
