3.000000000000000000e+00 6.633895637334221718e-01 2.307579786857053006e-01 3.603608417574089007e-02 4.616079712438647675e-02
1.000000000000000000e+01 7.625251510289596801e-01 8.030312514222603948e-01 3.451128361572763925e-02 4.364886151942648507e-02
1.000000000000000000e+01 7.308552899062481512e-01 6.864553099725247964e-01 3.267769839123590980e-02 4.341707558841789716e-02
8.000000000000000000e+00 1.342871680708317972e-01 5.594591835112028289e-01 3.356679402316410654e-02 4.710511748896439865e-02
1.000000000000000000e+00 2.181324145651596103e-01 6.297891497504426450e-01 3.532732916718456240e-02 4.945817622006554171e-02
0.000000000000000000e+00 4.129392102433858680e-01 7.656995013790730553e-01 3.747517076102391265e-02 5.373462382670879389e-02
6.000000000000000000e+00 1.392581273305727174e-01 4.346947088036119400e-01 3.101658468878341901e-02 4.511874759809714197e-02
9.000000000000000000e+00 2.121804265702874615e-01 4.841484991983827646e-01 3.285245449108137317e-02 4.568552032669520591e-02
7.000000000000000000e+00 3.078682192955695118e-01 5.474569424711257515e-01 3.413537185027576415e-02 4.551420519589144398e-02
1.000000000000000000e+00 4.092201996214658299e-01 6.167253697610626251e-01 3.719842659516148231e-02 5.007111998408109166e-02
5.000000000000000000e+00 4.995099157535646262e-01 6.689761744049490533e-01 3.743842008347408878e-02 5.133124797454158283e-02
2.000000000000000000e+00 1.412060824686978688e-01 3.162529865051151301e-01 3.016598842359008437e-02 4.304844062634877178e-02
3.000000000000000000e+00 2.351793277550592587e-01 3.595572857434308767e-01 3.297740115381780912e-02 4.632466622382191979e-02
5.000000000000000000e+00 3.120510556214853848e-01 4.168989053678932022e-01 3.319248992357598516e-02 4.520451798215624484e-02
3.000000000000000000e+00 4.022119892565062527e-01 4.774015486385989049e-01 3.590072999188714808e-02 4.786224349675161083e-02
1.000000000000000000e+00 4.975050012959368884e-01 5.365008688383220425e-01 3.591799124642319763e-02 5.024689145184035866e-02
8.000000000000000000e+00 5.933299392012542084e-01 5.915577837355525670e-01 4.040808918494653845e-02 5.058388078059328219e-02
2.000000000000000000e+00 2.251462799653061730e-01 2.265497440596102030e-01 3.062862953168635216e-02 4.319104340892115923e-02
2.000000000000000000e+00 3.089941212887472588e-01 2.916129123155329350e-01 3.425535449209987648e-02 4.614739990885607934e-02
1.500000000000000000e+01 3.925772195309748525e-01 3.415891518089942958e-01 3.483927565657696235e-02 4.692618709880624905e-02
1.500000000000000000e+01 4.819275511147438351e-01 4.059602058082826814e-01 3.404455283131146981e-02 4.493121478533534940e-02
7.000000000000000000e+00 5.768458077799578643e-01 4.573271326831317429e-01 3.626262403919444655e-02 4.976430964610206731e-02
0.000000000000000000e+00 6.729312862715117749e-01 5.222112436279071623e-01 3.790870465558870972e-02 4.913723534528496861e-02
7.000000000000000000e+00 3.039667809051214142e-01 1.698405999291736634e-01 3.121201480754209889e-02 4.396915368692880244e-02
6.000000000000000000e+00 3.929372661727722482e-01 2.124412492031668154e-01 3.167885841061529595e-02 4.412650750891677909e-02
0.000000000000000000e+00 5.760251366635598114e-01 3.208133563646785591e-01 3.415173055555509318e-02 4.789132250561872750e-02
6.000000000000000000e+00 6.792123239821434844e-01 3.623549345974926283e-01 3.956324667126520644e-02 5.086945300637368828e-02
9.000000000000000000e+00 4.042280727611867741e-01 9.013379561919344918e-02 3.214609687898833945e-02 4.427551275027949429e-02
5.000000000000000000e+00 4.712211733747632691e-01 1.246733403085241998e-01 3.248697845141113039e-02 4.378351058667340201e-02
8.000000000000000000e+00 5.796805739722048489e-01 1.802567093667722387e-01 3.437387049138174167e-02 4.677362806974499909e-02
