2.000000000000000000e+00 1.446386097266080251e-01 3.387914051464577248e-01 4.078276514342457637e-02 3.881764544020593899e-02
1.300000000000000000e+01 2.248872519977624107e-01 8.455105545786028021e-01 3.487405696989548387e-02 3.116416305554503552e-02
3.000000000000000000e+00 7.825399265143704319e-01 4.839412480369278402e-01 3.869635802295490201e-02 4.010379623372067881e-02
6.000000000000000000e+00 7.281070560551876625e-01 3.901085725869755105e-01 3.805955611329669974e-02 3.805952746723689772e-02
7.000000000000000000e+00 6.822659123777432555e-01 3.044673954940747551e-01 3.684943196252732367e-02 3.657526052405063455e-02
6.000000000000000000e+00 6.224109157170264472e-01 2.057438063757733859e-01 3.713491859463058375e-02 3.403862328148918315e-02
8.000000000000000000e+00 7.233769900126924002e-01 5.771907613242230894e-01 3.743375429060669113e-02 4.023854729908415973e-02
1.500000000000000000e+01 6.662547415200215095e-01 4.796735866919451530e-01 3.805778005758819749e-02 3.804781122877298749e-02
3.000000000000000000e+00 5.633044692453010871e-01 2.954711147326175014e-01 3.652280958853171278e-02 3.651284075971661380e-02
1.000000000000000000e+00 5.213956274906006438e-01 1.967155136424743600e-01 3.626957841977884733e-02 3.260695050412099061e-02
1.000000000000000000e+00 6.418688950757698297e-01 7.050337720715986745e-01 3.820908854552407252e-02 4.102379309069692503e-02
2.000000000000000000e+00 5.972858004071628368e-01 5.831748086350623250e-01 3.968923045609706879e-02 4.222051088547329467e-02
9.000000000000000000e+00 5.476348740047978225e-01 4.851959311337372682e-01 3.843516324957363395e-02 3.844510343232904193e-02
2.000000000000000000e+00 4.919864652895409307e-01 3.740898248464330500e-01 4.044233536859881406e-02 3.875072824448116959e-02
1.500000000000000000e+01 4.175838536130432876e-01 1.842399827172565285e-01 3.738356639381329449e-02 3.343860291263178741e-02
5.000000000000000000e+00 5.224041693184608981e-01 6.784768407540677781e-01 4.028524037658043344e-02 4.197684750069807791e-02
7.000000000000000000e+00 4.734913945853748141e-01 5.645088355380477596e-01 3.848598135968311906e-02 3.876997839667595258e-02
0.000000000000000000e+00 3.817463293904043709e-01 3.573191610048712663e-01 4.039389488145384011e-02 3.841889228759948205e-02
3.000000000000000000e+00 3.451270255493902317e-01 2.630986465511014893e-01 3.808654070164113614e-02 3.612150693660190481e-02
5.000000000000000000e+00 2.972843243806442270e-01 1.718388599324047195e-01 3.716998137184251982e-02 3.436533159366425560e-02
6.000000000000000000e+00 4.057953984324567109e-01 6.759795059055706545e-01 4.017833328135578252e-02 4.130303488176079174e-02
9.000000000000000000e+00 3.543399851072781548e-01 5.508323472012011113e-01 4.136310566919004783e-02 3.826580774395516027e-02
8.000000000000000000e+00 3.137519272324071351e-01 4.459849036771398878e-01 4.135382434581036382e-02 4.051257550726194978e-02
7.000000000000000000e+00 2.661867204450762969e-01 3.391328232103471008e-01 3.815171048771720530e-02 3.871924622474592903e-02
1.000000000000000000e+00 2.335669794752485151e-01 2.629547573926572790e-01 3.929236794343829442e-02 3.535602692626069188e-02
0.000000000000000000e+00 4.279282752414521607e-01 4.622413850680760494e-01 3.914567147113245937e-02 3.887147138659585721e-02
8.000000000000000000e+00 1.905851852271966407e-01 4.415247408102093152e-01 4.317978149045417768e-02 3.952640625211611969e-02
0.000000000000000000e+00 2.908405364558552808e-01 6.530144180898980188e-01 4.338680656472765351e-02 4.309352820435519149e-02
