7.000000000000000000e+00 6.818736950234662864e-01 2.156321870704018262e-01 4.759110516939724089e-02 3.482199850926601115e-02
6.000000000000000000e+00 7.289770741338780224e-01 1.120682503592377588e-01 4.814416305394031426e-02 3.458860862393677016e-02
6.000000000000000000e+00 8.302504542791735442e-01 2.070031969451435194e-01 3.997093760722558731e-02 3.023156387276257351e-02
1.500000000000000000e+01 8.869977700897826445e-01 2.960069567598417328e-01 4.593572515142840818e-02 3.297625927332004103e-02
0.000000000000000000e+00 9.500219270750895895e-01 3.889156276984458427e-01 4.239539596322006165e-02 3.506993969709404357e-02
6.000000000000000000e+00 9.217596123764282279e-01 4.601192154345125074e-01 4.298904574933337663e-02 3.224194689638543165e-02
0.000000000000000000e+00 8.369812852528735192e-01 3.900816693622732867e-01 4.418241513861698166e-02 3.350270751344269771e-02
5.000000000000000000e+00 7.529522282697158619e-01 2.867980823264391632e-01 4.728219483702134074e-02 3.619339780062957868e-02
3.000000000000000000e+00 5.905760321142987657e-01 1.446272774533684802e-01 4.639269566416415191e-02 3.388296529363843401e-02
5.000000000000000000e+00 4.578208006233467353e-01 1.008129127173388040e-01 4.704647457550042988e-02 3.286694837149507775e-02
9.000000000000000000e+00 6.096244187149094662e-01 3.167440125313443211e-01 4.756991500449214705e-02 3.438036512355879815e-02
8.000000000000000000e+00 7.070772283862569729e-01 3.882989993191874323e-01 4.850900241491495901e-02 3.617264119408569734e-02
2.000000000000000000e+00 7.938771297586337816e-01 4.633299454272951090e-01 4.450216443002363853e-02 3.379709364071753486e-02
0.000000000000000000e+00 8.702037243831790558e-01 5.604239449086290126e-01 4.588228908340685752e-02 3.525783305189189587e-02
3.000000000000000000e+00 3.996577948250347179e-01 2.173108979476842395e-01 5.440653421833197001e-02 3.867730784690753820e-02
7.000000000000000000e+00 4.892737390457886915e-01 3.116130119105806617e-01 5.105664554029354374e-02 3.586004561563937987e-02
2.000000000000000000e+00 5.637646204714914511e-01 3.613002633669313290e-01 5.155810997985044164e-02 3.838340947278923165e-02
1.000000000000000000e+00 6.580336756093440043e-01 4.719321091289523373e-01 4.825705081224551662e-02 3.546128031289863536e-02
2.000000000000000000e+00 7.446886059046847750e-01 5.691631536985310991e-01 4.871879046695459792e-02 3.653905220411957089e-02
8.000000000000000000e+00 8.418849387079675450e-01 6.655401695886808966e-01 4.944603042312167851e-02 3.817741505641014665e-02
1.500000000000000000e+01 3.313822976763255435e-01 3.063564825955422677e-01 5.158688741607703188e-02 3.868654805948129605e-02
3.000000000000000000e+00 4.317750665951691214e-01 3.999753221298400496e-01 5.089319403811010112e-02 3.707688135122455542e-02
9.000000000000000000e+00 5.178487035176916331e-01 4.697501724812706003e-01 4.680582258762067127e-02 3.510424500242631529e-02
7.000000000000000000e+00 7.011790733426956912e-01 6.943022144934540840e-01 4.897632413352481784e-02 3.855504438904089337e-02
5.000000000000000000e+00 2.739872050279432703e-01 4.170669650053313027e-01 5.331762529670688866e-02 3.816627802600602859e-02
1.000000000000000000e+00 3.533919556276264862e-01 5.079208402856840721e-01 5.324982760796970194e-02 4.101136928458565256e-02
1.000000000000000000e+00 4.387728340323984177e-01 6.169580854925013069e-01 5.235060046938250222e-02 4.181556584987089487e-02
8.000000000000000000e+00 5.494546744929487136e-01 6.984835055239450030e-01 5.492051765556937859e-02 4.191934888259019054e-02
1.400000000000000000e+01 2.569242718451847374e-01 7.626229371987192085e-01 4.159491174140284020e-02 3.150050790388803090e-02
1.400000000000000000e+01 3.251248311408951874e-01 6.542699825729096919e-01 4.046280956804021445e-02 3.035081951949825108e-02
