1.000000000000000000e+00 3.860147610937997298e-01 4.304045311461638379e-01 3.795781264694536583e-02 4.911523933952216536e-02
1.400000000000000000e+01 1.915731953561953249e-01 2.896875408002230756e-01 3.403158319196886161e-02 3.825584439072221565e-02
1.400000000000000000e+01 2.682089148871707462e-01 2.968270359628150112e-01 3.093405300281182324e-02 3.845208910390596202e-02
6.000000000000000000e+00 5.393226054249956603e-01 2.122833334495185520e-01 3.873003616148973371e-02 5.127756745021844198e-02
3.000000000000000000e+00 7.502416391927948514e-01 3.014731465924341824e-01 3.604658572614927170e-02 4.844133703984881967e-02
5.000000000000000000e+00 8.638033525769193144e-01 3.355974403549697449e-01 3.419674919695581128e-02 4.819608796502033998e-02
3.000000000000000000e+00 4.545333271411264864e-01 3.184635979619913626e-01 3.832447890535045643e-02 4.998447728596033812e-02
1.000000000000000000e+00 5.653217061477402439e-01 3.581282964437556005e-01 3.571119703422032110e-02 4.798487206425017249e-02
8.000000000000000000e+00 6.685103751171854736e-01 4.099143161054045192e-01 3.529217423175079471e-02 5.039867067307934878e-02
6.000000000000000000e+00 7.724759833832230971e-01 4.509903828150257366e-01 3.626862519896978387e-02 4.724389770785608622e-02
2.000000000000000000e+00 8.808926649195336633e-01 4.735474171758438100e-01 3.443674273155006293e-02 4.739559816651278679e-02
9.000000000000000000e+00 4.988911520313632497e-01 4.666342937557249604e-01 3.689278452053307289e-02 4.733119649239775351e-02
0.000000000000000000e+00 5.826834259244482173e-01 4.964399254535677986e-01 3.680338351989764778e-02 5.018535255621536795e-02
8.000000000000000000e+00 6.915780775388300494e-01 5.424994800675286832e-01 3.461213573374966046e-02 4.578706195489057329e-02
0.000000000000000000e+00 7.852032541479669892e-01 5.801161371324499161e-01 3.468366789758814406e-02 4.661510782922151375e-02
1.500000000000000000e+01 9.088711441361676524e-01 6.411341524030840233e-01 3.343659922078756619e-02 4.644943047437388728e-02
0.000000000000000000e+00 2.907551824925898032e-01 5.172140675044478719e-01 3.823283364699336939e-02 4.874701062320963008e-02
7.000000000000000000e+00 4.125349415287000721e-01 5.733490751183580869e-01 3.533580941985881019e-02 4.711469664306755512e-02
5.000000000000000000e+00 5.271181614844313579e-01 6.069509823857607289e-01 3.564659650182600004e-02 4.715782048131500481e-02
1.000000000000000000e+00 6.199585865074381807e-01 6.411031589198641356e-01 3.549131659414461737e-02 4.918975437754780078e-02
3.000000000000000000e+00 7.248720669651502746e-01 6.849816927448897363e-01 3.437282399896990359e-02 4.657266579078833679e-02
2.000000000000000000e+00 8.177018104577348234e-01 7.243955457116841856e-01 3.434333615700602138e-02 4.619375554405369400e-02
5.000000000000000000e+00 3.360949127485592935e-01 6.792548299806435708e-01 3.629922096563148459e-02 4.765735247850988454e-02
6.000000000000000000e+00 4.486662124734366319e-01 7.055114237665462973e-01 3.571119703422026559e-02 4.798490047257575331e-02
7.000000000000000000e+00 6.411876168718465552e-01 7.805871285060090869e-01 3.589585115056270759e-02 4.637380751165032233e-02
8.000000000000000000e+00 7.393599437084058534e-01 8.232643026501105243e-01 3.461219255040082210e-02 4.578706195489068431e-02
2.000000000000000000e+00 3.562548099835074478e-01 8.021878534024522445e-01 3.561409737734971825e-02 4.673482051326272035e-02
7.000000000000000000e+00 4.566691928965345149e-01 8.340565119088874102e-01 3.561480758548951631e-02 4.674430889401004485e-02
9.000000000000000000e+00 5.654098287737240325e-01 8.814896374735061713e-01 3.474826842998246512e-02 4.744514228634388875e-02
1.500000000000000000e+01 6.702881681326797736e-01 9.150259215087933606e-01 3.496059225545078419e-02 4.623511806611424468e-02
