8.000000000000000000e+00 2.975964455965136035e-01 1.293196040900334021e-01 4.718186198194596059e-02 3.368974498385277072e-02
8.000000000000000000e+00 4.779484268229305943e-01 1.604955169070338417e-01 4.762489002368153201e-02 3.426215038426547177e-02
5.000000000000000000e+00 6.088099067320271729e-01 1.815589343167440251e-01 4.693775375802700101e-02 3.447492192455570148e-02
5.000000000000000000e+00 7.514516805266469035e-01 2.041204666043863747e-01 4.584874723257670315e-02 3.397960930741786290e-02
5.000000000000000000e+00 8.009972481177349835e-01 2.988363734506356839e-01 4.929941567041096206e-02 3.717280033837211395e-02
8.000000000000000000e+00 6.547973414974023187e-01 2.837848732488744696e-01 4.811651263278338142e-02 3.522109831878594832e-02
1.000000000000000000e+00 5.232869169058237402e-01 2.702880869713819578e-01 4.793453846725492795e-02 3.391980279255774056e-02
2.000000000000000000e+00 3.811511567516462362e-01 2.565014505626629915e-01 4.971635819379988108e-02 3.631376646759512661e-02
0.000000000000000000e+00 2.219955893399593871e-01 2.095214178279467543e-01 5.157308508347516196e-02 3.519941242540525206e-02
3.000000000000000000e+00 9.303838065484795750e-02 2.798597549316443889e-01 5.107345799540298492e-02 3.830526380461546365e-02
0.000000000000000000e+00 2.664330504221583684e-01 3.287971524290480563e-01 5.386196868351858513e-02 3.923236413131775402e-02
1.500000000000000000e+01 4.140028583335113588e-01 3.290445674678607602e-01 5.110627068224610214e-02 3.804188238487782314e-02
1.500000000000000000e+01 5.842542657170620712e-01 3.662258690170542286e-01 5.079545846690747268e-02 3.705236415301305097e-02
7.000000000000000000e+00 7.217233862468399597e-01 3.874725804797826134e-01 4.881755739026583107e-02 3.765795124107235159e-02
3.000000000000000000e+00 8.587478040389274758e-01 4.028806489965286453e-01 5.142735815073096184e-02 3.787114855152062809e-02
1.000000000000000000e+00 9.117098649165011892e-01 5.053893986599400368e-01 4.887637044142401077e-02 3.804750255096334133e-02
1.000000000000000000e+00 7.598811348840477375e-01 4.911386869713416647e-01 5.037916879109405333e-02 3.778434820864334798e-02
6.000000000000000000e+00 6.137167374948919729e-01 4.712509486989115981e-01 5.086159476478313568e-02 3.931022330087696748e-02
0.000000000000000000e+00 4.719746444287996612e-01 4.368471161984029960e-01 5.246050363145199347e-02 3.847318755492984410e-02
9.000000000000000000e+00 1.513055235087395478e-01 4.064301528803728192e-01 5.430366264542581256e-02 3.870878037568881158e-02
3.000000000000000000e+00 8.109921174227089358e-01 6.131053599326838910e-01 5.168633994550275723e-02 3.905850798346854891e-02
7.000000000000000000e+00 6.698401701802789709e-01 5.652205230352059795e-01 5.165466264574758437e-02 3.943398049346846790e-02
6.000000000000000000e+00 5.206576300644608635e-01 5.450654720652461371e-01 5.165171063931883744e-02 3.941422475813727289e-02
9.000000000000000000e+00 3.597350597277275686e-01 5.277541967499099762e-01 5.625567689646110425e-02 3.905811059798769413e-02
7.000000000000000000e+00 2.767891573215164325e-01 6.154436328710550796e-01 5.362623393937368532e-02 3.882302870141829398e-02
2.000000000000000000e+00 4.031205420958833274e-01 6.240336877320529219e-01 5.397562093102686864e-02 4.117498305419986515e-02
6.000000000000000000e+00 5.564707475956045535e-01 6.607096710653956873e-01 5.538168430079981608e-02 4.355435700515652986e-02
2.000000000000000000e+00 7.323726642846569712e-01 6.843331592811168207e-01 5.620364778315378729e-02 4.416530879720648173e-02
1.300000000000000000e+01 3.889043177900828874e-01 7.844288281893967429e-01 3.537409172889327547e-02 2.304744957662707705e-02
1.200000000000000000e+01 4.820975002432677514e-01 8.210547125674816371e-01 4.084555049061810994e-02 2.888413397988243148e-02
