9.000000000000000000e+00 5.834641084422313995e-01 3.898895190438175784e-01 4.571252147379067932e-02 3.386589372314696700e-02
1.100000000000000000e+01 8.068024988087930671e-01 4.251015047588756479e-01 3.761180043972012221e-02 2.611506326997264926e-02
1.000000000000000000e+01 6.169529316308853817e-01 2.405210849900356884e-01 3.092794055166425693e-02 2.354446373114321700e-02
2.000000000000000000e+00 3.387808050908482360e-01 8.219470156723091003e-01 4.547154230816374820e-02 3.462118439742134512e-02
1.500000000000000000e+01 4.427293059024353106e-01 8.107024800055246949e-01 4.564061640017619270e-02 3.382680714335217775e-02
1.000000000000000000e+00 2.648731738076156028e-01 7.393931209026989304e-01 4.171901167540684185e-02 3.330751401178977389e-02
6.000000000000000000e+00 3.601980884657104420e-01 7.322045569216177885e-01 4.042537726765349504e-02 2.930935104914456080e-02
5.000000000000000000e+00 1.852411240496776856e-01 6.659657782858969810e-01 4.195465338791051768e-02 3.170501898330324586e-02
7.000000000000000000e+00 1.182484917462928303e-01 5.866998641264380421e-01 3.791179267680230836e-02 2.915973813236627521e-02
7.000000000000000000e+00 2.977746034371653305e-01 6.682771144607080327e-01 4.201878494005312215e-02 3.200189086317484222e-02
1.000000000000000000e+00 2.426068932417227708e-01 5.663026091007641316e-01 4.124830305304355571e-02 2.989137978357114811e-02
1.500000000000000000e+01 5.017547766718264413e-01 3.005615477425912507e-01 4.566322530417521453e-02 3.634044647731210498e-02
8.000000000000000000e+00 1.744454408190055927e-01 5.112319036943926420e-01 4.087821226494242621e-02 3.065386917667323186e-02
0.000000000000000000e+00 5.972939969157092799e-01 8.198859376200930971e-01 4.696323728412199472e-02 3.355106610353775221e-02
5.000000000000000000e+00 5.208977849566412965e-01 7.412130281884065086e-01 4.917882776136800471e-02 3.732231887955772542e-02
0.000000000000000000e+00 4.335060089903235436e-01 6.464810908865294969e-01 4.318021473967631474e-02 3.154511436204099351e-02
2.000000000000000000e+00 3.406276459861624639e-01 5.814464964185270812e-01 4.571246673068168898e-02 3.386589372314707802e-02
3.000000000000000000e+00 2.120136931155507665e-01 4.230689204948716586e-01 4.386713127086372399e-02 3.164652597138317702e-02
9.000000000000000000e+00 3.901866920107884829e-01 4.825596255757305109e-01 4.503047707930035726e-02 3.376825938832295204e-02
3.000000000000000000e+00 5.035430698121117210e-01 5.777261821053911728e-01 4.435114246870353050e-02 3.368146418907225215e-02
1.000000000000000000e+00 5.724275692179277009e-01 6.511668546692239712e-01 4.837073735850527800e-02 3.670109407911825716e-02
2.000000000000000000e+00 6.454212916686844492e-01 7.219814181817454379e-01 4.731983389586535971e-02 3.507177492724300460e-02
5.000000000000000000e+00 2.584895661864095029e-01 3.359083520492320840e-01 4.748315996143731565e-02 3.140420559958673197e-02
0.000000000000000000e+00 3.385475720751386364e-01 4.044070904520081222e-01 4.301998165976039790e-02 3.286655826914430811e-02
3.000000000000000000e+00 6.331621472204982393e-01 5.433940413232607458e-01 4.660724284657724592e-02 3.497526282615248672e-02
7.000000000000000000e+00 7.387796148806222707e-01 5.266344658877528673e-01 4.938239001202315848e-02 3.535994265279052140e-02
6.000000000000000000e+00 6.623642017760880130e-01 4.425984014431428304e-01 4.824636101495560769e-02 3.618459284611275084e-02
