3.000000000000000000e+00 4.869539479310368013e-01 1.541900390695813972e-01 3.182316484243663535e-02 4.144523743122893733e-02
1.000000000000000000e+01 7.442550327763070017e-01 7.062351480378383783e-01 2.837858717342567338e-02 3.954196478239691004e-02
2.000000000000000000e+00 7.037119119420374158e-01 7.274772614834260631e-01 3.054333070916737114e-02 3.789853758516525950e-02
9.000000000000000000e+00 4.412782628832374598e-01 7.836308388353933063e-01 3.703599193057649508e-02 5.390795439718765181e-02
6.000000000000000000e+00 2.939965885928002565e-01 7.149209138386711793e-01 3.774563456705370967e-02 5.347306637756632508e-02
2.000000000000000000e+00 1.953743380840880783e-01 6.625284256451857701e-01 3.783671499389801296e-02 5.398771282635672630e-02
5.000000000000000000e+00 9.403995067429987698e-02 5.680978925530750789e-01 3.342587208268238408e-02 4.974414962832063303e-02
2.000000000000000000e+00 1.231521696673962135e-01 4.524871386685109798e-01 3.394898200498261409e-02 4.814889697070284802e-02
7.000000000000000000e+00 2.175656497011268509e-01 5.022876320501148406e-01 3.552624277520535778e-02 5.208102115842483393e-02
1.500000000000000000e+01 3.284495676428190736e-01 5.710070013864820826e-01 3.722829774257813140e-02 4.865314623845951036e-02
7.000000000000000000e+00 4.219058624522830092e-01 5.961082065298357602e-01 3.531440371473887341e-02 4.850270939805945147e-02
3.000000000000000000e+00 5.196673048407030038e-01 6.758744546030539535e-01 4.128182513309686108e-02 5.314949265192192573e-02
0.000000000000000000e+00 1.195719522242538607e-01 3.133754487278740397e-01 3.197138772784577365e-02 4.640006870105212178e-02
8.000000000000000000e+00 3.071067052327683955e-01 4.085281795429930307e-01 3.566502132096932565e-02 4.802965167340356167e-02
9.000000000000000000e+00 5.140719399598172590e-01 5.060359559364651094e-01 3.648152231669504753e-02 4.770106151809605510e-02
5.000000000000000000e+00 6.581531181128126295e-01 2.135548320246113962e-01 3.425857138201304775e-02 4.338370916194272953e-02
1.000000000000000000e+00 6.357635033879738273e-01 5.754319407452983537e-01 4.026444275287266450e-02 4.944736756054191051e-02
6.000000000000000000e+00 7.284623593554272469e-01 5.150098581707129863e-01 3.798490985456037805e-02 4.724641605203594441e-02
5.000000000000000000e+00 5.900638571817278244e-01 4.503916863190376985e-01 3.463174890935416528e-02 4.902800525060385661e-02
3.000000000000000000e+00 5.178048642478441099e-01 3.794924821208192633e-01 3.571370030602422085e-02 4.931752890898188912e-02
8.000000000000000000e+00 3.979902582313480375e-01 3.441152889610513133e-01 3.543123888382004871e-02 4.440773340713988215e-02
7.000000000000000000e+00 3.239814141245583867e-01 2.844106399025318477e-01 3.250988323609593778e-02 4.561649678272394759e-02
0.000000000000000000e+00 2.333471412480648266e-01 2.373711445679126675e-01 3.365957044559153566e-02 4.317399998222709590e-02
3.000000000000000000e+00 3.397697296973229975e-01 1.746549422143465757e-01 3.178121179659487705e-02 4.209967131666522699e-02
2.000000000000000000e+00 3.994003233626314264e-01 2.106404685511942820e-01 3.310658614328637617e-02 4.249966852661865579e-02
8.000000000000000000e+00 5.022865250726193942e-01 2.600360043426749868e-01 3.401938016874661574e-02 4.343667593324598841e-02
0.000000000000000000e+00 5.694240515926748403e-01 1.900125594671245866e-01 3.259541476308958075e-02 4.248136836700963648e-02
1.000000000000000000e+00 6.079686156392600793e-01 3.050198144434183578e-01 3.477103190055907955e-02 4.499423530652368886e-02
1.500000000000000000e+01 7.015177143974915541e-01 3.551873619452047270e-01 3.616817762360391431e-02 4.740111265393770479e-02
1.000000000000000000e+00 4.125220702724887722e-01 9.981231985547747709e-02 3.017486133927543834e-02 4.055878666768676644e-02
