9.000000000000000000e+00 3.533734032952152715e-01 8.451856031467190888e-01 4.432980106339257098e-02 3.301513898102759192e-02
1.400000000000000000e+01 3.212578286562122187e-01 2.560811833529044734e-01 3.934084095586226626e-02 2.950549788105183424e-02
1.200000000000000000e+01 2.872868029348999430e-01 5.538598465012110894e-02 3.836954525756292034e-02 2.744999601624267815e-02
8.000000000000000000e+00 7.704195677153011790e-01 3.590450068099610981e-01 5.898070918945408359e-02 4.356729379428325721e-02
7.000000000000000000e+00 8.075183462418864533e-01 4.911414726908235329e-01 5.558666479366447533e-02 4.202329848977476301e-02
3.000000000000000000e+00 8.940396454938414061e-01 5.952554331721018333e-01 5.429927882252938431e-02 4.006027989213001295e-02
2.000000000000000000e+00 9.792760853052677739e-01 7.114767019821204297e-01 4.144782938946456330e-02 3.645977907420594466e-02
0.000000000000000000e+00 8.942294531567416271e-01 7.747556248853471050e-01 5.150523917885585501e-02 3.465462849851908000e-02
5.000000000000000000e+00 8.248746187053459522e-01 6.703629748013565370e-01 5.037501277183886739e-02 3.738177791448937803e-02
1.000000000000000000e+00 6.455732674924574699e-01 4.716072384730463085e-01 5.689920101811096753e-02 4.028176152428231127e-02
0.000000000000000000e+00 5.862431705116992742e-01 3.739781320683953636e-01 5.673849916479389854e-02 4.175290374760304291e-02
0.000000000000000000e+00 4.302452410980646125e-01 3.577228030879098242e-01 5.450284237515129471e-02 4.128980847301877422e-02
9.000000000000000000e+00 4.845887099783484642e-01 4.640604503732465025e-01 5.078101815216995440e-02 3.848570282420554767e-02
3.000000000000000000e+00 5.951145091001446286e-01 6.280385226915339292e-01 4.721712098929986556e-02 3.616535580363600122e-02
1.500000000000000000e+01 6.540789532783610749e-01 6.964234488412331947e-01 4.885383571358592469e-02 3.504475261560902055e-02
2.000000000000000000e+00 7.300114350238531280e-01 7.799792616522950306e-01 4.557680493766180785e-02 3.538209662363733798e-02
6.000000000000000000e+00 7.976304001724743298e-01 8.501488816575581975e-01 4.698456970340136873e-02 3.363905418523527313e-02
3.000000000000000000e+00 6.435314034410637429e-01 8.450048283212757694e-01 4.467434772612499660e-02 3.396754247026678719e-02
2.000000000000000000e+00 5.892756652566023545e-01 7.852389707309169742e-01 4.604232077653191979e-02 3.337621632668752447e-02
6.000000000000000000e+00 4.933330870180949734e-01 6.770122944135745779e-01 4.696231231960262820e-02 3.592158726860816831e-02
6.000000000000000000e+00 4.395511890521207610e-01 5.818011398564573167e-01 4.891860056776980992e-02 3.899470026299034497e-02
7.000000000000000000e+00 3.400158144746967537e-01 4.754418403283931505e-01 4.769763251911141033e-02 3.577322438933350224e-02
5.000000000000000000e+00 2.199791164496195939e-01 3.590288746345683957e-01 5.323163285802381961e-02 4.015102153377136940e-02
1.000000000000000000e+00 5.289047551520191792e-01 8.499589854374283160e-01 4.390921325919328044e-02 3.312855127354108475e-02
1.000000000000000000e+00 4.115115937582832228e-01 7.705652443586000766e-01 4.426187766800637746e-02 3.319679937877051401e-02
5.000000000000000000e+00 3.487514538677529141e-01 6.727136083945755018e-01 4.603370120614824756e-02 3.439887521836881845e-02
8.000000000000000000e+00 2.964851538545438814e-01 5.831893039552971114e-01 5.082157736349579569e-02 3.675373003954962581e-02
8.000000000000000000e+00 2.076282314598496548e-01 4.955854368455866465e-01 4.786845941572145935e-02 3.725906711282900297e-02
1.500000000000000000e+01 1.535789939761376122e-01 5.675736238468770400e-01 4.720661219801025599e-02 3.656451275818262125e-02
7.000000000000000000e+00 2.319429473062719349e-01 6.576918225894039516e-01 4.344272329079362782e-02 3.491770250968029288e-02
