14 0.215802 0.768445 0.037646 0.028234
6 0.452328 0.147461 0.047240 0.035125
2 0.572224 0.196336 0.045448 0.035000
8 0.707359 0.255492 0.046323 0.032984
8 0.810729 0.304910 0.045042 0.033773
7 0.314974 0.190707 0.049552 0.037164
6 0.458068 0.239770 0.048969 0.034742
5 0.590380 0.283273 0.046427 0.033906
3 0.703661 0.356129 0.045156 0.036727
1 0.821250 0.402090 0.051604 0.037164
15 0.322380 0.285590 0.051365 0.036680
2 0.455771 0.346871 0.049958 0.036680
0 0.583828 0.406313 0.047802 0.036500
2 0.695583 0.452684 0.047708 0.036414
3 0.821885 0.528773 0.047854 0.036156
0 0.156484 0.340168 0.054219 0.036102
1 0.346094 0.407363 0.051938 0.036102
3 0.445344 0.470547 0.050667 0.037625
15 0.555297 0.508742 0.048635 0.036484
1 0.691089 0.577715 0.049656 0.038383
5 0.833990 0.617262 0.048979 0.037367
7 0.314005 0.500645 0.051365 0.039320
8 0.433990 0.577258 0.049250 0.041500
9 0.588792 0.626582 0.052187 0.039523
7 0.686578 0.651852 0.053198 0.039141
5 0.162818 0.586074 0.059281 0.042945
0 0.316094 0.614191 0.053708 0.039898
9 0.433391 0.695000 0.051552 0.041484
16 0.352552 0.832680 0.030937 0.026656
3 0.590656 0.716379 0.053625 0.040539
