0.000000000000000000e+00 3.870395574962951502e-01 4.159916784201346807e-01 4.551624850826463398e-02 3.580404629226174862e-02
1.200000000000000000e+01 6.760889878093506722e-01 8.595709127496014013e-01 3.627241321754892667e-02 2.954618649041784728e-02
1.400000000000000000e+01 3.940533431131260089e-01 8.352095959460476005e-01 4.216566445636849014e-02 3.273707775295520150e-02
6.000000000000000000e+00 2.270867010188388768e-01 6.215387979480475611e-01 5.512667803416651524e-02 3.922793241086708349e-02
2.000000000000000000e+00 3.438050385374918916e-02 4.101611995921234932e-01 5.569757276432041326e-02 3.922703746003347591e-02
7.000000000000000000e+00 3.841127746148975675e-01 6.153033119170419063e-01 5.286152950727912581e-02 3.848596223544042960e-02
1.500000000000000000e+01 2.957820083123456900e-01 5.052961931803916507e-01 4.991219106815514284e-02 3.743447890767892527e-02
8.000000000000000000e+00 2.061388805140572100e-01 4.242902498601439087e-01 5.152475263411523954e-02 3.633217915290087863e-02
5.000000000000000000e+00 1.450019224359797854e-01 3.285590372298542450e-01 5.039926805930594611e-02 3.663892355109460430e-02
7.000000000000000000e+00 6.736518933185106639e-02 2.493009468711046006e-01 4.884999629760486406e-02 3.593943557304732361e-02
3.000000000000000000e+00 1.580855302943651175e-01 1.853034322733111416e-01 4.344866037787981083e-02 3.230364187738948845e-02
2.000000000000000000e+00 2.283042956114682831e-01 2.500066156033459164e-01 4.511041627247064367e-02 3.382914150757482252e-02
0.000000000000000000e+00 3.117183418706536147e-01 3.307692441657267279e-01 4.717050918962462092e-02 3.398989705104832337e-02
5.000000000000000000e+00 4.484186417256637025e-01 5.280523737131823658e-01 4.826111864913967819e-02 3.535878028536521001e-02
6.000000000000000000e+00 5.407341346637042356e-01 6.353758565230208655e-01 4.853978396493130454e-02 3.917938132814779983e-02
9.000000000000000000e+00 6.877240478256277934e-01 6.145205096098353970e-01 4.390293182753879364e-02 3.541963694204541824e-02
8.000000000000000000e+00 5.869847742325240425e-01 5.262063418485241062e-01 4.590902005533170627e-02 3.665483689560333769e-02
6.000000000000000000e+00 5.428847854183265209e-01 4.210791383022113310e-01 4.084975112451150192e-02 3.396055944403647553e-02
5.000000000000000000e+00 4.398946125936379348e-01 3.420559865208711026e-01 4.605967943471439563e-02 3.592900380239399949e-02
9.000000000000000000e+00 3.523905011891356742e-01 2.598630866904357850e-01 4.306950886381044619e-02 3.258093679971724166e-02
1.500000000000000000e+01 2.885804228565404528e-01 1.840615062048950312e-01 4.196564294507376669e-02 3.119532917169859365e-02
1.000000000000000000e+00 4.269500856882264550e-01 1.952954324772542272e-01 4.085042233763652719e-02 3.091694352804255641e-02
8.000000000000000000e+00 4.892191286035104114e-01 2.746403050996429895e-01 4.000522517700455527e-02 3.222561335159074281e-02
0.000000000000000000e+00 6.496465187768412086e-01 4.389372948738923252e-01 4.084309492768711802e-02 3.395904921450493275e-02
2.000000000000000000e+00 7.144236194522832761e-01 4.976699815212881073e-01 4.149148680658210075e-02 3.526455874292222514e-02
3.000000000000000000e+00 7.411023555048454892e-01 4.224435607659673408e-01 3.686654870216110602e-02 3.151882593080745920e-02
7.000000000000000000e+00 6.789190740499062571e-01 3.504240844537604982e-01 3.726519336407341232e-02 3.044485696335352820e-02
3.000000000000000000e+00 6.030939451705581433e-01 2.839821794574509672e-01 3.863161548359816955e-02 2.925250278095115064e-02
1.000000000000000000e+00 5.400939651455920476e-01 2.142330395902446172e-01 3.790273396411192319e-02 3.174762570484307433e-02
