1.000000000000000000e+00 7.711180171436522457e-01 7.983905684264123170e-01 3.067223832373366932e-02 4.088708023205867015e-02
1.100000000000000000e+01 2.420609731255520258e-01 4.190178342667763012e-01 2.926890311437035930e-02 3.124339828326899715e-02
1.200000000000000000e+01 2.700510965153567478e-01 2.842339536804683320e-01 2.810835556337792918e-02 4.035050603565665250e-02
1.500000000000000000e+01 4.884069099322791430e-01 2.362489978376704491e-01 3.934757389010423712e-02 5.001222316776540722e-02
2.000000000000000000e+00 6.343630229853178815e-01 1.942595720105441404e-01 3.260832625010667840e-02 4.790375627887549781e-02
0.000000000000000000e+00 7.771199392021922447e-01 1.747594011975962536e-01 3.224426847950900843e-02 4.839084369177990008e-02
5.000000000000000000e+00 8.475058161506252574e-01 2.624658723114669523e-01 3.001714328085469674e-02 4.411199644931307340e-02
1.500000000000000000e+01 7.414315555471917563e-01 3.017517939171303620e-01 3.315185608885595769e-02 4.624138525055948579e-02
8.000000000000000000e+00 7.033022912814845817e-01 2.832335371130770829e-01 3.439974781272170379e-02 4.668896571463815315e-02
8.000000000000000000e+00 6.061853859250432297e-01 2.784274356851003107e-01 3.485662079503504263e-02 4.817714326504252131e-02
3.000000000000000000e+00 5.820436709855769664e-01 3.580186379048350687e-01 3.597243779227687899e-02 4.894520563758364418e-02
2.000000000000000000e+00 7.432125024072996355e-01 4.297070344875837944e-01 3.126063617952068441e-02 4.414130362220658466e-02
0.000000000000000000e+00 8.208186660239848997e-01 4.269436787507462361e-01 3.095315829805544983e-02 4.455454575706951914e-02
6.000000000000000000e+00 8.068177827588571827e-01 4.875417022544665246e-01 3.220083008066121355e-02 4.498304631684424404e-02
8.000000000000000000e+00 7.639886486937482735e-01 5.265332462299626703e-01 3.251815033351102002e-02 4.540549849196917620e-02
2.000000000000000000e+00 6.892715784829708259e-01 4.853163778248784088e-01 3.314894186716099700e-02 4.665957606377191258e-02
9.000000000000000000e+00 5.876735624028446292e-01 5.074640090769780842e-01 3.485205701389026967e-02 4.843309990635535911e-02
5.000000000000000000e+00 4.829979770033284714e-01 5.068215056712336297e-01 3.672120031925402150e-02 4.846576118346385131e-02
1.000000000000000000e+00 3.629040006643806660e-01 5.904089718533348519e-01 3.785230323406524322e-02 4.998401570117172454e-02
3.000000000000000000e+00 5.052942473081948327e-01 5.713710763298986972e-01 3.547743249401302812e-02 4.560036644831988450e-02
7.000000000000000000e+00 5.065533422899912708e-01 6.201533329864875599e-01 3.677566327375891841e-02 4.596590882242246323e-02
3.000000000000000000e+00 4.731778196860547681e-01 6.611184098878699622e-01 3.495072816165301077e-02 4.489924869678818542e-02
6.000000000000000000e+00 4.032785077900336024e-01 7.622657663262775163e-01 3.658912559263022279e-02 4.878517087828371235e-02
7.000000000000000000e+00 5.635852107115834064e-01 7.175581964375702393e-01 3.573347161329842869e-02 4.559602260843509391e-02
6.000000000000000000e+00 6.493795125111048172e-01 6.622954530333615697e-01 3.411250452717540238e-02 4.901979321737759410e-02
1.000000000000000000e+00 7.693427062783315673e-01 6.371206465030669897e-01 3.255526542113429400e-02 4.291147457431754297e-02
7.000000000000000000e+00 8.152804076341604311e-01 6.474965953843343502e-01 3.156025116094152150e-02 4.289321944973834011e-02
0.000000000000000000e+00 5.043702878213074392e-01 7.759726431121142243e-01 3.546233902504625224e-02 4.904167737274645056e-02
9.000000000000000000e+00 4.778022908722664441e-01 8.727392645193647880e-01 3.573973993920809278e-02 4.628735297389729997e-02
5.000000000000000000e+00 5.853126579328017387e-01 8.271663632358859930e-01 3.574853758960760963e-02 4.415672700306338960e-02
