1.500000000000000000e+01 2.879339028991098060e-01 5.206863718496126392e-01 3.664684618439767450e-02 4.641319107239488817e-02
1.300000000000000000e+01 7.470071983556130224e-01 6.298796015799595915e-01 2.693382704558100471e-02 3.663794932083908051e-02
1.200000000000000000e+01 7.105495144571598587e-01 6.073375546342520970e-01 3.408014262183778342e-02 3.591500293745752970e-02
5.000000000000000000e+00 5.297748921419964674e-01 8.138049053865988869e-01 4.260028914164071256e-02 6.411894733332368368e-02
1.000000000000000000e+00 2.788291686965020388e-01 8.136377773889071907e-01 4.534520713623335642e-02 6.228957480270291835e-02
6.000000000000000000e+00 1.585243661352117583e-01 8.011390976092944705e-01 3.893059622648739615e-02 5.923648164951444972e-02
3.000000000000000000e+00 1.036103882289820255e-01 7.001861373638098573e-01 4.167440557764588716e-02 5.313617115333790775e-02
1.000000000000000000e+00 2.213792243669231441e-01 6.652884810736612309e-01 3.892907184176550017e-02 5.312563904071387899e-02
9.000000000000000000e+00 3.261097346756568482e-01 6.453377772908364118e-01 3.984478360225240934e-02 5.312608249808747907e-02
1.500000000000000000e+01 4.414580418878252255e-01 6.680975895230886197e-01 4.213318994676545914e-02 5.495761688340472517e-02
7.000000000000000000e+00 5.897194366367894958e-01 6.635954439693497742e-01 4.350588453079151652e-02 5.679807584836660261e-02
8.000000000000000000e+00 6.327278451426110450e-01 5.480181187397805687e-01 4.351148318013364769e-02 4.946744830118932068e-02
2.000000000000000000e+00 5.094529729633038295e-01 5.351291133231044217e-01 3.755526861430547036e-02 4.702349928287097303e-02
7.000000000000000000e+00 3.887465504599651456e-01 5.507149216093329969e-01 3.664061006508079199e-02 5.130430417499021178e-02
2.000000000000000000e+00 1.760359296406136531e-01 5.615067062417079535e-01 3.572503688502318142e-02 4.820437083671080813e-02
9.000000000000000000e+00 9.242858283648804074e-02 5.618665441843334607e-01 3.618246316593590195e-02 4.824356138210639244e-02
3.000000000000000000e+00 1.648138666334186264e-01 4.485516830429190360e-01 3.297801246790577068e-02 4.153072538858554319e-02
2.000000000000000000e+00 2.535762806837578154e-01 4.398007308181779429e-01 3.435142767016399756e-02 4.274177975991877432e-02
0.000000000000000000e+00 3.550549180715673048e-01 4.393050701968314042e-01 3.663908568035895152e-02 4.519346156618986310e-02
8.000000000000000000e+00 4.640367849312017068e-01 4.267867258543062148e-01 3.618199199247645881e-02 4.641299705979395895e-02
5.000000000000000000e+00 5.571932795165400742e-01 4.150883203376040109e-01 3.985024367116540844e-02 4.519487508656833130e-02
3.000000000000000000e+00 6.877332445580257581e-01 4.293811177866328488e-01 4.122490609728701738e-02 5.495720114211699592e-02
6.000000000000000000e+00 6.067438483592015874e-01 3.131784483700124078e-01 3.801227915393035062e-02 4.519407132007863259e-02
7.000000000000000000e+00 5.168735669251589560e-01 3.188551184939305561e-01 3.526658510893387888e-02 4.397217995917707123e-02
1.000000000000000000e+00 3.226532893250540490e-01 3.337998952885151693e-01 3.297695925664334560e-02 3.725975970694400674e-02
0.000000000000000000e+00 2.248592006744148941e-01 3.493484115812287572e-01 3.023231842290929894e-02 4.030977637460292362e-02
8.000000000000000000e+00 2.955001171760348599e-01 2.460761969876771871e-01 3.206166323744424895e-02 3.541949475458308627e-02
0.000000000000000000e+00 3.682836118364540279e-01 2.497450722782978416e-01 3.023079403818740296e-02 3.419890604971662085e-02
6.000000000000000000e+00 4.670998697333401672e-01 2.271931306899408753e-01 3.206196811438860594e-02 3.664013889162132109e-02
5.000000000000000000e+00 5.679888335365910201e-01 2.193584861215325255e-01 3.389134064500931576e-02 3.543049804066664143e-02
