2.000000000000000000e+00 3.042699053643517226e-01 2.887232702135587026e-01 4.891644623038216011e-02 4.120372763795820958e-02
1.100000000000000000e+01 7.141445907332928389e-01 2.326902336275852856e-01 5.094299635049004404e-02 3.744693722108349832e-02
1.200000000000000000e+01 6.580508396552060546e-01 2.666928037802714924e-01 4.374706565383756907e-02 2.980202249428709482e-02
6.000000000000000000e+00 5.562496595408309430e-01 9.132349329055780007e-01 5.391215881379030073e-02 3.516340814006413407e-02
2.000000000000000000e+00 7.060791072249801292e-01 8.734230904138082785e-01 5.395166293993103324e-02 3.970268635374940569e-02
8.000000000000000000e+00 8.206572443129449557e-01 8.290757815099982775e-01 5.801111618288878891e-02 4.200940389477680892e-02
1.000000000000000000e+00 6.646072539940270918e-01 7.626283108450935266e-01 5.697794467333860968e-02 3.972700102787984910e-02
6.000000000000000000e+00 8.513838308471803895e-01 7.014931055638566892e-01 6.006533074220943291e-02 4.504856489737907310e-02
3.000000000000000000e+00 5.608917986443651138e-01 8.265959157669677815e-01 5.191211804148754272e-02 3.818813050007141552e-02
8.000000000000000000e+00 4.207744894633110855e-01 8.572187462155133053e-01 4.885017286086967836e-02 3.437673313690114973e-02
6.000000000000000000e+00 3.964111426686137696e-01 7.576152430132858662e-01 4.891910294061974085e-02 3.742808035385392085e-02
1.500000000000000000e+01 5.311822700945434406e-01 7.158268369820729449e-01 5.189733287146991447e-02 3.667016712674087131e-02
7.000000000000000000e+00 6.599993633507288404e-01 6.479835249829087873e-01 5.493943935716172344e-02 3.819696694933960579e-02
5.000000000000000000e+00 6.587917441613420078e-01 5.913629655910894733e-01 5.699163250651884116e-02 4.123716753420891834e-02
5.000000000000000000e+00 5.205696945232767270e-01 6.023286814829524882e-01 5.597977243343926768e-02 4.123930445331314143e-02
5.000000000000000000e+00 4.004458047622353467e-01 6.428076758944814006e-01 4.990298092434958255e-02 3.968818995658363047e-02
5.000000000000000000e+00 2.901433973446634340e-01 7.117875400841782163e-01 4.886140612480882606e-02 3.664579469803996847e-02
9.000000000000000000e+00 1.281393439787159028e-01 6.652478099341255779e-01 4.786427346717646303e-02 3.815827138718419498e-02
7.000000000000000000e+00 2.737426154138594137e-01 6.013350718541132789e-01 4.887939667348262240e-02 3.740486301656076318e-02
3.000000000000000000e+00 3.696625465558132095e-01 5.271342811338066703e-01 4.890379797946869944e-02 4.197804316305975281e-02
1.500000000000000000e+01 1.221262413221141097e-01 5.334543926479125009e-01 4.683979402046856144e-02 3.588349212357766493e-02
7.000000000000000000e+00 2.297762700949268488e-01 4.818843982427210015e-01 4.686205840735055417e-02 3.815385316255004433e-02
0.000000000000000000e+00 4.759578985644058458e-01 4.587820214218002457e-01 5.393589594221709360e-02 3.819150914243868433e-02
8.000000000000000000e+00 7.718478461787643408e-01 4.095781595719156787e-01 5.802896234513654772e-02 4.276070422358130285e-02
2.000000000000000000e+00 6.314135077222451375e-01 3.961650071282914465e-01 6.000705638069459003e-02 3.823401650623925452e-02
3.000000000000000000e+00 3.651198319451904317e-01 4.496434724344464118e-01 5.088529953467924027e-02 3.665694133012353806e-02
9.000000000000000000e+00 2.509111941598823337e-01 3.644749444123133175e-01 4.989553058477036451e-02 3.892917939263318416e-02
0.000000000000000000e+00 3.043685790478480868e-01 4.270172098531062055e-01 4.885412904894087527e-02 3.589455212380582294e-02
1.000000000000000000e+00 9.026915238859337109e-02 4.262727534408917718e-01 4.785018135200343192e-02 3.361232252062013037e-02
1.000000000000000000e+00 4.749857880743911798e-01 3.446793199572139588e-01 5.901642111223015519e-02 4.124828528900736924e-02
