1.200000000000000000e+01 8.030962976739838277e-01 2.987443544075832347e-01 4.160833904882288437e-02 3.051830382506626194e-02
1.500000000000000000e+01 3.214397503508764076e-01 8.017043244368684540e-01 4.439317227141292843e-02 3.306208004833988134e-02
3.000000000000000000e+00 2.283044731785262571e-01 7.335080551114394609e-01 4.375790020458567020e-02 3.329230209114031336e-02
1.000000000000000000e+00 1.231531322418218388e-01 6.642596034358498880e-01 4.440306505779710589e-02 3.306241257897457597e-02
6.000000000000000000e+00 5.612764730813410985e-01 8.362243573424377185e-01 4.651981652426329106e-02 3.351991931063535990e-02
2.000000000000000000e+00 4.567775711054836707e-01 7.685671478868447704e-01 4.362322529750689570e-02 3.271680240591157141e-02
9.000000000000000000e+00 3.489386205905278260e-01 7.140594467196369477e-01 4.417918880794330372e-02 3.416275644940336420e-02
7.000000000000000000e+00 2.521971733831676610e-01 6.253888782594808626e-01 4.317023544030187954e-02 3.306584872886708659e-02
8.000000000000000000e+00 1.534790948055642923e-01 5.903105541290317726e-01 4.320024633008912041e-02 3.341489505182271280e-02
3.000000000000000000e+00 6.861571613982463402e-01 8.051074152421404673e-01 4.463176300185489609e-02 3.382108122218507873e-02
9.000000000000000000e+00 5.824544901718842205e-01 7.345362398341247490e-01 4.562935490614217215e-02 3.456866551090320705e-02
8.000000000000000000e+00 4.765870999349914316e-01 6.672402417805425312e-01 4.417918880794335923e-02 3.416275644940325318e-02
5.000000000000000000e+00 3.723117001120236358e-01 6.024608355708420682e-01 4.416755023572666028e-02 3.380717035729741138e-02
2.000000000000000000e+00 1.786448469790640758e-01 4.953078541890716391e-01 4.364384219686209820e-02 3.307288729396956617e-02
0.000000000000000000e+00 7.066096797763965487e-01 7.023635129684568934e-01 4.558856448161119346e-02 3.385161861881058609e-02
7.000000000000000000e+00 4.335625544790449037e-01 8.679399931397384638e-01 4.342902740680565365e-02 3.352706871928246013e-02
6.000000000000000000e+00 6.076053615994783108e-01 6.256810064221196566e-01 4.653910330107946525e-02 3.388254396784351474e-02
5.000000000000000000e+00 4.979523871946782143e-01 5.741199146313136215e-01 4.414687791459892541e-02 3.345036498619735621e-02
6.000000000000000000e+00 4.002400059555842882e-01 5.010534570509272978e-01 4.556961023542976941e-02 3.349614337024953148e-02
2.000000000000000000e+00 2.914615871202091979e-01 4.416522489179992572e-01 4.360346743562482086e-02 3.236213077305122310e-02
5.000000000000000000e+00 1.935679905406129386e-01 3.877402763829681520e-01 4.221850505272567444e-02 3.342029867463763848e-02
1.000000000000000000e+00 6.254829844291186491e-01 5.388540432228585697e-01 4.606336280627942870e-02 3.386713671509955503e-02
1.500000000000000000e+01 5.170665529005684657e-01 4.753408998148900833e-01 4.371453266763530854e-02 3.414172388675462688e-02
8.000000000000000000e+00 4.299303777773078039e-01 4.061749850139371176e-01 4.613294484160351816e-02 3.493988054284302702e-02
0.000000000000000000e+00 3.089406996949728978e-01 3.479391166350906950e-01 4.372667003580421596e-02 3.450537384675350649e-02
7.000000000000000000e+00 7.547593674960614285e-01 4.962700177253134282e-01 4.466207871139094010e-02 3.417724924290171939e-02
3.000000000000000000e+00 6.630311798492651842e-01 4.467013802207880913e-01 4.650984060522034280e-02 3.316560791929584751e-02
1.000000000000000000e+00 5.475083192578670266e-01 3.767842094386913976e-01 4.469389080878305442e-02 3.489676240386879735e-02
0.000000000000000000e+00 4.486510350432861838e-01 3.005020282102784934e-01 4.521806993271343389e-02 3.562392376943540606e-02
1.100000000000000000e+01 6.344345705624907517e-01 2.789244201402960033e-01 3.302511372610861251e-02 2.955435293666253127e-02
