6.000000000000000000e+00 4.796518632079395106e-01 8.362088147732407162e-01 3.223460678814588087e-02 3.903075220966900627e-02
2.000000000000000000e+00 5.525432862267722900e-01 8.046874285113664316e-01 3.059608755435727634e-02 4.361035873036844812e-02
8.000000000000000000e+00 7.947068505553858131e-01 2.990813090851801026e-01 3.368182916624962164e-02 4.547193085850920191e-02
6.000000000000000000e+00 6.470226354720022277e-01 7.866725184422818096e-01 3.005930455686622871e-02 3.952597255603851334e-02
2.000000000000000000e+00 7.326524541743857366e-01 7.567386352973292096e-01 2.969224930068725676e-02 4.241346303859439004e-02
0.000000000000000000e+00 7.741423570738761306e-01 6.471513166996901711e-01 3.353220362221220885e-02 3.852064537126387300e-02
5.000000000000000000e+00 6.948034395131403862e-01 3.365828409674574972e-01 3.548994031569308039e-02 4.844561630316235323e-02
0.000000000000000000e+00 6.825396594237528314e-01 6.644938626002072635e-01 3.187431564969833708e-02 4.249023170007770744e-02
3.000000000000000000e+00 5.071543448448490032e-01 7.189345245983740362e-01 3.401710121862999703e-02 4.084478535776903119e-02
9.000000000000000000e+00 4.058783883708611540e-01 7.616127118429680820e-01 3.356778994441433905e-02 4.024698947503679847e-02
5.000000000000000000e+00 3.367014982616396424e-01 6.716741501455927299e-01 3.544981741653846496e-02 4.670441287248516815e-02
8.000000000000000000e+00 4.535741519679890033e-01 6.402513733108889937e-01 3.670848661723413731e-02 4.443275591994544360e-02
1.000000000000000000e+00 5.360200406908468551e-01 6.016412459966224979e-01 3.319318278169158809e-02 4.313274138917988498e-02
3.000000000000000000e+00 6.255192335521180258e-01 5.838781566960974390e-01 3.186095040502390230e-02 4.190927819884593397e-02
1.500000000000000000e+01 7.114541438458386047e-01 5.493146288583110604e-01 3.147960628970114527e-02 4.422434503144601070e-02
7.000000000000000000e+00 8.102517982123313978e-01 5.312155883771194631e-01 3.229624447141032917e-02 4.193682364213813241e-02
1.000000000000000000e+00 8.571844253541445191e-01 3.987888323645252253e-01 3.229629880167339540e-02 4.193682364213818792e-02
2.000000000000000000e+00 7.579117886642141588e-01 4.306698985493894183e-01 3.320654802636602287e-02 4.371285277133674096e-02
8.000000000000000000e+00 6.690899311905664781e-01 4.570942097015355809e-01 3.194211981780237242e-02 4.540404519501078928e-02
0.000000000000000000e+00 5.710177759897615557e-01 4.859639395695541930e-01 3.324669809065206039e-02 4.545411053227671472e-02
7.000000000000000000e+00 4.716783402415907211e-01 4.999475169660347884e-01 3.328054584444117836e-02 4.661699547947278921e-02
8.000000000000000000e+00 3.618276692770905356e-01 5.257815841419926084e-01 3.720544553201654558e-02 4.736474288781988840e-02
1.500000000000000000e+01 4.019608504339092225e-01 4.110404560575880994e-01 3.722486860100471251e-02 4.793627008843787118e-02
6.000000000000000000e+00 5.107112113315128710e-01 4.045937493044974298e-01 3.327348291026360760e-02 4.661672382815823523e-02
7.000000000000000000e+00 6.038537644579912156e-01 3.519563766449410602e-01 3.370855965559838019e-02 4.663305007216084208e-02
5.000000000000000000e+00 7.435286936794693879e-01 2.073922942298682681e-01 3.194983471513479500e-02 4.598559632913462591e-02
1.000000000000000000e+00 6.471448785635360856e-01 2.212865662567004565e-01 3.331672979953514968e-02 4.836306146867980216e-02
3.000000000000000000e+00 4.340985048679029124e-01 2.717204528610956404e-01 3.692023881690237319e-02 5.372975050806874653e-02
1.600000000000000000e+01 3.114848266107566044e-01 2.610340568771640779e-01 3.308381596246595668e-02 3.791434680238728316e-02
1.600000000000000000e+01 1.006688867806849741e-01 4.682537679450977652e-01 2.611794279963090826e-02 3.820150940696603881e-02
