5.000000000000000000e+00 3.839899166189112423e-01 8.412901959954945941e-01 4.334311209189478653e-02 3.115835962581636753e-02
5.000000000000000000e+00 3.143326034764082344e-01 7.608180958269498140e-01 4.397160226312307740e-02 3.297896936777289234e-02
3.000000000000000000e+00 2.340231201384581072e-01 6.711437116584277884e-01 4.759831119211024864e-02 3.570312178035395245e-02
1.000000000000000000e+00 1.608225267138345127e-01 5.850366699349525135e-01 4.553093748890466030e-02 3.526808689091776028e-02
5.000000000000000000e+00 5.220748226816376292e-01 8.427926442107988025e-01 4.469293181004385662e-02 3.352400271629973894e-02
8.000000000000000000e+00 4.531941623377008788e-01 7.549513516790533618e-01 4.656175040535703857e-02 3.492101695775229331e-02
7.000000000000000000e+00 3.668424416647524944e-01 6.680860137133891596e-01 4.620346648993789440e-02 3.519392809370303077e-02
1.000000000000000000e+00 3.040412107577607492e-01 5.784257738139407801e-01 4.928905851143661199e-02 3.614976511373124701e-02
3.000000000000000000e+00 2.259846671710619703e-01 4.721726861806126996e-01 4.701991765517066213e-02 3.620704658589585234e-02
8.000000000000000000e+00 6.513906200287254977e-01 8.460246096941252958e-01 4.697542801200871310e-02 3.500227606533867775e-02
1.000000000000000000e+00 5.826774227589703870e-01 7.503590850670294188e-01 4.531316646167338202e-02 3.353352614846494273e-02
1.500000000000000000e+01 5.240963402136930016e-01 6.754312847928376495e-01 4.685962533094767402e-02 3.469273634413749807e-02
7.000000000000000000e+00 4.584788923538849481e-01 5.936230020101911364e-01 4.781334916336527074e-02 3.631155075719894043e-02
6.000000000000000000e+00 3.640810971502247972e-01 4.901818626907058496e-01 5.100564307128196972e-02 3.780258775940592564e-02
2.000000000000000000e+00 2.818578265846078401e-01 3.964449316924684719e-01 4.969284640007076703e-02 3.840191594160791144e-02
8.000000000000000000e+00 8.298537091744133676e-01 8.499294422885027567e-01 4.738048381320925095e-02 3.325785378070311715e-02
2.000000000000000000e+00 7.183830627150835646e-01 7.458653211734942445e-01 4.944442006456817307e-02 3.608907436555452986e-02
1.500000000000000000e+01 6.483985154271199036e-01 6.748574275653023147e-01 4.975863697434734778e-02 3.536653325773719825e-02
0.000000000000000000e+00 5.878500270405357941e-01 5.879621668630719000e-01 5.047605008022981732e-02 3.901919213058258062e-02
6.000000000000000000e+00 5.143662946519262924e-01 4.938260829010262531e-01 4.924155405395025387e-02 3.855090975607278203e-02
6.000000000000000000e+00 4.348884915179226374e-01 3.887645513217303783e-01 5.155535360838692238e-02 3.899882100201623736e-02
0.000000000000000000e+00 8.802371171097944647e-01 7.668465692666444067e-01 5.002957580186162545e-02 3.562530012461417872e-02
0.000000000000000000e+00 8.079090165858368033e-01 6.612309176320960713e-01 4.903203854631765779e-02 3.541905301381920168e-02
9.000000000000000000e+00 6.712063465392061890e-01 4.889923352967798231e-01 4.864197228923505811e-02 3.600801248881191352e-02
2.000000000000000000e+00 6.049538294507421643e-01 4.048257774044519697e-01 5.126801644501444155e-02 3.790962775584172384e-02
3.000000000000000000e+00 9.814028905732028463e-01 6.835176648552423462e-01 3.719421885359419644e-02 3.667344117947357596e-02
9.000000000000000000e+00 9.011729457572341673e-01 5.721455774660710869e-01 5.065113471772708653e-02 3.636395780994194915e-02
7.000000000000000000e+00 7.293671865083217742e-01 3.942534575248509698e-01 5.302658299872387015e-02 3.788705891216043176e-02
1.000000000000000000e+01 3.440878065287837906e-01 5.793197138233333043e-02 4.037952143511486236e-02 2.757602763665176898e-02
1.100000000000000000e+01 4.630996447348999512e-01 2.683092228346458663e-01 3.897842169761528419e-02 2.896174336834622665e-02
