3.000000000000000000e+00 1.595074692881902068e-01 4.228606789319632187e-01 4.424329409248126121e-02 3.480587531608314578e-02
8.000000000000000000e+00 7.029715085931003138e-01 8.226300366382605089e-01 4.674042147086665544e-02 3.144154808568355719e-02
1.000000000000000000e+00 7.105733404377283513e-01 7.305827512250488986e-01 4.492675215574937209e-02 3.278756977668839667e-02
7.000000000000000000e+00 7.474997317020690701e-01 5.176968598980697944e-01 4.929325836872977540e-02 3.606966555591123447e-02
5.000000000000000000e+00 5.765816873568803125e-01 8.486781816265559497e-01 4.490704245625321001e-02 3.187300740908138863e-02
9.000000000000000000e+00 5.925049435584810453e-01 7.666575865382050381e-01 4.549806418294977117e-02 3.095973748078573173e-02
8.000000000000000000e+00 5.913139876590043365e-01 6.581623145630346450e-01 4.673369001612048823e-02 3.327718886909158957e-02
1.500000000000000000e+01 6.114937581030359670e-01 5.645086886408816618e-01 4.433772293965787537e-02 3.373767422535411953e-02
7.000000000000000000e+00 6.226663035805751756e-01 4.655302531452023551e-01 4.696665220196916124e-02 3.549127203831820010e-02
5.000000000000000000e+00 4.658415290755655302e-01 8.766936077272717842e-01 4.185489317115281827e-02 2.903206424809090525e-02
6.000000000000000000e+00 4.623613535089876603e-01 7.893120551534085205e-01 4.299296676214509061e-02 3.197871817441211295e-02
1.000000000000000000e+00 4.660844268886192854e-01 7.003102144963700981e-01 4.403685383833172429e-02 3.145926527457487687e-02
3.000000000000000000e+00 4.864037000008064604e-01 5.987226267524229373e-01 4.334733746579216840e-02 3.254442963126380484e-02
1.000000000000000000e+00 5.116587719167503545e-01 5.068778773496080969e-01 4.284684034251945439e-02 3.322635292284997766e-02
1.500000000000000000e+01 5.047832236504844472e-01 3.995098817120172896e-01 4.612745520169819757e-02 3.743216584813419123e-02
1.600000000000000000e+01 6.475880069316795051e-01 2.034143656611961948e-01 4.007121921838374679e-02 3.081056844361493297e-02
1.200000000000000000e+01 6.286921941658948354e-01 2.334332746379561563e-01 3.599728895448262023e-02 3.076121341741741566e-02
2.000000000000000000e+00 3.509668574376358929e-01 8.192240282400737872e-01 4.205979865362030612e-02 2.777392843024928393e-02
5.000000000000000000e+00 3.676482369985470955e-01 7.403861995847140776e-01 4.259406075389876589e-02 2.893141553672895494e-02
2.000000000000000000e+00 3.699133849834767007e-01 6.404556805926736596e-01 4.268773567814365677e-02 3.314083652175714434e-02
0.000000000000000000e+00 3.764917125968889056e-01 5.413458874890813011e-01 4.320562688047990818e-02 3.353643065426847869e-02
2.000000000000000000e+00 3.932487671720543143e-01 4.365456995047086730e-01 4.630179987961902111e-02 3.472676725990847535e-02
3.000000000000000000e+00 3.952411835364960657e-01 3.306835841454301983e-01 4.891756241644740211e-02 3.743835878650059179e-02
8.000000000000000000e+00 2.463193523098114179e-01 7.695703139326067754e-01 3.901726188589721422e-02 2.926362629135215165e-02
0.000000000000000000e+00 2.607899740401404265e-01 6.763509476190261438e-01 4.366253110281761995e-02 3.124660515624000379e-02
0.000000000000000000e+00 2.751167041938195612e-01 4.939824968072937805e-01 4.627705505197277080e-02 3.357598468235578615e-02
6.000000000000000000e+00 2.725333872688667780e-01 3.827577410988164397e-01 4.732823902510402414e-02 3.508655005317118381e-02
9.000000000000000000e+00 1.343923712422341044e-01 7.060222846614325753e-01 4.263380326271894172e-02 3.123238832381647345e-02
7.000000000000000000e+00 1.541436980545940194e-01 6.141097898980543146e-01 4.162462356720258994e-02 3.159378666621848186e-02
6.000000000000000000e+00 1.627815680991748226e-01 5.242502272772839866e-01 4.322452880540658682e-02 3.430731685177734747e-02
