3.000000000000000000e+00 4.151315977589667972e-01 8.876873583010547186e-01 4.118164983460043116e-02 5.425967334841652612e-02
8.000000000000000000e+00 5.222428196803032829e-01 9.296406316608956111e-01 3.620793193094018481e-02 4.697831237344385347e-02
7.000000000000000000e+00 6.158310165612663756e-01 9.864878494742572723e-01 3.339410126247155386e-02 2.702430105148556638e-02
2.000000000000000000e+00 6.970416167065842661e-01 9.217874526858194084e-01 3.573318980659945243e-02 4.803521832073343045e-02
2.000000000000000000e+00 6.073979177867878665e-01 8.447818903783781419e-01 3.747041374962911675e-02 4.957013042661295721e-02
1.000000000000000000e+00 5.160851753536668252e-01 7.824381950612140368e-01 3.688996937329419579e-02 5.035384836447509560e-02
5.000000000000000000e+00 4.005023419680228680e-01 7.420583902118262909e-01 3.920900742131738781e-02 5.111139574201439828e-02
9.000000000000000000e+00 3.110512647836980449e-01 6.891738078637104081e-01 3.833917143695880769e-02 5.034061736849892998e-02
6.000000000000000000e+00 8.115050903467521115e-01 8.403067245631831161e-01 3.475660241638078851e-02 4.731736393112218053e-02
3.000000000000000000e+00 6.878226434001859513e-01 7.542935060238431522e-01 3.709266007156253320e-02 4.848105042743477977e-02
0.000000000000000000e+00 5.792552104844970184e-01 7.249190920829309270e-01 3.662077397719010197e-02 5.107077017287198206e-02
7.000000000000000000e+00 4.762985504428201011e-01 6.364165228513292139e-01 3.689183453572264515e-02 4.975192547705120649e-02
6.000000000000000000e+00 3.935505464511906970e-01 6.092000726968546109e-01 4.064917510446958149e-02 5.308100726635145428e-02
0.000000000000000000e+00 2.763422240092401894e-01 5.247112892963163855e-01 4.152265398419596742e-02 5.198898380771566075e-02
3.000000000000000000e+00 3.691055965210099932e-01 4.260101576223147557e-01 4.287900593072424549e-02 5.763756993564611575e-02
8.000000000000000000e+00 4.768559425772671001e-01 4.944633964756779965e-01 3.964802002789014068e-02 5.193775012726209450e-02
1.500000000000000000e+01 5.845360098960872275e-01 5.813541302228120156e-01 3.883215718130195171e-02 5.224681337027214933e-02
8.000000000000000000e+00 6.899803448981568499e-01 6.177708729162383339e-01 4.012448159884463017e-02 5.209567692724992316e-02
2.000000000000000000e+00 8.071501109355339043e-01 6.825536469695876463e-01 3.929838950206343551e-02 5.239730866370972961e-02
6.000000000000000000e+00 8.980964800957174088e-01 7.502422566568163198e-01 3.514164188518320575e-02 4.872258896190595490e-02
5.000000000000000000e+00 9.007221042179004433e-01 5.911534021897304481e-01 3.728716154104394498e-02 5.244160627138294561e-02
0.000000000000000000e+00 7.827323078616343910e-01 5.271140410798931253e-01 3.856100919328053767e-02 5.309802687350995143e-02
7.000000000000000000e+00 6.634223553672153884e-01 4.639312266721124511e-01 3.691593593147646235e-02 5.259460787683345462e-02
5.000000000000000000e+00 5.816648546261098396e-01 4.079706563332745062e-01 4.051715657633803147e-02 5.233304798942040037e-02
9.000000000000000000e+00 4.603955490007096696e-01 3.615534955622973223e-01 4.203825482298279015e-02 5.492708092297321487e-02
1.500000000000000000e+01 9.007398524041326793e-01 4.331577223362162998e-01 3.786600304341702916e-02 5.217118686243515935e-02
1.000000000000000000e+00 7.864309832433773462e-01 3.804933894420418072e-01 3.845259662713285120e-02 5.519750033192100114e-02
1.000000000000000000e+00 5.524050024587265906e-01 2.365265725081022175e-01 4.258410626490449769e-02 5.789639036574256714e-02
1.100000000000000000e+01 4.536039534505749149e-01 1.103267682896861973e-01 2.899951629281377619e-02 4.091047270341616193e-02
1.100000000000000000e+01 1.702795293758469497e-01 2.495175891089520537e-01 3.101001567475977772e-02 3.742789387489539599e-02
