3 0.530432 0.825078 0.052531 0.041766
10 0.522870 0.186090 0.048323 0.032305
13 0.845635 0.113520 0.044125 0.035461
7 0.363906 0.281754 0.053583 0.047273
2 0.502068 0.324305 0.054635 0.044125
5 0.694339 0.401922 0.063031 0.049641
8 0.799932 0.433441 0.059885 0.044914
7 0.240974 0.359766 0.047281 0.044125
15 0.405406 0.404684 0.056729 0.039398
1 0.524130 0.465750 0.052531 0.040187
6 0.835125 0.599316 0.067250 0.044133
3 0.824620 0.711605 0.060948 0.046492
15 0.812010 0.830988 0.065146 0.039398
7 0.675953 0.872750 0.057781 0.044125
5 0.136328 0.425645 0.052531 0.042555
2 0.272917 0.463859 0.058833 0.043344
3 0.142219 0.537066 0.055687 0.042555
1 0.422214 0.520117 0.054635 0.044922
0 0.227318 0.572918 0.049385 0.038617
0 0.162703 0.647383 0.052531 0.036250
6 0.492083 0.591828 0.051479 0.041766
0 0.402255 0.637141 0.065135 0.047281
8 0.287729 0.678117 0.058833 0.044125
1 0.172161 0.742730 0.052531 0.042555
2 0.284583 0.797102 0.048333 0.037828
8 0.394901 0.746277 0.052531 0.038617
5 0.526760 0.708848 0.053583 0.044133
9 0.669651 0.645809 0.059885 0.044133
6 0.638130 0.755723 0.059885 0.041742
9 0.534115 0.903086 0.055688 0.040188
