3.000000000000000000e+00 4.571033855147942360e-01 8.462206953043969193e-01 3.697000362844587995e-02 4.612571579370872143e-02
1.000000000000000000e+01 1.549825590156247990e-01 4.081915424947013538e-01 3.553763217382718831e-02 4.341043127099358800e-02
1.000000000000000000e+01 2.266364102127481905e-01 4.897644438478313544e-01 3.314826981139623596e-02 4.393990832366750920e-02
8.000000000000000000e+00 7.998785363329596887e-01 2.036037440530564790e-01 3.340443519892699609e-02 4.848284315422823898e-02
1.000000000000000000e+00 6.996147635257393693e-01 1.975863722334677830e-01 3.518799099617897497e-02 5.086954784362918147e-02
0.000000000000000000e+00 4.769802221256469466e-01 2.078286582995993170e-01 3.698323483933690925e-02 5.563812768757031568e-02
6.000000000000000000e+00 8.423248895680612858e-01 3.168384615456613096e-01 3.042852725650180279e-02 4.689786982885829625e-02
9.000000000000000000e+00 7.595193994716274988e-01 3.219250191079261469e-01 3.280351532286762684e-02 4.689712682349506112e-02
7.000000000000000000e+00 6.514575853376312065e-01 3.299952861689298134e-01 3.458712827437837589e-02 4.611679972935028848e-02
1.000000000000000000e+00 5.361687009213551569e-01 3.365940311080996561e-01 3.757092350450519369e-02 5.088889456020195823e-02
5.000000000000000000e+00 4.370127062449842281e-01 3.508043516050094457e-01 3.757426702863958523e-02 5.247241045197481579e-02
2.000000000000000000e+00 8.850615578602718525e-01 4.224857797319596653e-01 2.982572128990501614e-02 4.451559459450715739e-02
3.000000000000000000e+00 7.860180856307330544e-01 4.470357485747106230e-01 3.280517279637018557e-02 4.769368572711296661e-02
5.000000000000000000e+00 6.967726822800797137e-01 4.478082598239770951e-01 3.339180410775244301e-02 4.611237027430031832e-02
3.000000000000000000e+00 5.946331067020521610e-01 4.546627843594313045e-01 3.637731396564047870e-02 4.849390250328833307e-02
1.000000000000000000e+00 4.884988342315588206e-01 4.661778671898679227e-01 3.578636750772584696e-02 5.166919307721740129e-02
8.000000000000000000e+00 3.834130852141991452e-01 4.816092455583870224e-01 4.172975313941662545e-02 5.010782446069400597e-02
2.000000000000000000e+00 8.447767786895191700e-01 5.575216177061738110e-01 3.042321191044194961e-02 4.451682341106932839e-02
2.000000000000000000e+00 7.464873997493779445e-01 5.561460575847112509e-01 3.458872859362216445e-02 4.691335863296819397e-02
1.500000000000000000e+01 6.540936254806473116e-01 5.678854565920132824e-01 3.518044663402941641e-02 4.770248748295402574e-02
1.500000000000000000e+01 5.512163027312126928e-01 5.707910362190977693e-01 3.460844681287655877e-02 4.537007933932601933e-02
7.000000000000000000e+00 4.483142607648865630e-01 5.888683567059542767e-01 3.638234354040686958e-02 5.088443652802276951e-02
0.000000000000000000e+00 3.393107159101531600e-01 5.958157426232448817e-01 3.875521689920047308e-02 4.930983670060828938e-02
7.000000000000000000e+00 7.966193433072468189e-01 6.600735612607819824e-01 3.101498710510808277e-02 4.530600941531381931e-02
6.000000000000000000e+00 7.022474315674915868e-01 6.819054593107058970e-01 3.161259203416222352e-02 4.531881196926457189e-02
0.000000000000000000e+00 5.002727544111208458e-01 7.085899253877425696e-01 3.399612466220491847e-02 4.928154534254758357e-02
6.000000000000000000e+00 3.937733519588693110e-01 7.408406161432540271e-01 4.054380227121884284e-02 5.089998248639138190e-02
9.000000000000000000e+00 7.382038044177453573e-01 7.971923147507977703e-01 3.221019696321647530e-02 4.532104098535427728e-02
5.000000000000000000e+00 6.662194730082058314e-01 8.114622757166698452e-01 3.279848574810129147e-02 4.451613755996486343e-02
8.000000000000000000e+00 5.498051355065746160e-01 8.348598575296494184e-01 3.459044322138349337e-02 4.770031562112309054e-02
