1.500000000000000000e+01 4.985156661194261596e-01 2.135767567647557374e-01 3.867626006307156583e-02 5.364400888564246905e-02
0.000000000000000000e+00 6.876530819020463259e-01 8.262588399782977433e-01 3.185274285468919775e-02 3.990538704034796158e-02
1.400000000000000000e+01 1.891206293011592210e-01 4.239581134589427425e-01 3.235483822180890146e-02 3.741552301578859874e-02
1.500000000000000000e+01 5.678869537479502849e-01 8.315184341690911030e-01 3.338581715096922142e-02 3.993770206285240931e-02
7.000000000000000000e+00 5.170049205510647283e-01 8.275152627162934982e-01 3.262948771499918355e-02 4.094042649589635374e-02
7.000000000000000000e+00 4.184432418696021339e-01 8.103676315815495634e-01 3.490572293458810149e-02 4.251089147266606805e-02
1.000000000000000000e+00 3.609370097335965477e-01 7.063284860902860895e-01 3.686856447170111517e-02 4.627781924436014105e-02
6.000000000000000000e+00 6.235279238716051609e-01 7.323938509180379919e-01 3.182178134098057054e-02 4.042953332160248436e-02
2.000000000000000000e+00 7.167344027045063903e-01 7.330893006562875236e-01 3.151436565568688231e-02 4.028735850182163514e-02
3.000000000000000000e+00 8.099508918628781640e-01 6.790819592532163496e-01 3.186695469704736716e-02 4.449930868640361581e-02
1.000000000000000000e+00 7.503450997023126678e-01 6.137496687634342862e-01 3.308652251845156655e-02 4.411513777313624818e-02
3.000000000000000000e+00 6.404025410029541288e-01 6.248082304002304799e-01 3.586702435885402718e-02 4.661698599016006472e-02
5.000000000000000000e+00 5.601272032261281897e-01 6.431969163085154984e-01 3.446270258679429155e-02 4.414226434525625464e-02
9.000000000000000000e+00 2.910641484028012593e-01 6.294240337718217670e-01 3.725679591135655500e-02 4.786830487207083262e-02
8.000000000000000000e+00 4.473092278820470780e-01 6.056847866024117621e-01 3.636240857819345029e-02 4.992845805199697118e-02
0.000000000000000000e+00 3.955738355873774648e-01 4.892461188328054433e-01 3.915390767756327106e-02 4.566710479636060249e-02
8.000000000000000000e+00 5.666973887048574188e-01 5.137433591260808230e-01 3.431748237222254083e-02 4.743089594616051174e-02
0.000000000000000000e+00 6.531583462737464707e-01 5.200362303911776340e-01 3.428454699151950447e-02 4.445946477122109108e-02
5.000000000000000000e+00 7.367998040300479667e-01 5.267240724418099651e-01 3.798520922840897818e-02 4.700826282460646155e-02
0.000000000000000000e+00 9.082513574457610206e-01 5.366413723806710001e-01 3.136249068953467223e-02 4.616294018529876197e-02
9.000000000000000000e+00 4.774664330877852469e-01 4.384868601629579032e-01 3.523124180002845662e-02 4.770154130916254287e-02
6.000000000000000000e+00 3.965727250788325109e-01 3.981501267881818462e-01 3.853230876299607033e-02 4.630235159128776035e-02
1.000000000000000000e+00 8.386164598801640890e-01 4.321861639251341480e-01 3.312052942695142832e-02 4.717530836851402398e-02
8.000000000000000000e+00 8.943331982982956063e-01 4.129779143418154108e-01 3.310688154659169324e-02 4.595097506822370947e-02
6.000000000000000000e+00 5.629801741833168061e-01 3.836941593800521355e-01 3.637329304476133451e-02 5.090927256140520551e-02
5.000000000000000000e+00 7.491593414027086784e-01 3.693083065473656279e-01 3.544236097410602415e-02 4.967724117983762788e-02
7.000000000000000000e+00 8.820436486096285833e-01 2.734406320348102826e-01 3.365589855197304026e-02 5.175735861450486697e-02
2.000000000000000000e+00 6.892748110244649729e-01 2.929762333600639534e-01 3.579235579027417735e-02 4.845093401255312626e-02
2.000000000000000000e+00 6.443304517270735943e-01 2.424098214955478503e-01 3.705783011834318241e-02 5.152497807309000533e-02
1.200000000000000000e+01 2.755739028878207986e-01 1.808955537345090514e-01 2.791885413338746069e-02 3.287858972966475890e-02
