1.000000000000000000e+01 1.530098171266617568e-01 2.899249462079778739e-01 2.821407833343120286e-02 3.211744919292636169e-02
6.000000000000000000e+00 5.042006438887642883e-01 9.326724807135065021e-01 3.331831040587190929e-02 4.799090010687623309e-02
3.000000000000000000e+00 5.741552539613632433e-01 9.690333642432931160e-01 3.142414746577104623e-02 4.286905573405974668e-02
1.000000000000000000e+00 7.228132671785152397e-01 9.469249384980352735e-01 2.937858489192335387e-02 4.025273335398127372e-02
9.000000000000000000e+00 6.341207818997867118e-01 8.751507903730777471e-01 3.235018513091247883e-02 4.391758019555491721e-02
9.000000000000000000e+00 5.556560819280107477e-01 8.281317088874056154e-01 3.414934087321153111e-02 4.864070854765756291e-02
1.500000000000000000e+01 4.029333206702991332e-01 7.702035575240635534e-01 3.405662134509868100e-02 4.774008330966250657e-02
1.000000000000000000e+00 5.099907358713001715e-01 7.472707162599639963e-01 3.423960735792302978e-02 4.954447588618937637e-02
6.000000000000000000e+00 7.406370805325132034e-01 7.803171522825704809e-01 3.111048865782684025e-02 4.459577779030643452e-02
3.000000000000000000e+00 6.681677840072779428e-01 7.243061232430741958e-01 3.206469497865516161e-02 4.430692503922961656e-02
5.000000000000000000e+00 3.205015396163071184e-01 5.841881187859097047e-01 3.748390884873975537e-02 4.920970436762261979e-02
3.000000000000000000e+00 4.002018292806428512e-01 6.275466531465321296e-01 3.800544241323178252e-02 5.105830684994383528e-02
7.000000000000000000e+00 5.146472599607143650e-01 6.389100046122982990e-01 3.486353481270626498e-02 4.713536676780893941e-02
8.000000000000000000e+00 4.399142178103410683e-01 4.977240856258541846e-01 3.608768615682167447e-02 4.904959505168682288e-02
8.000000000000000000e+00 4.788454222658601322e-01 5.488041804624131936e-01 3.689261513987979191e-02 4.919013514498282724e-02
1.000000000000000000e+00 5.885976710169247283e-01 6.485936552807239908e-01 3.542145059393708717e-02 4.629609517713229039e-02
2.000000000000000000e+00 7.587696741699381242e-01 6.818863327611663916e-01 3.234500342125568029e-02 4.379900724372909337e-02
7.000000000000000000e+00 8.231090887420582369e-01 7.057580281531221633e-01 3.045687662165930121e-02 4.415246599180266962e-02
8.000000000000000000e+00 8.561752593610167938e-01 7.288919362892740672e-01 2.929402380029155761e-02 4.329649165616855644e-02
6.000000000000000000e+00 9.016425014913566072e-01 6.257221676639428409e-01 2.784788580949904002e-02 4.139656819841752711e-02
5.000000000000000000e+00 8.230174165807908615e-01 5.794351404787099202e-01 3.125893912703481270e-02 4.284132807493923334e-02
0.000000000000000000e+00 7.409869837457689901e-01 5.788685425775755844e-01 3.302590211997724623e-02 4.402700246862489841e-02
2.000000000000000000e+00 6.509528491002303241e-01 5.322079913004920115e-01 3.421449811591636969e-02 4.608430657605644409e-02
5.000000000000000000e+00 5.016808859756130001e-01 4.336279633470312422e-01 3.673683310275327463e-02 4.758250972398447853e-02
2.000000000000000000e+00 6.582746048451797449e-01 4.012057441832047600e-01 3.411163566677322123e-02 5.247302383537072457e-02
0.000000000000000000e+00 8.779784879199508119e-01 4.129525559447112526e-01 2.956418932186155590e-02 4.523613236719287167e-02
0.000000000000000000e+00 7.976780294908538682e-01 3.489056185641990493e-01 3.249494225387561386e-02 4.837577986031504906e-02
1.500000000000000000e+01 6.779947861221112815e-01 2.879223670182242123e-01 3.395756249134196381e-02 4.683943050938210728e-02
7.000000000000000000e+00 5.881349553694934507e-01 2.873425116578085525e-01 3.552067482140619514e-02 4.930752291853585101e-02
1.300000000000000000e+01 4.001811024420159901e-01 1.166653193755501777e-01 2.471915298139865103e-02 3.335028265694531258e-02
