1.000000000000000000e+00 2.673787210040627360e-01 7.261136904001705972e-01 4.492565952172564159e-02 3.559065780588144268e-02
1.100000000000000000e+01 2.753787737096178301e-01 1.996743101798399422e-01 4.110283951284843251e-02 3.055611690614787324e-02
1.000000000000000000e+00 3.991117941785781165e-01 2.503939790943384702e-01 3.336595572058470571e-02 2.716720249249587882e-02
8.000000000000000000e+00 7.645994587993366620e-01 3.702724923237103449e-01 5.520168136986036700e-02 4.062094997238308025e-02
8.000000000000000000e+00 9.747509166439263240e-01 6.821648829847042350e-01 5.049816671214746311e-02 3.934338857214436658e-02
3.000000000000000000e+00 6.237154461633197533e-01 3.946507876980057117e-01 5.649709933424107433e-02 4.367448186351374773e-02
3.000000000000000000e+00 6.790502941230046607e-01 4.780345394300484774e-01 5.649460357486013606e-02 4.366821275364030086e-02
9.000000000000000000e+00 7.608615837436745188e-01 5.865288096561843689e-01 5.028349039555146671e-02 3.771235039387277332e-02
2.000000000000000000e+00 8.208825170552429551e-01 6.907626552062782199e-01 5.054340590822115065e-02 3.693224731880906386e-02
2.000000000000000000e+00 8.508399488241827902e-01 7.723426117014740022e-01 4.689341723647255655e-02 3.614168582348242786e-02
5.000000000000000000e+00 4.473270725443007079e-01 3.637772488234528034e-01 5.355064740512022192e-02 3.876404557013846119e-02
0.000000000000000000e+00 5.140303718868532989e-01 4.642812116901876007e-01 4.939633706989915440e-02 3.758765155909049582e-02
9.000000000000000000e+00 5.930315404345847252e-01 5.765271727828444881e-01 5.100054583482593884e-02 3.689837629863956803e-02
7.000000000000000000e+00 6.568394320696403499e-01 6.675833493788545514e-01 4.909937141499121083e-02 3.682481081974486870e-02
1.000000000000000000e+00 3.486510900112709810e-01 8.182090536641205558e-01 4.320896331613033325e-02 3.240226577391758234e-02
5.000000000000000000e+00 7.060938971033028366e-01 7.611532607656084082e-01 5.098937434045403005e-02 3.686872430028043102e-02
8.000000000000000000e+00 7.820184628413406891e-01 8.437179131822607481e-01 4.365968557575550246e-02 3.112170352013743369e-02
2.000000000000000000e+00 2.808187269516443374e-01 3.772744195454258986e-01 5.231349353771547195e-02 4.031827972460455545e-02
6.000000000000000000e+00 3.654344924752240820e-01 4.560912732917343781e-01 5.026272211213173025e-02 3.742551633359458840e-02
1.500000000000000000e+01 4.230432000665834136e-01 5.644201251803314667e-01 4.854382726136752257e-02 3.775976982211015631e-02
6.000000000000000000e+00 5.161009608303782636e-01 6.506513749531839252e-01 4.895363689399839791e-02 3.644361328573098024e-02
5.000000000000000000e+00 5.677479826234146376e-01 7.563713560803503322e-01 4.742572705871672678e-02 3.611351939618345774e-02
1.000000000000000000e+00 6.170546506241278983e-01 8.346871861309399510e-01 4.479834608187760470e-02 3.269605230675687313e-02
0.000000000000000000e+00 4.811304100963911257e-01 8.218627562635194561e-01 4.321131051840526593e-02 3.240850517236981698e-02
0.000000000000000000e+00 4.347635980892919916e-01 7.457887420768384290e-01 4.553717999289269569e-02 3.361253080513515457e-02
1.500000000000000000e+01 3.723942591902547616e-01 6.505221302709578435e-01 4.713633781621517915e-02 3.535237220784626100e-02
7.000000000000000000e+00 2.998621435249919642e-01 5.462621980930491006e-01 4.758355412813858321e-02 3.649875768348076477e-02
7.000000000000000000e+00 2.214033421155813253e-01 4.700297923199435735e-01 5.033483173138750266e-02 3.884281054774341158e-02
3.000000000000000000e+00 1.408229669638641490e-01 5.360394191117072715e-01 4.511934827653753255e-02 3.492209140600766037e-02
6.000000000000000000e+00 2.288868617635502201e-01 6.345972244669084716e-01 4.511937798795870314e-02 3.492203198316523594e-02
