9.000000000000000000e+00 1.731055985487893745e-01 3.415615263369252697e-01 3.344341799220129641e-02 4.633912194203154700e-02
7.000000000000000000e+00 1.461232623009708353e-01 7.676038610699382758e-01 3.342177431077111849e-02 4.625027767426825864e-02
5.000000000000000000e+00 1.650129098172058995e-01 5.981344720504351287e-01 3.430318694354062004e-02 4.573797007417534921e-02
0.000000000000000000e+00 1.651201871947294841e-01 4.773388302851867548e-01 3.404445915068973760e-02 4.609686216766029077e-02
3.000000000000000000e+00 2.530546315337169894e-01 8.449265495581489427e-01 3.545913113143289719e-02 4.895977874497114968e-02
8.000000000000000000e+00 2.375319465083042259e-01 7.119993060618476921e-01 3.510754585623135360e-02 4.972854459587250364e-02
6.000000000000000000e+00 2.527941462296502406e-01 5.445709549494900381e-01 3.421810679428691215e-02 4.708951003785677436e-02
1.000000000000000000e+00 2.562628921456125974e-01 4.103390845841672352e-01 3.514330498207252074e-02 5.036623055514560798e-02
8.000000000000000000e+00 2.455951035159925078e-01 2.764210891155951533e-01 3.642233030976019248e-02 4.856313475702228599e-02
9.000000000000000000e+00 2.984525162682842847e-01 9.263476434924200476e-01 3.255337002873326391e-02 4.807775721067797381e-02
7.000000000000000000e+00 3.373877278113048828e-01 7.856508165548371503e-01 3.567105653899171891e-02 4.918916855532073917e-02
1.500000000000000000e+01 3.372868577384502409e-01 6.191223388623512403e-01 3.524817443084349300e-02 4.794900221577613753e-02
6.000000000000000000e+00 3.430623302059174762e-01 4.944117785897142459e-01 3.516063099815336379e-02 4.883368077489957937e-02
2.000000000000000000e+00 3.597333619888485323e-01 1.981188441399455713e-01 3.626301952930993666e-02 4.764695938272298092e-02
8.000000000000000000e+00 4.225248647121505607e-01 8.793357960761658543e-01 3.633403958883657525e-02 5.137069665036864130e-02
7.000000000000000000e+00 4.307118916638807971e-01 7.147206530349189402e-01 3.797976202044833771e-02 5.005712999988687351e-02
5.000000000000000000e+00 4.241503688454442145e-01 5.491747486601479267e-01 3.569422247423092998e-02 4.928576247883909023e-02
1.500000000000000000e+01 4.425819840292136709e-01 4.112168438077951071e-01 3.628136960704425595e-02 4.886700429464635453e-02
5.000000000000000000e+00 4.570613578099312901e-01 2.650515414800128644e-01 3.809844246286858693e-02 5.274988627869042768e-02
3.000000000000000000e+00 4.584736772166059793e-01 9.728512547401201027e-02 3.797284268495271231e-02 4.768778346214688768e-02
2.000000000000000000e+00 5.467730749869725848e-01 6.468956105119990641e-01 3.757525766737634942e-02 5.107598831294080099e-02
1.000000000000000000e+00 5.265313893149003999e-01 4.870269378793291026e-01 3.697582179472302943e-02 5.025856569483433400e-02
1.000000000000000000e+00 5.342453136214555531e-01 3.482436116570368778e-01 3.834679125247608678e-02 5.160822359926103831e-02
2.000000000000000000e+00 5.454636599377882256e-01 1.810411491712681231e-01 3.814065040939162987e-02 4.939395320864808925e-02
3.000000000000000000e+00 6.373838214249551992e-01 7.266654465462620838e-01 3.880712080432624500e-02 5.295854575989533686e-02
0.000000000000000000e+00 6.548634467539001802e-01 6.023004655656165607e-01 4.089997069566275734e-02 5.331181935295781216e-02
6.000000000000000000e+00 6.743845805048043207e-01 4.262345834060821126e-01 4.170576883013654701e-02 5.268744619517823358e-02
0.000000000000000000e+00 6.411760601140071847e-01 2.826921243912561277e-01 4.076401959184550172e-02 5.294570347321542192e-02
1.200000000000000000e+01 7.620535299408262020e-01 5.221356185065815225e-01 2.581438009350589535e-02 3.661147726486746468e-02
1.600000000000000000e+01 8.214995062746714982e-01 3.334987568120246770e-01 2.742481391409012925e-02 3.559228682371001762e-02
