1.500000000000000000e+01 4.108304694037674398e-01 7.569110396407254804e-01 4.064451566331223065e-02 3.423066640391903004e-02
8.000000000000000000e+00 2.676499263516841087e-01 5.824672035518958513e-01 5.897565272982549511e-02 4.048280205009202604e-02
6.000000000000000000e+00 1.647346173263055102e-01 3.628269060684686798e-01 5.100939052298456011e-02 3.617608197966110106e-02
0.000000000000000000e+00 4.126369767866567839e-01 6.326570546067822320e-01 5.114514477472270615e-02 3.732611134575558598e-02
1.000000000000000000e+00 3.613970385595438595e-01 5.156375904843200075e-01 4.805598075835365579e-02 3.709234230860847248e-02
5.000000000000000000e+00 3.258076704974920967e-01 4.025871860356899923e-01 4.874979389005262842e-02 3.656237237430115528e-02
2.000000000000000000e+00 2.926698177330365747e-01 2.879267485615561450e-01 4.567125083777906491e-02 3.632857638039233006e-02
0.000000000000000000e+00 2.463517933126614934e-01 1.990415713657325836e-01 4.836180521942776145e-02 3.366837531237695802e-02
7.000000000000000000e+00 5.605783669945376690e-01 6.538202960104398942e-01 4.737693993204650234e-02 3.761395564680003467e-02
7.000000000000000000e+00 5.089629345558310813e-01 5.358814176179158562e-01 4.865948873847936174e-02 3.597956718713313240e-02
3.000000000000000000e+00 4.702619070598019202e-01 4.323418439059303342e-01 4.952595992863406682e-02 3.662340248270767873e-02
6.000000000000000000e+00 4.103584295502753498e-01 3.379824492920233681e-01 4.745352409193281940e-02 3.819239383857853110e-02
2.000000000000000000e+00 3.848791410366510513e-01 2.379864227710093982e-01 4.318643046114745143e-02 3.499300362376692175e-02
9.000000000000000000e+00 3.631865766609659874e-01 1.583055374965723350e-01 4.455373132625101151e-02 3.393616378274363909e-02
0.000000000000000000e+00 6.808250676666098844e-01 6.628084890519496675e-01 4.516125586386465773e-02 3.803642201559265246e-02
8.000000000000000000e+00 6.312131965385539001e-01 5.568599782474158433e-01 4.867760368231732748e-02 3.598743856153885368e-02
6.000000000000000000e+00 5.934691206032034483e-01 4.534263176520069161e-01 4.805592684483039889e-02 3.709234230860841697e-02
1.000000000000000000e+00 5.479481537116990264e-01 3.549078181945390931e-01 4.704397001197702100e-02 3.528338186040774760e-02
0.000000000000000000e+00 5.020523800060234798e-01 2.649073049848821859e-01 4.345677982387219362e-02 3.155385997071882831e-02
5.000000000000000000e+00 4.707588280043095708e-01 1.649740607617828370e-01 4.199035894613151187e-02 3.201406580584059691e-02
2.000000000000000000e+00 7.740561870210850293e-01 5.952873002638930933e-01 4.311432112369728564e-02 3.450239056148851624e-02
3.000000000000000000e+00 7.382603301646896155e-01 4.963833460713967249e-01 4.333585179104915142e-02 3.596943144474751275e-02
5.000000000000000000e+00 6.798984559411835882e-01 3.903011566857729209e-01 4.176351779673181941e-02 3.391963928784386129e-02
9.000000000000000000e+00 6.559293391294802600e-01 2.919071435536677583e-01 3.934037449078664483e-02 3.037202162586122300e-02
1.500000000000000000e+01 6.180212043426449586e-01 1.907038854183090715e-01 4.004766600331743920e-02 3.090781422068786255e-02
1.500000000000000000e+01 8.367332457381841948e-01 4.894108179265244107e-01 4.127414474548996015e-02 3.485730328555208812e-02
7.000000000000000000e+00 7.936512727284834590e-01 4.049072466850334728e-01 3.985319992467595274e-02 3.379062422652168163e-02
3.000000000000000000e+00 7.823295676135599841e-01 3.306932465895073836e-01 4.004766600331743920e-02 3.090778726392623410e-02
8.000000000000000000e+00 7.321431131106432844e-01 2.375204616672723645e-01 3.819600604464168381e-02 3.124943726125126164e-02
1.300000000000000000e+01 5.238432556914958127e-01 8.027709069398651920e-01 3.325364553418175273e-02 2.743314155576703772e-02
