9.000000000000000000e+00 3.091103710951834671e-01 8.258359096873627569e-01 4.359216282374983598e-02 3.240147484222499763e-02
1.400000000000000000e+01 3.590508178951641316e-01 2.478316439528689963e-01 3.864811598033113249e-02 2.898589848925750556e-02
1.200000000000000000e+01 3.535659035556365515e-01 4.912990020652854145e-02 3.793252720042755710e-02 2.677811744728887666e-02
8.000000000000000000e+00 7.836358332548630790e-01 3.832936787656706645e-01 5.806430501093085006e-02 4.270765263669212830e-02
7.000000000000000000e+00 8.016450302112465565e-01 5.152224287290863014e-01 5.454609984081015828e-02 4.132942795061267383e-02
3.000000000000000000e+00 8.717988300866790219e-01 6.236517170103901275e-01 5.346430684982594883e-02 3.926301890175576403e-02
2.000000000000000000e+00 9.446894757512256380e-01 7.442592527684865900e-01 5.269129929118154809e-02 3.533586442971403674e-02
0.000000000000000000e+00 8.472076431248363182e-01 7.990246459450734973e-01 5.128993309730656147e-02 3.345914034638464152e-02
5.000000000000000000e+00 7.938626397375052601e-01 6.916559666053243571e-01 4.956122186584221989e-02 3.666815409280088645e-02
1.000000000000000000e+00 6.461332568430212531e-01 4.835651070592194012e-01 5.632509600274726580e-02 3.923004660305462465e-02
0.000000000000000000e+00 6.016480580135521450e-01 3.835822516279182581e-01 5.588552335216456779e-02 4.090696493611928330e-02
0.000000000000000000e+00 4.514935871990719551e-01 3.555899300059429669e-01 5.346682979616462772e-02 4.061958104858304219e-02
9.000000000000000000e+00 4.899051117115458820e-01 4.636931927215931504e-01 4.981287851327309557e-02 3.786313167642413324e-02
3.000000000000000000e+00 5.752463815596140506e-01 6.324689504737106560e-01 4.624578038307303185e-02 3.563142614331338276e-02
1.500000000000000000e+01 6.234109641310433547e-01 7.038540641599191350e-01 4.828043510732293875e-02 3.420210454403127542e-02
2.000000000000000000e+00 6.860579256719241403e-01 7.913774505958218741e-01 4.454879447683224303e-02 3.492105725238636715e-02
6.000000000000000000e+00 7.424309576551051393e-01 8.651779519083453440e-01 4.644483214937455973e-02 3.281981994430338556e-02
3.000000000000000000e+00 5.925978435055829774e-01 8.481879962733782641e-01 4.380246635073403727e-02 3.343269290890393819e-02
2.000000000000000000e+00 5.478436463975278059e-01 7.855886517197159247e-01 4.543971352757769644e-02 3.262558207561361279e-02
6.000000000000000000e+00 4.690536562081074612e-01 6.724100329535060983e-01 4.600612948028792726e-02 3.538481538855975383e-02
6.000000000000000000e+00 4.296549346926558099e-01 5.752201661171991720e-01 4.761748020793188374e-02 3.861569466991088273e-02
7.000000000000000000e+00 3.470972721391156202e-01 4.635869244818477952e-01 4.685766736864460658e-02 3.514325052648342718e-02
5.000000000000000000e+00 2.458990960568747663e-01 3.405402216032104024e-01 5.225204563381413703e-02 3.947570037816255928e-02
1.000000000000000000e+00 4.799324123242153517e-01 8.441278506299700890e-01 4.309949230252346775e-02 3.257257120311940479e-02
1.000000000000000000e+00 3.762069544955728428e-01 7.574514201798779878e-01 4.348234215956220394e-02 3.261224235934023774e-02
5.000000000000000000e+00 3.284016017835638679e-01 6.569848550367599627e-01 4.524657763544948086e-02 3.377546561835687022e-02
8.000000000000000000e+00 2.896985319720640772e-01 5.654682535338804161e-01 5.017189087731943609e-02 3.591457612090209750e-02
8.000000000000000000e+00 2.149841150979156512e-01 4.729867555537056734e-01 4.677055322150439065e-02 3.678623958120130766e-02
1.500000000000000000e+01 1.522454575073487748e-01 5.391172970011635091e-01 4.615727426553906110e-02 3.607795864586460510e-02
7.000000000000000000e+00 2.163619772917050876e-01 6.332403920656622942e-01 4.223014879288056189e-02 3.461308380277627883e-02
