1.400000000000000000e+01 6.018597314560690803e-01 8.211257561958698048e-01 3.483181296114779002e-02 4.397437630720502089e-02
1.400000000000000000e+01 6.026817558839112632e-01 8.954093281441226626e-01 3.247052641153080899e-02 4.351341834171307266e-02
3.000000000000000000e+00 3.988956026514283160e-01 7.652696469731788964e-01 4.221687327960416125e-02 5.785488953620232522e-02
2.000000000000000000e+00 1.899679597478738657e-01 5.910932184959514224e-01 4.352844957971818696e-02 5.992315333114384135e-02
6.000000000000000000e+00 8.443946879727633192e-02 4.989599074391823930e-01 3.896462593474195324e-02 5.329766005502539761e-02
9.000000000000000000e+00 4.952292376731768364e-01 6.653058671890187403e-01 4.114582558304796800e-02 5.459190147912584834e-02
5.000000000000000000e+00 4.093601662595878210e-01 5.813118275346744745e-01 3.896275422886014139e-02 5.329023082244810361e-02
1.000000000000000000e+00 3.143109390071912035e-01 4.941765470920004288e-01 3.842168725162414811e-02 5.055155077609602143e-02
5.000000000000000000e+00 2.188277927404269074e-01 4.225690394294825403e-01 3.849966539821036982e-02 5.177262289795281358e-02
5.000000000000000000e+00 1.048584985698354788e-01 3.488237988883307050e-01 3.602872567939095771e-02 4.982702782696168953e-02
1.000000000000000000e+00 5.926703178720149623e-01 5.869366492553949044e-01 4.006700310821320610e-02 5.234188064531719586e-02
1.500000000000000000e+01 5.129850747373734254e-01 5.332067691190331971e-01 3.866682313119895742e-02 5.101751915425634110e-02
7.000000000000000000e+00 4.196787656044364545e-01 4.439788207162656541e-01 3.965206031194012937e-02 5.286955772662904618e-02
1.500000000000000000e+01 3.005393014695683096e-01 3.415001161250621475e-01 3.618675524677095190e-02 4.959542582068654504e-02
7.000000000000000000e+00 2.135660387675764604e-01 2.783160768065244817e-01 3.607407855268243702e-02 4.809863702469269198e-02
7.000000000000000000e+00 1.285940183922175406e-01 2.174951525502730187e-01 3.734943014511349357e-02 4.792923324464595791e-02
8.000000000000000000e+00 7.021611669813185852e-01 5.312773571050514176e-01 3.945394744321295555e-02 5.013948752733354830e-02
8.000000000000000000e+00 6.035064294954631814e-01 4.407680100600805950e-01 3.925249429937349710e-02 5.121577600035898126e-02
1.000000000000000000e+00 5.137700105932794248e-01 3.841855637733236351e-01 3.652380628288309783e-02 4.824759601741446247e-02
0.000000000000000000e+00 4.178930430112320904e-01 3.023885468808558130e-01 3.593318229299030664e-02 4.769256323475229431e-02
6.000000000000000000e+00 3.158274095104197654e-01 2.163885280442237602e-01 3.706573712437222223e-02 4.673298282233015466e-02
3.000000000000000000e+00 2.190181164331379549e-01 1.607693047974897427e-01 3.379111569535292459e-02 4.616965694283750588e-02
0.000000000000000000e+00 7.187055496123435638e-01 3.797171395373726277e-01 3.754123680479248826e-02 4.850295429065171193e-02
9.000000000000000000e+00 6.118242616390181521e-01 3.164786191799349724e-01 3.861697816379094927e-02 4.946639329673796492e-02
6.000000000000000000e+00 4.272981634993029409e-01 1.517021424029968424e-01 3.480739439825819570e-02 4.434848711977809610e-02
3.000000000000000000e+00 3.172877576326673665e-01 1.079771925011574207e-01 3.402179624642465150e-02 4.424251977138911329e-02
0.000000000000000000e+00 4.209915369167674393e-01 4.317219829797017128e-02 3.294619886480176785e-02 4.360631254440394677e-02
2.000000000000000000e+00 5.110324103772436732e-01 1.040819134017100522e-01 3.466629657024017375e-02 4.497841693319014345e-02
2.000000000000000000e+00 6.185725100255121678e-01 1.879486050673994657e-01 3.608418576444449855e-02 4.541918927063298694e-02
8.000000000000000000e+00 7.028262560698348427e-01 2.321985972645784768e-01 3.417141753507391133e-02 4.353570603944476036e-02
